Phytophthora/models/20240503_1210_48/Phytophthora_PA3_RUN3_MAXENT_outputs/Phytophthora_PA3_RUN3.asc
ncols         113
nrows         135
xllcorner     473009.9838
yllcorner     4429001.1748
cellsize      100.0
NODATA_value  -9999
[rows 26 to 51 of 135, columns 0 to 57 of 113]
-9999 -9999 -9999 -9999 -9999 -9999 -9999 -9999 -9999 -9999 1.62337E-3 2.23205E-3 7.26041E-3 6.03179E-3 6.69528E-3 5.81523E-3 3.00923E-2 4.07984E-2 6.21397E-2 5.08285E-2 5.22973E-2 2.07075E-2 1.96052E-2 1.43811E-2 2.1188E-2 2.49768E-2 2.69951E-2 1.86502E-2 8.1626E-3 3.1426E-3 2.2641E-4 1.1167E-3 4.445E-3 3.66127E-2 2.85963E-2 2.17805E-2 3.19313E-2 1.91623E-2 8.42818E-3 4.53976E-3 6.99587E-3 1.47233E-2 2.60966E-2 -9999 -9999 -9999 -9999 -9999 -9999 -9999 -9999 -9999 -9999 -9999 -9999 -9999 -9999 -9999
-9999 -9999 -9999 -9999 -9999 -9999 -9999 -9999 -9999 -9999 2.73294E-4 9.48394E-4 2.37587E-3 4.66945E-3 4.46512E-3 3.98737E-3 2.28237E-2 3.60154E-2 7.18113E-2 8.37835E-2 2.22553E-2 1.86957E-2 2.99527E-2 3.26471E-2 2.70184E-2 1.67583E-2 2.59858E-2 2.33046E-2 8.55516E-3 1.57074E-3 7.06292E-4 2.43855E-3 1.65686E-2 3.70927E-2 2.67015E-2 1.08421E-2 3.44847E-2 2.93114E-2 9.73939E-3 4.16898E-3 5.33016E-3 1.24514E-2 3.44213E-2 2.73366E-2 3.23968E-2 3.79791E-2 3.58046E-2 -9999 -9999 -9999 -9999 -9999 -9999 -9999 -9999 -9999 -9999 -9999
-9999 -9999 -9999 -9999 -9999 -9999 -9999 -9999 3.76101E-9 2.87824E-6 1.63916E-4 6.96736E-4 5.56922E-4 8.58983E-4 1.7184E-3 3.70691E-3 1.14047E-2 2.42341E-2 2.3472E-2 5.08774E-2 1.69254E-2 2.57682E-2 2.49188E-2 2.50544E-2 2.42089E-2 3.34879E-2 2.58486E-2 2.3543E-2 1.23454E-2 1.20992E-3 1.24384E-3 2.0226E-3 5.6986E-3 1.12463E-2 3.39975E-3 3.75541E-3 1.06325E-2 2.19673E-2 2.28556E-2 8.98021E-3 5.76922E-3 4.16747E-4 1.29867E-3 1.36997E-2 1.75063E-2 2.85514E-2 6.04515E-2 -9999 -9999 -9999 -9999 -9999 -9999 -9999 -9999 -9999 -9999 -9999
-9999 -9999 -9999 -9999 -9999 -9999 7.98956E-8 1.07545E-7 2.71924E-7 2.70044E-5 1.31203E-3 2.44307E-3 4.30234E-3 3.2164E-3 1.85598E-3 3.15184E-3 1.08061E-2 7.1952E-3 1.09475E-2 2.11104E-2 2.18476E-2 2.88747E-2 5.78874E-2 7.9878E-2 1.17344E-1 3.70345E-2 2.3891E-2 1.31064E-2 3.42383E-3 1.82357E-3 3.51014E-3 2.5955E-3 5.72867E-3 8.17338E-3 1.60416E-3 5.70047E-4 9.24334E-4 2.58E-3 8.92976E-3 1.58737E-2 7.58307E-3 9.06026E-4 2.35366E-3 2.24668E-2 1.60557E-2 2.29329E-2 5.22056E-2 -9999 -9999 -9999 -9999 -9999 -9999 -9999 -9999 -9999 -9999 -9999
-9999 -9999 -9999 -9999 -9999 -9999 1.94639E-6 1.63254E-5 6.00361E-5 7.41381E-4 3.56752E-3 6.57968E-3 8.47424E-3 1.59052E-2 1.15743E-2 9.38945E-3 1.37957E-2 8.19565E-3 1.08762E-2 1.03114E-2 1.77566E-2 2.10988E-2 7.07994E-2 1.01925E-1 5.92942E-2 3.67182E-2 2.75514E-2 1.10737E-2 2.6087E-3 1.94869E-3 7.31436E-3 5.63331E-3 7.38691E-3 5.84862E-3 4.57566E-3 1.20617E-3 7.52698E-3 7.97404E-3 1.19471E-2 2.26551E-2 1.40902E-2 4.43111E-3 1.52251E-2 1.83247E-2 1.26233E-2 5.52307E-2 1.31794E-1 9.21143E-2 -9999 -9999 -9999 -9999 -9999 -9999 -9999 -9999 -9999 -9999
-9999 -9999 -9999 -9999 -9999 -9999 1.99775E-6 8.82705E-5 4.25317E-4 1.88604E-3 2.2189E-4 1.13858E-3 1.40307E-2 3.25485E-2 5.02276E-2 2.78361E-2 1.73479E-2 8.03801E-3 6.04739E-3 6.85023E-3 1.70092E-2 2.29739E-2 2.91058E-2 8.67532E-2 6.0002E-2 1.84995E-2 7.68891E-3 1.92264E-2 1.44424E-2 5.23246E-3 8.91431E-3 1.68453E-2 2.02707E-2 5.26751E-3 6.92073E-3 7.91675E-3 9.65701E-3 4.33014E-2 4.8766E-2 3.08132E-2 2.74434E-2 1.26313E-2 5.46027E-3 1.2321E-2 1.41228E-2 4.5417E-2 1.57697E-1 1.17827E-1 1.66216E-1 -9999 -9999 -9999 -9999 -9999 -9999 -9999 -9999 -9999
-9999 -9999 -9999 -9999 -9999 1.44025E-6 5.53551E-5 1.6431E-4 1.52169E-3 8.01305E-4 1.70902E-4 1.67717E-3 1.30498E-2 3.66616E-2 3.50993E-2 1.43698E-2 1.7761E-2 7.44298E-3 3.83338E-3 5.71271E-3 1.41281E-2 3.28861E-2 6.44241E-2 9.21698E-2 2.77529E-2 3.2503E-3 4.59614E-4 2.10221E-3 3.75832E-3 3.72794E-3 4.73141E-3 1.42003E-2 8.78714E-3 2.97067E-3 6.2889E-3 9.26275E-3 1.29788E-2 3.55082E-2 6.08323E-2 6.25924E-3 8.4872E-3 6.39588E-3 1.15985E-3 1.84852E-2 4.77692E-2 3.31702E-2 7.76333E-2 1.18737E-1 1.42171E-1 1.97481E-1 2.24436E-1 -9999 -9999 -9999 -9999 -9999 -9999 -9999
-9999 -9999 -9999 -9999 1.26948E-8 1.50573E-6 5.16606E-5 1.47528E-4 1.03183E-3 1.55167E-3 4.29017E-4 5.7262E-3 2.07542E-2 3.89916E-2 2.70444E-2 1.22564E-2 7.23095E-3 5.31729E-3 3.99694E-3 4.63197E-3 9.421E-3 3.71687E-2 6.55454E-2 6.49304E-2 3.60684E-2 8.13474E-3 7.54643E-4 1.2333E-3 4.68459E-4 9.76351E-4 5.69474E-3 1.24528E-2 1.52327E-2 1.03264E-2 1.14871E-2 1.16513E-2 1.07489E-2 3.23516E-2 1.25788E-2 5.88343E-3 6.07017E-3 5.95196E-3 5.53349E-3 2.2706E-2 9.18775E-2 4.91042E-2 1.6855E-2 1.08011E-1 1.23156E-1 1.28276E-1 1.36067E-1 1.91594E-1 1.55208E-1 -9999 -9999 -9999 -9999 -9999
-9999 -9999 -9999 -9999 1.42549E-8 1.77294E-6 2.34604E-5 1.3105E-4 9.67572E-4 1.3613E-3 6.02479E-4 1.53735E-3 1.49251E-2 4.16489E-2 8.33683E-3 6.70983E-3 3.79087E-3 3.09786E-3 4.82753E-3 6.89521E-3 9.14346E-3 1.25432E-2 1.9635E-2 2.92513E-2 4.07815E-2 1.31491E-2 1.17528E-3 2.22042E-3 5.23789E-4 8.58751E-4 8.3889E-3 1.37996E-2 8.215E-3 8.48248E-3 1.99741E-2 1.69384E-2 1.79394E-2 3.24786E-2 1.18508E-2 1.20044E-2 2.11034E-2 2.13774E-2 1.75758E-2 3.09427E-2 9.24147E-2 7.74235E-2 6.53676E-2 2.90956E-2 4.21975E-2 8.66338E-2 2.37007E-2 5.74043E-2 2.13668E-1 -9999 -9999 -9999 -9999 -9999
-9999 -9999 -9999 -9999 -9999 -9999 -9999 -9999 1.37086E-3 5.03245E-4 8.38658E-3 1.34804E-2 1.57834E-2 1.23022E-2 6.53644E-3 3.87056E-3 3.64443E-3 3.4062E-3 3.01739E-3 3.29097E-3 3.35022E-3 4.6714E-3 9.51925E-3 1.94436E-2 1.12007E-2 7.26284E-3 8.80329E-4 9.7089E-4 3.701E-4 6.76204E-4 8.8169E-3 1.23088E-2 3.45351E-3 4.09343E-3 6.00329E-3 5.44678E-3 8.89791E-3 8.03917E-3 5.34713E-3 9.11748E-3 1.85385E-2 1.07839E-2 1.92399E-3 5.93909E-3 4.29553E-2 8.43276E-2 1.22999E-1 9.94371E-2 1.47318E-2 2.69196E-2 2.63118E-2 6.03112E-2 2.0604E-1 3.68202E-1 -9999 -9999 -9999 -9999
-9999 -9999 -9999 -9999 -9999 -9999 -9999 -9999 -9999 -9999 6.9076E-3 1.16615E-2 6.05628E-3 3.2833E-3 3.94534E-3 3.95777E-3 4.34136E-3 5.34135E-3 5.14025E-3 2.12392E-3 5.00015E-3 6.60729E-3 8.34561E-3 1.10099E-2 1.08778E-2 1.11473E-2 2.35474E-3 2.15435E-3 7.66424E-4 9.67825E-4 1.03E-2 1.4987E-2 2.27493E-3 3.21156E-3 1.23189E-2 6.84658E-3 1.44362E-2 1.78141E-2 1.07584E-2 1.36369E-2 1.16797E-2 1.20847E-2 2.39904E-2 6.58256E-2 2.4768E-2 7.86558E-2 1.38169E-1 1.08653E-1 1.02015E-1 1.02191E-1 9.1192E-2 1.24159E-1 2.69522E-1 3.2717E-1 -9999 -9999 -9999 -9999
-9999 -9999 -9999 -9999 -9999 -9999 -9999 -9999 -9999 -9999 -9999 1.03432E-2 3.10953E-3 2.52836E-3 2.53104E-3 4.19245E-3 4.76515E-3 3.98228E-3 3.45691E-3 1.90308E-3 5.56978E-3 3.93865E-3 1.41679E-2 1.63653E-2 3.25378E-2 3.30114E-2 1.05257E-2 7.28501E-3 4.30615E-3 4.53E-3 5.49021E-3 2.57629E-3 2.4762E-3 4.7547E-3 4.72458E-2 3.53333E-2 2.26677E-2 2.63486E-2 3.08936E-2 4.46E-2 2.35763E-2 2.58007E-2 4.92815E-2 6.06663E-2 2.19396E-2 4.65718E-2 1.08018E-1 1.43508E-1 6.67142E-2 6.23059E-2 7.74073E-2 7.58038E-2 3.41155E-1 3.18422E-1 3.3677E-1 -9999 -9999 -9999
-9999 -9999 -9999 -9999 -9999 -9999 -9999 -9999 -9999 -9999 -9999 -9999 2.28937E-3 3.24805E-3 3.70012E-3 2.25263E-3 1.71392E-3 1.34429E-3 2.51551E-3 5.36349E-3 7.6376E-3 1.95593E-2 4.10657E-2 2.54365E-2 1.76554E-2 1.85125E-2 9.98629E-3 2.50082E-2 1.64615E-2 8.25937E-3 6.16163E-4 7.4482E-4 5.45782E-3 1.67302E-2 5.1613E-2 5.11998E-2 4.13142E-2 3.42752E-2 1.71624E-2 3.74542E-2 4.89426E-2 5.07363E-2 5.99153E-2 4.01262E-2 1.69647E-1 3.69066E-2 1.26686E-1 1.60991E-1 3.43702E-1 2.32152E-1 1.74923E-1 1.7614E-1 3.19576E-1 3.10263E-1 3.04035E-1 2.18797E-1 1.24687E-1 -9999
-9999 -9999 -9999 -9999 -9999 -9999 -9999 -9999 -9999 -9999 -9999 -9999 -9999 -9999 2.34926E-3 5.42617E-4 6.47165E-4 8.44417E-4 3.39821E-3 1.10173E-2 7.13278E-3 1.11139E-2 2.43053E-2 1.91657E-2 1.83905E-2 3.18582E-2 3.25802E-2 2.82453E-2 7.36679E-3 1.18034E-2 5.74249E-3 7.48802E-4 5.64411E-3 1.48205E-2 2.5395E-2 8.96187E-2 9.29735E-2 5.12577E-2 2.91872E-2 2.21793E-2 5.22202E-2 4.22606E-2 3.14209E-3 5.5362E-2 1.12559E-1 7.37698E-2 1.53342E-1 3.8788E-1 3.69277E-1 2.7575E-1 3.60842E-1 2.39653E-1 2.82391E-1 3.59921E-1 3.64243E-1 2.86879E-1 3.24745E-1 -9999
-9999 -9999 -9999 -9999 -9999 -9999 -9999 -9999 -9999 -9999 -9999 -9999 -9999 -9999 -9999 3.99242E-5 3.08636E-4 4.81619E-3 1.10516E-2 1.96868E-2 1.11121E-2 1.0274E-3 4.51282E-3 7.96225E-3 8.17394E-3 4.17665E-3 3.468E-3 2.0696E-2 1.92099E-2 3.24707E-3 7.56741E-3 4.51676E-4 3.89494E-4 6.75192E-3 7.34333E-3 2.57684E-2 4.10514E-2 1.72481E-2 1.27271E-2 2.15545E-2 1.89472E-2 1.77486E-3 3.68111E-3 2.09212E-2 3.78267E-2 6.12507E-2 1.30461E-1 2.93387E-1 3.61495E-1 1.28305E-1 1.34302E-1 2.74442E-1 1.6627E-1 2.05605E-1 4.21082E-1 5.86998E-2 3.03489E-1 7.18193E-2
-9999 -9999 -9999 -9999 -9999 -9999 -9999 -9999 -9999 -9999 -9999 -9999 -9999 -9999 -9999 -9999 1.95435E-3 2.16297E-3 1.30566E-2 1.90684E-2 1.92567E-3 4.02636E-4 1.3336E-3 4.11972E-3 2.20251E-3 1.61682E-3 1.78632E-3 2.82811E-3 7.09921E-3 8.4049E-4 5.16778E-3 5.23932E-3 3.12894E-4 7.81713E-4 7.11484E-3 7.85657E-3 1.31588E-2 1.84594E-2 3.36073E-2 3.37736E-2 3.97754E-2 1.68135E-3 1.7537E-2 1.34442E-2 3.57918E-2 9.97584E-2 1.14881E-1 2.06222E-1 1.10918E-1 1.51437E-1 1.85145E-1 3.27547E-1 9.39974E-2 8.2898E-2 6.86941E-2 2.95926E-2 4.33984E-2 2.17742E-2
-9999 -9999 -9999 -9999 -9999 -9999 -9999 -9999 -9999 -9999 -9999 -9999 -9999 -9999 -9999 -9999 1.0361E-2 1.86321E-2 2.53377E-2 1.20893E-2 1.17101E-3 4.57777E-4 1.35234E-3 8.78993E-3 7.94838E-3 4.93873E-3 2.4517E-3 4.94734E-3 4.43106E-3 1.77793E-3 4.13325E-3 6.20276E-3 1.18088E-3 6.49945E-4 1.21151E-2 2.71499E-2 3.82003E-2 5.39179E-2 1.00353E-1 1.03426E-1 8.30256E-2 2.37639E-3 2.2836E-2 6.2945E-2 4.11256E-2 8.23186E-2 1.07241E-1 1.10108E-1 6.90207E-2 1.35781E-1 3.67989E-1 2.88819E-1 1.51345E-1 1.80784E-1 3.04169E-1 3.19915E-1 2.39394E-1 1.95701E-1
-9999 -9999 -9999 -9999 -9999 -9999 -9999 -9999 -9999 -9999 -9999 -9999 -9999 -9999 -9999 -9999 7.77858E-3 2.16494E-2 7.47898E-3 6.81018E-3 2.40148E-3 4.0514E-3 6.83277E-3 3.16884E-3 4.65211E-3 4.27767E-3 4.11505E-3 8.38739E-3 7.4959E-3 7.17641E-3 5.13334E-3 4.78554E-3 4.38935E-3 2.7962E-3 8.13729E-3 2.49394E-2 5.90406E-2 7.36535E-2 1.3506E-1 1.36815E-1 1.01698E-1 6.15193E-2 8.78429E-2 6.11299E-2 4.42883E-2 6.47929E-2 1.30715E-1 1.44402E-1 1.83139E-1 2.36559E-1 4.12173E-1 2.3529E-1 1.46465E-1 1.45039E-1 1.35031E-1 4.56629E-1 2.91542E-1 2.94511E-1
-9999 -9999 -9999 -9999 -9999 -9999 -9999 -9999 -9999 -9999 -9999 -9999 -9999 -9999 -9999 -9999 2.06951E-2 2.22413E-2 3.19224E-2 2.17103E-2 2.65708E-2 9.59061E-3 1.46767E-2 5.87692E-3 1.8252E-3 5.5418E-4 3.31498E-3 7.27287E-3 4.55802E-3 6.72424E-3 8.86335E-3 1.08205E-2 2.30229E-2 1.30347E-2 1.33701E-2 2.99514E-2 7.66475E-2 1.46095E-1 1.44404E-1 1.01041E-1 9.6118E-2 1.57927E-1 2.37624E-1 6.62331E-2 3.70513E-2 5.50706E-2 1.67299E-1 1.34627E-1 7.61643E-2 4.88498E-2 4.66874E-1 2.10375E-1 1.13644E-1 1.64583E-1 1.82073E-1 2.38484E-1 2.60012E-1 2.20654E-1
-9999 -9999 -9999 -9999 -9999 -9999 -9999 -9999 -9999 2.94297E-5 1.71837E-2 2.91138E-2 1.49953E-3 5.96847E-6 7.09093E-4 9.08573E-3 2.39033E-2 2.75712E-2 2.42464E-2 9.91283E-3 3.72579E-2 1.97616E-2 3.20754E-2 1.19646E-2 5.51005E-3 2.32954E-4 1.08993E-3 2.09808E-3 2.65872E-3 9.19821E-4 9.02712E-3 1.90127E-2 2.89056E-2 2.5875E-2 1.37993E-2 4.44669E-2 6.69323E-2 7.21846E-2 1.8193E-1 1.42674E-1 7.71727E-2 1.45507E-1 1.86848E-1 3.37924E-2 4.85186E-2 -9999 -9999 1.04331E-1 1.40023E-2 1.23535E-2 3.63282E-1 4.19905E-1 1.87072E-1 1.04291E-1 3.17823E-1 2.81526E-1 1.57979E-1 8.85574E-2
-9999 -9999 -9999 -9999 -9999 -9999 -9999 1.72163E-6 1.91932E-6 2.16987E-4 8.70845E-3 2.20242E-2 2.8375E-3 6.79316E-5 1.57119E-3 9.09936E-3 1.73143E-2 1.78556E-2 7.77779E-3 9.31031E-3 3.31133E-2 4.12217E-2 3.78069E-2 1.96777E-2 8.62841E-3 1.50392E-4 1.06468E-3 1.38143E-3 3.1229E-4 2.89595E-4 8.04726E-3 2.08606E-2 1.14584E-2 1.76411E-2 1.43991E-2 5.52592E-2 9.92326E-2 8.79161E-2 1.51819E-1 1.35449E-1 1.02604E-1 1.62935E-1 8.1287E-2 2.16831E-2 4.27107E-2 -9999 -9999 1.66705E-1 6.03924E-2 2.89611E-2 2.97733E-1 3.85817E-1 2.39793E-2 5.71158E-2 1.67096E-1 5.41028E-2 6.66847E-2 1.14362E-1
-9999 -9999 -9999 -9999 -9999 9.75691E-5 3.72056E-4 7.95313E-4 1.50459E-3 6.08255E-3 1.08092E-2 3.86185E-2 1.21934E-2 4.75435E-3 1.31516E-2 1.63785E-2 2.15092E-2 1.59854E-2 1.37764E-3 1.36295E-2 2.9043E-2 2.85107E-2 3.05332E-2 1.65827E-2 5.56808E-3 3.17618E-4 2.622E-3 9.05386E-3 1.67787E-3 4.91331E-4 4.71992E-3 1.23366E-2 1.05313E-2 2.68417E-2 2.3439E-2 9.07727E-2 9.42845E-2 6.29854E-2 6.23935E-2 4.62756E-2 5.56968E-2 6.01505E-2 1.9858E-2 1.54837E-2 7.78299E-2 -9999 -9999 2.26853E-1 8.59307E-2 -9999 -9999 1.938E-2 6.29901E-3 1.46983E-2 9.74906E-2 4.08674E-2 1.0874E-1 1.33245E-1
-9999 -9999 -9999 -9999 -9999 5.17717E-3 1.69607E-2 2.44906E-2 2.58159E-2 1.67174E-2 1.11884E-2 3.81859E-2 4.42088E-2 4.93294E-2 3.22438E-2 3.81385E-2 4.22843E-2 1.28666E-2 1.39906E-3 1.30586E-2 2.26962E-2 1.62873E-2 9.34189E-3 1.7188E-2 6.11612E-3 5.20691E-4 3.70663E-3 5.81641E-3 5.95035E-4 6.64283E-4 3.46759E-3 8.9573E-3 3.24044E-3 2.90655E-3 2.01904E-2 7.4408E-2 8.52004E-2 4.53918E-2 3.95633E-2 2.91677E-2 1.93839E-2 5.60566E-2 1.23717E-2 5.27973E-2 6.1033E-2 1.4877E-2 -9999 -9999 -9999 -9999 -9999 1.96742E-1 1.98272E-2 9.7784E-2 2.69457E-1 4.0949E-1 2.34899E-1 1.30881E-1
-9999 -9999 -9999 -9999 -9999 8.70986E-3 3.50221E-2 8.37465E-2 8.35565E-2 5.685E-2 3.98653E-2 3.55592E-2 3.68056E-2 3.9464E-2 2.10508E-2 4.4175E-2 4.94695E-2 3.20871E-2 6.87426E-3 1.68722E-2 6.30558E-3 3.75328E-3 7.48587E-3 1.23215E-2 5.91406E-3 2.26213E-3 1.71956E-2 2.21263E-2 1.1476E-2 1.1543E-2 1.112E-2 7.45602E-3 1.38785E-2 1.2163E-2 4.77557E-3 6.21144E-2 6.21294E-2 5.44047E-2 1.0443E-1 1.70951E-2 9.60164E-3 6.43179E-2 5.05695E-2 6.80003E-2 1.47957E-1 4.86315E-2 -9999 -9999 -9999 -9999 2.1075E-1 2.86702E-1 1.71074E-1 1.71978E-1 3.70906E-1 2.68687E-1 2.74643E-1 1.81859E-1
-9999 -9999 -9999 -9999 -9999 1.20083E-2 3.15359E-2 1.08663E-1 1.38103E-1 1.10261E-1 4.15139E-2 2.31303E-2 1.98364E-2 2.50951E-2 1.87131E-2 2.65012E-2 4.62007E-2 1.82213E-2 6.74393E-3 1.98799E-2 6.77655E-3 6.43367E-3 1.09821E-2 5.43687E-3 5.20372E-3 6.55124E-3 2.44335E-2 2.08384E-2 1.29917E-2 3.24653E-2 2.78931E-2 1.71865E-2 2.33629E-2 2.43459E-2 1.87367E-2 6.89887E-2 7.51372E-2 5.45385E-2 1.26173E-1 8.47297E-3 1.28907E-2 2.05783E-2 5.46368E-2 1.64953E-1 2.39797E-1 9.51421E-2 9.48152E-2 -9999 -9999 1.30206E-1 1.80896E-1 2.57415E-1 3.14349E-1 3.81373E-1 2.30704E-1 1.40876E-1 1.91606E-1 2.28995E-1
-9999 -9999 -9999 -9999 -9999 2.82842E-2 5.08695E-2 1.19816E-1 1.43312E-1 5.60233E-2 1.90679E-2 6.43512E-3 6.99367E-3 1.05006E-2 2.69357E-2 2.9753E-2 1.70217E-2 2.24978E-3 1.46105E-3 5.47241E-3 3.16334E-3 1.60145E-3 4.14887E-3 6.64108E-3 2.98342E-3 1.93319E-3 5.67906E-3 1.18423E-2 4.20016E-3 1.14487E-2 2.25023E-2 2.68222E-2 4.61101E-2 2.06278E-2 3.57372E-2 1.0662E-1 1.34436E-1 6.32425E-2 9.4458E-3 6.44107E-2 3.8719E-2 2.63734E-2 5.65002E-2 5.993E-2 1.58476E-2 1.28656E-2 4.73482E-2 -9999 3.91599E-1 9.38019E-2 2.46531E-2 2.22623E-1 3.61915E-1 3.9427E-1 2.81106E-2 1.96219E-1 1.41967E-1 4.09675E-1
