Phytophthora/models/20240503_1210_48/Phytophthora_PA3_RUN3_MAXENT_outputs/Phytophthora_PA3_RUN3.asc
ncols         113
nrows         135
xllcorner     473009.9838
yllcorner     4429001.1748
cellsize      100.0
NODATA_value  -9999
[rows 52 to 77 of 135, columns 0 to 57 of 113]
-9999 -9999 -9999 -9999 -9999 2.50807E-2 7.43654E-2 1.03823E-1 6.14223E-2 2.21582E-2 1.2789E-2 6.52953E-3 9.51561E-3 1.07398E-2 1.72099E-2 1.32392E-2 8.6762E-3 1.15627E-2 1.33119E-2 9.03694E-3 7.36994E-3 2.37446E-3 1.42899E-3 2.1006E-3 3.45545E-3 2.60808E-3 3.17938E-3 2.99798E-3 1.78985E-3 5.0761E-3 1.96883E-2 5.06435E-2 4.91822E-2 5.23547E-2 5.88946E-2 7.21878E-2 3.27051E-2 8.04469E-3 2.6942E-2 1.25295E-1 7.27774E-2 3.29161E-2 2.64647E-2 3.03733E-2 1.01102E-2 2.92764E-2 2.92962E-2 1.24761E-2 1.41629E-1 2.80188E-1 2.57454E-1 3.00075E-1 4.48213E-1 3.34915E-1 5.15743E-2 1.37012E-1 8.95825E-2 2.1239E-1
-9999 -9999 -9999 -9999 -9999 5.05068E-2 2.57424E-1 7.70376E-2 4.87471E-2 2.11084E-2 3.71934E-2 2.53452E-2 3.0038E-2 1.34496E-2 1.11605E-2 7.6847E-3 7.70624E-3 2.4303E-2 2.59834E-2 2.69861E-2 1.77792E-2 9.71714E-3 1.79942E-2 7.72029E-3 9.09002E-3 1.10567E-2 6.43355E-3 1.3626E-3 9.96549E-4 2.59252E-3 1.2542E-2 5.82347E-2 8.62532E-2 4.30738E-2 4.57372E-2 4.4425E-2 2.02041E-2 5.67407E-3 1.29228E-2 4.19675E-2 2.89044E-2 2.29533E-2 1.78807E-2 2.77829E-3 7.38244E-3 2.86937E-2 2.93072E-3 6.93099E-3 1.42787E-1 3.55785E-1 5.7052E-1 5.1391E-1 5.18712E-1 1.74264E-1 8.52111E-2 1.99432E-1 1.56805E-1 2.29012E-1
-9999 -9999 -9999 -9999 3.06093E-3 4.09824E-2 1.90023E-1 6.55229E-2 4.84829E-2 4.77987E-2 6.42887E-2 7.61607E-2 2.90832E-2 9.76719E-3 1.0852E-2 1.16329E-2 2.71703E-2 6.4539E-2 7.5425E-2 6.07937E-2 3.81168E-2 2.15594E-2 2.53699E-2 2.3403E-2 2.30139E-2 3.38853E-2 1.54862E-2 4.56794E-3 2.66183E-3 3.8912E-3 1.80546E-3 9.13902E-3 3.33437E-2 1.73427E-2 3.01277E-2 4.54102E-2 4.55987E-2 2.05704E-2 2.27552E-2 2.45839E-2 1.53689E-2 3.7093E-2 5.2702E-2 9.38926E-3 9.24207E-3 1.44298E-2 7.48961E-3 1.18692E-2 1.29954E-1 2.47147E-1 4.79518E-1 4.53848E-1 1.66624E-1 1.74397E-2 1.27967E-1 2.82519E-1 4.31901E-1 4.68964E-1
-9999 -9999 -9999 5.85236E-2 7.05508E-2 1.12731E-1 1.70942E-1 7.81924E-2 1.12971E-1 8.63415E-2 7.51455E-2 8.08556E-2 3.20393E-2 1.59505E-2 1.92775E-2 2.89482E-2 1.48811E-1 2.10822E-1 1.81957E-1 1.25442E-1 8.34942E-2 4.673E-2 5.80501E-2 3.61749E-2 2.43026E-2 2.58029E-2 2.55195E-2 1.10084E-2 4.8485E-3 2.90691E-3 7.6335E-3 1.3787E-2 2.31836E-2 1.16953E-2 3.17739E-2 5.26798E-2 5.40413E-2 4.86754E-2 3.3878E-2 6.63022E-2 8.22746E-2 1.30049E-1 9.42406E-2 5.13903E-2 5.21405E-2 6.03959E-2 6.70184E-2 1.45785E-2 3.9266E-2 2.4976E-1 4.42534E-1 2.60369E-1 5.40058E-2 1.20589E-1 1.74743E-1 2.17349E-1 2.46812E-1 2.05301E-1
-9999 -9999 -9999 5.07897E-2 1.13077E-1 3.47116E-1 2.36831E-1 4.28818E-2 1.07317E-1 9.1417E-2 2.13616E-1 1.05834E-1 1.13946E-1 1.15772E-1 6.76428E-2 1.15239E-1 2.73899E-1 3.00806E-1 2.97055E-1 1.68312E-1 1.29621E-1 9.58542E-2 9.0363E-2 6.05346E-2 3.60103E-2 2.25492E-2 3.67043E-2 3.18911E-2 6.70435E-3 2.91311E-3 3.89611E-2 5.92476E-2 1.54244E-2 7.60063E-3 1.56921E-2 3.1006E-2 7.40775E-2 9.78435E-2 2.20985E-2 3.03854E-2 6.60452E-2 9.45966E-2 4.09248E-2 4.11607E-2 6.73495E-2 2.46475E-2 5.5553E-2 6.39221E-3 9.22092E-2 1.86143E-1 3.06682E-1 3.19401E-1 3.25819E-1 2.56365E-1 3.36862E-1 2.93052E-1 3.43305E-1 3.2615E-1
-9999 -9999 -9999 4.77797E-2 2.29487E-1 2.33325E-1 1.45804E-1 4.72145E-2 4.07258E-2 1.09186E-1 2.50599E-1 2.05198E-1 3.47246E-1 1.54605E-1 8.39995E-2 1.13099E-1 2.38823E-1 2.5398E-1 2.84011E-1 1.12507E-1 7.1529E-2 1.08227E-1 1.53979E-1 1.17201E-1 7.67143E-2 4.59925E-2 6.88037E-2 7.71303E-2 2.83135E-2 2.45532E-2 9.93684E-2 9.52308E-2 7.3517E-2 1.34395E-2 6.71597E-3 1.58669E-2 7.76366E-2 7.00495E-2 8.61505E-3 1.3391E-2 4.81019E-2 5.71022E-2 4.17555E-2 2.6899E-2 5.52043E-3 1.65328E-3 3.4911E-2 3.71966E-2 8.41519E-2 4.27407E-2 4.96923E-2 8.28962E-2 1.78467E-1 5.3201E-2 7.19041E-2 2.28774E-1 3.08292E-1 1.57219E-1
-9999 -9999 -9999 1.68465E-2 6.15372E-2 8.14841E-2 3.43014E-2 1.95286E-2 3.28835E-2 1.07351E-1 1.6264E-1 1.65559E-1 1.69289E-1 8.13142E-2 5.36818E-2 3.51942E-2 8.07738E-2 1.94491E-1 1.85944E-1 1.73071E-1 1.2968E-1 1.13684E-1 1.29746E-1 1.06934E-1 6.16017E-2 5.61734E-2 9.98599E-2 1.9045E-1 1.38828E-1 4.06311E-2 3.8193E-2 4.39496E-2 5.93527E-2 1.89967E-3 4.86002E-3 5.25133E-2 1.86002E-1 6.46909E-2 1.30699E-2 1.54565E-2 3.77655E-2 3.39695E-2 4.56395E-2 3.29375E-2 9.45765E-3 1.00474E-2 1.31496E-2 9.25759E-2 4.37964E-1 4.30797E-1 3.9506E-1 2.28069E-1 1.17228E-1 3.91293E-2 8.1716E-3 2.68117E-1 2.24465E-1 1.34627E-1
-9999 -9999 -9999 3.32891E-2 3.16485E-2 3.97481E-2 3.51594E-2 2.02603E-2 3.42234E-2 5.34352E-2 6.30952E-2 2.48466E-2 2.06248E-1 2.18081E-1 8.10226E-2 2.0484E-2 1.81157E-2 4.16316E-2 7.59779E-2 2.02389E-1 1.08534E-1 8.27308E-2 4.75528E-2 3.01013E-2 2.28424E-2 3.04726E-2 5.28782E-2 5.36043E-2 2.67045E-2 2.75708E-2 3.20174E-2 2.33536E-2 1.06669E-2 8.24848E-3 8.34749E-3 3.26864E-2 4.48049E-2 9.29265E-2 4.92444E-2 3.50023E-2 4.55925E-2 4.99019E-2 7.96972E-2 5.68833E-2 7.82553E-2 2.6664E-2 4.71637E-2 3.0993E-1 4.9332E-1 4.80231E-1 2.06003E-1 8.89296E-2 4.21986E-2 3.19804E-2 4.12653E-3 2.26369E-2 2.1453E-1 2.21382E-1
-9999 -9999 -9999 -9999 2.40043E-2 9.76815E-2 6.49908E-2 2.50375E-2 2.98043E-2 5.89909E-2 7.7664E-2 2.3794E-2 1.22683E-1 2.02131E-1 6.94379E-2 2.71387E-2 2.48769E-2 7.51867E-2 1.71978E-1 1.82118E-1 7.04805E-2 3.39857E-2 1.76565E-2 1.59533E-2 1.26184E-2 1.39919E-2 5.43775E-3 2.46841E-3 1.49309E-2 5.26868E-2 9.9458E-2 2.78782E-2 3.18181E-2 1.40091E-2 1.65196E-2 2.20563E-2 3.73861E-2 1.55905E-1 1.16004E-1 1.37798E-1 2.05572E-1 1.54226E-1 2.05827E-1 1.67942E-1 1.54769E-1 5.94324E-2 4.39499E-2 1.00059E-1 1.84652E-1 3.77639E-1 1.06319E-1 4.91646E-2 3.20818E-2 2.63044E-2 1.64039E-2 1.74017E-2 1.16792E-1 1.86601E-1
-9999 -9999 -9999 -9999 -9999 2.44835E-1 8.00337E-2 1.87603E-2 2.13591E-2 8.93599E-2 1.00963E-1 6.95346E-2 8.3979E-2 9.3151E-2 3.07677E-2 1.8219E-2 3.1923E-2 1.41071E-1 2.46438E-1 2.01848E-1 9.52803E-2 2.01519E-2 9.65128E-3 9.16721E-3 1.38693E-2 2.98488E-2 2.02406E-2 6.38981E-3 2.57552E-2 3.3981E-2 4.20716E-2 2.58565E-2 7.8122E-2 4.98763E-3 4.09868E-3 1.78289E-2 4.26022E-2 1.04577E-1 1.25118E-1 1.68902E-1 1.82625E-1 1.86016E-1 3.31217E-1 2.9289E-1 2.86497E-1 1.03277E-1 6.88506E-2 1.47739E-1 1.99548E-1 2.02098E-1 7.35655E-2 4.14691E-2 5.59874E-2 6.35534E-2 9.99159E-2 2.54675E-2 7.44362E-2 1.36928E-1
-9999 -9999 -9999 -9999 -9999 -9999 1.74254E-2 1.05726E-2 2.78138E-2 8.15427E-2 7.49962E-2 2.59236E-1 3.90934E-1 7.93429E-2 1.82654E-2 9.36198E-3 1.28678E-2 1.22042E-1 1.65229E-1 1.04901E-1 3.30217E-2 1.40391E-2 9.24037E-3 1.65706E-2 2.79905E-2 4.22363E-2 3.58557E-2 2.39713E-2 1.52311E-2 1.138E-2 1.98909E-2 3.16509E-2 4.22822E-2 2.56154E-2 4.60398E-2 6.91943E-2 1.07435E-1 1.49764E-1 1.15554E-1 9.53917E-2 2.9057E-1 1.30851E-1 5.01338E-1 3.42183E-1 3.76607E-1 2.33549E-1 1.58012E-1 1.36512E-1 1.11306E-1 7.12948E-2 4.62728E-2 5.84736E-2 7.99948E-2 9.50746E-2 9.33263E-2 4.79637E-2 1.3799E-1 2.26632E-1
-9999 -9999 -9999 -9999 -9999 -9999 1.97894E-2 1.60817E-2 2.50576E-2 4.48359E-2 2.93221E-1 3.59216E-1 3.09845E-1 3.45678E-2 1.38563E-2 1.60728E-2 2.76228E-2 3.95413E-2 4.39743E-2 3.552E-2 2.08626E-2 1.15539E-2 8.00726E-3 1.48171E-2 1.78949E-2 2.57808E-2 3.97236E-2 2.17425E-2 7.78318E-3 1.18138E-2 2.11669E-2 6.36108E-2 3.35449E-2 3.63261E-2 1.53068E-1 7.20788E-2 4.98757E-2 4.50139E-2 3.09913E-2 5.3555E-2 1.97985E-1 1.85905E-1 5.03876E-1 3.38656E-1 3.46629E-1 2.98612E-1 1.25168E-1 4.95548E-2 6.88739E-2 7.80503E-2 1.05642E-1 1.79201E-1 1.74317E-1 1.19667E-1 1.07287E-1 1.50815E-1 1.25098E-1 1.52782E-1
-9999 -9999 -9999 -9999 -9999 8.07072E-3 3.10914E-2 1.73593E-2 1.24137E-2 4.43486E-2 2.97765E-1 2.76908E-1 1.7231E-1 4.02774E-2 1.15846E-2 1.37301E-2 1.55492E-2 1.45253E-2 1.21946E-2 1.8404E-2 2.1337E-2 1.99376E-2 1.53851E-2 2.04E-2 2.17058E-2 4.32872E-2 4.30586E-2 1.82378E-2 8.13975E-3 1.56586E-3 8.31681E-3 6.4611E-2 7.036E-2 4.53179E-2 2.39059E-1 2.23487E-1 7.48389E-2 6.12328E-2 6.54762E-2 1.40134E-1 2.77387E-1 1.61157E-1 2.33083E-1 2.60075E-1 2.6006E-1 2.49085E-1 1.92551E-1 1.08508E-1 8.1787E-2 1.63114E-1 1.28442E-1 1.96103E-1 1.40328E-1 9.91798E-2 7.26623E-2 1.5929E-1 1.68596E-1 2.41512E-1
-9999 -9999 -9999 -9999 3.88445E-5 4.37512E-3 2.09291E-2 7.44629E-3 1.14113E-2 1.72195E-2 3.79041E-2 1.03636E-1 6.64404E-2 3.84532E-2 2.2298E-2 1.59077E-2 2.32099E-2 2.67653E-2 1.93044E-2 2.85035E-2 6.37212E-2 4.86937E-2 2.4064E-2 2.00401E-2 3.9028E-2 9.28925E-2 9.89808E-2 1.4078E-2 4.69322E-3 1.27078E-2 2.37698E-2 6.41361E-2 6.65939E-2 3.80541E-2 1.22849E-1 1.33286E-1 1.43792E-1 1.39489E-1 1.73212E-1 3.91821E-1 6.00814E-1 2.2899E-1 3.25851E-1 4.77864E-1 2.60657E-1 1.12373E-1 1.12673E-1 1.52494E-1 1.38033E-1 1.826E-1 1.26365E-1 1.84946E-1 2.50263E-1 4.34308E-1 2.79226E-1 2.17465E-1 4.21979E-1 3.07725E-1
-9999 -9999 -9999 -9999 9.09536E-5 8.3681E-3 4.3952E-2 1.45711E-2 4.78217E-3 1.41919E-3 3.07866E-2 6.81948E-2 7.46879E-2 1.02325E-1 2.42947E-2 6.34867E-2 6.20935E-2 6.49338E-2 4.61036E-2 6.30279E-2 1.43327E-1 7.11004E-2 3.40287E-2 3.88646E-2 7.78397E-2 8.627E-2 7.77382E-2 1.24842E-2 1.14435E-2 1.77974E-2 2.97731E-2 3.48752E-2 7.91699E-2 7.42202E-2 1.24145E-1 1.58009E-1 1.82604E-1 1.80394E-1 2.36309E-1 3.4044E-1 5.03985E-1 5.07564E-1 6.40214E-1 5.67522E-1 1.63262E-1 3.92014E-2 5.13508E-2 1.96985E-1 3.69413E-1 4.17003E-1 4.22266E-1 2.30011E-1 4.06547E-1 4.136E-1 4.77089E-1 4.43843E-1 3.52945E-1 2.90916E-1
-9999 -9999 -9999 -9999 1.02811E-4 8.44124E-3 4.54453E-2 6.03527E-2 5.93162E-2 2.07411E-3 4.0905E-2 4.60525E-2 8.60933E-2 1.58042E-1 2.74552E-2 7.69852E-3 8.89066E-3 4.2672E-2 1.08273E-1 1.38222E-1 1.82193E-1 1.18685E-1 8.16624E-2 1.03114E-1 1.13401E-1 9.31986E-2 5.06985E-2 1.69411E-2 3.04347E-2 2.38499E-2 3.45361E-2 7.2302E-2 5.70356E-2 1.47358E-1 1.23312E-1 9.17856E-2 6.5108E-2 6.51609E-2 1.18048E-1 1.97279E-1 3.26079E-1 3.79345E-1 5.06073E-1 5.23396E-1 9.11199E-2 2.59759E-2 4.46673E-2 2.34838E-1 2.9132E-1 4.18184E-1 5.84655E-1 4.10909E-1 4.87776E-1 4.83055E-1 5.4536E-1 5.39469E-1 6.00424E-1 1.58728E-1
-9999 -9999 -9999 -9999 1.22931E-4 6.71249E-3 4.85865E-2 7.2037E-2 1.51716E-2 3.29664E-2 8.35915E-2 6.27995E-2 8.30908E-2 2.77415E-2 2.66667E-2 1.31699E-2 1.57139E-2 8.54296E-2 1.37663E-1 2.92716E-1 4.22004E-1 3.45806E-1 2.86E-1 2.59206E-1 1.02402E-1 1.38867E-1 6.35772E-2 4.50736E-2 2.6469E-2 4.47286E-2 1.34399E-1 1.50284E-1 1.01728E-1 1.57104E-1 1.1657E-1 4.08377E-2 2.62974E-2 3.65304E-2 7.1257E-2 2.07704E-1 2.79406E-1 3.82867E-1 1.55227E-1 1.95917E-1 8.41836E-2 2.77934E-2 5.15035E-2 9.84638E-2 2.05597E-1 3.31816E-1 5.8173E-1 7.19398E-1 6.81806E-1 5.2842E-1 5.72398E-1 6.16778E-1 3.69339E-1 2.07508E-1
-9999 -9999 -9999 -9999 3.68651E-5 5.86463E-3 5.92373E-2 4.17193E-2 6.95179E-3 7.7909E-2 6.21555E-2 4.52387E-2 3.96899E-2 4.6023E-2 5.8023E-2 1.33311E-1 4.88318E-2 1.27123E-1 2.04023E-1 4.32486E-1 3.4359E-1 2.52552E-1 2.01388E-1 1.43195E-1 1.40998E-1 2.04515E-1 2.29332E-1 1.34415E-1 3.22807E-2 1.10735E-1 2.4798E-1 9.33434E-2 3.06411E-2 9.35156E-3 5.73413E-2 3.46787E-2 2.47675E-2 5.34432E-2 1.18093E-1 2.31251E-1 2.15116E-1 2.22516E-1 6.00559E-2 9.57238E-2 4.70289E-2 3.56379E-2 6.18808E-2 1.14285E-1 2.51791E-1 5.82375E-1 7.85352E-1 5.53268E-1 7.11082E-1 5.68256E-1 1.84762E-1 3.47119E-1 4.58332E-1 4.37858E-1
-9999 -9999 -9999 -9999 3.34399E-5 6.18539E-3 6.53426E-2 1.93405E-2 2.58133E-2 1.29049E-1 1.24547E-1 1.21587E-1 5.08896E-2 3.70326E-2 3.5614E-2 7.12911E-2 1.01083E-1 1.76806E-1 2.18427E-1 3.00429E-1 1.89123E-1 1.16651E-1 6.3063E-2 5.53434E-2 9.84088E-2 1.86131E-1 1.4444E-1 8.66275E-2 9.81652E-3 2.2855E-1 3.85623E-1 1.36358E-1 5.03308E-2 3.85577E-2 1.76611E-2 1.03353E-2 4.4322E-3 8.95607E-2 2.31534E-1 3.97043E-1 2.7606E-1 1.31698E-1 9.88076E-2 7.27777E-2 3.88264E-2 6.17563E-2 1.19275E-1 1.88066E-1 6.30453E-1 6.68668E-1 6.97763E-1 3.15619E-1 4.82541E-1 2.45228E-1 1.45273E-1 2.40059E-1 3.98199E-1 6.7315E-1
-9999 -9999 -9999 -9999 7.2599E-5 6.10612E-3 4.48422E-2 2.90846E-2 6.25197E-2 7.49975E-2 6.57719E-2 3.05493E-1 3.37618E-1 8.91181E-2 4.66871E-2 5.70574E-2 9.37554E-2 1.53085E-1 2.93143E-1 2.58851E-1 1.63332E-1 1.83542E-1 1.19833E-1 8.82769E-2 8.92937E-2 1.30007E-1 9.67946E-2 5.90607E-2 1.59461E-2 2.91905E-2 2.07034E-1 1.7378E-1 1.56024E-1 2.80192E-2 8.32E-3 2.23718E-2 3.84372E-2 5.90446E-2 3.52676E-1 5.9871E-1 3.22453E-1 1.55667E-1 1.39875E-1 4.51628E-2 4.38807E-2 1.33043E-1 2.77761E-1 2.77745E-1 4.96734E-1 6.63515E-1 5.40323E-1 3.62237E-1 2.74526E-1 1.40297E-1 1.68646E-1 2.88107E-1 4.4011E-1 5.74186E-1
-9999 -9999 -9999 -9999 8.44348E-4 5.64974E-3 1.99365E-2 1.8448E-2 2.48977E-2 3.21116E-2 5.65694E-2 1.36329E-1 3.60292E-1 3.21568E-1 1.58873E-1 9.39907E-2 8.86416E-2 1.31E-1 1.3927E-1 1.31048E-1 1.65263E-1 2.37137E-1 2.66441E-1 1.80021E-1 1.40965E-1 1.4463E-1 1.53646E-1 1.1187E-1 4.49661E-2 7.59314E-2 8.64873E-2 1.08035E-1 2.30608E-1 7.85519E-2 6.49062E-2 4.74328E-2 5.25455E-2 1.04557E-1 4.16491E-1 6.73003E-1 2.91189E-1 1.77972E-1 1.03784E-1 2.84661E-2 5.16271E-2 9.10979E-2 1.25536E-1 2.51496E-1 6.77252E-1 6.59102E-1 5.76256E-1 2.33486E-1 1.46049E-1 1.93887E-1 3.09602E-1 5.17582E-1 5.64129E-1 5.21973E-1
-9999 -9999 -9999 4.15507E-4 7.78821E-3 1.03564E-2 1.60995E-2 1.46973E-2 1.44483E-2 3.45145E-2 9.30113E-2 1.02565E-1 2.23414E-1 3.99175E-1 3.44695E-1 2.03601E-1 1.99264E-1 2.14803E-1 1.08926E-1 6.08677E-2 1.07514E-1 1.80653E-1 2.6291E-1 3.02861E-1 2.19769E-1 1.15988E-1 1.49426E-1 1.3529E-1 8.86412E-2 6.28921E-2 7.54262E-2 1.14075E-1 1.67205E-1 1.36918E-1 9.05853E-2 5.99414E-2 1.07537E-1 2.44999E-1 3.98083E-1 6.66978E-1 3.15417E-1 2.47514E-1 1.16444E-1 3.46318E-2 1.73062E-1 8.19443E-2 8.45021E-2 4.55311E-1 5.42109E-1 4.27048E-1 2.65399E-1 1.45877E-1 7.1695E-2 1.14656E-1 2.84524E-1 6.1801E-1 7.08741E-1 6.74979E-1
-9999 -9999 -9999 1.73802E-3 1.89414E-2 5.0545E-2 5.09676E-2 1.23582E-2 3.73315E-2 7.07399E-2 1.50741E-1 1.48361E-1 2.84559E-1 4.19027E-1 5.0924E-1 3.99611E-1 3.63034E-1 2.90885E-1 1.99808E-1 8.79981E-2 2.20759E-1 2.99742E-1 3.167E-1 5.01768E-1 3.41848E-1 2.05607E-1 2.09013E-1 1.41779E-1 1.39473E-1 7.35424E-2 6.13633E-2 2.35613E-2 1.86829E-1 1.31737E-1 1.45785E-1 9.05956E-2 1.64213E-1 3.77338E-1 4.67819E-1 5.02591E-1 5.03099E-1 5.19498E-1 3.73531E-1 1.68928E-1 2.34338E-1 6.68268E-2 7.053E-2 4.58709E-1 2.51612E-1 1.20232E-1 1.89912E-1 1.32896E-1 5.37075E-2 1.05191E-1 2.98517E-1 5.71326E-1 6.33158E-1 6.18307E-1
-9999 -9999 5.19816E-4 3.22674E-3 5.85396E-2 2.64343E-1 3.54879E-1 1.55251E-1 2.75136E-1 2.25833E-1 2.58749E-1 3.29418E-1 3.45255E-1 4.6343E-1 5.81523E-1 5.91037E-1 3.71043E-1 2.63308E-1 2.9524E-1 1.65945E-1 2.58218E-1 4.85713E-1 6.26122E-1 6.44504E-1 5.28398E-1 2.57248E-1 1.2683E-1 1.0684E-1 9.90648E-2 8.68326E-2 8.87201E-2 1.56837E-1 2.91978E-1 2.00186E-1 2.41054E-1 2.6507E-1 2.59696E-1 3.15365E-1 6.13093E-1 6.07452E-1 7.49698E-1 7.5017E-1 5.82042E-1 2.44847E-1 1.47996E-1 1.33799E-1 2.25305E-1 3.74836E-1 1.98227E-1 1.91597E-1 2.34496E-1 1.16639E-1 7.02562E-2 4.45395E-2 1.44427E-1 4.47794E-1 5.3375E-1 4.37313E-1
-9999 -9999 1.8083E-3 1.12173E-1 1.6127E-1 3.82124E-1 4.8844E-1 5.44795E-1 5.37144E-1 5.78993E-1 4.39153E-1 3.03872E-1 3.90262E-1 5.13646E-1 5.68263E-1 6.7727E-1 3.90582E-1 1.89482E-1 2.62884E-1 3.6732E-1 5.46603E-1 5.30708E-1 5.40879E-1 6.58061E-1 5.39745E-1 2.3861E-1 1.12831E-1 1.40876E-1 1.41837E-1 9.53756E-2 1.33945E-1 2.87349E-1 1.61839E-1 8.77395E-2 3.37978E-1 4.32885E-1 3.27438E-1 3.30275E-1 3.86493E-1 5.08333E-1 6.74971E-1 7.66291E-1 5.48501E-1 3.45653E-1 2.4689E-1 3.1138E-1 4.91517E-1 5.77738E-1 5.90931E-1 4.73334E-1 2.75723E-1 2.10031E-1 1.92322E-1 1.22776E-1 8.45952E-2 3.76787E-1 4.27261E-1 3.51422E-1
-9999 -9999 -9999 1.1318E-1 1.22159E-1 2.63422E-1 5.9883E-1 7.7415E-1 7.83273E-1 8.11755E-1 5.93141E-1 2.30316E-1 1.15149E-1 5.07888E-1 5.80259E-1 6.78731E-1 2.7342E-1 1.84732E-1 3.8118E-1 7.0184E-1 6.25202E-1 4.2705E-1 3.82345E-1 5.11213E-1 4.31379E-1 2.3642E-1 2.61597E-1 2.69308E-1 3.10427E-1 1.69135E-1 1.66384E-1 2.28398E-1 9.00984E-2 6.6398E-2 1.69365E-1 2.67783E-1 3.64092E-1 4.22823E-1 5.45246E-1 4.99848E-1 6.74877E-1 7.45792E-1 6.62347E-1 5.60786E-1 3.73975E-1 3.92033E-1 5.41039E-1 5.63152E-1 6.19784E-1 5.68564E-1 4.19789E-1 3.62089E-1 3.71456E-1 4.36068E-1 3.48182E-1 3.15536E-1 2.60262E-1 2.27252E-1
