Phytophthora/models/20240503_1210_48/Phytophthora_PA3_RUN3_MAXENT_outputs/Phytophthora_PA3_RUN3.asc
ncols         113
nrows         135
xllcorner     473009.9838
yllcorner     4429001.1748
cellsize      100.0
NODATA_value  -9999
[rows 78 to 103 of 135, columns 0 to 57 of 113]
-9999 -9999 -9999 3.53819E-3 5.21459E-2 2.63403E-1 6.86236E-1 8.17629E-1 8.78748E-1 8.5061E-1 4.47808E-1 4.01161E-1 4.62046E-1 5.05012E-1 4.99481E-1 3.4036E-1 2.66713E-1 3.5071E-1 7.77892E-1 7.77441E-1 6.35643E-1 2.63132E-1 3.17128E-1 3.7174E-1 4.2409E-1 4.5701E-1 5.4908E-1 5.33679E-1 4.28447E-1 2.66811E-1 1.67592E-1 1.68487E-1 7.87165E-2 4.07489E-2 9.68418E-2 3.22043E-1 3.62473E-1 4.0292E-1 4.74071E-1 5.40746E-1 7.70733E-1 7.18942E-1 7.13369E-1 7.13242E-1 4.86595E-1 5.74365E-1 4.40482E-1 5.46158E-1 5.87026E-1 5.78838E-1 4.79195E-1 4.32909E-1 4.6413E-1 5.00793E-1 4.63012E-1 5.09843E-1 1.96812E-1 1.89871E-1
-9999 -9999 -9999 -9999 5.52492E-2 2.90853E-1 6.19575E-1 6.79322E-1 8.04062E-1 7.66259E-1 4.70512E-1 6.10817E-1 7.04719E-1 6.48103E-1 4.77083E-1 2.79295E-1 3.27189E-1 4.77263E-1 5.91739E-1 4.39573E-1 4.14802E-1 2.45343E-1 1.8695E-1 2.03154E-1 5.00712E-1 6.21267E-1 6.56078E-1 6.41169E-1 4.36939E-1 1.55064E-1 1.19239E-1 1.29031E-1 7.20634E-2 6.57595E-2 1.57803E-1 3.25989E-1 4.21312E-1 5.65906E-1 2.77561E-1 5.21115E-1 7.8331E-1 7.59779E-1 7.19086E-1 7.37045E-1 7.3414E-1 5.78875E-1 3.32433E-1 4.58322E-1 5.68067E-1 3.60323E-1 4.18012E-1 4.81723E-1 6.30001E-1 5.88963E-1 3.77848E-1 3.57708E-1 3.06697E-1 1.1008E-1
-9999 -9999 -9999 1.42136E-3 6.55692E-2 2.17068E-1 7.24011E-1 8.35269E-1 8.22947E-1 7.88007E-1 4.54167E-1 5.21476E-1 6.52752E-1 6.17761E-1 2.6751E-1 1.80681E-1 3.54386E-1 3.42397E-1 3.80471E-1 3.70846E-1 3.3756E-1 1.71121E-1 2.0138E-1 1.87728E-1 2.94931E-1 5.29826E-1 6.55733E-1 6.15205E-1 5.09439E-2 1.58302E-1 7.51078E-2 5.59233E-2 1.21292E-1 2.50137E-1 3.20033E-1 4.44923E-1 5.97113E-1 6.0146E-1 3.11669E-1 5.44198E-1 5.85743E-1 5.85421E-1 5.37544E-1 5.89364E-1 6.17731E-1 3.56981E-1 3.26414E-1 2.84386E-1 4.80416E-1 5.42922E-1 3.6172E-1 3.4899E-1 3.00494E-1 2.71793E-1 1.24407E-1 3.48026E-2 1.27697E-1 4.05828E-2
-9999 -9999 3.65925E-3 3.5202E-3 4.45271E-2 2.17238E-1 6.74463E-1 8.02249E-1 7.4261E-1 6.91957E-1 4.63489E-1 4.18599E-1 5.00166E-1 4.83296E-1 1.92124E-1 1.76928E-1 3.48855E-1 4.77642E-1 5.08089E-1 4.83695E-1 4.54257E-1 2.22272E-1 2.88601E-1 2.12173E-1 3.39335E-1 4.72386E-1 5.54262E-1 6.0858E-1 3.39445E-1 9.59549E-2 1.47352E-1 5.23998E-2 5.09208E-1 5.09434E-1 1.63239E-1 2.63677E-1 5.66418E-1 5.03864E-1 4.73598E-1 4.47418E-1 4.56186E-1 5.73909E-1 5.94176E-1 5.93489E-1 5.69934E-1 1.80991E-1 6.53414E-2 1.38598E-1 1.39258E-1 2.58834E-1 3.92562E-1 2.66109E-1 1.5525E-1 1.8091E-1 8.01277E-2 7.09556E-3 6.64112E-3 2.30477E-3
-9999 -9999 2.52927E-3 1.83277E-2 4.79603E-2 2.48679E-1 3.64038E-1 3.36997E-1 6.4275E-1 7.26385E-1 4.44572E-1 4.67484E-1 3.57368E-1 2.64982E-1 1.14867E-1 1.32925E-1 2.42552E-1 3.41572E-1 4.4902E-1 7.16564E-1 5.94283E-1 3.67166E-1 5.10436E-1 3.11511E-1 2.04914E-1 3.63881E-1 4.2707E-1 2.67582E-1 1.15888E-1 1.14484E-1 1.97229E-1 3.23503E-1 5.00761E-1 3.44198E-1 3.39434E-1 6.46661E-1 5.59215E-1 4.34347E-1 4.69599E-1 6.78058E-1 3.46221E-1 5.95665E-1 6.43648E-1 5.86516E-1 5.22914E-1 3.24478E-1 1.59159E-1 3.17315E-1 2.61522E-1 1.72458E-1 1.61409E-1 1.09368E-1 2.08818E-1 1.60207E-1 2.25101E-2 4.32834E-3 1.04891E-2 8.28014E-2
-9999 -9999 4.99502E-4 3.77788E-2 2.81439E-1 3.06758E-1 1.30857E-1 2.53671E-1 3.59186E-1 8.85116E-2 2.12463E-1 2.00602E-1 1.70598E-1 1.59358E-1 1.21877E-1 2.16235E-1 3.89939E-1 4.82264E-1 4.30286E-1 5.19242E-1 4.21059E-1 5.44899E-1 4.94012E-1 3.22011E-1 2.11046E-1 3.04327E-1 1.4372E-2 5.80754E-2 9.54357E-2 4.45041E-1 5.41449E-1 5.93499E-1 5.51125E-1 5.43629E-1 5.80512E-1 7.6434E-1 6.57882E-1 6.95256E-1 5.33014E-1 6.95087E-1 5.10698E-1 5.40127E-1 5.60254E-1 5.12157E-1 5.29682E-1 3.95716E-1 3.88857E-1 3.86943E-1 2.95017E-1 1.15921E-1 1.91297E-1 9.81711E-2 1.30967E-1 4.0266E-2 8.24921E-3 6.35681E-2 7.34116E-2 1.37133E-1
-9999 -9999 2.84833E-3 6.77774E-2 2.1579E-1 2.04241E-1 1.07859E-1 1.55123E-1 1.34283E-1 4.37029E-2 8.10866E-2 8.03605E-2 1.06662E-1 1.37294E-1 2.37882E-1 4.18833E-1 5.3786E-1 4.53734E-1 3.32611E-1 3.77333E-1 2.43991E-1 3.33513E-1 2.55226E-1 2.24215E-1 9.36144E-2 9.35525E-2 4.08806E-2 5.32986E-2 1.50846E-1 4.7569E-1 7.49028E-1 7.5359E-1 6.71351E-1 4.39253E-1 7.11689E-1 6.72948E-1 6.64318E-1 7.40029E-1 7.58392E-1 7.79571E-1 5.79243E-1 5.73165E-1 4.59241E-1 4.85185E-1 2.64917E-1 2.97069E-1 5.56697E-1 5.64228E-1 4.72232E-1 3.63562E-1 2.52728E-1 1.30221E-1 6.24213E-2 2.32953E-2 7.34063E-2 3.15196E-1 1.60188E-1 3.41273E-1
-9999 1.89192E-4 8.77083E-3 7.53639E-2 3.1018E-1 2.6402E-1 1.31336E-1 6.8321E-2 4.35779E-2 2.67534E-2 4.89639E-2 1.19543E-1 2.09853E-1 4.19522E-1 4.70365E-1 4.70253E-1 3.97764E-1 3.14237E-1 3.33541E-1 3.11357E-1 1.70966E-1 1.65203E-1 1.51873E-1 1.15855E-1 8.67209E-2 1.0889E-1 6.23693E-2 1.55296E-1 2.91469E-1 3.85452E-1 5.85646E-1 4.08598E-1 2.58152E-1 4.02806E-1 7.27322E-1 5.85073E-1 1.04525E-1 5.63057E-1 5.4383E-1 7.52033E-1 7.34848E-1 6.32212E-1 4.9901E-1 4.25094E-1 2.06642E-1 2.26951E-1 5.49504E-1 6.89682E-1 6.14695E-1 5.89043E-1 3.51531E-1 1.63636E-1 1.44828E-1 9.48372E-3 7.19916E-2 3.90641E-1 4.46588E-1 5.20298E-1
-9999 4.61994E-3 1.98782E-2 8.05674E-2 1.86023E-1 1.26856E-1 9.34302E-2 4.07378E-2 2.83625E-2 3.9827E-2 1.00657E-1 3.2213E-1 2.98042E-1 5.21317E-1 4.083E-1 3.87551E-1 3.84401E-1 2.72796E-1 2.39293E-1 1.97218E-1 1.13729E-1 7.79676E-2 7.10245E-2 7.54766E-2 1.06723E-1 9.7267E-2 1.3614E-1 2.54553E-1 4.28945E-1 4.14867E-1 3.55582E-1 1.05556E-1 3.28798E-1 5.06504E-1 4.79781E-1 3.60572E-1 3.95164E-1 3.56211E-1 2.35772E-1 4.76987E-1 7.75064E-1 4.62512E-1 5.15539E-1 5.75558E-1 2.98384E-1 3.4771E-1 5.67982E-1 5.90716E-1 5.80212E-1 3.55387E-1 3.05943E-1 2.51072E-1 1.81737E-1 1.8216E-2 1.99789E-2 4.01736E-1 4.70905E-1 5.32596E-1
5.92923E-3 1.7297E-2 1.22959E-2 1.83105E-2 2.34664E-1 2.32884E-1 2.20003E-1 9.62239E-2 5.3988E-2 1.11497E-1 2.35824E-1 3.29308E-1 3.77262E-1 5.09194E-1 2.93549E-1 2.15159E-1 2.30427E-1 1.64464E-1 1.68265E-1 2.02497E-1 1.95204E-1 1.40042E-1 9.74665E-2 6.55868E-2 9.43988E-2 1.62145E-1 2.77467E-1 3.55233E-1 1.72556E-1 3.60215E-1 7.41863E-2 8.81139E-2 3.73777E-1 6.21752E-1 4.33289E-1 4.19884E-1 7.4866E-1 5.2246E-1 3.76265E-1 6.5469E-1 6.45428E-1 3.25633E-1 6.51722E-1 6.40712E-1 4.86861E-1 5.39251E-1 4.50717E-1 3.09587E-1 9.53695E-2 6.21198E-1 4.50191E-1 2.65812E-1 1.39119E-1 5.27587E-2 1.69201E-1 4.73892E-1 4.37727E-1 5.07808E-1
7.44965E-3 2.19063E-2 1.98101E-2 8.16373E-2 2.47555E-1 2.42691E-1 2.45422E-1 1.06106E-1 9.89545E-2 2.67228E-1 2.79614E-1 4.50146E-1 3.46435E-1 5.18154E-1 4.93422E-1 2.38909E-1 1.78968E-1 1.58524E-1 2.8484E-1 3.86874E-1 2.92256E-1 1.26819E-1 1.4035E-1 1.00404E-1 9.35844E-2 2.7862E-1 4.03042E-1 1.98649E-1 3.62216E-2 5.31712E-2 2.41673E-1 4.35832E-1 3.30398E-1 5.00535E-1 3.84451E-1 3.30919E-1 2.39495E-1 1.99698E-1 4.82218E-1 8.0635E-1 7.86771E-1 5.89691E-1 7.11916E-1 6.54048E-1 8.18777E-1 6.43543E-1 1.36865E-1 4.56531E-2 1.42197E-1 6.00732E-1 3.179E-1 1.79335E-1 8.53367E-2 1.28012E-1 3.56077E-1 4.35981E-1 5.40376E-1 4.17591E-1
-9999 2.63632E-2 8.11378E-2 3.41599E-1 2.4881E-1 1.21794E-1 3.33495E-1 2.16089E-1 1.40684E-1 3.47257E-1 4.42198E-1 2.83545E-1 3.6244E-2 5.53703E-1 7.28235E-1 6.00574E-1 3.03983E-1 1.55607E-1 3.67727E-1 6.51873E-1 5.23926E-1 2.63796E-1 3.70373E-1 1.41465E-1 1.37005E-1 3.64802E-1 2.11814E-1 4.36349E-1 3.79913E-1 2.6671E-1 3.79251E-1 6.82104E-1 7.19126E-1 4.54435E-1 3.90419E-1 5.59308E-1 2.20904E-1 1.94496E-1 5.71916E-1 8.2423E-1 7.36485E-1 4.4877E-1 6.23956E-1 7.83036E-1 8.00492E-1 7.34956E-1 1.87812E-1 3.75161E-2 6.30831E-1 5.15878E-1 1.63403E-1 1.56019E-1 2.01957E-2 4.01128E-1 5.38232E-1 5.79925E-1 5.95077E-1 4.05569E-1
-9999 1.63086E-1 2.87442E-1 5.08205E-1 4.36645E-1 1.42861E-1 2.159E-1 1.72986E-1 2.2688E-1 3.74249E-1 4.29118E-1 3.58649E-1 3.49502E-1 5.97416E-1 7.33836E-1 5.16755E-1 2.41683E-1 2.02907E-1 2.52014E-1 3.69071E-1 4.10874E-1 3.7289E-1 1.72817E-1 1.24391E-1 2.74628E-1 3.52474E-1 5.79939E-1 7.34431E-1 7.1549E-1 2.89675E-1 2.57117E-1 6.73534E-1 7.45141E-1 4.49655E-1 5.14863E-1 5.18108E-1 4.88626E-1 4.70386E-1 6.59074E-1 7.50833E-1 6.30892E-1 2.22432E-1 3.49016E-1 5.82064E-1 7.73885E-1 6.92612E-1 2.31757E-1 1.60785E-1 6.55583E-1 7.33764E-1 4.20982E-1 1.91482E-1 8.58575E-2 4.69073E-1 5.9365E-1 6.22788E-1 5.58037E-1 4.31615E-1
-9999 -9999 -9999 1.27536E-1 1.31502E-1 1.83379E-1 4.51479E-1 2.97045E-1 1.89173E-1 3.7999E-1 3.38133E-1 1.62424E-1 1.022E-1 2.85773E-1 5.56274E-1 4.06515E-1 3.1942E-1 2.38775E-1 2.13345E-1 3.12145E-1 8.1236E-2 1.03473E-1 1.28044E-1 2.1552E-1 4.85581E-2 1.2744E-1 5.9094E-1 6.36837E-1 4.61515E-1 3.60257E-1 3.1922E-1 9.62877E-2 3.71724E-1 4.41356E-1 5.51376E-1 4.57036E-1 3.84672E-1 4.06601E-1 6.38369E-1 4.52218E-1 2.71863E-1 1.84985E-1 2.79574E-1 4.42125E-1 7.47894E-1 3.84413E-1 2.25311E-2 5.15272E-1 6.80423E-1 6.27728E-1 5.64414E-1 4.00141E-1 4.94112E-1 5.77494E-1 5.96115E-1 6.26935E-1 5.23887E-1 4.84067E-1
-9999 -9999 -9999 -9999 8.22401E-2 7.60295E-2 5.48717E-1 5.1219E-1 4.27873E-1 4.22714E-1 3.04111E-1 9.29864E-2 2.8248E-2 2.01039E-1 2.08521E-1 3.35806E-1 3.34148E-1 2.81328E-1 3.37468E-1 3.77493E-1 1.10188E-1 5.36242E-2 3.95179E-2 3.06128E-1 3.9704E-1 5.1128E-1 3.49739E-1 3.73203E-1 3.37123E-1 2.41023E-1 3.52827E-1 2.97337E-1 4.38772E-1 4.44089E-1 3.88232E-1 3.24706E-1 1.03106E-1 6.81725E-2 1.07599E-2 4.71259E-3 1.96622E-2 1.26683E-1 1.52192E-1 2.70197E-1 4.62477E-1 9.20264E-2 2.0988E-1 4.89709E-1 6.01014E-1 6.12916E-1 5.52984E-1 4.35415E-1 4.98009E-1 5.36002E-1 5.97473E-1 4.89596E-1 4.19124E-1 5.32854E-1
-9999 -9999 -9999 -9999 -9999 -9999 -9999 5.31514E-1 5.9032E-1 6.96837E-1 6.57514E-1 4.17103E-1 2.79777E-1 2.52103E-1 1.96161E-1 2.80611E-1 4.04914E-1 3.40008E-1 1.66268E-1 4.73831E-1 3.78745E-1 5.36502E-2 5.22461E-2 3.83892E-1 5.4085E-1 3.93022E-1 2.85408E-1 3.26143E-1 3.01652E-1 6.74637E-2 5.96762E-2 2.61864E-1 2.15696E-1 1.8532E-1 1.79412E-1 2.13142E-1 2.02551E-1 4.28868E-2 1.50974E-2 3.21183E-2 5.25345E-2 6.93534E-2 7.75378E-2 2.69734E-1 2.64817E-1 9.8717E-2 6.09773E-1 6.46256E-1 5.85279E-1 6.55573E-1 5.75651E-1 5.54666E-1 5.15708E-1 5.54551E-1 5.70964E-1 4.46269E-1 4.58524E-1 5.31968E-1
-9999 -9999 -9999 -9999 -9999 -9999 -9999 6.16649E-1 7.97332E-1 7.76005E-1 3.78506E-1 3.90065E-1 1.16065E-1 1.30947E-1 3.26006E-1 5.20438E-1 7.08106E-1 4.21283E-1 3.37065E-1 5.67227E-1 4.0152E-1 5.82359E-2 4.34105E-2 1.87917E-1 2.43981E-1 4.64861E-1 2.50172E-1 1.54936E-1 5.20876E-2 2.1411E-2 1.56922E-1 1.30727E-1 8.80601E-2 6.054E-2 1.29667E-1 1.64067E-1 1.72926E-1 1.31831E-1 5.12962E-2 6.57236E-2 5.93268E-2 8.30462E-2 2.23292E-1 6.00944E-1 2.2693E-1 5.27471E-1 5.76112E-1 5.48438E-1 5.81908E-1 6.4252E-1 4.83653E-1 5.49436E-1 6.15694E-1 1.40388E-1 3.7882E-1 3.4162E-1 4.14217E-1 5.5476E-1
-9999 -9999 -9999 -9999 -9999 -9999 -9999 4.32236E-1 6.85765E-1 3.87846E-1 1.60371E-1 1.4298E-1 1.33509E-2 1.95968E-2 2.9532E-1 4.79891E-1 5.44405E-1 3.96886E-1 4.94748E-1 4.74732E-1 3.27433E-1 5.59698E-2 4.0361E-2 3.82089E-2 1.34505E-1 2.67892E-1 2.08366E-1 1.2176E-1 3.65162E-1 1.79249E-1 1.22706E-1 1.15657E-1 7.80956E-2 7.04724E-2 9.22729E-2 2.72959E-1 1.25858E-1 4.97178E-2 6.24135E-2 7.07802E-2 7.75065E-2 1.67328E-1 3.68143E-1 6.19395E-1 3.32743E-1 6.44556E-1 4.78702E-1 5.09699E-1 2.37083E-1 2.60112E-1 3.95978E-1 4.61612E-1 5.0875E-1 4.10148E-1 2.91396E-2 3.67221E-2 1.21322E-1 1.90127E-1
-9999 -9999 -9999 -9999 -9999 -9999 -9999 3.21838E-1 4.22134E-1 1.93546E-1 1.24076E-1 6.36922E-2 1.25235E-2 2.09116E-2 7.81204E-2 5.56203E-1 6.08377E-1 6.01006E-1 6.19289E-1 5.12417E-1 1.5329E-1 2.50415E-2 1.24406E-2 1.47996E-2 4.58524E-2 1.70075E-1 1.9726E-1 4.24718E-2 1.20325E-1 2.74614E-1 1.17026E-1 8.2838E-2 6.23158E-2 2.27249E-1 1.55427E-1 1.59845E-1 9.4555E-2 7.68882E-2 1.38462E-1 1.94658E-1 8.48707E-2 1.1676E-1 1.13268E-1 1.8177E-1 2.11139E-1 6.59148E-1 5.60455E-1 2.92113E-1 4.12636E-2 9.66246E-2 1.71288E-1 1.39457E-1 2.5916E-1 2.41187E-1 5.73758E-2 1.17979E-1 3.01336E-2 2.3294E-1
-9999 -9999 -9999 -9999 -9999 -9999 -9999 -9999 1.44352E-1 1.09468E-1 7.97836E-2 4.72658E-2 7.76857E-2 8.57624E-2 3.12682E-1 7.28291E-1 6.34096E-1 6.24482E-1 5.74467E-1 4.44621E-1 1.61305E-1 1.74339E-2 9.55466E-3 3.34865E-2 9.68976E-2 1.85758E-1 1.891E-1 7.1678E-2 2.01309E-1 1.87229E-1 1.14766E-1 1.1805E-1 1.03032E-2 4.12429E-1 5.59768E-1 1.99141E-1 1.04136E-1 1.93051E-1 3.68902E-1 1.87938E-1 5.01613E-2 3.20742E-1 3.44805E-1 6.16776E-1 3.24632E-1 3.73398E-1 4.07059E-1 4.13795E-2 2.86881E-1 3.05305E-1 1.74453E-1 1.37456E-1 1.09632E-1 2.34112E-1 3.35685E-1 3.15879E-1 3.53845E-1 2.67426E-1
-9999 -9999 -9999 -9999 -9999 -9999 -9999 -9999 -9999 -9999 -9999 -9999 1.14668E-1 4.80809E-2 1.75271E-1 4.03061E-1 4.89783E-1 5.24837E-1 4.01046E-1 3.08498E-1 9.99644E-2 2.2361E-2 3.25482E-2 1.56154E-1 2.40442E-1 1.06573E-1 1.46292E-2 1.16041E-1 2.45313E-1 2.35854E-1 1.18558E-1 1.058E-1 5.9436E-2 7.39458E-1 6.19788E-1 1.76558E-1 1.14813E-1 9.30045E-2 2.19902E-1 1.55409E-1 1.07833E-1 1.66439E-1 2.12543E-1 3.73008E-1 1.04154E-1 1.43057E-1 6.69089E-2 2.35779E-2 1.70589E-1 1.52226E-1 7.88015E-2 1.14251E-1 5.0623E-2 9.85134E-2 5.66866E-1 5.95439E-1 5.30251E-1 1.49937E-1
-9999 -9999 -9999 -9999 -9999 -9999 -9999 -9999 -9999 -9999 -9999 -9999 -9999 5.83569E-2 2.93996E-1 5.02392E-1 6.56204E-1 7.1682E-1 5.02201E-1 3.26669E-1 1.66866E-1 2.85962E-2 1.9748E-2 7.82155E-2 1.19823E-1 1.75261E-2 3.29935E-2 4.69388E-2 1.01768E-1 1.80909E-1 8.98921E-2 1.83562E-1 4.42674E-1 3.97182E-1 3.0458E-1 2.27136E-1 5.60775E-2 8.61516E-2 4.91673E-1 3.933E-1 1.1567E-1 5.84337E-2 8.33125E-2 5.90245E-2 2.28453E-1 3.23166E-1 2.4251E-1 1.0231E-1 8.05636E-2 6.1962E-2 1.28556E-1 1.21165E-1 8.99825E-2 4.90346E-1 5.90114E-1 4.7581E-1 4.64026E-1 3.95124E-1
-9999 -9999 -9999 -9999 -9999 -9999 -9999 -9999 -9999 -9999 -9999 -9999 7.00981E-2 2.04796E-1 3.1554E-1 5.84055E-1 7.01757E-1 5.69469E-1 4.58206E-1 5.44143E-1 2.27888E-1 4.57399E-2 2.54806E-2 3.8331E-2 2.32071E-2 8.99951E-2 1.19277E-1 4.79855E-2 1.02713E-1 1.24975E-1 2.12526E-1 2.82232E-1 2.50452E-1 2.58762E-1 1.08167E-1 3.07349E-2 1.04903E-1 6.11913E-1 5.3976E-1 5.02306E-1 2.40015E-1 8.52534E-2 3.62728E-2 5.33379E-1 5.2269E-1 7.32119E-2 1.67847E-1 1.01264E-1 8.97063E-2 1.00168E-1 1.14788E-1 1.21222E-1 1.92204E-1 5.13607E-1 5.0509E-1 5.01753E-1 3.47576E-1 1.3569E-1
-9999 -9999 -9999 -9999 -9999 -9999 -9999 -9999 -9999 -9999 -9999 -9999 -9999 3.79614E-2 4.77942E-2 -9999 3.66177E-1 4.39321E-1 3.30426E-1 3.17445E-1 1.72587E-1 1.06247E-1 8.41595E-2 1.88071E-1 2.55289E-1 1.51016E-1 8.22776E-2 5.61903E-2 3.11617E-2 2.30741E-2 1.65889E-1 7.51235E-2 5.05258E-2 2.1713E-1 1.57753E-1 6.65627E-2 1.62333E-1 5.74174E-1 5.17889E-1 3.70856E-1 2.38473E-1 1.67245E-1 1.00539E-1 6.96429E-1 5.88429E-1 3.95527E-1 2.97895E-2 1.55676E-1 9.17126E-2 1.15407E-1 1.82716E-1 2.10743E-1 3.32036E-1 5.26462E-1 4.77385E-1 5.23531E-1 5.78751E-1 2.99506E-1
-9999 -9999 -9999 -9999 -9999 -9999 -9999 -9999 -9999 -9999 -9999 -9999 -9999 -9999 -9999 -9999 1.84255E-1 3.01294E-1 2.41286E-1 1.64497E-1 1.45786E-1 1.77517E-1 4.11494E-1 3.64212E-1 3.58466E-1 2.10309E-1 6.92869E-2 6.36764E-2 5.18755E-2 5.28754E-1 4.51427E-1 2.61548E-1 4.36751E-1 4.08474E-1 4.06598E-1 3.75358E-1 2.31282E-1 5.2324E-1 4.68029E-1 2.47955E-1 9.46294E-2 2.30983E-1 6.18112E-1 5.75647E-1 7.61471E-1 6.2021E-1 4.78245E-1 3.34693E-1 2.23993E-1 1.91661E-1 2.22425E-1 3.57923E-1 4.29046E-1 5.15948E-1 6.036E-1 5.491E-1 6.23619E-1 4.282E-1
-9999 -9999 -9999 -9999 -9999 -9999 -9999 -9999 -9999 -9999 -9999 -9999 -9999 -9999 -9999 -9999 -9999 4.38757E-1 1.95573E-1 1.81329E-1 4.75907E-1 2.85649E-1 1.27732E-1 2.02619E-1 3.07858E-1 2.12129E-1 1.26611E-1 3.37316E-1 4.98109E-1 6.43933E-1 5.21389E-1 6.72688E-1 6.53363E-1 4.51712E-1 3.95559E-1 5.08167E-1 5.59755E-1 6.51837E-1 3.09044E-1 1.12474E-1 5.32982E-2 1.25307E-1 7.09285E-1 7.42626E-1 8.286E-1 7.73426E-1 6.23826E-1 4.70549E-1 4.13906E-1 3.18446E-1 2.35736E-1 1.9332E-1 3.79676E-1 4.44514E-1 2.57895E-1 5.13682E-1 6.28131E-1 5.14556E-1
