Phytophthora/models/20240503_1210_48/Phytophthora_PA3_RUN3_MAXENT_outputs/Phytophthora_PA3_RUN3.asc
ncols         113
nrows         135
xllcorner     473009.9838
yllcorner     4429001.1748
cellsize      100.0
NODATA_value  -9999
[rows 104 to 129 of 135, columns 0 to 57 of 113]
-9999 -9999 -9999 -9999 -9999 -9999 -9999 -9999 -9999 -9999 -9999 -9999 -9999 -9999 -9999 -9999 -9999 6.22913E-1 6.31074E-1 3.45182E-1 4.26344E-1 4.41262E-1 3.77132E-1 2.49149E-1 2.36237E-1 2.41322E-1 2.99546E-1 5.37824E-1 4.65191E-1 2.74869E-1 6.71592E-1 7.65497E-1 6.67973E-1 4.35225E-1 2.41691E-1 2.19959E-1 2.87722E-1 3.6025E-1 1.67241E-1 6.27652E-2 3.55506E-2 8.53781E-2 6.05475E-1 7.47032E-1 7.51563E-1 2.41974E-1 4.29844E-1 4.9883E-1 4.53772E-1 3.77058E-1 2.94536E-1 1.75028E-1 2.41922E-1 4.40592E-1 4.9351E-1 5.60063E-1 4.97969E-1 4.37351E-1
-9999 -9999 -9999 -9999 -9999 -9999 -9999 -9999 -9999 -9999 -9999 -9999 -9999 -9999 -9999 -9999 -9999 -9999 6.11386E-1 5.78376E-1 6.2257E-1 6.80566E-1 6.74185E-1 4.32274E-1 4.02956E-1 3.97383E-1 4.62182E-1 5.85668E-1 1.8095E-1 1.45702E-1 5.08521E-1 7.54331E-1 6.07074E-1 4.57575E-1 3.31716E-2 5.43419E-3 8.0133E-2 1.24939E-1 6.60051E-2 7.63763E-2 6.10873E-2 7.95995E-2 3.47674E-1 5.59461E-1 4.5926E-1 1.30748E-1 2.60187E-1 3.63319E-1 1.65596E-1 1.57412E-1 4.23331E-1 3.35881E-1 2.61363E-1 4.13533E-1 5.37823E-1 2.92895E-1 1.06147E-1 3.33512E-1
-9999 -9999 -9999 -9999 -9999 -9999 -9999 -9999 -9999 -9999 -9999 -9999 -9999 -9999 -9999 -9999 -9999 -9999 6.42622E-1 5.65293E-1 6.75304E-1 8.14357E-1 7.99939E-1 6.79769E-1 4.60141E-1 4.94348E-1 6.01147E-1 4.27669E-1 1.24628E-1 3.50206E-1 5.72717E-1 6.95574E-1 4.62541E-1 1.06509E-1 3.21892E-2 3.04686E-2 3.1682E-2 7.07695E-2 5.29805E-2 1.4101E-1 1.08551E-1 2.436E-1 4.79985E-1 6.02552E-1 4.64253E-1 4.94289E-1 3.80363E-1 6.50263E-1 6.11899E-1 5.97639E-1 5.61106E-1 2.85295E-1 2.31329E-2 2.88671E-1 4.92068E-1 5.1687E-1 3.52663E-1 4.08548E-1
-9999 -9999 -9999 -9999 -9999 -9999 -9999 -9999 -9999 -9999 -9999 -9999 -9999 -9999 -9999 -9999 -9999 -9999 -9999 2.33708E-1 3.89122E-1 7.64186E-1 8.42322E-1 8.17007E-1 7.79131E-1 6.43197E-1 5.33706E-1 1.39639E-1 3.77142E-1 2.94966E-1 2.56875E-1 3.5246E-1 2.89777E-1 7.62717E-2 8.01416E-2 3.7779E-2 3.51697E-2 5.35706E-2 1.07336E-1 2.33936E-1 3.39538E-1 5.77744E-1 7.57003E-1 7.44818E-1 6.68856E-1 5.14436E-1 2.85911E-1 5.93433E-1 6.21806E-1 6.18292E-1 6.26044E-1 9.44683E-2 6.59221E-2 4.77956E-1 5.87685E-1 6.65592E-1 5.56991E-1 3.71342E-1
-9999 -9999 -9999 -9999 -9999 -9999 -9999 -9999 -9999 -9999 -9999 -9999 -9999 -9999 -9999 -9999 -9999 -9999 -9999 -9999 7.16393E-1 6.86716E-1 7.89093E-1 8.2963E-1 6.79063E-1 4.41685E-1 4.45372E-1 2.97323E-1 2.4742E-1 1.83813E-1 1.32099E-1 4.91689E-2 7.63314E-2 1.94233E-1 2.0335E-1 1.71551E-1 1.54299E-1 2.6579E-1 1.92321E-1 3.39299E-1 5.08131E-1 6.85362E-1 8.09127E-1 8.08355E-1 7.91556E-1 6.88378E-1 2.85943E-1 8.74979E-2 1.31547E-1 5.33396E-1 6.07029E-1 3.28328E-1 4.4217E-1 6.71536E-1 6.32146E-1 6.30561E-1 5.47536E-1 2.53105E-1
-9999 -9999 -9999 -9999 -9999 -9999 -9999 -9999 -9999 -9999 -9999 -9999 -9999 -9999 -9999 -9999 -9999 -9999 -9999 -9999 -9999 4.58637E-1 5.93931E-1 5.06552E-1 2.34138E-1 3.04235E-1 5.97847E-1 4.22327E-1 7.53039E-2 3.48168E-2 8.10231E-2 4.76567E-2 4.07637E-2 1.23319E-1 2.76017E-1 3.31195E-1 3.2786E-2 1.43731E-1 3.47081E-1 4.40524E-1 5.27232E-1 6.70957E-1 7.54909E-1 7.99743E-1 8.15745E-1 8.17255E-1 7.37569E-1 3.02088E-1 2.88327E-1 5.36451E-1 5.96512E-1 4.0261E-1 5.83029E-1 5.68528E-1 6.11721E-1 6.86397E-1 5.98921E-1 4.11566E-1
-9999 -9999 -9999 -9999 -9999 -9999 -9999 -9999 -9999 -9999 -9999 -9999 -9999 -9999 -9999 -9999 -9999 -9999 -9999 -9999 -9999 6.52831E-1 7.98842E-1 8.28603E-1 5.27459E-1 6.21372E-1 4.66719E-1 5.63609E-1 3.10017E-1 1.2756E-1 6.41449E-2 3.24871E-2 3.41124E-2 5.2936E-2 3.14235E-1 4.4019E-1 2.60688E-1 2.39878E-1 1.37975E-1 1.03413E-1 1.13354E-1 5.99476E-1 5.21943E-1 6.28865E-1 7.702E-1 7.54161E-1 6.20643E-1 4.0702E-1 3.59099E-1 4.78302E-1 5.29928E-1 5.52428E-1 5.49663E-1 4.95565E-1 5.96248E-1 6.66325E-1 6.44354E-1 6.77817E-1
-9999 -9999 -9999 -9999 -9999 -9999 -9999 -9999 -9999 -9999 -9999 -9999 -9999 -9999 -9999 -9999 -9999 -9999 -9999 -9999 -9999 2.93938E-1 6.39007E-1 4.35581E-1 6.33092E-1 6.16682E-1 5.45911E-1 4.42413E-1 3.38633E-1 7.98495E-2 2.67189E-2 2.19614E-2 3.89783E-2 2.05711E-1 3.48903E-1 5.31472E-1 2.99855E-1 1.49959E-1 5.12453E-1 5.54574E-1 5.58487E-1 2.14956E-1 8.61415E-2 7.58797E-2 1.60176E-1 4.27859E-1 1.12421E-1 1.13915E-1 2.90688E-1 4.10943E-1 4.90974E-1 4.5958E-1 4.82923E-2 2.12901E-1 4.55433E-1 4.73876E-1 6.72409E-1 6.78145E-1
-9999 -9999 -9999 -9999 -9999 -9999 -9999 -9999 -9999 -9999 -9999 -9999 -9999 -9999 -9999 -9999 -9999 -9999 -9999 -9999 2.93261E-1 4.2899E-1 2.08919E-1 6.12332E-1 7.24166E-1 6.71315E-1 5.68399E-1 3.64248E-1 2.11043E-1 7.3675E-2 2.63866E-2 2.17465E-2 4.89712E-2 2.64744E-1 7.01136E-2 2.33956E-1 2.54952E-1 1.22941E-1 5.90405E-1 6.89141E-1 6.27541E-1 4.66544E-1 3.14913E-1 3.32942E-1 2.95631E-1 5.36654E-1 4.13768E-1 5.68791E-2 2.55653E-2 1.38138E-1 3.2192E-1 1.24182E-1 1.21307E-2 8.65816E-2 2.64756E-1 6.49999E-1 7.33068E-1 6.29092E-1
-9999 -9999 -9999 -9999 -9999 -9999 -9999 -9999 -9999 -9999 -9999 -9999 -9999 -9999 -9999 -9999 -9999 -9999 -9999 -9999 4.50702E-1 3.93629E-1 2.96343E-1 5.23112E-1 4.77509E-1 5.06783E-1 3.12911E-1 2.52643E-1 1.40688E-1 5.44803E-2 1.69725E-2 6.41206E-3 2.17867E-2 3.28265E-1 5.76123E-1 6.98233E-1 7.77753E-1 5.2524E-1 5.97446E-1 6.6273E-1 5.9057E-1 4.8714E-1 3.65173E-1 2.83323E-1 3.40943E-1 3.78482E-1 3.63534E-1 1.02403E-1 5.77745E-2 5.11964E-2 4.5298E-2 1.61345E-1 1.65191E-2 4.49864E-1 5.8836E-1 6.73467E-1 7.35621E-1 5.26869E-1
-9999 -9999 -9999 -9999 -9999 -9999 -9999 -9999 -9999 -9999 -9999 -9999 -9999 -9999 -9999 -9999 -9999 -9999 -9999 -9999 3.43033E-1 2.74324E-1 9.46999E-2 8.34747E-2 2.93456E-1 3.74243E-1 3.1917E-1 6.86837E-2 4.67229E-2 1.34767E-2 5.77071E-2 2.58268E-1 2.52874E-1 3.33426E-1 5.95349E-1 7.4343E-1 8.13448E-1 7.06127E-1 6.06334E-1 6.4797E-1 5.70274E-1 4.75313E-1 4.4546E-1 3.67756E-1 3.75163E-1 3.66656E-1 2.54083E-1 1.87136E-1 2.05459E-1 1.85322E-1 1.14786E-1 2.23479E-1 1.08325E-1 4.18256E-1 6.60656E-1 7.20276E-1 7.0644E-1 5.70271E-1
-9999 -9999 -9999 -9999 -9999 -9999 -9999 -9999 -9999 -9999 -9999 -9999 -9999 -9999 -9999 -9999 -9999 -9999 -9999 -9999 4.19555E-2 2.39888E-2 3.22697E-2 1.20065E-1 3.34599E-1 3.13769E-1 6.66901E-2 7.01879E-3 6.85997E-3 3.85294E-2 2.91042E-1 5.11674E-1 7.12946E-1 7.0242E-1 6.65405E-1 7.92538E-1 7.70639E-1 7.24569E-1 7.4132E-1 7.13336E-1 5.8259E-1 6.1078E-1 6.36889E-1 5.26652E-1 5.01385E-1 5.01159E-1 4.14315E-1 2.83649E-1 3.67336E-1 3.63831E-1 3.66937E-1 3.86127E-1 3.53214E-1 6.8744E-2 5.0192E-1 7.69716E-1 7.53475E-1 4.13215E-1
-9999 -9999 -9999 -9999 -9999 -9999 -9999 -9999 -9999 -9999 -9999 -9999 -9999 -9999 -9999 -9999 -9999 -9999 -9999 -9999 2.02271E-3 1.53693E-2 1.22002E-1 1.66926E-1 2.23183E-1 2.0595E-1 3.00754E-2 9.90705E-3 2.31365E-1 2.56058E-1 3.64076E-1 6.69045E-1 7.16595E-1 7.4856E-1 7.66812E-1 6.86869E-1 7.56393E-1 8.265E-1 7.84856E-1 7.52642E-1 7.12438E-2 1.04044E-1 1.88807E-1 6.53652E-1 5.89957E-1 6.03126E-1 1.88565E-1 4.99032E-1 4.96725E-1 4.79118E-1 3.34249E-1 5.26452E-1 6.72316E-1 1.74126E-1 2.68702E-1 7.34452E-1 8.37576E-1 6.86671E-1
-9999 -9999 -9999 -9999 -9999 -9999 -9999 -9999 -9999 -9999 -9999 -9999 -9999 -9999 -9999 -9999 -9999 -9999 -9999 -9999 -9999 1.44748E-2 1.85119E-1 2.30227E-1 2.59602E-1 2.14372E-1 2.43062E-1 6.46788E-2 2.75734E-1 3.74144E-1 4.97774E-1 5.48038E-1 6.77426E-1 6.87069E-1 6.10446E-1 6.62745E-1 8.1862E-1 7.36918E-1 7.33862E-1 6.32593E-1 1.17869E-1 6.41531E-1 5.73058E-1 2.20004E-1 6.82538E-1 6.64074E-1 4.27553E-1 5.99723E-1 6.00579E-1 5.31331E-1 3.99839E-1 4.93825E-1 6.58663E-1 5.01514E-1 4.04402E-1 4.32801E-1 4.70577E-1 4.45935E-1
-9999 -9999 -9999 -9999 -9999 -9999 -9999 -9999 -9999 -9999 -9999 -9999 -9999 -9999 -9999 -9999 -9999 -9999 -9999 -9999 -9999 9.32554E-3 4.96185E-2 4.01985E-1 3.8401E-1 3.93921E-1 4.04848E-1 3.09812E-1 3.27856E-1 4.09865E-1 4.50154E-1 4.95351E-1 5.69424E-1 7.3044E-1 2.79524E-1 1.82772E-1 1.60248E-1 1.64114E-1 7.1463E-1 6.14316E-1 3.55617E-1 6.92589E-1 7.60252E-1 3.10799E-1 2.25837E-1 2.00983E-1 2.93016E-1 6.86858E-1 6.31971E-1 4.76619E-1 4.8612E-1 5.99353E-1 6.74768E-1 5.93546E-1 2.08963E-1 6.44534E-1 7.44044E-1 7.40516E-1
-9999 -9999 -9999 -9999 -9999 -9999 -9999 -9999 -9999 -9999 -9999 -9999 -9999 -9999 -9999 -9999 -9999 -9999 -9999 -9999 -9999 -9999 5.83449E-2 4.02515E-1 3.85337E-1 3.5896E-1 4.84014E-1 3.47499E-1 3.05612E-1 3.93176E-1 3.93172E-1 1.88228E-1 3.52186E-2 1.55821E-1 2.27178E-1 2.03969E-1 6.50956E-1 2.35503E-1 7.21664E-1 7.07093E-1 3.87466E-1 2.60255E-1 5.88754E-1 6.84576E-1 4.75883E-1 3.5867E-1 2.37457E-1 6.80833E-1 6.13071E-1 4.15141E-1 4.46061E-1 5.01461E-1 6.08164E-1 5.89079E-1 5.51088E-1 8.26484E-1 7.62238E-1 7.41035E-1
-9999 -9999 -9999 -9999 -9999 -9999 -9999 -9999 -9999 -9999 -9999 -9999 -9999 -9999 -9999 -9999 -9999 -9999 -9999 -9999 -9999 -9999 4.01011E-2 1.65999E-1 3.71277E-1 5.09376E-1 4.82296E-1 2.67713E-1 2.52707E-1 3.76531E-1 2.9697E-1 1.70597E-1 4.97941E-2 2.20869E-1 4.6141E-1 2.54532E-1 4.96047E-1 3.18319E-1 4.62453E-1 8.22373E-1 7.77307E-1 6.72528E-1 5.65585E-1 6.93092E-1 7.60459E-1 7.22237E-1 2.76379E-1 5.59144E-1 5.19213E-1 4.34969E-1 5.9352E-1 2.18822E-1 6.74732E-1 4.22668E-1 7.8129E-1 7.82478E-1 7.22451E-1 6.93925E-1
-9999 -9999 -9999 -9999 -9999 -9999 -9999 -9999 -9999 -9999 -9999 -9999 -9999 -9999 -9999 -9999 -9999 -9999 -9999 -9999 -9999 -9999 -9999 1.2603E-2 8.41956E-2 4.9308E-1 5.5047E-1 4.20011E-1 3.67917E-1 4.5015E-1 1.29245E-1 4.83839E-1 3.94787E-1 2.8745E-1 2.11632E-1 7.1165E-2 5.66395E-1 6.96554E-1 7.20763E-1 8.66487E-1 8.63273E-1 7.8871E-1 6.65189E-1 5.65844E-1 5.92097E-1 4.34918E-1 9.50107E-2 3.80577E-1 1.49283E-1 4.82587E-1 2.76618E-1 6.73129E-1 7.66597E-1 7.54415E-1 7.38652E-1 4.20703E-1 2.48241E-1 3.81711E-1
-9999 -9999 -9999 -9999 -9999 -9999 -9999 -9999 -9999 -9999 -9999 -9999 -9999 -9999 -9999 -9999 -9999 -9999 -9999 -9999 -9999 -9999 -9999 5.466E-2 3.62894E-1 7.01402E-1 5.83574E-1 4.4878E-1 4.39546E-1 6.0867E-1 6.39682E-1 4.91845E-1 3.72794E-1 2.39936E-1 1.79812E-1 2.22806E-1 5.90131E-1 7.0573E-1 7.40584E-1 7.86868E-1 8.38449E-1 8.41596E-1 7.62785E-1 6.90257E-1 5.70428E-1 3.73161E-1 9.73548E-2 9.8609E-2 2.1619E-2 1.02138E-1 3.29539E-1 7.43274E-1 8.36332E-1 7.66779E-1 6.76755E-1 4.77003E-1 3.29699E-2 2.79198E-2
-9999 -9999 -9999 -9999 -9999 -9999 -9999 -9999 -9999 -9999 -9999 -9999 -9999 -9999 -9999 -9999 -9999 -9999 -9999 -9999 -9999 -9999 -9999 1.15672E-1 3.60864E-1 6.29206E-1 4.84271E-1 1.47345E-1 7.636E-1 6.01749E-1 4.95872E-1 3.0942E-1 2.09598E-1 2.15791E-1 2.15383E-1 2.65601E-1 4.47426E-1 5.56044E-1 6.84555E-1 6.42026E-1 7.56191E-1 8.26805E-1 8.48396E-1 8.1607E-1 7.40267E-1 6.03376E-1 3.34581E-1 5.50574E-1 2.50057E-1 1.96938E-1 1.26024E-1 3.37247E-1 1.45804E-1 5.97736E-1 5.69476E-1 4.19223E-1 2.55065E-1 1.89554E-1
-9999 -9999 -9999 -9999 -9999 -9999 -9999 -9999 -9999 -9999 -9999 -9999 -9999 -9999 -9999 -9999 -9999 -9999 -9999 -9999 -9999 -9999 -9999 -9999 -9999 1.55167E-1 3.47931E-1 4.03722E-1 7.61825E-1 5.53714E-1 3.0213E-1 1.94799E-1 1.90767E-1 1.68253E-1 1.76294E-1 2.37581E-1 3.26778E-1 3.88111E-1 4.72665E-1 5.00301E-1 7.08473E-1 7.61105E-1 8.06337E-1 7.5146E-1 7.54493E-1 7.15743E-1 6.9134E-1 6.87957E-1 5.24993E-1 3.10881E-1 4.97707E-1 1.22343E-1 1.74538E-1 6.69242E-1 6.30596E-1 5.62891E-1 4.78401E-1 4.17488E-1
-9999 -9999 -9999 -9999 -9999 -9999 -9999 -9999 -9999 -9999 -9999 -9999 -9999 -9999 -9999 -9999 -9999 -9999 -9999 -9999 -9999 -9999 -9999 -9999 -9999 -9999 1.59403E-1 2.25048E-1 5.62555E-1 5.10776E-1 3.9044E-1 2.33757E-1 1.66094E-1 7.60357E-2 6.7104E-2 1.06406E-1 1.94256E-1 1.7358E-1 2.47599E-1 3.36513E-1 5.09665E-1 5.72279E-1 5.6447E-1 5.71858E-1 5.77397E-1 5.78018E-1 6.2991E-1 6.33415E-1 4.00762E-1 2.674E-1 5.2377E-1 2.30828E-1 6.10544E-1 7.52667E-1 6.20644E-1 7.27E-1 6.91265E-1 6.12465E-1
-9999 -9999 -9999 -9999 -9999 -9999 -9999 -9999 -9999 -9999 -9999 -9999 -9999 -9999 -9999 -9999 -9999 -9999 -9999 -9999 -9999 -9999 -9999 -9999 -9999 -9999 -9999 3.91178E-1 7.58098E-1 5.42514E-1 4.01796E-1 2.62505E-1 1.3861E-1 6.95894E-2 3.66359E-2 4.28104E-2 8.24126E-2 7.38396E-2 4.58152E-2 8.79438E-2 2.49026E-1 3.5389E-1 3.29419E-1 3.6926E-1 3.65932E-1 4.16163E-1 4.25046E-1 4.71055E-1 4.34431E-1 4.0394E-1 2.65057E-1 5.5478E-2 4.94158E-1 6.17643E-1 1.60348E-1 8.24517E-2 5.18582E-1 4.58378E-1
-9999 -9999 -9999 -9999 -9999 -9999 -9999 -9999 -9999 -9999 -9999 -9999 -9999 -9999 -9999 -9999 -9999 -9999 -9999 -9999 -9999 -9999 -9999 -9999 -9999 -9999 -9999 1.06405E-1 1.30286E-1 6.48145E-2 1.34896E-1 4.77948E-2 1.34091E-1 5.72554E-2 8.59351E-3 4.38387E-3 5.53348E-3 3.05491E-3 1.81873E-3 1.12173E-2 1.21345E-1 1.29878E-1 2.41879E-1 1.59135E-1 1.48631E-1 2.127E-1 3.15599E-1 4.71597E-1 6.34172E-1 7.37011E-1 4.32065E-1 5.59191E-1 5.76908E-1 7.26991E-1 5.25188E-1 2.93464E-1 1.65994E-1 5.21321E-1
-9999 -9999 -9999 -9999 -9999 -9999 -9999 -9999 -9999 -9999 -9999 -9999 -9999 -9999 -9999 -9999 -9999 -9999 -9999 -9999 -9999 -9999 -9999 -9999 -9999 -9999 -9999 -9999 -9999 -9999 -9999 1.52474E-2 2.14577E-2 1.41153E-2 3.06471E-3 2.82925E-3 1.72807E-2 1.46368E-2 4.92224E-3 2.96613E-3 5.78659E-3 1.40003E-2 5.9082E-2 6.89211E-2 8.66741E-3 4.98289E-2 2.04459E-1 1.98507E-1 5.64188E-1 5.86502E-1 7.14121E-1 6.08046E-1 4.10891E-1 6.6576E-1 8.03641E-1 7.2423E-1 1.95706E-1 6.73595E-1
-9999 -9999 -9999 -9999 -9999 -9999 -9999 -9999 -9999 -9999 -9999 -9999 -9999 -9999 -9999 -9999 -9999 -9999 -9999 -9999 -9999 -9999 -9999 -9999 -9999 -9999 -9999 -9999 -9999 -9999 -9999 -9999 -9999 3.82385E-2 5.12718E-3 3.76638E-3 5.24212E-3 9.93345E-3 1.0113E-2 1.05866E-2 2.09108E-2 2.87752E-2 6.79706E-2 9.62036E-2 2.18017E-2 4.52886E-2 2.56084E-1 4.54063E-1 5.1408E-1 4.6447E-1 3.05379E-1 2.25647E-1 6.64398E-1 7.46252E-1 7.73183E-1 7.92436E-1 -9999 -9999
