Phytophthora/models/20240503_1210_48/Phytophthora_PA3_RUN9_MAXENT_outputs/Phytophthora_PA3_RUN9.asc
ncols         113
nrows         135
xllcorner     473009.9838
yllcorner     4429001.1748
cellsize      100.0
NODATA_value  -9999
[rows 104 to 129 of 135, columns 0 to 57 of 113]
-9999 -9999 -9999 -9999 -9999 -9999 -9999 -9999 -9999 -9999 -9999 -9999 -9999 -9999 -9999 -9999 -9999 5.43322E-1 5.76639E-1 3.17649E-1 3.3221E-1 4.31775E-1 4.75188E-1 4.00588E-1 4.97189E-1 4.64522E-1 3.61261E-1 6.05533E-1 5.14227E-1 4.31505E-1 6.33643E-1 7.34602E-1 6.68463E-1 4.62575E-1 2.87484E-1 2.3793E-1 2.83171E-1 3.37267E-1 2.07495E-1 7.76422E-2 6.55765E-2 1.38302E-1 5.26389E-1 6.96421E-1 7.35362E-1 3.87587E-1 3.69208E-1 4.80562E-1 3.88394E-1 3.38214E-1 2.69834E-1 1.78113E-1 2.5471E-1 4.13541E-1 5.0694E-1 5.90905E-1 4.9596E-1 4.98795E-1
-9999 -9999 -9999 -9999 -9999 -9999 -9999 -9999 -9999 -9999 -9999 -9999 -9999 -9999 -9999 -9999 -9999 -9999 5.0985E-1 4.51085E-1 4.93908E-1 6.51114E-1 6.54054E-1 4.94353E-1 5.70775E-1 5.30204E-1 5.19387E-1 6.53077E-1 3.55942E-1 3.14674E-1 6.21505E-1 7.27932E-1 5.88491E-1 3.48917E-1 5.85985E-2 2.11691E-2 9.73106E-2 1.55753E-1 1.08727E-1 7.55667E-2 8.94794E-2 1.2033E-1 3.72756E-1 5.82657E-1 4.70482E-1 2.39927E-1 3.69453E-1 4.18547E-1 2.31074E-1 2.26406E-1 3.78954E-1 3.25571E-1 2.53275E-1 4.40715E-1 6.43559E-1 4.25278E-1 2.35351E-1 4.24799E-1
-9999 -9999 -9999 -9999 -9999 -9999 -9999 -9999 -9999 -9999 -9999 -9999 -9999 -9999 -9999 -9999 -9999 -9999 5.13986E-1 4.83729E-1 5.91162E-1 7.3646E-1 7.89051E-1 6.4595E-1 5.11394E-1 5.32685E-1 6.64752E-1 5.23829E-1 2.57998E-1 4.52166E-1 6.56195E-1 6.83738E-1 4.52539E-1 1.2373E-1 5.55234E-2 4.57738E-2 3.42806E-2 1.01041E-1 1.01602E-1 1.50027E-1 1.00794E-1 2.09667E-1 5.3522E-1 6.20584E-1 4.18339E-1 4.56657E-1 3.86588E-1 6.29203E-1 4.98035E-1 5.37269E-1 6.34881E-1 3.31816E-1 7.15675E-2 3.27848E-1 5.25521E-1 5.35275E-1 3.77126E-1 4.65213E-1
-9999 -9999 -9999 -9999 -9999 -9999 -9999 -9999 -9999 -9999 -9999 -9999 -9999 -9999 -9999 -9999 -9999 -9999 -9999 3.17668E-1 3.78153E-1 7.05704E-1 8.15752E-1 7.99753E-1 7.32395E-1 6.24386E-1 5.61796E-1 2.60815E-1 3.72245E-1 4.17232E-1 4.64226E-1 4.645E-1 2.39987E-1 9.11871E-2 1.03753E-1 4.9537E-2 4.85477E-2 9.66656E-2 1.74028E-1 2.50659E-1 3.41217E-1 5.41831E-1 7.88186E-1 7.34714E-1 6.22866E-1 4.82361E-1 2.82417E-1 4.94153E-1 5.64375E-1 5.82731E-1 6.13554E-1 2.19413E-1 1.51446E-1 5.07965E-1 6.55327E-1 4.80291E-1 5.56485E-1 4.63749E-1
-9999 -9999 -9999 -9999 -9999 -9999 -9999 -9999 -9999 -9999 -9999 -9999 -9999 -9999 -9999 -9999 -9999 -9999 -9999 -9999 6.14078E-1 6.16761E-1 7.30689E-1 7.86523E-1 6.58459E-1 3.97509E-1 4.66507E-1 3.06731E-1 2.41341E-1 2.25176E-1 1.52923E-1 6.46042E-2 8.89916E-2 1.34662E-1 1.63315E-1 1.19214E-1 1.04929E-1 2.22994E-1 2.31152E-1 3.61512E-1 4.6607E-1 7.04758E-1 8.28765E-1 7.34225E-1 7.19034E-1 5.6222E-1 2.63076E-1 1.27142E-1 1.66579E-1 4.48483E-1 5.67551E-1 2.75698E-1 4.56559E-1 6.7087E-1 6.45154E-1 7.05408E-1 6.11401E-1 4.15744E-1
-9999 -9999 -9999 -9999 -9999 -9999 -9999 -9999 -9999 -9999 -9999 -9999 -9999 -9999 -9999 -9999 -9999 -9999 -9999 -9999 -9999 3.86012E-1 5.11865E-1 5.06588E-1 4.12182E-1 4.06424E-1 5.88985E-1 4.27577E-1 1.1648E-1 5.91793E-2 8.70438E-2 6.00934E-2 4.30978E-2 7.89276E-2 2.5594E-1 2.63381E-1 5.14027E-2 1.38256E-1 2.37434E-1 3.12443E-1 4.22853E-1 6.47145E-1 7.25675E-1 7.29543E-1 7.39475E-1 7.16271E-1 5.94268E-1 2.16653E-1 2.01635E-1 4.34443E-1 5.93069E-1 4.14649E-1 5.37856E-1 5.48125E-1 6.16031E-1 6.24873E-1 7.10493E-1 6.07801E-1
-9999 -9999 -9999 -9999 -9999 -9999 -9999 -9999 -9999 -9999 -9999 -9999 -9999 -9999 -9999 -9999 -9999 -9999 -9999 -9999 -9999 4.77693E-1 6.849E-1 7.5125E-1 5.18767E-1 5.47483E-1 4.86649E-1 5.28947E-1 2.57784E-1 1.36472E-1 7.54022E-2 5.22832E-2 5.01722E-2 5.00804E-2 2.94491E-1 4.35084E-1 2.14626E-1 1.88763E-1 9.97128E-2 8.9956E-2 1.03372E-1 4.62412E-1 4.83197E-1 4.87732E-1 6.59931E-1 6.62739E-1 4.53699E-1 2.38538E-1 2.43507E-1 4.25073E-1 4.93795E-1 4.61995E-1 4.97949E-1 3.90462E-1 5.68103E-1 7.04535E-1 6.69899E-1 6.96274E-1
-9999 -9999 -9999 -9999 -9999 -9999 -9999 -9999 -9999 -9999 -9999 -9999 -9999 -9999 -9999 -9999 -9999 -9999 -9999 -9999 -9999 2.14989E-1 4.79147E-1 4.29764E-1 5.49323E-1 5.73403E-1 4.51604E-1 3.8732E-1 3.19096E-1 1.33436E-1 4.687E-2 3.7325E-2 6.04647E-2 1.35572E-1 2.71273E-1 5.49909E-1 2.97483E-1 1.71753E-1 3.59539E-1 3.93076E-1 3.68417E-1 1.3521E-1 1.04831E-1 1.14361E-1 1.72468E-1 3.00023E-1 1.15157E-1 9.40358E-2 1.8672E-1 2.85527E-1 3.99459E-1 3.63598E-1 1.01789E-1 2.25641E-1 4.64792E-1 5.96249E-1 7.03165E-1 5.81543E-1
-9999 -9999 -9999 -9999 -9999 -9999 -9999 -9999 -9999 -9999 -9999 -9999 -9999 -9999 -9999 -9999 -9999 -9999 -9999 -9999 2.26707E-1 3.41697E-1 2.32436E-1 4.88473E-1 6.51072E-1 5.90783E-1 4.79345E-1 3.50576E-1 2.01169E-1 8.57349E-2 4.27856E-2 3.82636E-2 6.69991E-2 1.71565E-1 1.09032E-1 2.82686E-1 3.72278E-1 2.21232E-1 5.09308E-1 6.35777E-1 4.89812E-1 3.20354E-1 1.78728E-1 2.04474E-1 1.92603E-1 3.48641E-1 2.58277E-1 5.73721E-2 3.48085E-2 1.03334E-1 1.99566E-1 1.23641E-1 4.06626E-2 1.27839E-1 2.58183E-1 6.05163E-1 6.84931E-1 7.0327E-1
-9999 -9999 -9999 -9999 -9999 -9999 -9999 -9999 -9999 -9999 -9999 -9999 -9999 -9999 -9999 -9999 -9999 -9999 -9999 -9999 2.91112E-1 3.32122E-1 2.57367E-1 4.4673E-1 4.87073E-1 4.98999E-1 3.03596E-1 2.64577E-1 1.28771E-1 6.16007E-2 3.43932E-2 2.15255E-2 4.53806E-2 2.20943E-1 4.9306E-1 6.77647E-1 7.09702E-1 4.31527E-1 5.31323E-1 5.92234E-1 4.57925E-1 3.36058E-1 2.40333E-1 1.75206E-1 2.20438E-1 2.88895E-1 2.22525E-1 7.82864E-2 5.36841E-2 5.23113E-2 4.77291E-2 1.1145E-1 4.24812E-2 3.35732E-1 4.85923E-1 6.81991E-1 7.67368E-1 6.19147E-1
-9999 -9999 -9999 -9999 -9999 -9999 -9999 -9999 -9999 -9999 -9999 -9999 -9999 -9999 -9999 -9999 -9999 -9999 -9999 -9999 2.50342E-1 2.20085E-1 1.26194E-1 1.21148E-1 2.80444E-1 3.48096E-1 3.17043E-1 1.26868E-1 5.94471E-2 3.50326E-2 8.86835E-2 2.58486E-1 2.46761E-1 2.86363E-1 5.18203E-1 6.9672E-1 7.4382E-1 6.95788E-1 4.8301E-1 5.20668E-1 4.55901E-1 3.24718E-1 2.9892E-1 2.63654E-1 2.89707E-1 2.68885E-1 1.83043E-1 1.16125E-1 1.52602E-1 1.25722E-1 7.91834E-2 1.70709E-1 1.17637E-1 3.27585E-1 5.70565E-1 6.41089E-1 6.55153E-1 5.65354E-1
-9999 -9999 -9999 -9999 -9999 -9999 -9999 -9999 -9999 -9999 -9999 -9999 -9999 -9999 -9999 -9999 -9999 -9999 -9999 -9999 5.79919E-2 5.11641E-2 6.45178E-2 1.28567E-1 2.69044E-1 2.60352E-1 1.07402E-1 2.13786E-2 2.37254E-2 7.12907E-2 2.94874E-1 5.38667E-1 6.61894E-1 6.47278E-1 6.22893E-1 7.47602E-1 7.40084E-1 6.78411E-1 6.42709E-1 5.69988E-1 4.37934E-1 4.20636E-1 4.47234E-1 4.16281E-1 3.88586E-1 3.67706E-1 2.94231E-1 1.82791E-1 2.95469E-1 2.75319E-1 2.48241E-1 2.75593E-1 3.13001E-1 1.29224E-1 4.08443E-1 7.11778E-1 7.59548E-1 5.66905E-1
-9999 -9999 -9999 -9999 -9999 -9999 -9999 -9999 -9999 -9999 -9999 -9999 -9999 -9999 -9999 -9999 -9999 -9999 -9999 -9999 9.91036E-3 3.4429E-2 1.46462E-1 1.70399E-1 1.8833E-1 1.74281E-1 4.52879E-2 2.42111E-2 1.84192E-1 2.10654E-1 3.35726E-1 6.21501E-1 7.42263E-1 7.41929E-1 6.79802E-1 6.16656E-1 6.61874E-1 7.95378E-1 7.48443E-1 6.40132E-1 1.09403E-1 1.27884E-1 1.86029E-1 5.05824E-1 4.6115E-1 4.43149E-1 1.74863E-1 3.30768E-1 3.92163E-1 4.10115E-1 2.03964E-1 3.40229E-1 5.29793E-1 2.48109E-1 2.89183E-1 6.46731E-1 8.02682E-1 7.24883E-1
-9999 -9999 -9999 -9999 -9999 -9999 -9999 -9999 -9999 -9999 -9999 -9999 -9999 -9999 -9999 -9999 -9999 -9999 -9999 -9999 -9999 3.60632E-2 2.11985E-1 2.85276E-1 3.19064E-1 2.70703E-1 2.09877E-1 7.08934E-2 2.36259E-1 3.01268E-1 3.74502E-1 4.79549E-1 7.10087E-1 7.06728E-1 5.10994E-1 5.68951E-1 6.70081E-1 6.8039E-1 6.65627E-1 5.27274E-1 1.97543E-1 4.66665E-1 4.47257E-1 2.10894E-1 5.42873E-1 4.7743E-1 3.14539E-1 3.90627E-1 4.82809E-1 4.54504E-1 2.47576E-1 3.06444E-1 5.38711E-1 4.92458E-1 3.76074E-1 4.2246E-1 4.83792E-1 4.4858E-1
-9999 -9999 -9999 -9999 -9999 -9999 -9999 -9999 -9999 -9999 -9999 -9999 -9999 -9999 -9999 -9999 -9999 -9999 -9999 -9999 -9999 3.01213E-2 9.10194E-2 3.90736E-1 4.74342E-1 4.42171E-1 3.69504E-1 3.12255E-1 3.30306E-1 3.53069E-1 3.71917E-1 3.99348E-1 5.94527E-1 6.8773E-1 2.67244E-1 2.54462E-1 2.64566E-1 3.13377E-1 6.7984E-1 5.65231E-1 3.58601E-1 6.07786E-1 6.27914E-1 3.0334E-1 2.27497E-1 1.90645E-1 2.67767E-1 4.93019E-1 4.96027E-1 4.05936E-1 3.2125E-1 4.46838E-1 5.57393E-1 6.01002E-1 3.04369E-1 5.77782E-1 7.70594E-1 7.18856E-1
-9999 -9999 -9999 -9999 -9999 -9999 -9999 -9999 -9999 -9999 -9999 -9999 -9999 -9999 -9999 -9999 -9999 -9999 -9999 -9999 -9999 -9999 1.10515E-1 3.92015E-1 4.5142E-1 4.09716E-1 4.7119E-1 3.71054E-1 3.87361E-1 4.68045E-1 4.31705E-1 2.13576E-1 9.08875E-2 1.92663E-1 2.23362E-1 2.27714E-1 5.16022E-1 3.08505E-1 6.76648E-1 6.49332E-1 3.75608E-1 3.13604E-1 4.74509E-1 5.92046E-1 4.824E-1 3.69879E-1 2.78368E-1 5.08634E-1 4.97364E-1 3.50301E-1 3.84981E-1 3.79958E-1 4.95781E-1 5.75848E-1 5.55373E-1 6.80612E-1 7.96604E-1 7.48686E-1
-9999 -9999 -9999 -9999 -9999 -9999 -9999 -9999 -9999 -9999 -9999 -9999 -9999 -9999 -9999 -9999 -9999 -9999 -9999 -9999 -9999 -9999 9.16167E-2 2.40411E-1 5.11282E-1 5.53937E-1 5.16065E-1 3.90411E-1 4.43987E-1 5.73898E-1 3.8756E-1 2.60653E-1 1.13819E-1 2.32833E-1 3.53031E-1 2.07234E-1 3.83168E-1 2.95731E-1 4.39472E-1 6.9912E-1 7.42124E-1 5.76508E-1 4.61172E-1 6.70827E-1 7.17776E-1 6.86595E-1 3.17594E-1 4.13229E-1 4.25117E-1 4.03934E-1 5.38709E-1 2.73468E-1 5.79642E-1 3.49898E-1 7.49335E-1 7.77776E-1 6.63103E-1 6.67034E-1
-9999 -9999 -9999 -9999 -9999 -9999 -9999 -9999 -9999 -9999 -9999 -9999 -9999 -9999 -9999 -9999 -9999 -9999 -9999 -9999 -9999 -9999 -9999 6.2274E-2 1.65564E-1 5.6412E-1 5.97071E-1 5.35301E-1 5.0592E-1 5.42308E-1 3.0173E-1 5.07598E-1 3.74147E-1 3.06195E-1 2.31463E-1 8.58297E-2 4.80083E-1 6.45122E-1 6.56739E-1 8.24224E-1 8.02196E-1 7.49576E-1 5.87126E-1 5.59313E-1 6.10064E-1 5.40785E-1 1.5212E-1 2.84138E-1 1.29022E-1 3.60704E-1 2.74794E-1 6.15E-1 7.47351E-1 7.24428E-1 7.00499E-1 4.51473E-1 2.89565E-1 3.93119E-1
-9999 -9999 -9999 -9999 -9999 -9999 -9999 -9999 -9999 -9999 -9999 -9999 -9999 -9999 -9999 -9999 -9999 -9999 -9999 -9999 -9999 -9999 -9999 1.57365E-1 4.74379E-1 7.01986E-1 6.34175E-1 5.02851E-1 5.26513E-1 6.90662E-1 6.51633E-1 5.56486E-1 4.06701E-1 2.3764E-1 1.89055E-1 2.04519E-1 4.79302E-1 6.02317E-1 6.80696E-1 7.3672E-1 7.81901E-1 8.06828E-1 7.18051E-1 6.7252E-1 5.97974E-1 4.62713E-1 1.33227E-1 1.12888E-1 5.32611E-2 1.76286E-1 3.55912E-1 7.33509E-1 8.15292E-1 7.52175E-1 6.33125E-1 4.08948E-1 8.61817E-2 7.10919E-2
-9999 -9999 -9999 -9999 -9999 -9999 -9999 -9999 -9999 -9999 -9999 -9999 -9999 -9999 -9999 -9999 -9999 -9999 -9999 -9999 -9999 -9999 -9999 2.47583E-1 4.89911E-1 5.20143E-1 5.5939E-1 2.8996E-1 6.40177E-1 6.54495E-1 5.83209E-1 4.33165E-1 2.47252E-1 2.12375E-1 2.2887E-1 2.52254E-1 3.43467E-1 4.24563E-1 5.9323E-1 5.88414E-1 6.91085E-1 7.82762E-1 6.8627E-1 8.26336E-1 7.57988E-1 5.65475E-1 3.10522E-1 4.6757E-1 2.51431E-1 2.59712E-1 2.65807E-1 4.24668E-1 2.93907E-1 6.4141E-1 5.57303E-1 4.26109E-1 2.82102E-1 2.64949E-1
-9999 -9999 -9999 -9999 -9999 -9999 -9999 -9999 -9999 -9999 -9999 -9999 -9999 -9999 -9999 -9999 -9999 -9999 -9999 -9999 -9999 -9999 -9999 -9999 -9999 3.0435E-1 3.39221E-1 5.02054E-1 7.30564E-1 6.45474E-1 4.62133E-1 3.20008E-1 2.73199E-1 2.30268E-1 2.12434E-1 2.21071E-1 2.42542E-1 2.98144E-1 4.22564E-1 4.64452E-1 6.35899E-1 7.57206E-1 8.17519E-1 8.21596E-1 7.40427E-1 7.21276E-1 6.93444E-1 7.25397E-1 6.09823E-1 3.98969E-1 5.43459E-1 3.02275E-1 2.91661E-1 6.77649E-1 6.86385E-1 6.31749E-1 5.6174E-1 5.5614E-1
-9999 -9999 -9999 -9999 -9999 -9999 -9999 -9999 -9999 -9999 -9999 -9999 -9999 -9999 -9999 -9999 -9999 -9999 -9999 -9999 -9999 -9999 -9999 -9999 -9999 -9999 3.44939E-1 3.21917E-1 6.39243E-1 6.20845E-1 5.22124E-1 3.06605E-1 1.94724E-1 1.36626E-1 1.05062E-1 1.39444E-1 1.72988E-1 1.66601E-1 2.51168E-1 3.17861E-1 4.32902E-1 5.1989E-1 6.43322E-1 6.91333E-1 6.24255E-1 6.49659E-1 7.20944E-1 6.14595E-1 5.24489E-1 4.21397E-1 5.93071E-1 3.57255E-1 5.67204E-1 6.3611E-1 6.82121E-1 6.99471E-1 7.73123E-1 7.29553E-1
-9999 -9999 -9999 -9999 -9999 -9999 -9999 -9999 -9999 -9999 -9999 -9999 -9999 -9999 -9999 -9999 -9999 -9999 -9999 -9999 -9999 -9999 -9999 -9999 -9999 -9999 -9999 4.75411E-1 7.17103E-1 6.0054E-1 4.24544E-1 2.84135E-1 1.65804E-1 1.23158E-1 5.77327E-2 6.87501E-2 1.03017E-1 8.68561E-2 6.81375E-2 1.01225E-1 2.16505E-1 3.13443E-1 4.35551E-1 4.18127E-1 3.939E-1 5.00707E-1 5.46999E-1 5.81481E-1 3.61755E-1 5.19853E-1 3.01439E-1 1.58473E-1 4.30974E-1 5.93619E-1 3.22431E-1 2.31142E-1 6.84436E-1 6.84932E-1
-9999 -9999 -9999 -9999 -9999 -9999 -9999 -9999 -9999 -9999 -9999 -9999 -9999 -9999 -9999 -9999 -9999 -9999 -9999 -9999 -9999 -9999 -9999 -9999 -9999 -9999 -9999 1.96153E-1 2.18929E-1 1.5011E-1 1.87077E-1 8.47979E-2 1.52087E-1 8.922E-2 2.1915E-2 1.25065E-2 1.43012E-2 1.18868E-2 8.12234E-3 2.26474E-2 1.00162E-1 1.41111E-1 2.33596E-1 1.56418E-1 1.70797E-1 2.90047E-1 3.57388E-1 4.51918E-1 6.60744E-1 6.2383E-1 4.89734E-1 4.76794E-1 4.6338E-1 6.72651E-1 6.41169E-1 3.89539E-1 3.11683E-1 7.20122E-1
-9999 -9999 -9999 -9999 -9999 -9999 -9999 -9999 -9999 -9999 -9999 -9999 -9999 -9999 -9999 -9999 -9999 -9999 -9999 -9999 -9999 -9999 -9999 -9999 -9999 -9999 -9999 -9999 -9999 -9999 -9999 4.37606E-2 4.302E-2 3.03332E-2 1.12311E-2 8.5756E-3 2.99923E-2 3.39297E-2 1.09471E-2 8.30582E-3 1.29361E-2 2.38316E-2 6.07968E-2 7.07422E-2 2.62606E-2 8.01674E-2 2.19732E-1 2.5184E-1 5.05073E-1 6.84491E-1 6.88314E-1 5.4915E-1 3.60145E-1 6.18897E-1 7.48538E-1 6.99229E-1 2.31835E-1 7.42162E-1
-9999 -9999 -9999 -9999 -9999 -9999 -9999 -9999 -9999 -9999 -9999 -9999 -9999 -9999 -9999 -9999 -9999 -9999 -9999 -9999 -9999 -9999 -9999 -9999 -9999 -9999 -9999 -9999 -9999 -9999 -9999 -9999 -9999 5.10879E-2 1.42634E-2 1.03026E-2 1.65334E-2 3.26899E-2 2.83953E-2 1.69744E-2 3.0443E-2 3.4485E-2 6.73269E-2 9.38444E-2 3.87333E-2 7.80141E-2 3.14967E-1 5.17824E-1 5.64748E-1 5.59882E-1 3.72605E-1 2.54331E-1 5.69965E-1 7.56624E-1 7.46629E-1 7.22903E-1 -9999 -9999
