Phytophthora/models/20240503_1210_48/Phytophthora_PA3_RUN9_MAXENT_outputs/Phytophthora_PA3_RUN9.asc
ncols         113
nrows         135
xllcorner     473009.9838
yllcorner     4429001.1748
cellsize      100.0
NODATA_value  -9999
[rows 78 to 103 of 135, columns 0 to 57 of 113]
-9999 -9999 -9999 1.65995E-2 1.05267E-1 3.30274E-1 6.83394E-1 8.24985E-1 8.68865E-1 8.34524E-1 4.80509E-1 3.25074E-1 4.11254E-1 5.22329E-1 6.27708E-1 5.92501E-1 5.50831E-1 4.78814E-1 7.29627E-1 8.22557E-1 6.82078E-1 4.10036E-1 4.48142E-1 5.2929E-1 5.38918E-1 5.02366E-1 5.98816E-1 5.62054E-1 4.7412E-1 4.23227E-1 1.90017E-1 1.89327E-1 7.89782E-2 6.23257E-2 1.86284E-1 4.06774E-1 4.89351E-1 5.68176E-1 6.38643E-1 6.06252E-1 7.98674E-1 7.48366E-1 7.48053E-1 6.83065E-1 6.14206E-1 5.88942E-1 4.51102E-1 5.71404E-1 5.36492E-1 6.13499E-1 5.15461E-1 4.89936E-1 4.96057E-1 4.77364E-1 4.60055E-1 5.45652E-1 3.13866E-1 2.69956E-1
-9999 -9999 -9999 -9999 1.12051E-1 4.06414E-1 6.66376E-1 7.23368E-1 7.61879E-1 6.98768E-1 4.64012E-1 5.2703E-1 6.51662E-1 6.78748E-1 6.78553E-1 5.44616E-1 5.67628E-1 5.9859E-1 7.04655E-1 6.31243E-1 5.46005E-1 3.01031E-1 2.39745E-1 2.71073E-1 5.01966E-1 6.27271E-1 6.88854E-1 6.38231E-1 5.00215E-1 2.66864E-1 2.10197E-1 1.87778E-1 1.21759E-1 1.37047E-1 2.60804E-1 4.05816E-1 5.38669E-1 5.93917E-1 4.34784E-1 6.68292E-1 8.24915E-1 7.62764E-1 7.63598E-1 7.3138E-1 6.63923E-1 5.59407E-1 2.74958E-1 4.01827E-1 4.18065E-1 5.48182E-1 5.5649E-1 5.8039E-1 6.26499E-1 5.53515E-1 2.58758E-1 2.56915E-1 3.31724E-1 1.52049E-1
-9999 -9999 -9999 9.91187E-3 1.74725E-1 4.05098E-1 7.69127E-1 8.40832E-1 8.14795E-1 7.82666E-1 5.10612E-1 5.08136E-1 6.63976E-1 7.34264E-1 5.00778E-1 4.59881E-1 4.92604E-1 6.13505E-1 5.64109E-1 5.27908E-1 4.51361E-1 2.33786E-1 2.53023E-1 2.10909E-1 2.80616E-1 5.30412E-1 6.7978E-1 6.36692E-1 1.19351E-1 2.62751E-1 1.34031E-1 1.16109E-1 2.58367E-1 4.69281E-1 4.77041E-1 3.62246E-1 6.25786E-1 6.57365E-1 4.40787E-1 6.0609E-1 6.34214E-1 6.57595E-1 6.83713E-1 6.46195E-1 6.28825E-1 3.6487E-1 2.87535E-1 2.96604E-1 4.29712E-1 4.76376E-1 4.29826E-1 3.77888E-1 3.72942E-1 3.19268E-1 1.41023E-1 3.62755E-2 1.08843E-1 4.23159E-2
-9999 -9999 1.30777E-2 1.52897E-2 1.45496E-1 4.14248E-1 7.3189E-1 8.41632E-1 7.96691E-1 7.47386E-1 5.26271E-1 4.47903E-1 6.06527E-1 7.01208E-1 4.38764E-1 4.06103E-1 5.77305E-1 7.06011E-1 7.12017E-1 6.50832E-1 5.67508E-1 2.89485E-1 3.36638E-1 1.80126E-1 2.04451E-1 3.3199E-1 4.86214E-1 5.64915E-1 3.03432E-1 2.17229E-1 2.1699E-1 1.49616E-1 4.70042E-1 5.39408E-1 2.89701E-1 3.49277E-1 5.6533E-1 4.81496E-1 4.65739E-1 4.61354E-1 4.77228E-1 6.08062E-1 6.48282E-1 6.29051E-1 5.36836E-1 1.739E-1 8.90923E-2 1.77554E-1 2.20788E-1 3.3693E-1 4.06687E-1 2.82336E-1 1.82734E-1 1.81659E-1 6.17534E-2 8.39022E-3 6.54049E-3 4.7849E-3
-9999 -9999 1.6627E-3 5.05857E-2 9.44978E-2 2.60699E-1 4.48557E-1 5.30668E-1 7.70082E-1 7.47095E-1 5.30054E-1 4.56185E-1 4.52923E-1 4.73128E-1 3.0298E-1 2.40306E-1 3.57455E-1 5.0679E-1 6.34832E-1 6.71912E-1 5.78954E-1 4.71364E-1 4.80545E-1 3.49743E-1 2.15957E-1 2.71839E-1 3.44512E-1 3.57186E-1 2.04125E-1 1.89813E-1 3.07822E-1 4.43115E-1 5.3607E-1 3.8761E-1 4.26217E-1 6.44488E-1 5.34229E-1 3.69422E-1 4.22052E-1 6.5484E-1 3.99218E-1 6.04237E-1 6.40294E-1 6.04738E-1 4.96273E-1 2.76298E-1 1.79455E-1 3.04996E-1 3.94942E-1 3.37302E-1 2.35546E-1 1.31267E-1 1.58569E-1 1.24041E-1 2.30245E-2 5.86985E-3 1.0204E-2 9.62837E-2
-9999 -9999 6.21841E-5 9.3829E-2 3.17846E-1 2.87843E-1 2.0607E-1 3.34361E-1 4.00695E-1 1.89715E-1 3.13613E-1 2.83097E-1 2.57782E-1 3.12391E-1 2.75481E-1 3.12241E-1 4.64589E-1 6.04304E-1 5.59776E-1 6.36004E-1 5.16906E-1 5.7555E-1 5.26568E-1 3.87686E-1 2.34198E-1 2.07869E-1 2.89466E-2 9.99352E-2 2.05886E-1 4.26304E-1 5.70439E-1 6.34513E-1 6.40482E-1 5.59641E-1 5.5685E-1 7.44052E-1 6.6443E-1 6.96529E-1 5.73686E-1 7.25869E-1 4.88099E-1 4.78791E-1 5.27124E-1 4.76397E-1 4.03818E-1 3.21486E-1 3.11449E-1 3.38858E-1 2.36188E-1 2.00286E-1 1.87273E-1 1.02019E-1 8.20434E-2 3.39124E-2 1.03028E-2 2.82393E-2 5.12744E-2 1.70172E-1
-9999 -9999 1.72574E-3 1.64135E-1 3.64151E-1 3.30293E-1 2.19207E-1 2.38978E-1 1.56519E-1 8.75655E-2 1.53583E-1 1.70561E-1 2.66206E-1 3.72753E-1 4.77292E-1 6.0406E-1 6.56072E-1 6.32687E-1 5.17123E-1 5.01419E-1 2.54597E-1 3.06754E-1 3.41564E-1 2.80382E-1 1.2924E-1 9.21418E-2 5.99511E-2 1.02797E-1 2.82753E-1 5.65009E-1 7.05788E-1 6.94749E-1 6.17374E-1 5.44044E-1 6.65004E-1 6.06936E-1 6.36435E-1 7.32577E-1 7.73385E-1 6.91508E-1 4.93079E-1 5.1887E-1 4.30682E-1 4.57925E-1 3.74722E-1 3.80584E-1 4.57393E-1 4.89765E-1 3.40575E-1 3.98538E-1 2.68134E-1 1.46535E-1 6.07787E-2 2.81907E-2 6.97855E-2 1.69936E-1 1.71823E-1 3.86433E-1
-9999 6.02941E-4 2.37199E-2 1.58E-1 4.09654E-1 3.66975E-1 2.67769E-1 1.33594E-1 8.16618E-2 6.1812E-2 1.16356E-1 2.33379E-1 3.78606E-1 6.35381E-1 6.48633E-1 5.82854E-1 5.67145E-1 4.93549E-1 4.56951E-1 3.20778E-1 1.68922E-1 1.70072E-1 2.18418E-1 1.81254E-1 1.09667E-1 1.32036E-1 9.92687E-2 2.63669E-1 4.08147E-1 5.38768E-1 6.57889E-1 4.89047E-1 3.92849E-1 4.80054E-1 6.76623E-1 6.09004E-1 2.75408E-1 5.75991E-1 5.78149E-1 7.03919E-1 6.36914E-1 6.56789E-1 4.65311E-1 5.36342E-1 3.25256E-1 2.97873E-1 5.16431E-1 6.06469E-1 5.49834E-1 5.86037E-1 4.19796E-1 2.1598E-1 1.50878E-1 2.29553E-2 7.24048E-2 2.93062E-1 4.10436E-1 5.1599E-1
-9999 1.42396E-2 5.66289E-2 1.62734E-1 2.56832E-1 2.13173E-1 1.98979E-1 9.07459E-2 6.04371E-2 8.2412E-2 1.5924E-1 3.6965E-1 4.10611E-1 6.25678E-1 5.35655E-1 5.00277E-1 5.18001E-1 4.06596E-1 3.14459E-1 2.2615E-1 1.59258E-1 1.18767E-1 1.2929E-1 1.50708E-1 1.54451E-1 1.61615E-1 1.92923E-1 3.38223E-1 4.3727E-1 5.00623E-1 3.93195E-1 2.05042E-1 3.55982E-1 5.15224E-1 5.40045E-1 4.98738E-1 4.67386E-1 3.65268E-1 4.40568E-1 5.69512E-1 5.80583E-1 5.24912E-1 5.33178E-1 5.0951E-1 4.05121E-1 4.23756E-1 6.07707E-1 5.96599E-1 4.95005E-1 4.70162E-1 4.16495E-1 2.93116E-1 1.96935E-1 3.86231E-2 4.87948E-2 3.16517E-1 4.62838E-1 5.29661E-1
1.51335E-2 4.54555E-2 4.13689E-2 7.94718E-2 3.63689E-1 3.32648E-1 3.32267E-1 1.64002E-1 1.15247E-1 2.21566E-1 3.50775E-1 4.69992E-1 3.91031E-1 6.36021E-1 4.00253E-1 2.70833E-1 3.57961E-1 2.69185E-1 2.78243E-1 2.94448E-1 2.3597E-1 1.61226E-1 1.76556E-1 1.34004E-1 1.6753E-1 2.47672E-1 3.86779E-1 4.02382E-1 2.58643E-1 4.17146E-1 2.15698E-1 2.0345E-1 4.65799E-1 5.68626E-1 5.15835E-1 5.55131E-1 6.15209E-1 5.76815E-1 4.62071E-1 6.70278E-1 6.88919E-1 3.78948E-1 5.898E-1 6.76075E-1 5.56144E-1 5.49837E-1 4.52139E-1 2.77317E-1 1.55178E-1 5.71768E-1 4.40946E-1 2.41654E-1 1.35614E-1 7.48289E-2 1.64344E-1 3.88409E-1 3.84193E-1 4.59697E-1
1.9605E-2 4.36379E-2 5.72021E-2 1.63543E-1 3.85754E-1 3.80438E-1 4.05622E-1 2.29067E-1 2.14637E-1 4.59716E-1 4.92748E-1 5.07112E-1 5.38596E-1 6.69999E-1 5.56529E-1 2.59084E-1 2.73537E-1 2.89429E-1 4.30005E-1 4.9867E-1 3.74767E-1 1.7817E-1 2.06508E-1 1.40172E-1 1.3594E-1 3.72066E-1 4.6597E-1 3.28328E-1 1.13486E-1 1.5792E-1 3.67088E-1 3.54036E-1 5.27395E-1 5.61478E-1 4.58139E-1 4.49352E-1 2.3831E-1 3.61469E-1 5.62231E-1 7.92985E-1 7.77687E-1 5.28733E-1 6.87856E-1 6.4265E-1 6.26701E-1 4.52614E-1 2.00884E-1 1.07747E-1 2.60396E-1 5.99719E-1 3.68455E-1 2.14915E-1 9.25941E-2 1.28483E-1 3.23713E-1 4.13928E-1 5.06757E-1 3.2971E-1
-9999 6.59809E-2 1.59092E-1 4.25479E-1 3.18079E-1 2.88202E-1 4.73465E-1 3.55435E-1 2.92727E-1 5.22421E-1 5.67253E-1 4.33648E-1 1.5714E-1 6.90069E-1 7.503E-1 5.99802E-1 3.02609E-1 2.76583E-1 4.31866E-1 4.71517E-1 4.74964E-1 2.68494E-1 3.7066E-1 2.01209E-1 2.28619E-1 4.63059E-1 3.36511E-1 5.08366E-1 4.66957E-1 3.36617E-1 3.96804E-1 6.50616E-1 6.5101E-1 5.66975E-1 5.05973E-1 4.89559E-1 3.83065E-1 3.18639E-1 6.12326E-1 8.06044E-1 7.52632E-1 5.93624E-1 6.01165E-1 7.88404E-1 7.46563E-1 5.25919E-1 2.19452E-1 1.0098E-1 6.48058E-1 4.9753E-1 3.03933E-1 2.05009E-1 4.72091E-2 2.79005E-1 4.69291E-1 5.51441E-1 4.81515E-1 3.19528E-1
-9999 2.0023E-1 4.02954E-1 5.24423E-1 4.48863E-1 2.17994E-1 2.9773E-1 2.72153E-1 3.73078E-1 5.55956E-1 6.10163E-1 5.25629E-1 4.12702E-1 6.5601E-1 7.11447E-1 5.54258E-1 3.33652E-1 2.83023E-1 2.68607E-1 2.30985E-1 2.97906E-1 2.82579E-1 2.45299E-1 1.28898E-1 3.77256E-1 4.58192E-1 5.54142E-1 6.56949E-1 6.70159E-1 3.04445E-1 2.84798E-1 6.17311E-1 7.35059E-1 4.54073E-1 6.37664E-1 6.71147E-1 5.26633E-1 4.56648E-1 6.33777E-1 7.08636E-1 6.36103E-1 3.58078E-1 4.68904E-1 6.58794E-1 7.02131E-1 6.45773E-1 2.26066E-1 1.85169E-1 6.59452E-1 6.89244E-1 4.74013E-1 2.30656E-1 1.16005E-1 3.69361E-1 5.34819E-1 6.53362E-1 5.58692E-1 3.61457E-1
-9999 -9999 -9999 1.81215E-1 1.85608E-1 1.85822E-1 4.03159E-1 4.21945E-1 3.71168E-1 4.53931E-1 5.06981E-1 3.10061E-1 2.2224E-1 3.46951E-1 5.19261E-1 4.27963E-1 4.30585E-1 3.16634E-1 2.17417E-1 3.03257E-1 7.96207E-2 8.81401E-2 1.783E-1 2.20984E-1 1.32228E-1 1.95974E-1 5.77585E-1 5.67133E-1 4.27419E-1 3.72481E-1 3.66758E-1 1.84032E-1 4.56502E-1 5.4975E-1 6.87035E-1 5.89569E-1 4.75753E-1 4.27998E-1 5.4981E-1 3.89509E-1 2.47386E-1 2.07273E-1 4.20028E-1 5.81176E-1 7.10039E-1 3.74102E-1 7.21539E-2 4.09405E-1 7.17645E-1 6.58582E-1 5.10866E-1 3.26587E-1 4.15945E-1 5.47917E-1 5.95912E-1 6.30126E-1 5.65616E-1 4.42028E-1
-9999 -9999 -9999 -9999 1.5139E-1 1.01663E-1 4.93344E-1 6.00789E-1 4.23484E-1 3.81836E-1 4.60311E-1 2.41552E-1 1.21851E-1 3.40588E-1 3.39753E-1 4.15606E-1 4.97603E-1 4.24441E-1 3.26815E-1 3.47811E-1 5.82261E-2 3.58632E-2 5.76626E-2 1.80777E-1 3.23746E-1 5.24701E-1 4.38478E-1 4.63802E-1 4.23176E-1 2.96685E-1 3.76402E-1 2.64999E-1 5.1101E-1 5.35102E-1 4.55396E-1 3.82436E-1 1.61634E-1 1.15748E-1 4.18354E-2 2.29357E-2 3.64716E-2 1.36284E-1 2.51139E-1 3.97555E-1 4.30344E-1 1.64425E-1 2.28828E-1 4.24962E-1 5.86295E-1 6.824E-1 5.59916E-1 3.82926E-1 4.44059E-1 5.81232E-1 4.98224E-1 4.84858E-1 3.80288E-1 5.30929E-1
-9999 -9999 -9999 -9999 -9999 -9999 -9999 6.46625E-1 7.10992E-1 7.21114E-1 6.33141E-1 4.57203E-1 4.08251E-1 3.9401E-1 3.82031E-1 4.52407E-1 5.8204E-1 4.92581E-1 2.11691E-1 2.96596E-1 1.38816E-1 3.64451E-2 6.71674E-2 2.65842E-1 3.88222E-1 3.89648E-1 3.8298E-1 4.01581E-1 3.79066E-1 1.17619E-1 1.04651E-1 3.45144E-1 3.29042E-1 2.14956E-1 2.16486E-1 2.10979E-1 1.80755E-1 7.71895E-2 4.12853E-2 4.54021E-2 7.04968E-2 1.03206E-1 1.36765E-1 2.58909E-1 2.35821E-1 1.54121E-1 5.70259E-1 4.54004E-1 6.39266E-1 5.98288E-1 6.29066E-1 5.2026E-1 4.85964E-1 5.8855E-1 6.59052E-1 4.50975E-1 5.05884E-1 5.48054E-1
-9999 -9999 -9999 -9999 -9999 -9999 -9999 6.4766E-1 7.88234E-1 7.16913E-1 4.50869E-1 3.85289E-1 2.03034E-1 2.09555E-1 3.32835E-1 5.13601E-1 7.30672E-1 5.64633E-1 3.33959E-1 4.49451E-1 2.04732E-1 3.26373E-2 3.73163E-2 1.5095E-1 2.44096E-1 3.66092E-1 2.8224E-1 2.16316E-1 8.86415E-2 6.96826E-2 1.82036E-1 2.01082E-1 1.5295E-1 7.41055E-2 1.53682E-1 2.42388E-1 2.11942E-1 1.39593E-1 6.46339E-2 7.93449E-2 6.80843E-2 9.18055E-2 2.6033E-1 5.1417E-1 2.19625E-1 4.44269E-1 5.50921E-1 5.65289E-1 6.71036E-1 7.28266E-1 4.90122E-1 5.2447E-1 5.35157E-1 2.40671E-1 3.77552E-1 3.62005E-1 5.18756E-1 4.77777E-1
-9999 -9999 -9999 -9999 -9999 -9999 -9999 6.27727E-1 7.59641E-1 4.84769E-1 2.29732E-1 1.897E-1 3.69686E-2 3.40645E-2 2.29316E-1 4.46355E-1 5.76896E-1 5.77626E-1 4.7545E-1 3.89153E-1 1.56339E-1 3.03045E-2 4.36138E-2 6.65248E-2 1.47301E-1 2.0907E-1 2.44822E-1 1.85026E-1 2.96565E-1 2.44665E-1 1.39857E-1 1.5357E-1 1.15311E-1 9.29747E-2 1.14334E-1 2.8156E-1 1.70825E-1 7.73811E-2 8.80195E-2 8.91113E-2 8.39503E-2 1.3938E-1 3.47121E-1 5.09993E-1 3.91776E-1 5.85589E-1 4.9149E-1 4.68878E-1 2.63551E-1 3.01656E-1 4.00013E-1 4.13401E-1 4.73583E-1 3.47187E-1 7.27541E-2 7.97699E-2 1.81864E-1 2.49108E-1
-9999 -9999 -9999 -9999 -9999 -9999 -9999 4.78671E-1 4.86649E-1 2.8873E-1 2.00237E-1 9.79711E-2 2.43836E-2 3.04413E-2 1.18272E-1 4.88577E-1 5.96617E-1 5.34709E-1 6.76352E-1 4.63605E-1 1.28829E-1 2.69304E-2 2.45485E-2 3.69432E-2 5.56963E-2 1.61096E-1 1.96241E-1 1.03043E-1 1.87019E-1 2.76601E-1 1.41248E-1 1.14334E-1 7.68788E-2 2.68341E-1 1.85693E-1 2.33785E-1 1.49513E-1 9.83789E-2 1.61153E-1 1.68455E-1 7.67618E-2 7.51894E-2 1.72623E-1 2.78224E-1 2.63571E-1 6.19071E-1 5.25734E-1 2.35886E-1 8.48818E-2 1.44687E-1 1.7154E-1 1.39138E-1 2.61705E-1 2.36613E-1 8.75897E-2 1.5062E-1 8.76472E-2 3.32479E-1
-9999 -9999 -9999 -9999 -9999 -9999 -9999 -9999 2.22979E-1 1.88181E-1 1.41875E-1 7.48203E-2 1.1854E-1 1.27651E-1 4.46867E-1 6.00718E-1 6.47688E-1 6.84652E-1 6.21008E-1 4.03575E-1 1.19764E-1 1.42969E-2 1.28199E-2 3.9497E-2 8.39641E-2 1.59656E-1 1.64546E-1 1.09502E-1 1.92874E-1 1.76736E-1 9.99318E-2 1.00154E-1 3.22132E-2 4.46041E-1 4.18995E-1 2.17816E-1 1.32879E-1 2.43656E-1 3.07301E-1 2.00846E-1 8.38622E-2 2.37316E-1 3.41797E-1 5.48053E-1 3.6622E-1 3.69196E-1 3.08633E-1 6.57347E-2 2.16031E-1 2.5552E-1 1.75578E-1 1.38995E-1 1.1388E-1 2.13514E-1 3.09534E-1 3.73622E-1 3.90669E-1 2.80891E-1
-9999 -9999 -9999 -9999 -9999 -9999 -9999 -9999 -9999 -9999 -9999 -9999 1.88946E-1 1.18588E-1 3.16225E-1 5.39518E-1 6.18657E-1 6.0619E-1 4.7363E-1 3.27514E-1 7.0626E-2 1.58873E-2 2.37027E-2 9.12764E-2 1.46205E-1 8.57781E-2 3.25206E-2 1.14532E-1 2.17375E-1 2.03058E-1 1.38363E-1 1.32773E-1 9.68107E-2 6.33238E-1 5.02022E-1 1.68798E-1 1.12007E-1 1.61089E-1 3.04861E-1 1.81031E-1 1.24559E-1 2.28354E-1 2.77783E-1 3.11437E-1 1.4794E-1 1.58726E-1 8.7582E-2 4.23041E-2 1.33796E-1 1.53867E-1 1.19226E-1 1.30047E-1 7.83956E-2 1.51463E-1 5.68623E-1 6.326E-1 4.96026E-1 2.35789E-1
-9999 -9999 -9999 -9999 -9999 -9999 -9999 -9999 -9999 -9999 -9999 -9999 -9999 1.31101E-1 3.65766E-1 5.3679E-1 6.55974E-1 7.49905E-1 5.86043E-1 3.62512E-1 1.05163E-1 1.51851E-2 1.86884E-2 8.2506E-2 1.09457E-1 3.16144E-2 4.28114E-2 5.9092E-2 1.36162E-1 2.41029E-1 1.36173E-1 2.02659E-1 4.12986E-1 4.23247E-1 3.03404E-1 1.4932E-1 9.41118E-2 1.91812E-1 5.58506E-1 4.01875E-1 1.86633E-1 1.15303E-1 1.08996E-1 7.38976E-2 1.62986E-1 2.43788E-1 1.9665E-1 7.55616E-2 6.50225E-2 7.48777E-2 1.28353E-1 1.75654E-1 1.13076E-1 4.63873E-1 5.74147E-1 4.59193E-1 5.21893E-1 3.56652E-1
-9999 -9999 -9999 -9999 -9999 -9999 -9999 -9999 -9999 -9999 -9999 -9999 1.10405E-1 2.49877E-1 4.59154E-1 6.38202E-1 6.93524E-1 7.01575E-1 6.12758E-1 5.62835E-1 1.73627E-1 2.4661E-2 3.17954E-2 5.18406E-2 3.63461E-2 1.04335E-1 1.27207E-1 6.46525E-2 1.30441E-1 1.48483E-1 2.23205E-1 2.27705E-1 2.18309E-1 2.19453E-1 1.2918E-1 6.59665E-2 1.73743E-1 5.66608E-1 6.18814E-1 5.44957E-1 2.78595E-1 9.46631E-2 5.41827E-2 3.68026E-1 3.7549E-1 8.42179E-2 1.60211E-1 1.21861E-1 8.3038E-2 8.75115E-2 8.9851E-2 1.64727E-1 2.27261E-1 5.14285E-1 4.43956E-1 4.98517E-1 4.63113E-1 1.88695E-1
-9999 -9999 -9999 -9999 -9999 -9999 -9999 -9999 -9999 -9999 -9999 -9999 -9999 9.85723E-2 1.40288E-1 -9999 4.79634E-1 6.11627E-1 5.30301E-1 3.92702E-1 1.55193E-1 5.47666E-2 7.25351E-2 1.73526E-1 2.83865E-1 2.04838E-1 1.44579E-1 1.07932E-1 7.78063E-2 7.29084E-2 1.739E-1 1.13462E-1 8.33406E-2 1.7986E-1 1.62806E-1 1.48881E-1 3.0389E-1 6.79938E-1 5.99434E-1 4.67029E-1 3.01691E-1 1.41067E-1 1.18516E-1 5.33014E-1 5.57357E-1 3.48899E-1 5.44227E-2 1.55681E-1 1.22058E-1 1.27098E-1 1.48241E-1 2.26061E-1 4.24983E-1 5.7486E-1 4.73147E-1 5.17472E-1 4.68927E-1 3.19461E-1
-9999 -9999 -9999 -9999 -9999 -9999 -9999 -9999 -9999 -9999 -9999 -9999 -9999 -9999 -9999 -9999 3.5117E-1 5.00825E-1 3.30659E-1 3.19592E-1 1.99931E-1 1.39698E-1 3.33119E-1 4.14524E-1 5.06486E-1 3.93873E-1 1.52578E-1 1.09744E-1 1.34238E-1 5.63257E-1 5.10008E-1 3.13387E-1 3.78986E-1 3.85809E-1 4.23076E-1 4.53209E-1 3.85875E-1 6.01222E-1 5.12588E-1 3.21614E-1 1.36684E-1 2.04309E-1 4.82509E-1 5.48117E-1 7.90296E-1 6.59134E-1 4.53064E-1 3.45933E-1 2.80968E-1 2.05653E-1 2.4122E-1 3.09039E-1 3.95602E-1 5.01859E-1 5.0383E-1 6.05751E-1 6.05824E-1 4.1908E-1
-9999 -9999 -9999 -9999 -9999 -9999 -9999 -9999 -9999 -9999 -9999 -9999 -9999 -9999 -9999 -9999 -9999 4.61908E-1 3.2465E-1 2.65238E-1 4.0362E-1 2.72103E-1 2.59179E-1 4.31077E-1 5.4193E-1 4.12729E-1 2.43329E-1 3.87269E-1 5.00857E-1 7.0081E-1 6.92851E-1 6.6303E-1 6.20249E-1 5.11141E-1 4.85827E-1 5.18212E-1 5.0639E-1 5.8804E-1 3.52658E-1 2.05865E-1 9.62356E-2 2.00358E-1 6.28834E-1 6.9553E-1 7.74301E-1 8.01363E-1 7.05384E-1 5.67131E-1 4.38825E-1 3.36734E-1 2.70413E-1 2.46453E-1 3.47374E-1 4.09796E-1 2.90406E-1 6.51809E-1 5.15432E-1 6.12033E-1
