Phytophthora/models/20240503_1210_48/Phytophthora_PA3_RUN9_MAXENT_outputs/Phytophthora_PA3_RUN9.asc
ncols         113
nrows         135
xllcorner     473009.9838
yllcorner     4429001.1748
cellsize      100.0
NODATA_value  -9999
[rows 26 to 51 of 135, columns 0 to 57 of 113]
-9999 -9999 -9999 -9999 -9999 -9999 -9999 -9999 -9999 -9999 2.93698E-3 3.67971E-3 7.05686E-3 5.5408E-3 8.42377E-3 1.02384E-2 2.88869E-2 4.29206E-2 7.4525E-2 4.22349E-2 3.14355E-2 8.21559E-3 8.04671E-3 5.39569E-3 9.86002E-3 1.8266E-2 1.20359E-2 1.54056E-2 6.66646E-3 8.23393E-4 6.36928E-5 1.45651E-4 1.78505E-3 2.72602E-2 2.90278E-2 2.99356E-2 2.74625E-2 1.29669E-2 5.92544E-3 3.92796E-3 6.77783E-3 1.24983E-2 1.65758E-2 -9999 -9999 -9999 -9999 -9999 -9999 -9999 -9999 -9999 -9999 -9999 -9999 -9999 -9999 -9999
-9999 -9999 -9999 -9999 -9999 -9999 -9999 -9999 -9999 -9999 1.73209E-3 1.69178E-3 1.90925E-3 1.75758E-3 2.20123E-3 3.25203E-3 1.21093E-2 2.54712E-2 6.93394E-2 3.42725E-2 1.86653E-2 9.39964E-3 2.81758E-2 3.95651E-2 4.45232E-2 3.36556E-2 4.22933E-2 3.51793E-2 1.59512E-2 1.91119E-3 4.40058E-4 6.3711E-4 4.05576E-3 8.58345E-3 6.10162E-3 5.80182E-3 1.96612E-2 2.82744E-2 1.27781E-2 7.70321E-3 1.44039E-2 2.53424E-2 2.57437E-2 1.67257E-2 2.65434E-2 5.96959E-2 5.12419E-2 -9999 -9999 -9999 -9999 -9999 -9999 -9999 -9999 -9999 -9999 -9999
-9999 -9999 -9999 -9999 -9999 -9999 -9999 -9999 6.25258E-17 3.91919E-8 9.3386E-4 7.73175E-4 3.63545E-4 1.97199E-4 3.60467E-4 7.62192E-4 3.26627E-3 1.29074E-2 2.78958E-2 2.88302E-2 2.08178E-2 3.1728E-2 5.13698E-2 7.05221E-2 7.13789E-2 5.7152E-2 5.84307E-2 4.62144E-2 2.86162E-2 3.5324E-3 1.03887E-3 6.4802E-4 2.00726E-3 3.36685E-3 1.06696E-3 1.16552E-3 2.85737E-3 1.59895E-2 3.93747E-2 3.14812E-2 2.46068E-2 4.55819E-3 7.26755E-3 1.16316E-2 1.2037E-2 3.16776E-2 6.16119E-2 -9999 -9999 -9999 -9999 -9999 -9999 -9999 -9999 -9999 -9999 -9999
-9999 -9999 -9999 -9999 -9999 -9999 7.56815E-10 5.69797E-10 5.34662E-10 1.38508E-5 2.9625E-3 1.36935E-3 9.07012E-4 6.45076E-4 6.03395E-4 1.1124E-3 3.0203E-3 5.18761E-3 9.88128E-3 1.54317E-2 2.29012E-2 3.81808E-2 1.07189E-1 8.82404E-2 1.7341E-1 8.8591E-2 5.41706E-2 2.76965E-2 1.0073E-2 3.07296E-3 2.64227E-3 7.72999E-4 1.7347E-3 2.76662E-3 7.32978E-4 3.54949E-4 5.14246E-4 2.75948E-3 2.05574E-2 4.91464E-2 3.5172E-2 5.37407E-3 5.09263E-3 1.60615E-2 9.85574E-3 2.08783E-2 6.99225E-2 -9999 -9999 -9999 -9999 -9999 -9999 -9999 -9999 -9999 -9999 -9999
-9999 -9999 -9999 -9999 -9999 -9999 2.90448E-5 1.12365E-4 1.98681E-4 1.51539E-3 2.47941E-3 1.10616E-3 1.65288E-3 3.48141E-3 4.34779E-3 5.28105E-3 7.46857E-3 5.21403E-3 4.56878E-3 4.8247E-3 1.17089E-2 2.33752E-2 9.66908E-2 1.39281E-1 1.12151E-1 8.08464E-2 6.27893E-2 2.25301E-2 8.59651E-3 4.1354E-3 5.03197E-3 2.33916E-3 2.99853E-3 2.26904E-3 1.47151E-3 5.41603E-4 2.03862E-3 6.72475E-3 1.80324E-2 3.63111E-2 3.27107E-2 1.01555E-2 1.13551E-2 1.63375E-2 9.94775E-3 3.80704E-2 1.05827E-1 5.89172E-2 -9999 -9999 -9999 -9999 -9999 -9999 -9999 -9999 -9999 -9999
-9999 -9999 -9999 -9999 -9999 -9999 3.66234E-6 1.29887E-4 7.70157E-4 8.02624E-4 1.07715E-4 1.79277E-4 1.99118E-3 9.83878E-3 1.8309E-2 1.64512E-2 1.17624E-2 4.41553E-3 1.53507E-3 2.50119E-3 9.22355E-3 2.29024E-2 5.63923E-2 1.19898E-1 1.05963E-1 2.07979E-2 1.72336E-2 2.65532E-2 1.71229E-2 8.38969E-3 5.19281E-3 6E-3 4.30669E-3 1.39862E-3 2.54899E-3 2.46477E-3 3.78099E-3 9.90904E-3 2.2821E-2 1.93508E-2 2.72807E-2 9.76508E-3 3.47402E-3 1.12149E-2 1.25177E-2 4.32037E-2 6.79448E-2 1.04234E-1 1.4196E-1 -9999 -9999 -9999 -9999 -9999 -9999 -9999 -9999 -9999
-9999 -9999 -9999 -9999 -9999 2.21925E-5 3.76915E-5 1.19992E-4 6.259E-4 2.32088E-4 6.05968E-5 1.83131E-4 2.4166E-3 1.09776E-2 1.46695E-2 1.12221E-2 1.08291E-2 2.97815E-3 1.16403E-3 2.16615E-3 6.18508E-3 2.36613E-2 8.36643E-2 1.43687E-1 4.82535E-2 9.83328E-3 1.56254E-3 3.85082E-3 3.54819E-3 2.44852E-3 2.82833E-3 5.04326E-3 5.04999E-3 1.40187E-3 2.69075E-3 3.56834E-3 5.46436E-3 1.94471E-2 3.23001E-2 6.58867E-3 8.41868E-3 5.55584E-3 2.96208E-3 1.37062E-2 3.37527E-2 2.72849E-2 6.10747E-2 8.23509E-2 8.39496E-2 9.63372E-2 9.12228E-2 -9999 -9999 -9999 -9999 -9999 -9999 -9999
-9999 -9999 -9999 -9999 2.89514E-9 3.07765E-5 4.45945E-5 6.18669E-5 1.49382E-4 1.38249E-4 6.74981E-5 4.05278E-4 3.12376E-3 1.13753E-2 1.16042E-2 6.42444E-3 3.71482E-3 1.98259E-3 1.60823E-3 2.06883E-3 3.92399E-3 1.74924E-2 5.31319E-2 7.90225E-2 5.33019E-2 1.30394E-2 1.9239E-3 7.3945E-4 9.54264E-5 3.02517E-4 1.22566E-3 4.77644E-3 4.14467E-3 2.34743E-3 4.68357E-3 6.70243E-3 8.12681E-3 1.85898E-2 1.58932E-2 5.85764E-3 4.60799E-3 5.20177E-3 4.23621E-3 1.56269E-2 4.83516E-2 4.17323E-2 2.15809E-2 8.30858E-2 6.89591E-2 7.20899E-2 7.76294E-2 1.53209E-1 2.13459E-1 -9999 -9999 -9999 -9999 -9999
-9999 -9999 -9999 -9999 1.37278E-9 3.69311E-5 1.88029E-5 3.93769E-5 1.18382E-4 1.23361E-4 8.08996E-5 1.87909E-4 1.42966E-3 7.80734E-3 3.77713E-3 2.92927E-3 2.49662E-3 1.42762E-3 1.82435E-3 1.71793E-3 4.31068E-3 6.40125E-3 1.91981E-2 3.9974E-2 2.56438E-2 1.60222E-2 2.38691E-3 1.05273E-3 5.79776E-5 1.12268E-4 1.60145E-3 5.3256E-3 3.80366E-3 3.12086E-3 9.36976E-3 1.515E-2 7.99029E-3 2.32179E-2 1.04622E-2 7.29322E-3 1.4283E-2 1.62302E-2 1.23743E-2 1.61136E-2 2.47048E-2 3.62079E-2 5.61852E-2 3.99801E-2 2.70738E-2 4.30177E-2 1.87633E-2 6.08104E-2 2.28348E-1 -9999 -9999 -9999 -9999 -9999
-9999 -9999 -9999 -9999 -9999 -9999 -9999 -9999 2.61958E-4 9.78213E-5 5.44142E-4 7.5109E-4 1.1398E-3 2.0439E-3 2.841E-3 3.14346E-3 2.74183E-3 1.63487E-3 1.23519E-3 1.42014E-3 1.58773E-3 2.35866E-3 6.5303E-3 7.49776E-3 1.27053E-2 8.87058E-3 2.28759E-3 7.53857E-4 4.22635E-5 1.15698E-4 2.03652E-3 4.48786E-3 2.64646E-3 1.76767E-3 3.59933E-3 5.89847E-3 1.16014E-2 9.21385E-3 4.92139E-3 5.37209E-3 1.28452E-2 1.0452E-2 3.43704E-3 7.00749E-3 1.90397E-2 4.35447E-2 4.56949E-2 5.68922E-2 9.8588E-3 2.22192E-2 2.89495E-2 7.93318E-2 1.90322E-1 2.97289E-1 -9999 -9999 -9999 -9999
-9999 -9999 -9999 -9999 -9999 -9999 -9999 -9999 -9999 -9999 6.06499E-4 6.57594E-4 5.86603E-4 6.26415E-4 1.38743E-3 1.30413E-3 1.42507E-3 2.37029E-3 1.67067E-3 8.52796E-4 1.49132E-3 1.86202E-3 2.38514E-3 4.24661E-3 7.65985E-3 1.22687E-2 5.21062E-3 1.41471E-3 9.66592E-5 2.23454E-4 2.13055E-3 4.61291E-3 1.95234E-3 1.96635E-3 8.1017E-3 7.01279E-3 1.65207E-2 1.9967E-2 1.02708E-2 9.21747E-3 1.31211E-2 1.25517E-2 2.03796E-2 4.3889E-2 1.63929E-2 4.13217E-2 7.66622E-2 5.22125E-2 5.10915E-2 5.59405E-2 6.4666E-2 1.35698E-1 2.6044E-1 3.25646E-1 -9999 -9999 -9999 -9999
-9999 -9999 -9999 -9999 -9999 -9999 -9999 -9999 -9999 -9999 -9999 7.98741E-4 5.04764E-4 7.33149E-4 6.6631E-4 8.32954E-4 1.49003E-3 1.29848E-3 9.86519E-4 5.8954E-4 1.02953E-3 1.40606E-3 5.49575E-3 1.04922E-2 2.68543E-2 1.66912E-2 1.43055E-2 5.59102E-3 6.86906E-4 9.50443E-4 1.14872E-3 7.68772E-4 1.50039E-3 4.37932E-3 2.0665E-2 1.83011E-2 1.85346E-2 2.14429E-2 1.70063E-2 2.19302E-2 1.63931E-2 2.76635E-2 6.26827E-2 5.26857E-2 2.68766E-2 3.77594E-2 7.7704E-2 1.10357E-1 5.62583E-2 4.01045E-2 5.9989E-2 7.56585E-2 1.58208E-1 2.2603E-1 2.34125E-1 -9999 -9999 -9999
-9999 -9999 -9999 -9999 -9999 -9999 -9999 -9999 -9999 -9999 -9999 -9999 5.35878E-4 8.6187E-4 6.82262E-4 3.60537E-4 2.43403E-4 1.86575E-4 2.8093E-4 7.69945E-4 1.17574E-3 4.85818E-3 2.43017E-2 3.46409E-2 3.21022E-2 2.72398E-2 6.65323E-3 1.09875E-2 3.30265E-3 1.39158E-3 2.69145E-4 3.51618E-4 2.45807E-3 9.80676E-3 1.95181E-2 2.19027E-2 1.99189E-2 1.64475E-2 9.12009E-3 2.56328E-2 4.21605E-2 6.37853E-2 6.56351E-2 4.37193E-2 1.2072E-1 4.71799E-2 1.31891E-1 1.47487E-1 2.31744E-1 1.5507E-1 1.73838E-1 2.07952E-1 3.2173E-1 2.73339E-1 2.08859E-1 1.16907E-1 8.20742E-2 -9999
-9999 -9999 -9999 -9999 -9999 -9999 -9999 -9999 -9999 -9999 -9999 -9999 -9999 -9999 2.75863E-4 4.87442E-5 4.64651E-5 1.21057E-4 4.10963E-4 1.09909E-3 1.52752E-3 3.30722E-3 9.44776E-3 9.42422E-3 1.99481E-2 2.54159E-2 7.71576E-3 6.42068E-3 1.01824E-3 1.27389E-3 7.41244E-4 1.52192E-4 1.89913E-3 6.12397E-3 1.81138E-2 4.34015E-2 5.11717E-2 3.55652E-2 1.23415E-2 1.77084E-2 2.85905E-2 3.20164E-2 4.71166E-3 4.2832E-2 9.50424E-2 7.13366E-2 1.28256E-1 2.46229E-1 2.4915E-1 2.40676E-1 3.48642E-1 2.70629E-1 3.1259E-1 3.58578E-1 2.60625E-1 1.89015E-1 2.26104E-1 -9999
-9999 -9999 -9999 -9999 -9999 -9999 -9999 -9999 -9999 -9999 -9999 -9999 -9999 -9999 -9999 4.24779E-6 1.81856E-5 2.5413E-4 9.44592E-4 1.20315E-3 1.4112E-3 2.99512E-4 6.77639E-4 1.72203E-3 1.82801E-3 1.23187E-3 7.18715E-4 1.07216E-3 4.71396E-4 3.48756E-4 4.29055E-4 1.52663E-4 2.29164E-4 1.73533E-3 4.53733E-3 1.44401E-2 3.56156E-2 2.05442E-2 1.80026E-2 2.34261E-2 9.46981E-3 2.53604E-3 3.02997E-3 1.0398E-2 2.5032E-2 2.2535E-2 6.51364E-2 1.51687E-1 2.80579E-1 1.67405E-1 1.82884E-1 2.42572E-1 2.13461E-1 1.79594E-1 3.5137E-1 9.04258E-2 2.37133E-1 6.16372E-2
-9999 -9999 -9999 -9999 -9999 -9999 -9999 -9999 -9999 -9999 -9999 -9999 -9999 -9999 -9999 -9999 5.97624E-5 1.67129E-4 1.3673E-3 1.12025E-3 3.81843E-4 5.87596E-5 1.21233E-4 1.249E-4 8.31028E-5 4.37436E-5 7.41163E-5 1.24638E-4 2.82076E-4 6.40552E-5 3.34685E-4 5.95349E-4 1.87205E-4 3.54558E-4 4.34539E-3 9.3833E-3 1.3999E-2 1.81574E-2 4.02451E-2 4.16851E-2 2.20119E-2 2.72437E-3 5.16226E-3 2.88716E-3 9.08023E-3 2.10167E-2 5.87754E-2 8.76085E-2 1.46128E-1 1.74433E-1 2.0136E-1 2.47633E-1 1.28031E-1 1.37117E-1 1.05417E-1 6.2748E-2 6.77011E-2 2.38163E-2
-9999 -9999 -9999 -9999 -9999 -9999 -9999 -9999 -9999 -9999 -9999 -9999 -9999 -9999 -9999 -9999 7.24222E-4 2.05357E-3 3.95449E-3 1.72968E-3 1.75363E-4 6.33284E-5 7.89438E-5 1.4536E-4 1.50075E-4 1.18891E-4 1.14182E-4 2.17913E-4 2.86887E-4 1.86285E-4 6.92958E-4 1.49796E-3 4.93287E-4 5.02168E-4 4.75661E-3 1.04798E-2 2.99074E-2 3.39274E-2 7.24457E-2 5.05902E-2 7.69566E-2 4.14727E-3 8.86781E-3 2.00139E-2 2.16457E-2 3.85831E-2 8.08727E-2 1.09101E-1 1.25277E-1 1.46536E-1 2.27828E-1 1.79126E-1 2.21418E-1 2.62506E-1 2.10119E-1 1.85384E-1 1.03449E-1 7.61755E-2
-9999 -9999 -9999 -9999 -9999 -9999 -9999 -9999 -9999 -9999 -9999 -9999 -9999 -9999 -9999 -9999 1.71494E-3 4.51626E-3 1.46919E-3 1.09266E-3 2.23635E-4 1.44598E-4 1.56158E-4 4.27266E-5 8.77937E-5 1.29593E-4 1.09757E-4 5.18012E-4 5.82588E-4 7.14671E-4 9.70345E-4 1.81349E-3 1.94293E-3 1.04498E-3 3.18816E-3 1.71929E-2 4.52387E-2 5.46139E-2 6.7878E-2 7.63735E-2 8.18603E-2 3.22431E-2 3.94978E-2 4.43003E-2 4.52577E-2 7.02254E-2 1.40388E-1 2.14859E-1 1.81043E-1 2.10053E-1 2.74624E-1 1.78345E-1 1.94892E-1 2.95012E-1 1.96935E-1 1.93148E-1 1.28466E-1 1.43349E-1
-9999 -9999 -9999 -9999 -9999 -9999 -9999 -9999 -9999 -9999 -9999 -9999 -9999 -9999 -9999 -9999 3.30595E-3 4.04526E-3 4.9524E-3 2.32316E-3 2.33691E-3 7.01947E-4 4.11658E-4 8.33889E-5 2.96568E-5 1.75742E-5 8.35233E-5 2.35378E-4 2.48535E-4 1.84375E-4 9.1538E-4 2.34494E-3 4.64975E-3 3.03235E-3 3.76412E-3 9.84512E-3 2.80857E-2 6.01953E-2 5.93957E-2 3.64901E-2 5.18222E-2 6.98038E-2 6.06324E-2 4.92375E-2 3.2009E-2 7.54393E-2 2.1115E-1 1.59996E-1 1.1629E-1 8.56805E-2 3.74151E-1 2.53181E-1 2.26804E-1 2.56548E-1 2.12111E-1 1.8186E-1 1.21652E-1 1.43007E-1
-9999 -9999 -9999 -9999 -9999 -9999 -9999 -9999 -9999 2.72715E-8 8.25582E-3 3.59726E-2 1.55653E-5 3.72129E-13 2.94304E-5 1.56117E-2 4.21847E-3 3.28378E-3 2.59726E-3 1.48627E-3 5.55172E-3 4.35532E-3 2.11126E-3 3.05086E-4 6.88863E-5 7.22814E-6 1.90711E-5 4.84408E-5 3.3767E-5 2.60334E-5 5.38116E-4 1.67656E-3 2.8355E-3 2.92265E-3 3.05604E-3 6.61589E-3 1.43829E-2 2.69782E-2 7.72068E-2 6.17327E-2 3.80582E-2 8.2038E-2 9.41191E-2 2.42298E-2 4.68099E-2 -9999 -9999 7.31441E-2 1.94363E-2 2.4467E-2 2.77065E-1 3.85494E-1 2.79682E-1 1.93236E-1 2.1353E-1 1.68885E-1 1.3196E-1 1.0618E-1
-9999 -9999 -9999 -9999 -9999 -9999 -9999 5.36119E-13 9.46374E-13 1.21953E-6 9.67869E-3 3.70967E-2 1.37113E-4 2.11301E-10 3.24796E-5 2.45675E-2 3.76792E-3 2.39472E-3 6.71147E-4 1.15364E-3 7.47124E-3 1.49335E-2 5.45518E-3 1.20055E-3 2.44466E-4 7.87633E-6 1.47378E-5 1.77372E-5 5.1831E-6 1.1771E-5 3.36415E-4 1.47552E-3 6.31793E-4 2.57116E-3 3.02263E-3 6.35029E-3 1.46416E-2 2.96457E-2 5.72262E-2 5.67305E-2 5.11122E-2 8.48745E-2 4.99948E-2 2.61976E-2 4.35468E-2 -9999 -9999 8.39772E-2 3.77155E-2 3.07688E-2 1.918E-1 1.91357E-1 4.32691E-2 7.42903E-2 1.62098E-1 5.96691E-2 7.60402E-2 1.40885E-1
-9999 -9999 -9999 -9999 -9999 3.58345E-6 1.63622E-5 7.79496E-5 2.51242E-4 4.73565E-3 1.84916E-2 3.84856E-2 1.47247E-2 1.14111E-3 2.06769E-2 2.56104E-2 4.14898E-3 1.46007E-3 1.66306E-4 1.09939E-3 5.7968E-3 1.00487E-2 2.80016E-3 1.20387E-3 4.2106E-4 3.73723E-5 7.67438E-5 1.81471E-4 6.30916E-5 3.66178E-5 3.10925E-4 1.07841E-3 1.41989E-3 4.67336E-3 7.0094E-3 1.49159E-2 1.53797E-2 2.25037E-2 4.55823E-2 3.50911E-2 2.72872E-2 3.79102E-2 2.32074E-2 2.41693E-2 6.32338E-2 -9999 -9999 1.04699E-1 6.80783E-2 -9999 -9999 4.71254E-2 1.77278E-2 1.952E-2 6.96363E-2 4.56141E-2 1.20493E-1 1.60265E-1
-9999 -9999 -9999 -9999 -9999 5.76501E-3 1.66119E-2 2.17719E-2 1.4566E-2 1.06486E-2 9.10141E-3 1.74496E-2 1.88395E-2 3.47484E-2 2.25456E-2 9.07331E-3 2.63018E-3 6.94346E-4 9.73172E-5 8.28594E-4 4.62137E-3 6.44819E-3 3.14276E-3 2.94849E-3 8.64805E-4 1.69173E-4 3.15003E-4 5.02877E-4 1.14649E-4 1.01128E-4 2.97158E-4 6.28735E-4 5.9917E-4 1.21159E-3 4.56932E-3 1.37013E-2 1.40458E-2 2.03176E-2 2.89483E-2 2.39059E-2 1.32368E-2 3.67402E-2 1.99348E-2 4.98729E-2 6.21379E-2 3.24296E-2 -9999 -9999 -9999 -9999 -9999 1.64452E-1 3.76722E-2 5.93357E-2 1.19452E-1 2.4946E-1 1.76606E-1 1.62717E-1
-9999 -9999 -9999 -9999 -9999 1.21949E-2 3.12084E-2 3.74136E-2 1.69577E-2 1.45053E-2 1.06554E-2 6.76355E-3 5.82254E-3 7.57438E-3 5.86755E-3 3.1621E-3 3.53209E-3 1.37199E-3 1.74711E-4 6.97727E-4 1.15361E-3 1.14289E-3 2.23863E-3 2.1809E-3 1.245E-3 6.10255E-4 9.50423E-4 2.14652E-3 7.61092E-4 6.60571E-4 7.42706E-4 7.06156E-4 1.45024E-3 1.83586E-3 1.59117E-3 1.16436E-2 2.07567E-2 3.02279E-2 5.21061E-2 2.0603E-2 9.80076E-3 4.51845E-2 5.56256E-2 4.63378E-2 1.47828E-1 7.48872E-2 -9999 -9999 -9999 -9999 2.31449E-1 2.48666E-1 1.75485E-1 1.08918E-1 1.83028E-1 2.14729E-1 1.75897E-1 1.51768E-1
-9999 -9999 -9999 -9999 -9999 1.90949E-2 5.05579E-2 1.01292E-1 1.05075E-1 5.11451E-2 1.00944E-2 2.60855E-3 2.51894E-3 3.16078E-3 2.65097E-3 2.57894E-3 2.16058E-3 7.62162E-4 5.26692E-4 7.0826E-4 5.19709E-4 5.33622E-4 2.71376E-3 2.29739E-3 1.51415E-3 1.0312E-3 1.84623E-3 1.96702E-3 5.85111E-4 1.50166E-3 1.75031E-3 1.57176E-3 2.88273E-3 4.01172E-3 3.98724E-3 1.79146E-2 2.51727E-2 4.22473E-2 6.85712E-2 9.99847E-3 1.56721E-2 2.83295E-2 6.83908E-2 1.5868E-1 1.60353E-1 1.24147E-1 1.32236E-1 -9999 -9999 1.29006E-1 2.26181E-1 2.36623E-1 2.49646E-1 2.51229E-1 1.78221E-1 9.52478E-2 1.62367E-1 1.65192E-1
-9999 -9999 -9999 -9999 -9999 4.66015E-2 1.01604E-1 1.75509E-1 2.22354E-1 5.68958E-2 5.62641E-3 7.64003E-4 1.10657E-3 1.57759E-3 2.55735E-3 9.57232E-4 1.12949E-3 2.47098E-4 2.82273E-4 4.20794E-4 2.01288E-4 1.44312E-4 9.24696E-4 3.15475E-3 1.30382E-3 4.88042E-4 5.00594E-4 9.56749E-4 2.60438E-4 6.63476E-4 1.68367E-3 2.78838E-3 4.56474E-3 4.71649E-3 1.02773E-2 2.35445E-2 2.4528E-2 4.14284E-2 1.19925E-2 4.75392E-2 5.4255E-2 3.84588E-2 7.42413E-2 1.01794E-1 3.46904E-2 3.13195E-2 8.7483E-2 -9999 3.08082E-1 1.24416E-1 6.2799E-2 2.12392E-1 2.9816E-1 2.81478E-1 5.55161E-2 2.15859E-1 1.55266E-1 2.98177E-1
