Phytophthora/models/20240503_1210_48/Phytophthora_PA3_RUN9_MAXENT_outputs/Phytophthora_PA3_RUN9.asc
ncols         113
nrows         135
xllcorner     473009.9838
yllcorner     4429001.1748
cellsize      100.0
NODATA_value  -9999
[rows 52 to 77 of 135, columns 0 to 57 of 113]
-9999 -9999 -9999 -9999 -9999 3.00766E-2 1.01042E-1 1.48682E-1 1.11372E-1 2.63446E-2 7.17509E-3 2.70866E-3 2.55316E-3 2.49217E-3 1.65673E-3 1.94867E-3 8.71495E-4 5.9627E-4 7.44524E-4 5.34277E-4 4.59151E-4 2.85576E-4 3.05817E-4 5.35843E-4 7.01526E-4 3.84073E-4 3.41974E-4 2.2851E-4 5.49963E-5 1.85283E-4 1.36955E-3 5.32782E-3 4.69273E-3 6.57751E-3 1.2954E-2 1.22829E-2 1.012E-2 5.76421E-3 2.15371E-2 9.23696E-2 7.74314E-2 3.86388E-2 3.54814E-2 3.7497E-2 1.75283E-2 3.25159E-2 2.95126E-2 2.67864E-2 1.47509E-1 2.38549E-1 2.56423E-1 3.44536E-1 4.66325E-1 3.72785E-1 1.02332E-1 1.61138E-1 1.189E-1 2.30222E-1
-9999 -9999 -9999 -9999 -9999 2.57484E-2 2.14831E-1 1.46194E-1 8.41162E-2 2.8902E-2 3.45231E-2 1.26963E-2 6.91224E-3 2.96704E-3 2.15614E-3 1.59468E-3 1.23838E-3 1.3536E-3 1.16403E-3 1.26238E-3 1.36992E-3 1.26644E-3 1.54817E-3 5.58967E-4 7.09037E-4 9.08099E-4 7.25511E-4 9.41969E-5 1.67668E-5 1.11213E-4 1.08688E-3 8.14522E-3 1.08883E-2 7.06287E-3 5.06449E-3 5.25644E-3 3.12159E-3 2.21082E-3 6.05581E-3 3.6585E-2 3.78968E-2 2.61048E-2 1.80204E-2 6.30693E-3 1.06867E-2 2.34053E-2 6.0663E-3 1.27588E-2 9.73982E-2 2.74663E-1 3.38239E-1 4.51569E-1 4.57627E-1 2.2616E-1 1.49485E-1 2.57294E-1 2.33475E-1 2.6729E-1
-9999 -9999 -9999 -9999 4.17804E-4 6.57283E-2 2.6998E-1 1.19455E-1 6.35293E-2 6.14445E-2 7.47436E-2 5.26665E-2 2.18019E-2 6.63168E-3 4.82276E-3 4.069E-3 6.70169E-3 9.55686E-3 9.06263E-3 7.78782E-3 3.82444E-3 3.67302E-3 3.78298E-3 2.62872E-3 2.21218E-3 3.0486E-3 1.65629E-3 2.03719E-4 4.90088E-5 2.00978E-4 5.03742E-4 2.54761E-3 6.25992E-3 2.77011E-3 3.68687E-3 5.62114E-3 6.26917E-3 4.38099E-3 6.411E-3 1.26301E-2 1.60207E-2 3.96775E-2 4.23143E-2 1.44213E-2 1.41143E-2 1.67731E-2 1.16866E-2 1.38754E-2 8.17504E-2 1.95621E-1 4.21391E-1 3.33898E-1 1.63378E-1 3.49503E-2 1.91483E-1 3.75123E-1 4.37099E-1 3.90038E-1
-9999 -9999 -9999 6.37714E-2 1.51442E-1 2.24404E-1 2.21902E-1 9.65706E-2 1.15567E-1 1.41673E-1 9.72303E-2 9.21529E-2 4.53001E-2 2.66525E-2 2.22502E-2 1.85832E-2 5.03877E-2 4.65664E-2 6.72989E-2 2.9167E-2 8.61495E-3 5.16423E-3 7.55153E-3 5.9546E-3 3.46819E-3 4.5095E-3 3.27562E-3 6.20629E-4 1.11297E-4 2.66018E-4 1.84223E-3 4.67984E-3 2.94172E-3 1.18076E-3 4.45688E-3 1.18548E-2 1.40602E-2 1.40459E-2 1.0194E-2 2.40124E-2 4.76418E-2 9.78673E-2 7.36871E-2 5.44789E-2 4.90058E-2 4.44784E-2 4.71364E-2 1.67035E-2 3.00722E-2 2.19833E-1 3.86093E-1 2.71374E-1 6.38712E-2 1.4283E-1 2.40344E-1 2.70858E-1 3.04366E-1 2.65908E-1
-9999 -9999 -9999 6.16481E-2 1.23845E-1 1.40682E-1 1.42071E-1 4.51345E-2 1.66156E-1 1.27401E-1 2.32521E-1 1.56576E-1 1.86359E-1 2.10241E-1 1.23739E-1 8.71421E-2 8.13432E-2 1.57288E-1 2.33108E-1 8.34549E-2 3.17662E-2 1.51154E-2 9.82272E-3 1.30044E-2 7.2579E-3 6.54202E-3 6.06462E-3 1.83453E-3 2.42112E-4 4.72367E-4 4.505E-3 1.08772E-2 2.13047E-3 7.03754E-4 2.16802E-3 1.24937E-2 1.26129E-2 1.7593E-2 1.22167E-2 1.16655E-2 5.25055E-2 8.34409E-2 4.15217E-2 4.58179E-2 4.48958E-2 1.76492E-2 3.61269E-2 1.16436E-2 5.34237E-2 1.31301E-1 2.33015E-1 2.99081E-1 2.44291E-1 2.08313E-1 2.12491E-1 3.18178E-1 2.60583E-1 3.6667E-1
-9999 -9999 -9999 6.76548E-2 1.24256E-1 1.41289E-1 7.72612E-2 4.33758E-2 8.46058E-2 2.07335E-1 2.49526E-1 1.75126E-1 3.41959E-1 2.6145E-1 1.4286E-1 1.03707E-1 1.34985E-1 1.53534E-1 1.73414E-1 9.29643E-2 6.52164E-2 4.63141E-2 5.95424E-2 4.37881E-2 2.6429E-2 1.88003E-2 1.94849E-2 1.00706E-2 2.45966E-3 4.29122E-3 1.67043E-2 1.24734E-2 5.09745E-3 6.19805E-4 1.06201E-3 3.77462E-3 1.68757E-2 2.77268E-2 7.09443E-3 1.05797E-2 3.4083E-2 4.59259E-2 3.70887E-2 1.82533E-2 4.10195E-3 1.94101E-3 1.41719E-2 1.06059E-2 3.77946E-2 3.84145E-2 6.04455E-2 7.90758E-2 1.70959E-1 6.36579E-2 6.78118E-2 2.48029E-1 3.65136E-1 2.46276E-1
-9999 -9999 -9999 3.48512E-2 9.62507E-2 7.55776E-2 2.9394E-2 2.62026E-2 4.84542E-2 1.63803E-1 2.32491E-1 2.24658E-1 2.45146E-1 1.67738E-1 1.08136E-1 5.86894E-2 6.91137E-2 1.03074E-1 8.23506E-2 1.18985E-1 1.66591E-1 1.50226E-1 9.22427E-2 1.13788E-1 5.26988E-2 3.22623E-2 6.11975E-2 5.49486E-2 1.97928E-2 5.97114E-3 1.30914E-2 1.25434E-2 2.48756E-3 1.17937E-4 4.96925E-4 8.94412E-3 5.47671E-2 2.75277E-2 8.65024E-3 9.79432E-3 2.16881E-2 2.98327E-2 2.02169E-2 7.69193E-3 2.64636E-3 2.65367E-3 4.22196E-3 2.707E-2 5.83781E-2 8.76146E-2 1.94452E-1 1.96261E-1 1.36535E-1 7.81085E-2 3.03848E-2 1.87317E-1 1.89404E-1 1.53142E-1
-9999 -9999 -9999 6.61727E-2 5.81386E-2 6.02344E-2 6.9627E-2 3.8691E-2 4.40744E-2 8.79935E-2 1.03792E-1 5.75009E-2 2.28113E-1 2.28745E-1 1.19612E-1 3.79676E-2 2.76223E-2 3.84463E-2 4.93131E-2 1.76569E-1 1.80333E-1 1.42767E-1 7.41863E-2 3.44631E-2 2.28847E-2 4.46726E-2 4.68835E-2 3.15747E-2 1.233E-2 1.26972E-2 1.46523E-2 6.85656E-3 1.64058E-3 4.15509E-4 1.02485E-3 7.86027E-3 2.0365E-2 3.53317E-2 2.52813E-2 1.73344E-2 2.465E-2 3.65133E-2 2.50302E-2 9.63952E-3 1.32688E-2 5.44766E-3 9.2229E-3 7.89717E-2 1.3455E-1 1.98853E-1 1.20001E-1 8.21698E-2 5.26407E-2 4.35727E-2 1.43416E-2 4.21398E-2 1.43646E-1 1.34905E-1
-9999 -9999 -9999 -9999 5.14068E-2 2.07994E-1 1.76081E-1 6.3913E-2 4.80689E-2 9.58344E-2 1.11212E-1 5.03465E-2 1.84671E-1 2.66019E-1 1.03399E-1 4.58941E-2 3.3267E-2 6.63261E-2 1.0751E-1 1.71127E-1 9.66354E-2 6.21966E-2 2.37646E-2 9.75606E-3 1.97265E-2 1.54455E-2 1.17819E-2 8.24094E-3 1.96505E-2 3.11965E-2 2.33109E-2 6.53161E-3 5.46843E-3 1.56335E-3 2.55961E-3 8.14624E-3 2.43923E-2 6.82921E-2 6.54541E-2 5.35614E-2 8.42282E-2 8.80292E-2 7.06412E-2 3.61162E-2 2.93679E-2 1.01215E-2 7.77235E-3 4.89344E-2 1.5959E-1 1.9679E-1 5.99976E-2 4.07012E-2 2.89229E-2 2.6883E-2 2.15382E-2 2.4948E-2 1.2428E-1 2.12977E-1
-9999 -9999 -9999 -9999 -9999 3.90722E-1 1.99983E-1 5.00058E-2 3.78056E-2 1.01694E-1 1.28107E-1 1.19679E-1 1.79966E-1 1.75295E-1 7.81243E-2 2.85774E-2 3.20941E-2 8.9833E-2 1.98423E-1 2.0551E-1 9.24912E-2 2.29477E-2 6.31692E-3 1.03986E-2 1.4185E-2 3.55689E-2 2.62794E-2 1.59068E-2 3.72535E-2 3.373E-2 1.87204E-2 9.21365E-3 1.45618E-2 1.74726E-3 1.36936E-3 5.27729E-3 2.68422E-2 7.80474E-2 1.00333E-1 1.31424E-1 1.46457E-1 1.65311E-1 1.66383E-1 9.02776E-2 5.95305E-2 1.63924E-2 1.47482E-2 7.73355E-2 2.00698E-1 1.06989E-1 3.58172E-2 2.91748E-2 3.70163E-2 4.6729E-2 7.15072E-2 3.94781E-2 9.26171E-2 1.97308E-1
-9999 -9999 -9999 -9999 -9999 -9999 3.27241E-2 2.07231E-2 3.60052E-2 9.07081E-2 1.46865E-1 3.10805E-1 3.91876E-1 1.95768E-1 4.40443E-2 1.29806E-2 1.3265E-2 7.6153E-2 1.4131E-1 1.07193E-1 5.17837E-2 1.94101E-2 1.13956E-2 8.33855E-3 1.54563E-2 3.20508E-2 1.59825E-2 1.89283E-2 1.43468E-2 1.20119E-2 1.64686E-2 1.6751E-2 1.1186E-2 5.07199E-3 1.16825E-2 2.14724E-2 4.53684E-2 7.27496E-2 1.1669E-1 1.03358E-1 1.79387E-1 1.30191E-1 3.02902E-1 1.51999E-1 1.11285E-1 4.50461E-2 4.01039E-2 7.43482E-2 7.42909E-2 5.46638E-2 3.99775E-2 6.14425E-2 7.70378E-2 8.53299E-2 7.26747E-2 5.38092E-2 1.43066E-1 2.73216E-1
-9999 -9999 -9999 -9999 -9999 -9999 2.76652E-2 2.24622E-2 2.99414E-2 6.90963E-2 2.4965E-1 4.20448E-1 3.45038E-1 9.76805E-2 3.07628E-2 2.08672E-2 2.38809E-2 3.14683E-2 4.58323E-2 4.10094E-2 2.7951E-2 1.47879E-2 7.3152E-3 6.82465E-3 9.71744E-3 1.6668E-2 2.18797E-2 1.33756E-2 6.32429E-3 1.14716E-2 2.47895E-2 2.45208E-2 1.41083E-2 1.22613E-2 4.18383E-2 3.49215E-2 4.47051E-2 5.28848E-2 4.32491E-2 4.88056E-2 1.34595E-1 1.61518E-1 3.02305E-1 1.82791E-1 1.61604E-1 1.30604E-1 4.57868E-2 2.26665E-2 3.07885E-2 7.74838E-2 1.04421E-1 1.70686E-1 1.24652E-1 1.15394E-1 7.27001E-2 6.1143E-2 1.25304E-1 1.73845E-1
-9999 -9999 -9999 -9999 -9999 2.16071E-2 2.6583E-2 2.65081E-2 2.26903E-2 6.40602E-2 2.35441E-1 2.85216E-1 1.91256E-1 8.17126E-2 2.70388E-2 1.80549E-2 1.42201E-2 1.21948E-2 1.71948E-2 2.81068E-2 2.74863E-2 2.72505E-2 1.53811E-2 1.4865E-2 2.25951E-2 3.78311E-2 3.54274E-2 1.51455E-2 6.69728E-3 2.48531E-3 1.11469E-2 2.75868E-2 5.50685E-2 2.36576E-2 1.2104E-1 1.19131E-1 9.02524E-2 8.83814E-2 8.94423E-2 1.6701E-1 3.16456E-1 2.28203E-1 3.0329E-1 1.66693E-1 1.61718E-1 1.45141E-1 1.04796E-1 5.21506E-2 5.5256E-2 1.39769E-1 1.23298E-1 2.17215E-1 1.51473E-1 1.04287E-1 7.3563E-2 1.20189E-1 1.52106E-1 2.46288E-1
-9999 -9999 -9999 -9999 2.12912E-6 1.79928E-2 3.14793E-2 1.18261E-2 1.27371E-2 1.69818E-2 2.82125E-2 7.19848E-2 5.43766E-2 3.82586E-2 2.90853E-2 1.97868E-2 2.00123E-2 1.94666E-2 2.49115E-2 4.09921E-2 9.46064E-2 8.03366E-2 3.3075E-2 3.16781E-2 6.85622E-2 7.0329E-2 8.53979E-2 1.33099E-2 5.29601E-3 1.62527E-2 3.021E-2 6.29779E-2 9.20086E-2 6.50969E-2 1.2232E-1 1.67866E-1 2.43454E-1 2.59774E-1 3.65112E-1 4.50971E-1 6.83976E-1 4.52291E-1 4.48551E-1 3.52441E-1 2.59918E-1 1.25936E-1 8.40695E-2 1.51328E-1 1.07954E-1 1.6077E-1 1.21293E-1 1.76577E-1 2.68151E-1 3.64086E-1 2.47958E-1 2.33077E-1 3.28776E-1 2.91878E-1
-9999 -9999 -9999 -9999 2.56646E-7 2.47157E-2 4.10492E-2 2.29232E-2 7.13107E-3 2.13554E-3 1.32026E-2 2.86818E-2 3.20412E-2 1.83278E-2 1.59632E-2 3.5415E-2 4.03174E-2 3.72689E-2 6.43677E-2 1.29122E-1 2.39108E-1 1.29893E-1 7.57127E-2 9.30226E-2 1.54213E-1 1.59301E-1 9.53204E-2 1.64991E-2 1.40068E-2 3.2013E-2 4.93746E-2 9.31574E-2 1.31805E-1 1.1714E-1 2.43416E-1 1.93594E-1 3.49225E-1 3.89123E-1 4.50358E-1 5.12228E-1 6.29219E-1 6.62252E-1 6.65265E-1 5.18795E-1 1.85071E-1 6.33505E-2 6.55021E-2 1.80333E-1 3.2433E-1 3.53515E-1 3.19865E-1 2.0588E-1 3.5903E-1 3.98398E-1 4.79467E-1 4.39094E-1 3.61178E-1 2.92226E-1
-9999 -9999 -9999 -9999 2.59804E-7 3.09846E-2 1.03012E-1 7.43935E-2 4.43485E-2 3.72295E-3 2.09272E-2 1.99016E-2 2.64808E-2 3.8262E-2 2.04334E-2 8.33836E-3 1.96776E-2 4.20315E-2 1.31847E-1 2.0721E-1 2.26023E-1 2.25081E-1 1.76999E-1 2.16911E-1 1.46411E-1 1.91479E-1 9.55508E-2 2.62707E-2 3.17354E-2 5.12294E-2 7.49459E-2 1.17204E-1 8.86623E-2 2.56848E-1 2.16206E-1 1.89635E-1 1.59017E-1 1.89606E-1 2.69419E-1 3.3317E-1 4.11121E-1 4.84252E-1 5.24403E-1 5.58184E-1 1.5835E-1 4.02513E-2 4.47947E-2 1.79697E-1 3.47204E-1 3.62211E-1 5.6576E-1 4.22942E-1 4.67794E-1 4.68994E-1 5.81933E-1 5.97597E-1 5.89401E-1 3.37889E-1
-9999 -9999 -9999 -9999 2.42453E-7 2.61126E-2 1.11081E-1 1.00065E-1 2.33961E-2 2.57731E-2 6.07441E-2 3.52463E-2 2.92995E-2 1.28251E-2 2.18675E-2 2.51803E-2 4.37838E-2 1.04851E-1 1.8216E-1 3.00729E-1 3.74428E-1 2.35441E-1 2.83604E-1 2.63615E-1 1.33523E-1 2.03894E-1 1.29321E-1 5.73324E-2 3.33622E-2 8.4507E-2 2.39645E-1 1.9491E-1 1.1391E-1 1.98716E-1 1.80589E-1 9.68244E-2 7.57848E-2 1.02025E-1 1.71017E-1 3.4254E-1 4.69856E-1 5.4088E-1 2.80938E-1 3.18418E-1 1.34214E-1 3.92727E-2 5.14927E-2 1.49481E-1 3.527E-1 5.11198E-1 6.72097E-1 7.34318E-1 6.9574E-1 5.30664E-1 5.95417E-1 6.66065E-1 5.22904E-1 3.6874E-1
-9999 -9999 -9999 -9999 7.83776E-8 1.28695E-2 1.15901E-1 5.81553E-2 1.31076E-2 4.11547E-2 3.29311E-2 2.54443E-2 2.31459E-2 1.69913E-2 5.18436E-2 8.61708E-2 6.61393E-2 1.63894E-1 2.24819E-1 3.06108E-1 4.02456E-1 3.36685E-1 2.22313E-1 1.47656E-1 1.83239E-1 3.63889E-1 2.87372E-1 1.54786E-1 5.01769E-2 1.58829E-1 2.6252E-1 1.31553E-1 6.85316E-2 3.56124E-2 9.01112E-2 7.49435E-2 4.39347E-2 9.55276E-2 2.64333E-1 4.45165E-1 3.98684E-1 2.96271E-1 1.50911E-1 1.7945E-1 7.08199E-2 3.89852E-2 6.14451E-2 1.67692E-1 2.59541E-1 6.65916E-1 6.52281E-1 4.50414E-1 6.6433E-1 6.02697E-1 3.42461E-1 5.09208E-1 6.37759E-1 5.65548E-1
-9999 -9999 -9999 -9999 4.54132E-8 9.641E-3 1.16305E-1 2.91612E-2 1.58707E-2 6.45461E-2 3.61232E-2 4.99292E-2 2.62506E-2 2.28288E-2 3.12519E-2 7.99343E-2 1.46563E-1 2.05824E-1 2.7986E-1 3.83742E-1 2.70281E-1 1.72311E-1 9.78464E-2 8.78966E-2 2.02191E-1 3.35118E-1 2.64E-1 1.50753E-1 3.29535E-2 2.51567E-1 3.50997E-1 2.0505E-1 1.13769E-1 7.07086E-2 2.98257E-2 1.66003E-2 1.45661E-2 1.3161E-1 4.03511E-1 5.81346E-1 4.69135E-1 2.93544E-1 1.78752E-1 9.77313E-2 4.42641E-2 6.83838E-2 1.16293E-1 1.84525E-1 5.66182E-1 6.21679E-1 6.78165E-1 3.8736E-1 4.43774E-1 2.93631E-1 3.13238E-1 4.48357E-1 6.06196E-1 6.1324E-1
-9999 -9999 -9999 -9999 3.88855E-7 9.93388E-3 6.98249E-2 2.69448E-2 2.13262E-2 3.10697E-2 3.85194E-2 1.1342E-1 1.28584E-1 4.44593E-2 3.46734E-2 5.87088E-2 1.26315E-1 2.19251E-1 1.95781E-1 3.16351E-1 2.36555E-1 2.46345E-1 1.88114E-1 1.85433E-1 1.92978E-1 2.53798E-1 1.95627E-1 1.25877E-1 4.81732E-2 8.10389E-2 2.96647E-1 2.62833E-1 2.41738E-1 6.0317E-2 2.23082E-2 4.02869E-2 7.20242E-2 1.10719E-1 4.44533E-1 6.18876E-1 4.86564E-1 2.67085E-1 1.67803E-1 4.85543E-2 4.88765E-2 1.28361E-1 2.11318E-1 2.29928E-1 4.28717E-1 5.9005E-1 5.20767E-1 3.84976E-1 2.97795E-1 1.84391E-1 2.78669E-1 5.41317E-1 6.30984E-1 6.06735E-1
-9999 -9999 -9999 -9999 6.69235E-4 1.42671E-2 3.21794E-2 1.59188E-2 1.11746E-2 1.82183E-2 3.26231E-2 5.7383E-2 1.57555E-1 1.63928E-1 1.41595E-1 1.19828E-1 1.53837E-1 2.02822E-1 2.35886E-1 1.91981E-1 2.38589E-1 3.23985E-1 4.48733E-1 3.46961E-1 2.71321E-1 2.76471E-1 3.17841E-1 2.10448E-1 9.09908E-2 1.62968E-1 1.91297E-1 2.07455E-1 3.14326E-1 1.36678E-1 1.08069E-1 9.74898E-2 1.09156E-1 1.86694E-1 3.23817E-1 6.67944E-1 4.07113E-1 2.13423E-1 1.20754E-1 3.39484E-2 5.4462E-2 8.7411E-2 9.324E-2 2.01353E-1 4.34194E-1 6.05484E-1 5.72757E-1 2.97799E-1 1.61354E-1 2.50443E-1 4.59577E-1 6.93783E-1 5.81752E-1 6.41755E-1
-9999 -9999 -9999 2.65154E-3 2.28219E-2 2.50747E-2 2.32289E-2 1.11882E-2 6.82477E-3 1.54668E-2 4.05032E-2 3.76854E-2 8.62681E-2 3.26729E-1 3.68949E-1 3.22679E-1 3.2528E-1 3.21455E-1 2.02824E-1 1.10025E-1 1.8763E-1 3.55419E-1 4.64004E-1 4.75123E-1 3.77691E-1 3.02974E-1 3.73828E-1 2.98018E-1 1.68422E-1 1.35087E-1 1.70833E-1 1.65109E-1 1.90736E-1 1.83749E-1 1.82974E-1 1.31795E-1 2.30972E-1 3.44098E-1 3.53513E-1 5.88311E-1 3.03968E-1 2.03278E-1 1.21824E-1 3.69813E-2 8.41385E-2 5.37837E-2 4.71664E-2 2.43511E-1 4.16052E-1 4.33985E-1 3.84038E-1 2.28717E-1 9.67966E-2 1.44011E-1 4.01167E-1 6.77402E-1 7.56854E-1 7.28507E-1
-9999 -9999 -9999 8.24072E-3 4.90099E-2 7.70465E-2 5.12702E-2 1.54333E-2 2.54122E-2 6.46418E-2 1.45887E-1 1.78394E-1 2.87754E-1 4.64833E-1 4.58749E-1 5.40879E-1 5.39132E-1 4.41767E-1 2.96417E-1 1.74131E-1 3.33951E-1 3.83002E-1 5.60896E-1 6.65864E-1 6.01725E-1 3.79683E-1 4.21896E-1 2.43E-1 2.13955E-1 1.42828E-1 1.02103E-1 4.49808E-2 1.53253E-1 2.20761E-1 1.58244E-1 1.94461E-1 2.98596E-1 4.49163E-1 6.0411E-1 5.8291E-1 5.00399E-1 4.52655E-1 3.69321E-1 1.92371E-1 1.87272E-1 7.30292E-2 7.75389E-2 3.24382E-1 2.70024E-1 1.60007E-1 2.83444E-1 2.14398E-1 6.76212E-2 9.35701E-2 2.82458E-1 5.68579E-1 6.50362E-1 6.45715E-1
-9999 -9999 4.72591E-3 1.39721E-2 1.10893E-1 2.77658E-1 2.95852E-1 1.65428E-1 2.5668E-1 2.46444E-1 3.16098E-1 3.73291E-1 3.92277E-1 5.38657E-1 6.99513E-1 7.4248E-1 5.95398E-1 4.49012E-1 4.10157E-1 3.56644E-1 4.80535E-1 5.03851E-1 7.12237E-1 7.42058E-1 6.96432E-1 5.24951E-1 2.9004E-1 2.01241E-1 1.52324E-1 1.43961E-1 1.53562E-1 1.90061E-1 2.52335E-1 2.1038E-1 2.56306E-1 3.6956E-1 3.90804E-1 4.37074E-1 6.21933E-1 6.0762E-1 7.32513E-1 7.45844E-1 6.10657E-1 4.06666E-1 2.77274E-1 2.21304E-1 2.47125E-1 3.72598E-1 2.46539E-1 1.94509E-1 1.99764E-1 1.34048E-1 7.20308E-2 6.11397E-2 1.43652E-1 4.40073E-1 5.7911E-1 5.40769E-1
-9999 -9999 1.04042E-2 1.3861E-1 2.25216E-1 4.13273E-1 5.30986E-1 6.09255E-1 6.49607E-1 5.96918E-1 4.69961E-1 3.11538E-1 3.33452E-1 5.16403E-1 6.8234E-1 7.86461E-1 6.31203E-1 4.14672E-1 4.88639E-1 5.99676E-1 5.88095E-1 6.66016E-1 7.19193E-1 6.52167E-1 7.21267E-1 4.85211E-1 2.74259E-1 2.21512E-1 1.58936E-1 1.78436E-1 2.39261E-1 2.29373E-1 2.12291E-1 1.40307E-1 3.0419E-1 4.60698E-1 4.20164E-1 4.25181E-1 5.45737E-1 6.73137E-1 7.29666E-1 8.13888E-1 6.72554E-1 5.8385E-1 4.57009E-1 4.48725E-1 5.02849E-1 5.69471E-1 5.85661E-1 4.19246E-1 2.81715E-1 1.96818E-1 1.75432E-1 1.29645E-1 1.3519E-1 4.21845E-1 4.97998E-1 4.81813E-1
-9999 -9999 -9999 1.57241E-1 2.36989E-1 3.87181E-1 6.40135E-1 8.28321E-1 7.81999E-1 8.17521E-1 5.86947E-1 2.22231E-1 1.50695E-1 4.68909E-1 6.21276E-1 7.68752E-1 5.76494E-1 3.8237E-1 5.372E-1 6.27512E-1 7.22412E-1 5.587E-1 6.24118E-1 6.82405E-1 5.60439E-1 3.75833E-1 3.70809E-1 3.51423E-1 3.11175E-1 2.95991E-1 2.91646E-1 2.8832E-1 1.00368E-1 1.05034E-1 2.12365E-1 3.68711E-1 4.90018E-1 5.48441E-1 6.09176E-1 7.10008E-1 7.46583E-1 7.61679E-1 7.4326E-1 5.90963E-1 5.53179E-1 5.13501E-1 5.41056E-1 5.86348E-1 6.54916E-1 5.7332E-1 4.21157E-1 3.73412E-1 3.36075E-1 3.82916E-1 4.09915E-1 4.4952E-1 3.55382E-1 3.48463E-1
