Phytophthora/models/20240503_1134_59/Phytophthora_PA1_RUN6_MAXENT_outputs/Phytophthora_PA1_RUN6.asc
ncols         113
nrows         135
xllcorner     473009.9838
yllcorner     4429001.1748
cellsize      100.0
NODATA_value  -9999
[rows 104 to 129 of 135, columns 0 to 57 of 113]
-9999 -9999 -9999 -9999 -9999 -9999 -9999 -9999 -9999 -9999 -9999 -9999 -9999 -9999 -9999 -9999 -9999 4.87771E-1 5.05794E-1 3.00506E-1 1.32603E-1 1.20642E-1 3.19472E-1 9.12642E-2 1.33192E-1 1.89923E-1 2.45429E-1 4.51708E-1 5.08771E-1 2.09448E-1 2.88712E-1 5.69702E-1 3.97616E-1 2.06823E-1 5.62948E-2 6.97516E-2 1.27506E-1 1.50306E-1 7.3003E-2 2.82125E-2 1.4708E-2 2.24279E-2 3.84709E-1 6.02377E-1 6.41305E-1 2.97328E-1 1.58976E-1 1.26756E-1 5.229E-2 3.74508E-2 4.31419E-2 4.06438E-2 1.08617E-1 4.53761E-1 4.30604E-1 6.55928E-1 2.94607E-1 3.35604E-1
-9999 -9999 -9999 -9999 -9999 -9999 -9999 -9999 -9999 -9999 -9999 -9999 -9999 -9999 -9999 -9999 -9999 -9999 3.62797E-1 3.40448E-1 4.88745E-1 2.40663E-1 3.5314E-1 3.97206E-1 4.14691E-1 3.45322E-1 3.19032E-1 5.13094E-1 2.44361E-1 2.12025E-1 3.33265E-1 5.64043E-1 3.78272E-1 1.95388E-1 1.34424E-2 1.56723E-3 1.91639E-2 3.29334E-2 2.49584E-2 2.51838E-2 3.52224E-2 3.8013E-2 2.2503E-1 4.26751E-1 3.03321E-1 1.19601E-1 3.18277E-1 4.08389E-1 1.93752E-1 1.60484E-1 3.44904E-1 3.01977E-1 1.23172E-1 4.52937E-1 2.23436E-1 2.83619E-1 1.14637E-1 2.37792E-1
-9999 -9999 -9999 -9999 -9999 -9999 -9999 -9999 -9999 -9999 -9999 -9999 -9999 -9999 -9999 -9999 -9999 -9999 4.58995E-1 4.21097E-1 6.0752E-1 4.29095E-1 5.66457E-1 4.63579E-1 3.17397E-1 3.2465E-1 4.78146E-1 4.17897E-1 1.74687E-1 3.03148E-1 3.50466E-1 5.43962E-1 1.89434E-1 5.43481E-2 1.45589E-2 6.50764E-3 5.08486E-3 1.3869E-2 1.65581E-2 7.38695E-2 1.46013E-1 1.87635E-1 4.15457E-1 4.24601E-1 2.12129E-1 2.57112E-1 3.99763E-1 5.92682E-1 5.18283E-1 5.23459E-1 5.28436E-1 2.34537E-1 1.27041E-2 3.22956E-1 4.39623E-1 4.70367E-1 3.20454E-1 4.22948E-1
-9999 -9999 -9999 -9999 -9999 -9999 -9999 -9999 -9999 -9999 -9999 -9999 -9999 -9999 -9999 -9999 -9999 -9999 -9999 2.30804E-1 4.05144E-1 7.25418E-1 7.732E-1 6.72606E-1 6.16248E-1 5.90884E-1 5.17292E-1 1.56409E-1 3.87125E-1 1.78291E-1 1.12857E-1 1.8812E-1 1.32547E-1 5.24289E-2 2.17605E-2 6.75976E-3 6.72839E-3 1.60629E-2 5.79974E-2 1.77688E-1 3.19034E-1 5.56026E-1 7.72549E-1 6.81246E-1 4.68959E-1 2.18072E-1 2.27355E-1 5.33467E-1 2.56401E-1 4.06092E-1 5.79378E-1 1.04168E-1 5.27221E-2 3.93606E-1 5.00996E-1 5.94608E-1 4.76578E-1 3.51231E-1
-9999 -9999 -9999 -9999 -9999 -9999 -9999 -9999 -9999 -9999 -9999 -9999 -9999 -9999 -9999 -9999 -9999 -9999 -9999 -9999 5.51076E-1 6.00745E-1 6.87675E-1 6.73096E-1 5.74201E-1 4.80586E-1 5.38264E-1 2.82827E-1 2.29305E-1 5.70087E-2 3.41E-2 2.40533E-2 6.03701E-2 6.68451E-2 4.15897E-2 4.40816E-2 4.61244E-2 5.62773E-2 1.05724E-1 1.85935E-1 2.9945E-1 6.28326E-1 8.07862E-1 7.60968E-1 6.72489E-1 3.95761E-1 1.03779E-1 2.67515E-2 9.74183E-2 3.88543E-1 4.58665E-1 3.32439E-1 4.19361E-1 6.40395E-1 5.4162E-1 6.97475E-1 5.64621E-1 2.38752E-1
-9999 -9999 -9999 -9999 -9999 -9999 -9999 -9999 -9999 -9999 -9999 -9999 -9999 -9999 -9999 -9999 -9999 -9999 -9999 -9999 -9999 3.4537E-1 4.57522E-1 4.42865E-1 2.82291E-1 4.40626E-1 3.69201E-1 1.94377E-1 3.50943E-2 7.37523E-3 1.44677E-2 9.33596E-3 2.20289E-2 5.90424E-2 6.94381E-2 1.33071E-1 1.8999E-2 8.85094E-2 1.66253E-1 2.27685E-1 3.09524E-1 4.24665E-1 6.45933E-1 7.42033E-1 7.29285E-1 5.6625E-1 3.5998E-1 1.16494E-1 9.38573E-2 2.52452E-1 4.84781E-1 4.09295E-1 4.98737E-1 4.65167E-1 5.16022E-1 6.5828E-1 7.26845E-1 4.81673E-1
-9999 -9999 -9999 -9999 -9999 -9999 -9999 -9999 -9999 -9999 -9999 -9999 -9999 -9999 -9999 -9999 -9999 -9999 -9999 -9999 -9999 2.98156E-1 5.80886E-1 6.89787E-1 5.25103E-1 6.55238E-1 1.74225E-1 1.55763E-1 6.09717E-2 1.43358E-2 8.65308E-3 7.89647E-3 9.40783E-3 2.12508E-2 8.17533E-2 2.89867E-1 1.88004E-1 1.57894E-1 7.42468E-2 6.49493E-2 8.06016E-2 2.09075E-1 4.06515E-1 5.2895E-1 6.47002E-1 4.89071E-1 3.35237E-1 2.15111E-1 1.331E-1 3.30284E-1 2.95531E-1 5.10857E-1 5.11151E-1 6.26205E-1 7.41447E-1 6.04044E-1 6.92103E-1 6.75117E-1
-9999 -9999 -9999 -9999 -9999 -9999 -9999 -9999 -9999 -9999 -9999 -9999 -9999 -9999 -9999 -9999 -9999 -9999 -9999 -9999 -9999 1.45738E-1 4.20153E-1 3.51236E-1 5.83223E-1 4.17382E-1 2.04782E-1 1.60365E-1 1.13329E-1 1.63613E-2 3.72911E-3 1.23421E-3 3.12201E-3 1.0576E-1 1.7848E-1 5.00766E-1 3.60129E-1 1.47243E-1 1.99355E-1 2.49149E-1 3.35815E-1 1.91971E-1 3.4958E-2 3.38434E-2 1.23203E-1 2.72836E-1 6.11348E-2 5.86552E-2 2.33683E-2 5.68518E-2 2.55888E-1 2.8023E-1 6.01275E-2 8.05595E-2 3.68011E-1 4.98196E-1 7.64871E-1 6.5618E-1
-9999 -9999 -9999 -9999 -9999 -9999 -9999 -9999 -9999 -9999 -9999 -9999 -9999 -9999 -9999 -9999 -9999 -9999 -9999 -9999 8.40674E-2 2.09557E-1 1.91567E-1 4.44377E-1 6.49294E-1 3.61341E-1 3.26888E-1 1.99932E-1 4.7698E-2 1.11365E-2 4.82573E-3 4.50814E-4 1.53606E-3 7.42687E-2 5.2975E-2 2.48862E-1 3.29955E-1 2.37295E-1 4.65736E-1 3.34095E-1 2.86824E-1 2.93977E-1 8.94396E-2 1.07076E-1 1.23836E-1 1.70561E-1 7.70095E-2 9.29141E-3 4.2387E-3 1.91245E-2 1.01938E-1 1.01217E-1 6.27126E-3 2.81558E-2 2.26106E-1 7.59479E-1 7.1856E-1 7.28835E-1
-9999 -9999 -9999 -9999 -9999 -9999 -9999 -9999 -9999 -9999 -9999 -9999 -9999 -9999 -9999 -9999 -9999 -9999 -9999 -9999 1.18984E-1 1.76472E-1 2.25712E-1 2.54175E-1 3.95124E-1 2.39881E-1 1.47856E-1 8.52455E-2 2.26453E-2 7.13197E-3 7.25423E-3 2.35093E-3 6.22468E-3 1.6544E-1 3.90441E-1 6.53888E-1 7.03732E-1 3.53961E-1 5.69099E-1 2.02878E-1 1.19862E-1 2.32685E-1 1.34968E-1 6.33073E-2 7.76579E-2 8.23823E-2 4.79021E-2 1.12461E-2 5.9276E-3 1.17412E-2 1.67938E-2 4.06924E-2 5.91603E-3 2.42442E-1 3.48403E-1 6.95264E-1 7.749E-1 4.67213E-1
-9999 -9999 -9999 -9999 -9999 -9999 -9999 -9999 -9999 -9999 -9999 -9999 -9999 -9999 -9999 -9999 -9999 -9999 -9999 -9999 7.16032E-2 9.85077E-2 6.43685E-2 7.54111E-2 1.52802E-1 1.09049E-1 1.41766E-1 1.34541E-2 4.5988E-3 3.41817E-3 3.06081E-2 9.79664E-2 1.45162E-1 2.33399E-1 4.82181E-1 7.04085E-1 7.5334E-1 5.0588E-1 4.44257E-1 3.19807E-1 1.48505E-1 1.8491E-1 1.85254E-1 1.16811E-1 1.40062E-1 8.72936E-2 3.41852E-2 1.96889E-2 1.36382E-2 1.71289E-2 1.86513E-2 4.39541E-2 3.25599E-2 2.48535E-1 5.28032E-1 7.19169E-1 6.50394E-1 5.18339E-1
-9999 -9999 -9999 -9999 -9999 -9999 -9999 -9999 -9999 -9999 -9999 -9999 -9999 -9999 -9999 -9999 -9999 -9999 -9999 -9999 1.06174E-2 1.10219E-2 2.13171E-2 8.02458E-2 1.22408E-1 8.4055E-2 1.19238E-2 1.0552E-3 2.06966E-3 1.51165E-2 1.21928E-1 2.56829E-1 5.8072E-1 5.84706E-1 5.71137E-1 7.50172E-1 6.25898E-1 4.79153E-1 5.67467E-1 5.04925E-1 2.62574E-1 2.96662E-1 3.60029E-1 1.42942E-1 1.65762E-1 2.04079E-1 1.2619E-1 8.13676E-2 8.34431E-2 6.36752E-2 7.78402E-2 1.46038E-1 1.16253E-1 4.56686E-2 2.64493E-1 6.8635E-1 7.41861E-1 4.5784E-1
-9999 -9999 -9999 -9999 -9999 -9999 -9999 -9999 -9999 -9999 -9999 -9999 -9999 -9999 -9999 -9999 -9999 -9999 -9999 -9999 5.51513E-4 4.67667E-3 3.04874E-2 6.09312E-2 5.24147E-2 4.41851E-2 6.6647E-3 2.13674E-3 6.87128E-2 1.48611E-1 1.67996E-1 3.63644E-1 6.25891E-1 7.0761E-1 7.28671E-1 5.9654E-1 6.1832E-1 5.93793E-1 5.7227E-1 6.10016E-1 1.44288E-1 4.30068E-2 1.28454E-1 3.66155E-1 2.5471E-1 3.19991E-1 1.18672E-1 2.2967E-1 2.06384E-1 1.83527E-1 1.12976E-1 2.57682E-1 3.62015E-1 5.7722E-2 1.6084E-1 6.80778E-1 8.38852E-1 5.59193E-1
-9999 -9999 -9999 -9999 -9999 -9999 -9999 -9999 -9999 -9999 -9999 -9999 -9999 -9999 -9999 -9999 -9999 -9999 -9999 -9999 -9999 7.79463E-3 6.42642E-2 1.73839E-1 1.1427E-1 6.55695E-2 3.69252E-2 1.20677E-2 7.61237E-2 1.41474E-1 1.66355E-1 2.65539E-1 6.03778E-1 5.77853E-1 2.9261E-1 3.84628E-1 7.64974E-1 6.41708E-1 5.00619E-1 4.27504E-1 2.04918E-1 5.26773E-1 5.60828E-1 2.18994E-1 3.89785E-1 4.88479E-1 3.58586E-1 3.91609E-1 3.31019E-1 2.15765E-1 2.09959E-1 3.10081E-1 4.79763E-1 4.06164E-1 4.00027E-1 4.07364E-1 5.84449E-1 3.82363E-1
-9999 -9999 -9999 -9999 -9999 -9999 -9999 -9999 -9999 -9999 -9999 -9999 -9999 -9999 -9999 -9999 -9999 -9999 -9999 -9999 -9999 1.01491E-3 1.37403E-2 1.9266E-1 1.53544E-1 1.334E-1 1.09675E-1 6.58427E-2 1.0646E-1 1.53116E-1 2.52694E-1 4.79439E-1 4.89905E-1 3.47634E-1 6.0657E-2 1.69573E-1 3.28721E-1 4.38936E-1 7.2213E-1 3.88536E-1 3.90516E-1 7.00129E-1 5.64961E-1 3.32203E-1 2.71521E-1 1.39593E-1 3.57915E-1 4.76424E-1 2.90026E-1 1.17403E-1 1.14045E-1 2.55806E-1 3.61478E-1 6.78914E-1 5.14E-1 2.45504E-1 7.11636E-1 5.4847E-1
-9999 -9999 -9999 -9999 -9999 -9999 -9999 -9999 -9999 -9999 -9999 -9999 -9999 -9999 -9999 -9999 -9999 -9999 -9999 -9999 -9999 -9999 4.65081E-2 2.37415E-1 2.14646E-1 2.159E-1 2.58649E-1 2.41246E-1 2.23158E-1 3.22767E-1 3.19063E-1 1.97666E-1 2.84053E-2 6.1644E-2 1.22242E-1 2.38442E-1 7.24206E-1 4.35597E-1 5.97193E-1 5.10716E-1 2.77682E-1 2.5197E-1 1.91735E-1 5.34939E-1 5.03261E-1 2.16152E-1 2.77094E-1 4.27787E-1 2.39782E-1 6.88014E-2 6.1791E-2 8.23826E-2 1.98681E-1 5.29394E-1 7.0742E-1 8.04317E-1 7.04178E-1 5.52989E-1
-9999 -9999 -9999 -9999 -9999 -9999 -9999 -9999 -9999 -9999 -9999 -9999 -9999 -9999 -9999 -9999 -9999 -9999 -9999 -9999 -9999 -9999 1.66616E-2 9.79498E-2 1.72718E-1 2.09272E-1 1.96397E-1 2.00217E-1 2.96218E-1 3.11679E-1 2.97033E-1 1.80381E-1 4.37896E-2 1.70488E-1 2.60646E-1 2.22713E-1 5.43739E-1 1.54208E-1 6.68218E-1 4.14694E-1 5.87235E-1 2.0046E-1 2.48175E-1 3.89821E-1 6.03179E-1 5.67508E-1 2.89921E-1 3.25279E-1 1.58554E-1 5.54494E-2 1.61045E-1 1.4936E-1 3.59177E-1 3.6148E-1 7.12417E-1 6.43882E-1 4.78245E-1 4.54025E-1
-9999 -9999 -9999 -9999 -9999 -9999 -9999 -9999 -9999 -9999 -9999 -9999 -9999 -9999 -9999 -9999 -9999 -9999 -9999 -9999 -9999 -9999 -9999 2.00222E-2 8.71012E-2 2.40317E-1 1.75609E-1 2.76191E-1 3.2584E-1 5.90054E-1 2.62788E-1 4.94157E-1 4.47025E-1 2.63212E-1 6.59963E-2 2.00904E-2 3.44428E-1 4.97798E-1 6.48538E-1 5.95952E-1 5.97063E-1 4.32238E-1 3.44532E-1 3.08684E-1 1.14361E-1 1.81927E-1 9.46729E-2 2.00466E-1 1.45827E-2 7.08375E-2 1.36799E-1 4.83914E-1 2.79077E-1 3.37428E-1 7.64037E-1 2.23647E-1 9.84672E-2 1.72807E-1
-9999 -9999 -9999 -9999 -9999 -9999 -9999 -9999 -9999 -9999 -9999 -9999 -9999 -9999 -9999 -9999 -9999 -9999 -9999 -9999 -9999 -9999 -9999 1.34444E-1 5.13436E-1 4.57526E-1 2.36538E-1 2.60763E-1 3.08124E-1 6.70896E-1 5.93303E-1 5.16784E-1 2.09956E-1 9.50303E-2 6.04732E-2 4.46509E-2 3.14225E-1 4.93601E-1 6.32882E-1 5.41254E-1 4.90727E-1 5.46858E-1 4.88177E-1 4.36835E-1 1.46055E-1 5.0997E-2 7.77201E-2 2.96071E-2 3.27285E-3 8.5178E-2 1.23375E-1 1.53486E-1 6.73394E-1 6.32646E-1 5.71927E-1 2.64947E-1 5.66442E-3 1.16471E-2
-9999 -9999 -9999 -9999 -9999 -9999 -9999 -9999 -9999 -9999 -9999 -9999 -9999 -9999 -9999 -9999 -9999 -9999 -9999 -9999 -9999 -9999 -9999 2.19748E-1 5.20857E-1 5.09611E-1 5.11892E-1 6.7057E-2 5.73141E-1 5.70913E-1 5.37874E-1 2.6834E-1 8.94982E-2 5.76134E-2 3.52733E-2 6.82641E-2 1.66602E-1 2.71713E-1 5.51949E-1 5.93404E-1 4.74616E-1 6.65941E-1 7.2127E-1 6.60071E-1 4.88226E-1 6.89236E-2 1.6448E-2 6.14717E-2 1.08313E-1 1.42012E-1 7.68089E-2 3.78465E-1 1.44664E-1 5.32107E-1 5.40802E-1 3.52126E-1 1.20791E-1 8.14432E-2
-9999 -9999 -9999 -9999 -9999 -9999 -9999 -9999 -9999 -9999 -9999 -9999 -9999 -9999 -9999 -9999 -9999 -9999 -9999 -9999 -9999 -9999 -9999 -9999 -9999 2.77788E-1 4.22491E-1 3.36588E-1 4.97385E-1 3.28886E-1 1.50787E-1 7.08321E-2 6.16334E-2 2.02606E-2 3.46432E-2 3.69834E-2 5.53627E-2 1.26057E-1 2.303E-1 4.75906E-1 4.94308E-1 7.04952E-1 7.58615E-1 5.26609E-1 4.84519E-1 5.00957E-1 2.55993E-1 2.1013E-1 2.25015E-1 1.38204E-1 3.85018E-1 1.53574E-1 1.70577E-1 4.91275E-1 5.38794E-1 4.76079E-1 3.71657E-1 3.83502E-1
-9999 -9999 -9999 -9999 -9999 -9999 -9999 -9999 -9999 -9999 -9999 -9999 -9999 -9999 -9999 -9999 -9999 -9999 -9999 -9999 -9999 -9999 -9999 -9999 -9999 -9999 1.8278E-1 2.09057E-1 5.12552E-1 2.23728E-1 6.99492E-2 1.91678E-2 9.34601E-3 2.24717E-2 7.57045E-3 8.86705E-3 2.17352E-2 5.04719E-2 1.64514E-2 3.51348E-2 1.11805E-1 2.36507E-1 3.19587E-1 3.18409E-1 2.31177E-1 1.79563E-1 2.15525E-1 2.82021E-1 2.61133E-1 1.195E-1 4.13219E-1 2.34783E-1 3.17645E-1 4.60848E-1 4.74291E-1 5.39626E-1 5.77913E-1 5.5014E-1
-9999 -9999 -9999 -9999 -9999 -9999 -9999 -9999 -9999 -9999 -9999 -9999 -9999 -9999 -9999 -9999 -9999 -9999 -9999 -9999 -9999 -9999 -9999 -9999 -9999 -9999 -9999 4.7581E-1 7.26935E-1 1.80784E-1 6.82348E-2 3.49533E-2 2.5614E-2 1.15472E-2 2.14874E-3 1.50475E-3 5.38317E-3 1.25727E-2 1.20164E-2 5.01604E-3 2.79609E-2 6.54614E-2 3.0302E-1 2.98502E-1 1.28717E-1 1.01098E-1 9.2343E-2 1.94777E-1 3.6606E-1 1.08999E-1 2.50856E-1 7.46765E-2 2.32552E-1 4.33022E-1 1.55564E-1 9.79413E-2 3.78808E-1 2.90274E-1
-9999 -9999 -9999 -9999 -9999 -9999 -9999 -9999 -9999 -9999 -9999 -9999 -9999 -9999 -9999 -9999 -9999 -9999 -9999 -9999 -9999 -9999 -9999 -9999 -9999 -9999 -9999 9.5331E-2 1.24019E-1 3.48144E-2 6.32903E-2 3.24796E-2 2.51864E-2 4.21831E-3 4.21673E-4 2.24741E-4 5.8236E-4 5.67009E-4 3.46439E-4 8.22047E-4 6.11998E-3 8.9606E-3 1.39097E-1 1.35978E-1 2.54438E-2 3.79301E-2 9.1205E-2 2.14939E-1 5.29433E-1 1.44375E-1 3.21058E-1 3.97103E-1 1.77715E-1 4.61792E-1 3.49488E-1 2.26851E-1 1.27405E-1 2.49827E-1
-9999 -9999 -9999 -9999 -9999 -9999 -9999 -9999 -9999 -9999 -9999 -9999 -9999 -9999 -9999 -9999 -9999 -9999 -9999 -9999 -9999 -9999 -9999 -9999 -9999 -9999 -9999 -9999 -9999 -9999 -9999 8.75727E-3 5.49737E-3 1.63214E-3 2.41736E-4 1.70173E-4 5.49413E-4 6.69559E-4 3.04786E-4 3.3782E-4 1.10298E-3 2.9948E-3 2.85094E-2 2.85907E-2 6.10001E-3 2.25394E-2 2.73304E-1 2.13795E-1 3.81482E-1 2.32564E-1 3.72111E-1 2.6922E-1 7.99673E-2 2.33433E-1 4.63836E-1 4.22409E-1 1.36783E-1 3.84247E-1
-9999 -9999 -9999 -9999 -9999 -9999 -9999 -9999 -9999 -9999 -9999 -9999 -9999 -9999 -9999 -9999 -9999 -9999 -9999 -9999 -9999 -9999 -9999 -9999 -9999 -9999 -9999 -9999 -9999 -9999 -9999 -9999 -9999 1.569E-3 3.62024E-4 1.13495E-4 3.50955E-5 3.11771E-4 2.96685E-4 7.53684E-4 2.31397E-3 4.1162E-3 1.06692E-2 1.71636E-2 1.08975E-2 4.0638E-2 1.90123E-1 3.06021E-1 2.66145E-1 2.3425E-1 1.57384E-1 1.05521E-1 2.72176E-1 2.3122E-1 2.88969E-1 3.86103E-1 -9999 -9999
