Phytophthora/models/20240503_1134_59/Phytophthora_PA1_RUN6_MAXENT_outputs/Phytophthora_PA1_RUN6.asc
ncols         113
nrows         135
xllcorner     473009.9838
yllcorner     4429001.1748
cellsize      100.0
NODATA_value  -9999
[rows 78 to 103 of 135, columns 0 to 57 of 113]
-9999 -9999 -9999 2.99963E-2 1.04477E-1 6.46989E-1 9.02365E-1 9.50174E-1 9.6437E-1 9.49322E-1 6.9824E-1 5.65818E-1 6.71762E-1 6.84916E-1 6.50605E-1 3.44424E-1 5.05533E-1 4.82397E-1 8.18839E-1 8.23938E-1 6.32706E-1 3.19341E-1 3.88544E-1 4.79204E-1 3.92444E-1 2.70425E-1 4.09216E-1 4.01757E-1 3.04546E-1 2.16314E-1 2.2434E-1 1.18427E-1 4.24937E-2 7.06184E-3 4.74375E-2 2.53723E-1 3.59847E-1 4.77592E-1 5.46845E-1 5.2093E-1 6.98395E-1 6.02825E-1 6.04163E-1 6.65719E-1 5.01559E-1 5.06503E-1 2.81953E-1 2.0055E-1 5.23082E-1 5.15808E-1 4.32495E-1 3.91995E-1 2.99629E-1 2.49543E-1 1.59471E-1 4.0263E-1 1.61302E-1 1.18618E-1
-9999 -9999 -9999 -9999 1.14886E-1 6.35596E-1 8.81923E-1 8.89728E-1 9.0917E-1 8.77029E-1 6.59258E-1 7.42383E-1 8.45824E-1 8.26377E-1 7.10482E-1 3.21626E-1 5.14506E-1 5.38175E-1 6.54672E-1 4.64391E-1 4.31958E-1 2.29635E-1 1.445E-1 2.01363E-1 3.92254E-1 5.69312E-1 6.32375E-1 3.71824E-1 3.09994E-1 1.84392E-1 1.58335E-1 1.37418E-1 5.78404E-2 1.74988E-2 6.56288E-2 2.22461E-1 3.94636E-1 5.39821E-1 2.02618E-1 4.85831E-1 7.47891E-1 7.65818E-1 7.15762E-1 6.62237E-1 6.78108E-1 5.17284E-1 5.04868E-2 4.78286E-1 3.8499E-1 3.49578E-1 4.56708E-1 4.94325E-1 5.01208E-1 3.83472E-1 1.27707E-1 1.67248E-1 1.60085E-1 5.69469E-2
-9999 -9999 -9999 6.09656E-3 1.29005E-1 6.14689E-1 9.21889E-1 9.49993E-1 9.35811E-1 9.13738E-1 6.95003E-1 7.14875E-1 8.32578E-1 8.40485E-1 5.69784E-1 2.47811E-1 4.38317E-1 4.3734E-1 5.06741E-1 3.98663E-1 3.3189E-1 1.48139E-1 1.67075E-1 1.6972E-1 1.91988E-1 4.13489E-1 5.92245E-1 4.36118E-1 4.9605E-2 1.87073E-1 6.09834E-2 3.35662E-2 1.16671E-1 1.90113E-1 2.07009E-1 3.90741E-1 5.17112E-1 4.61604E-1 2.84512E-1 4.34815E-1 5.31384E-1 4.56019E-1 5.13156E-1 5.31014E-1 5.93165E-1 3.20515E-1 1.41735E-1 2.1761E-1 3.41266E-1 4.52995E-1 3.35437E-1 3.03081E-1 2.61162E-1 2.01539E-1 8.05846E-2 2.69505E-2 4.40736E-2 1.31852E-2
-9999 -9999 5.18259E-3 9.38004E-3 3.73243E-2 5.32124E-1 9.02233E-1 9.47024E-1 9.24204E-1 8.90757E-1 7.3845E-1 6.27771E-1 7.5416E-1 7.97811E-1 4.67947E-1 3.16116E-1 4.25899E-1 5.75027E-1 6.42957E-1 5.51767E-1 4.73055E-1 2.05093E-1 2.62046E-1 2.00142E-1 2.16271E-1 2.87231E-1 4.21283E-1 4.32391E-1 3.32352E-1 4.83351E-2 1.00886E-1 1.29721E-1 4.14077E-1 3.89463E-1 1.956E-1 2.55966E-1 4.24954E-1 9.68036E-2 3.59434E-1 2.83234E-1 3.22484E-1 4.38639E-1 5.08296E-1 5.35473E-1 5.3268E-1 1.27826E-1 3.60443E-2 7.8247E-2 1.15416E-1 2.76813E-1 3.39163E-1 1.96687E-1 1.11494E-1 1.06258E-1 3.64911E-2 3.5005E-3 2.89908E-3 8.62247E-4
-9999 -9999 6.92031E-4 1.06457E-1 2.20667E-1 5.36835E-1 6.27829E-1 7.2379E-1 9.01078E-1 9.05736E-1 7.36643E-1 6.46166E-1 5.9598E-1 6.0707E-1 2.16559E-1 1.82853E-1 2.63123E-1 3.86051E-1 5.5386E-1 5.76738E-1 4.99416E-1 3.62348E-1 4.5694E-1 3.05552E-1 1.62429E-1 2.01088E-1 3.29447E-1 1.50406E-1 8.32798E-2 7.57172E-2 1.42956E-1 2.13605E-1 3.19765E-1 2.48157E-1 3.12086E-1 5.03293E-1 4.86649E-1 1.68848E-1 2.60628E-1 5.30734E-1 2.06106E-1 4.27116E-1 5.70157E-1 5.68224E-1 4.61238E-1 2.8718E-1 6.40513E-2 2.09829E-1 2.62363E-1 2.0132E-1 1.4571E-1 6.85988E-2 9.20443E-2 6.43212E-2 1.21262E-2 2.32493E-3 2.65207E-3 1.2781E-2
-9999 -9999 2.12819E-4 3.1092E-1 5.93981E-1 6.11158E-1 4.56931E-1 5.97135E-1 7.2532E-1 4.18654E-1 5.18194E-1 3.96142E-1 3.34064E-1 2.05757E-1 2.22861E-1 2.71336E-1 4.33676E-1 5.18247E-1 4.14262E-1 3.62826E-1 2.18118E-1 3.79213E-1 4.13575E-1 3.2834E-1 1.50451E-1 1.20572E-1 7.36459E-3 2.90476E-2 5.18327E-2 2.44778E-1 3.67527E-1 3.9644E-1 3.34437E-1 4.09257E-1 4.61125E-1 5.9594E-1 5.99382E-1 5.69843E-1 1.90847E-1 5.61154E-1 4.20408E-1 4.72905E-1 4.5703E-1 4.13003E-1 4.57471E-1 1.62593E-1 2.80076E-1 2.26988E-1 2.0285E-1 1.20478E-1 1.13199E-1 5.31279E-2 4.44839E-2 1.67971E-2 3.95318E-3 8.85714E-3 1.12886E-2 2.93076E-2
-9999 -9999 3.57493E-3 3.9174E-1 5.69471E-1 5.80431E-1 4.62849E-1 3.94049E-1 3.37079E-1 2.1667E-1 1.73117E-1 1.35785E-1 1.68858E-1 2.53049E-1 3.96241E-1 5.05623E-1 5.53579E-1 4.33906E-1 2.55509E-1 2.78717E-1 2.39679E-1 3.5302E-1 2.4712E-1 1.9418E-1 4.1213E-2 2.97891E-2 1.33661E-2 1.59686E-2 9.51035E-2 3.43106E-1 5.5818E-1 6.16565E-1 4.21135E-1 3.80923E-1 5.63363E-1 4.06896E-1 5.06676E-1 6.0405E-1 3.82445E-1 4.73616E-1 4.22052E-1 4.33525E-1 4.28747E-1 4.33024E-1 1.58656E-1 2.84882E-1 4.28271E-1 4.27788E-1 3.78342E-1 3.42417E-1 1.72037E-1 7.88127E-2 3.17341E-2 1.42702E-2 1.84791E-2 5.12046E-2 3.1244E-2 9.8597E-2
-9999 7.03415E-4 1.17066E-2 2.93329E-1 6.83847E-1 6.97239E-1 4.70512E-1 2.18531E-1 1.19514E-1 5.06118E-2 1.05412E-1 1.6603E-1 3.10306E-1 6.17863E-1 5.48931E-1 4.90656E-1 3.24934E-1 2.35921E-1 2.26053E-1 2.13602E-1 1.29054E-1 1.52007E-1 1.03074E-1 4.39868E-2 1.93772E-2 4.11209E-2 2.02459E-2 7.68301E-2 2.25542E-1 2.75122E-1 4.34202E-1 3.64837E-1 3.16606E-1 3.46155E-1 5.6606E-1 3.66468E-1 9.64267E-2 5.8915E-1 4.4618E-1 4.03806E-1 6.27597E-1 5.96435E-1 3.46719E-1 2.89958E-1 1.91608E-1 2.01814E-1 4.80941E-1 6.55854E-1 5.23546E-1 5.36731E-1 3.0479E-1 1.11666E-1 6.95512E-2 1.13514E-2 2.9565E-2 1.23106E-1 1.82139E-1 2.12295E-1
-9999 8.08719E-3 2.5164E-2 3.53101E-1 4.58859E-1 4.08302E-1 2.31308E-1 1.37181E-1 5.19903E-2 6.7975E-2 2.2909E-1 4.44628E-1 4.34875E-1 5.56145E-1 3.67752E-1 3.42731E-1 3.16522E-1 2.24698E-1 2.3152E-1 1.72475E-1 7.54584E-2 2.22541E-2 2.29793E-2 2.65974E-2 4.92745E-2 3.23735E-2 5.1123E-2 1.85732E-1 3.35096E-1 3.01457E-1 2.23897E-1 1.14791E-1 2.58506E-1 3.43541E-1 2.42289E-1 2.95786E-1 3.69728E-1 3.26009E-1 3.34113E-1 5.75204E-1 7.38618E-1 5.28247E-1 1.18837E-1 4.95904E-1 2.67302E-1 3.10417E-1 5.2792E-1 6.00373E-1 4.62396E-1 2.8458E-1 2.55449E-1 1.65327E-1 8.59342E-2 1.34553E-2 8.6856E-3 1.19867E-1 2.01297E-1 2.37361E-1
1.16014E-3 1.44417E-2 5.43112E-2 2.01072E-1 6.47853E-1 6.5354E-1 4.89273E-1 2.04354E-1 1.39929E-1 2.30401E-1 3.05896E-1 4.93828E-1 4.81821E-1 5.16546E-1 2.89466E-1 2.13419E-1 2.29612E-1 1.04709E-1 9.32284E-2 9.84524E-2 6.14256E-2 3.58221E-2 3.46256E-2 1.8662E-2 2.61013E-2 6.99675E-2 2.07475E-1 3.43057E-1 1.72331E-1 3.55204E-1 1.03549E-1 1.21264E-1 2.41378E-1 1.90878E-1 1.4719E-1 3.0248E-1 5.758E-1 4.27413E-1 4.44266E-1 7.08202E-1 6.5498E-1 8.32327E-2 4.15093E-1 5.855E-1 4.30859E-1 4.57634E-1 3.94564E-1 3.1183E-1 1.20574E-1 3.06746E-1 2.70124E-1 1.14839E-1 5.23787E-2 4.12621E-2 4.42246E-2 1.74511E-1 2.81099E-1 2.75212E-1
1.96203E-2 8.73164E-2 1.10576E-1 3.89125E-1 6.6671E-1 5.50507E-1 6.12618E-1 3.36651E-1 3.23163E-1 4.2868E-1 3.79378E-1 5.01269E-1 3.75115E-1 7.05967E-1 4.57264E-1 1.27265E-1 6.22939E-2 9.90002E-2 2.21807E-1 3.28972E-1 2.59039E-1 8.505E-2 9.99278E-2 3.46775E-2 2.92782E-2 2.5844E-1 4.22063E-1 2.60671E-1 5.92489E-2 1.24992E-1 3.14427E-1 4.38484E-1 2.21563E-1 1.70101E-1 2.08568E-1 2.62511E-1 2.42357E-1 1.8044E-1 6.57309E-1 8.21862E-1 7.83708E-1 1.79652E-1 6.61737E-1 5.52382E-1 7.23622E-1 5.73775E-1 1.7225E-1 9.84807E-2 2.23329E-1 4.75733E-1 2.07962E-1 9.56219E-2 6.8291E-2 9.30495E-2 1.23079E-1 2.35147E-1 4.32456E-1 2.61033E-1
-9999 1.3186E-1 3.68722E-1 6.91336E-1 5.87781E-1 3.49136E-1 7.0374E-1 4.82014E-1 3.56863E-1 4.80897E-1 4.92145E-1 3.58982E-1 1.09136E-1 6.65656E-1 7.1151E-1 5.39519E-1 1.89803E-1 2.19085E-1 4.86307E-1 5.95658E-1 5.35625E-1 2.57735E-1 3.22158E-1 9.74413E-2 2.41745E-1 3.51539E-1 2.72183E-1 5.22084E-1 3.84109E-1 2.62654E-1 3.43505E-1 5.66266E-1 4.65115E-1 2.59256E-1 2.4901E-1 4.29186E-1 2.54731E-1 2.62629E-1 6.85102E-1 8.15652E-1 7.16568E-1 3.75277E-1 4.94728E-1 7.58585E-1 7.21366E-1 6.70424E-1 2.19976E-1 7.58389E-2 5.61899E-1 4.91386E-1 1.72954E-1 1.0934E-1 2.35829E-2 1.68425E-1 3.13821E-1 4.60214E-1 4.77548E-1 2.85078E-1
-9999 4.40389E-1 6.20726E-1 7.89564E-1 7.90824E-1 3.56565E-1 4.7517E-1 3.12857E-1 3.0299E-1 4.40115E-1 4.88106E-1 4.35837E-1 5.15766E-1 6.21418E-1 7.29991E-1 5.42628E-1 2.64015E-1 2.97416E-1 2.21707E-1 2.43021E-1 3.18455E-1 2.89298E-1 9.85657E-2 1.02577E-1 3.6551E-1 2.62225E-1 5.30087E-1 6.72021E-1 5.0019E-1 1.9459E-1 1.92654E-1 3.69859E-1 5.14464E-1 3.77687E-1 3.85577E-1 4.1987E-1 3.87191E-1 3.79162E-1 6.28444E-1 5.85304E-1 4.41942E-1 1.65045E-1 2.8965E-1 6.0601E-1 6.7841E-1 6.76144E-1 2.75145E-1 1.82184E-1 5.24215E-1 6.35588E-1 3.11725E-1 1.29727E-1 3.83033E-2 2.15653E-1 3.70713E-1 5.46959E-1 5.04108E-1 2.74916E-1
-9999 -9999 -9999 4.24396E-1 4.43407E-1 4.19559E-1 5.64023E-1 3.60395E-1 3.14183E-1 5.68357E-1 4.09363E-1 3.09479E-1 2.18442E-1 2.66596E-1 4.50773E-1 3.7616E-1 4.77729E-1 1.9034E-1 3.84771E-2 1.95635E-1 6.07645E-2 7.02242E-2 7.61776E-2 2.45336E-1 8.82465E-2 1.30053E-1 4.38246E-1 3.47924E-1 1.98558E-1 2.38248E-1 2.86958E-1 1.34559E-1 2.44078E-1 3.44862E-1 4.49909E-1 3.21563E-1 2.1011E-1 1.78031E-1 4.16723E-1 4.85651E-1 1.03723E-1 1.08939E-1 2.27945E-1 4.1535E-1 6.63255E-1 4.23789E-1 7.69414E-2 4.20328E-1 5.6497E-1 5.1435E-1 3.47336E-1 1.7009E-1 1.68138E-1 3.27862E-1 4.30061E-1 5.04691E-1 3.90675E-1 3.11605E-1
-9999 -9999 -9999 -9999 1.70867E-1 2.44497E-1 4.96889E-1 4.80337E-1 5.50338E-1 6.0749E-1 4.85975E-1 2.25135E-1 6.17643E-2 1.15382E-1 1.55947E-1 3.64772E-1 5.20961E-1 1.05234E-1 1.19403E-1 4.40907E-1 1.23267E-1 3.49529E-2 2.72512E-2 2.99682E-1 3.39196E-1 3.28352E-1 1.51055E-1 2.28969E-1 2.18134E-1 1.62414E-1 1.60585E-1 3.53962E-1 3.18387E-1 2.96552E-1 2.78314E-1 2.13831E-1 1.06141E-1 2.73624E-2 7.00845E-3 1.23604E-2 9.54171E-3 9.95674E-2 1.04382E-1 2.14414E-1 4.1004E-1 1.08072E-1 2.77488E-1 3.11419E-1 4.65457E-1 5.74405E-1 4.29322E-1 2.79839E-1 1.97808E-1 2.86577E-1 3.95174E-1 3.34486E-1 1.78941E-1 3.98406E-1
-9999 -9999 -9999 -9999 -9999 -9999 -9999 3.22573E-1 6.7024E-1 8.04924E-1 7.51005E-1 5.85522E-1 4.82791E-1 1.36566E-1 1.22427E-1 3.95703E-1 5.16301E-1 2.49419E-1 2.70172E-1 3.95717E-1 2.00093E-1 1.59427E-2 2.58072E-2 2.92136E-1 3.14824E-1 1.95453E-1 1.79771E-1 2.44373E-1 3.09567E-1 8.86359E-2 1.06111E-1 3.31712E-1 2.40256E-1 1.19796E-1 1.18747E-1 1.39782E-1 1.55058E-1 5.38009E-2 1.59843E-2 1.33413E-2 1.04707E-2 1.75631E-2 3.43931E-2 1.56899E-1 2.24188E-1 1.0928E-1 4.98816E-1 4.4395E-1 4.9125E-1 6.017E-1 5.09425E-1 4.73281E-1 3.57546E-1 3.35744E-1 4.9235E-1 2.91581E-1 2.63361E-1 3.37949E-1
-9999 -9999 -9999 -9999 -9999 -9999 -9999 3.28139E-1 8.40924E-1 8.28243E-1 5.51739E-1 4.64915E-1 2.7687E-1 4.12438E-2 7.08698E-2 2.26975E-1 7.399E-1 5.64106E-1 4.57028E-1 5.2454E-1 2.56884E-1 1.36081E-2 1.27742E-2 1.42727E-1 1.75549E-1 1.80856E-1 1.48677E-1 1.55979E-1 8.18129E-2 6.39882E-2 1.03443E-1 5.80743E-2 4.00794E-2 1.81575E-2 5.16602E-2 7.68894E-2 7.54143E-2 9.77106E-2 6.42392E-2 1.40129E-2 1.53057E-2 2.4497E-2 1.30033E-1 4.83171E-1 1.75405E-1 3.72303E-1 4.09167E-1 4.62287E-1 3.25823E-1 3.43895E-1 4.52169E-1 4.92123E-1 5.68514E-1 2.36693E-1 1.86404E-1 6.90112E-2 3.87337E-1 5.24231E-1
-9999 -9999 -9999 -9999 -9999 -9999 -9999 2.05325E-1 8.2351E-1 6.21243E-1 2.70133E-1 1.91298E-1 3.40514E-2 3.86789E-2 8.91473E-2 2.56424E-1 4.55931E-1 6.57844E-1 5.8202E-1 3.55189E-1 1.93675E-1 1.56997E-2 5.37363E-3 7.17182E-3 6.66918E-2 9.14737E-2 1.16616E-1 1.33008E-1 3.92353E-1 1.04109E-1 3.54586E-2 5.274E-2 2.09089E-2 1.81449E-2 4.24107E-2 1.09492E-1 5.99054E-2 3.0382E-2 1.54725E-2 2.33285E-2 2.74045E-2 1.10599E-1 2.61159E-1 4.83332E-1 3.6159E-1 4.30931E-1 3.24182E-1 3.06523E-1 1.51471E-1 7.11102E-2 1.8591E-1 3.08809E-1 3.89173E-1 2.87669E-1 2.93273E-2 2.14742E-2 4.70138E-2 2.49012E-1
-9999 -9999 -9999 -9999 -9999 -9999 -9999 2.42639E-1 5.32089E-1 3.46759E-1 1.79177E-1 7.03268E-2 2.44559E-2 4.74878E-2 8.07977E-2 5.4778E-1 7.09683E-1 7.82021E-1 5.66149E-1 4.98502E-1 1.04728E-1 1.02168E-2 1.78402E-3 2.5282E-3 1.8477E-2 6.63792E-2 1.3267E-1 6.56404E-2 1.20323E-1 1.39699E-1 5.27791E-2 2.77311E-2 4.16484E-2 1.75193E-1 1.17491E-1 8.33583E-2 4.58321E-2 4.77092E-2 1.02197E-1 1.22412E-1 9.79882E-2 1.27477E-1 1.14649E-1 1.72224E-1 2.6574E-1 3.27935E-1 3.5632E-1 1.28792E-1 4.08366E-2 6.86409E-2 1.12087E-1 9.22225E-2 2.14072E-1 1.38162E-1 4.46549E-2 1.06323E-1 3.46798E-2 2.71463E-1
-9999 -9999 -9999 -9999 -9999 -9999 -9999 -9999 1.11636E-1 1.21569E-1 4.65193E-2 3.00321E-2 1.01439E-1 1.42106E-1 2.14785E-1 7.29002E-1 7.85639E-1 2.61081E-1 2.28694E-1 4.0977E-1 1.01319E-1 2.15179E-3 9.35301E-4 7.60128E-3 2.38642E-2 6.61778E-2 1.30249E-1 1.04578E-1 1.00661E-1 9.23322E-2 3.91934E-2 3.24381E-2 9.10689E-3 4.17425E-1 4.24519E-1 8.49074E-2 5.75099E-2 1.67151E-1 2.92961E-1 1.88137E-1 6.63818E-2 2.81309E-1 2.48425E-1 4.22628E-1 2.8066E-1 2.72468E-1 2.07686E-1 2.54296E-2 1.08478E-1 7.40491E-2 3.98084E-2 2.81615E-2 5.20885E-2 1.82436E-1 2.8495E-1 2.41701E-1 3.22968E-1 3.48798E-1
-9999 -9999 -9999 -9999 -9999 -9999 -9999 -9999 -9999 -9999 -9999 -9999 1.10951E-1 3.08066E-2 1.72704E-1 5.46789E-1 7.23224E-1 1.10541E-1 8.47952E-3 2.35272E-1 5.61739E-2 2.7622E-3 6.2564E-3 3.39761E-2 5.64803E-2 3.31181E-2 1.57461E-2 3.80557E-2 6.03826E-2 9.09099E-2 4.00108E-2 6.07223E-2 1.35311E-1 5.56149E-1 4.02519E-1 7.81046E-2 8.51397E-2 1.20241E-1 2.62836E-1 2.39618E-1 9.56439E-2 8.23172E-2 9.54654E-2 1.9473E-1 7.74588E-2 9.17361E-2 4.05418E-2 2.11448E-2 3.89712E-2 2.67871E-2 1.12358E-2 3.68345E-2 3.06042E-2 1.02477E-1 5.63976E-1 5.59355E-1 4.63816E-1 2.20681E-1
-9999 -9999 -9999 -9999 -9999 -9999 -9999 -9999 -9999 -9999 -9999 -9999 -9999 2.65255E-2 2.13554E-1 6.48191E-1 5.64135E-1 5.24448E-1 4.21044E-1 4.95746E-1 1.50976E-1 4.83035E-3 1.95798E-3 3.30111E-2 5.2166E-2 1.17106E-2 6.49462E-3 1.31107E-2 1.83297E-2 6.12627E-2 2.3838E-2 1.21576E-1 4.30305E-1 3.12092E-1 1.69254E-1 1.53472E-1 1.00294E-1 1.83126E-1 5.39482E-1 2.16709E-1 1.93416E-2 1.01427E-2 2.21245E-2 3.76181E-2 1.22128E-1 1.21108E-1 6.15774E-2 1.52787E-2 8.87693E-3 1.04953E-2 2.81099E-2 4.90951E-2 6.13675E-2 3.47441E-1 5.16195E-1 4.12064E-1 4.44205E-1 3.0748E-1
-9999 -9999 -9999 -9999 -9999 -9999 -9999 -9999 -9999 -9999 -9999 -9999 7.46985E-2 2.23569E-1 1.18893E-1 6.203E-1 7.25173E-1 7.28354E-1 6.21842E-1 6.78587E-1 1.54357E-1 1.75376E-2 3.74424E-3 8.52605E-3 4.742E-3 1.88822E-2 3.11406E-2 8.59743E-3 3.62585E-2 3.09132E-2 8.91133E-2 1.92268E-1 1.69059E-1 2.59798E-1 1.00843E-1 3.62092E-2 1.49282E-1 6.37224E-1 5.1088E-1 2.14118E-1 4.16984E-2 1.20053E-2 2.42944E-2 3.35501E-1 2.85271E-1 3.71148E-2 3.47751E-2 7.78509E-3 6.96119E-3 1.24448E-2 3.0321E-2 8.3125E-2 1.77927E-1 3.97218E-1 3.9914E-1 5.05803E-1 3.85617E-1 1.35218E-1
-9999 -9999 -9999 -9999 -9999 -9999 -9999 -9999 -9999 -9999 -9999 -9999 -9999 3.61561E-2 2.18647E-2 -9999 3.73102E-1 4.77156E-1 3.17799E-1 2.5315E-1 1.18906E-1 5.45216E-2 4.23058E-2 1.28442E-1 1.68975E-1 7.79091E-2 2.49368E-2 1.35773E-2 1.11269E-2 4.52185E-2 1.98853E-1 9.08617E-2 5.61111E-2 2.03905E-1 1.47742E-1 1.22958E-1 3.17164E-1 6.3824E-1 3.422E-1 9.3983E-2 4.54223E-2 4.96141E-2 5.75698E-2 4.69882E-1 3.90733E-1 1.81668E-1 1.36957E-2 3.28994E-2 2.0949E-2 2.38595E-2 4.80133E-2 1.86945E-1 2.66829E-1 3.53062E-1 3.62908E-1 4.40924E-1 4.79147E-1 2.65136E-1
-9999 -9999 -9999 -9999 -9999 -9999 -9999 -9999 -9999 -9999 -9999 -9999 -9999 -9999 -9999 -9999 1.55134E-1 2.39204E-1 1.80898E-1 1.39817E-1 8.2703E-2 2.18329E-2 1.61417E-1 2.97747E-1 3.1607E-1 1.41569E-1 2.06575E-2 2.68002E-2 7.29519E-2 4.36944E-1 2.96444E-1 1.85225E-1 2.46156E-1 1.67683E-1 1.85287E-1 2.55648E-1 2.79041E-1 3.6098E-1 2.29901E-1 7.48341E-2 1.95557E-2 7.61196E-2 4.35752E-1 4.65874E-1 6.9368E-1 4.82801E-1 2.33618E-1 1.10168E-1 8.20579E-2 7.89402E-2 8.50457E-2 2.40103E-1 1.69003E-1 3.45156E-1 5.2778E-1 5.60754E-1 6.08169E-1 3.83741E-1
-9999 -9999 -9999 -9999 -9999 -9999 -9999 -9999 -9999 -9999 -9999 -9999 -9999 -9999 -9999 -9999 -9999 3.99113E-1 3.2459E-1 3.80914E-1 1.11945E-1 2.54558E-2 1.52867E-2 1.55362E-1 2.33003E-1 1.19325E-1 7.04156E-2 3.35157E-1 5.53958E-1 3.87735E-1 2.6436E-1 3.70824E-1 3.27774E-1 2.17621E-1 1.56416E-1 2.57849E-1 4.23854E-1 4.00319E-1 1.49937E-1 5.04165E-2 1.26617E-2 3.65647E-2 4.83641E-1 5.42503E-1 7.47608E-1 6.96112E-1 4.38543E-1 1.80053E-1 8.45162E-2 5.69449E-2 8.98517E-2 1.03754E-1 1.93408E-1 3.78023E-1 3.68852E-1 5.58897E-1 5.9531E-1 4.44869E-1
