Phytophthora/models/20240503_1134_59/Phytophthora_PA1_RUN6_MAXENT_outputs/Phytophthora_PA1_RUN6.asc
ncols         113
nrows         135
xllcorner     473009.9838
yllcorner     4429001.1748
cellsize      100.0
NODATA_value  -9999
[rows 26 to 51 of 135, columns 0 to 57 of 113]
-9999 -9999 -9999 -9999 -9999 -9999 -9999 -9999 -9999 -9999 2.30755E-4 6.1482E-4 4.25206E-3 2.12254E-3 2.09565E-3 1.70704E-3 6.18202E-3 9.57307E-3 1.3155E-2 6.81058E-3 7.4455E-3 4.0826E-3 5.23138E-3 3.87546E-3 6.95075E-3 7.73745E-3 9.93115E-3 1.25957E-2 6.36134E-3 3.31136E-3 3.68999E-4 1.14075E-3 5.16015E-3 4.91384E-2 3.85256E-2 1.35183E-2 1.11954E-2 1.7398E-2 6.81595E-3 4.50113E-3 6.62195E-3 1.01567E-2 1.81015E-2 -9999 -9999 -9999 -9999 -9999 -9999 -9999 -9999 -9999 -9999 -9999 -9999 -9999 -9999 -9999
-9999 -9999 -9999 -9999 -9999 -9999 -9999 -9999 -9999 -9999 1.56113E-5 1.94401E-4 5.4122E-4 3.56456E-4 4.21104E-4 5.22083E-4 2.23407E-3 4.82584E-3 7.57197E-3 3.3727E-3 5.97983E-3 6.57878E-3 9.69756E-3 1.31147E-2 1.19625E-2 7.82062E-3 1.70835E-2 2.49018E-2 1.05627E-2 3.18783E-3 1.2064E-3 1.8393E-3 1.15249E-2 3.15525E-2 2.10772E-2 5.23765E-3 1.23776E-2 1.40336E-2 9.212E-3 3.55568E-3 3.20866E-3 8.08342E-3 3.56717E-2 2.06276E-2 1.97543E-2 3.67415E-2 4.01007E-2 -9999 -9999 -9999 -9999 -9999 -9999 -9999 -9999 -9999 -9999 -9999
-9999 -9999 -9999 -9999 -9999 -9999 -9999 -9999 1.59935E-14 3.34939E-8 3.44595E-5 1.22214E-4 4.61164E-5 2.40003E-5 4.07087E-5 1.83435E-4 1.05641E-3 6.74765E-3 9.5693E-3 1.60848E-2 6.77112E-3 1.18128E-2 1.5463E-2 1.88893E-2 1.74981E-2 2.41164E-2 2.56866E-2 2.69202E-2 1.56701E-2 4.06385E-3 2.11206E-3 1.39302E-3 4.3874E-3 7.57835E-3 4.02194E-3 1.27621E-3 1.79058E-3 1.82933E-2 1.59737E-2 1.11235E-2 6.77463E-3 2.08911E-3 6.53793E-3 1.65274E-2 8.75601E-3 1.05188E-2 4.89417E-2 -9999 -9999 -9999 -9999 -9999 -9999 -9999 -9999 -9999 -9999 -9999
-9999 -9999 -9999 -9999 -9999 -9999 2.254E-10 7.93209E-11 5.27132E-10 5.2514E-6 1.00978E-3 2.02026E-4 3.20031E-4 1.45637E-4 1.23435E-4 3.22804E-4 2.98003E-3 3.84381E-3 6.31714E-3 1.12599E-2 1.31387E-2 1.8984E-2 4.96594E-2 6.68626E-2 8.90139E-2 3.08995E-2 2.54821E-2 2.16192E-2 8.53519E-3 7.26536E-3 4.92371E-3 1.72033E-3 3.51769E-3 4.46886E-3 1.60389E-3 7.27916E-4 9.55111E-4 3.51346E-3 6.50536E-3 9.02033E-3 9.36222E-3 2.25423E-3 5.94058E-3 2.05054E-2 9.91101E-3 2.98731E-3 3.85096E-2 -9999 -9999 -9999 -9999 -9999 -9999 -9999 -9999 -9999 -9999 -9999
-9999 -9999 -9999 -9999 -9999 -9999 4.71941E-7 2.3595E-6 1.70893E-5 3.35776E-4 7.22767E-4 5.65995E-4 2.36878E-4 6.30227E-4 1.29472E-3 2.49822E-3 6.03439E-3 5.25393E-3 5.90514E-3 5.18434E-3 1.08169E-2 1.36887E-2 5.86261E-2 8.39439E-2 5.64235E-2 3.71861E-2 1.7444E-2 1.20078E-2 9.02302E-3 8.36639E-3 1.0165E-2 5.27306E-3 3.16977E-3 1.36493E-3 2.57047E-3 1.32117E-3 4.92703E-3 6.13963E-3 1.05128E-2 9.95819E-3 1.05156E-2 4.92983E-3 1.68293E-2 1.64303E-2 7.83648E-3 1.49442E-2 8.57816E-2 6.4933E-2 -9999 -9999 -9999 -9999 -9999 -9999 -9999 -9999 -9999 -9999
-9999 -9999 -9999 -9999 -9999 -9999 1.60945E-7 5.47046E-6 7.60187E-5 3.10707E-4 9.06681E-5 2.1697E-4 1.03263E-3 2.00357E-3 7.91601E-3 1.44655E-2 1.24729E-2 5.63561E-3 2.88308E-3 3.65391E-3 1.03087E-2 1.7653E-2 2.96025E-2 8.04423E-2 6.00594E-2 1.44208E-2 7.83967E-3 1.84383E-2 3.16383E-2 1.54337E-2 1.14388E-2 1.22508E-2 3.03856E-3 2.0027E-3 3.83641E-3 5.23548E-3 5.7512E-3 2.01551E-2 2.26413E-2 1.64919E-2 1.20911E-2 9.38382E-3 5.48863E-3 1.04543E-2 1.13694E-2 2.31805E-2 9.57917E-2 1.01155E-1 1.39913E-1 -9999 -9999 -9999 -9999 -9999 -9999 -9999 -9999 -9999
-9999 -9999 -9999 -9999 -9999 3.7986E-7 1.39083E-6 1.06778E-5 2.33183E-4 2.21012E-4 5.56895E-5 2.34187E-4 8.04266E-4 3.44236E-3 1.34056E-2 1.24368E-2 1.38961E-2 4.79477E-3 2.15131E-3 4.50321E-3 1.15004E-2 2.90849E-2 6.90645E-2 1.0466E-1 1.74372E-2 5.12304E-3 1.80222E-3 6.94503E-3 9.14338E-3 8.0003E-3 6.55123E-3 6.92605E-3 3.03786E-3 1.62746E-3 5.81044E-3 6.54885E-3 7.14238E-3 2.0367E-2 4.00484E-2 5.16126E-3 2.63365E-3 5.93304E-3 2.34446E-3 1.8234E-2 3.82747E-2 2.01608E-2 3.7268E-2 7.00732E-2 7.96352E-2 1.226E-1 1.29368E-1 -9999 -9999 -9999 -9999 -9999 -9999 -9999
-9999 -9999 -9999 -9999 2.16627E-10 5.94962E-7 3.9958E-7 8.27206E-6 1.17136E-4 3.03099E-4 1.42901E-4 3.0352E-4 1.1153E-3 5.51895E-3 1.6264E-2 1.23737E-2 5.79122E-3 3.80685E-3 3.76651E-3 4.21602E-3 7.16206E-3 3.2353E-2 8.31132E-2 6.64432E-2 2.42688E-2 9.70668E-3 2.2824E-3 3.32377E-3 5.72376E-4 1.73788E-3 5.64783E-3 7.10551E-3 5.66582E-3 4.52669E-3 7.93051E-3 9.12347E-3 8.13059E-3 2.0264E-2 1.22547E-2 2.49097E-3 1.00143E-3 5.73095E-3 7.19168E-3 1.93646E-2 5.50288E-2 2.39425E-2 4.51399E-3 4.89294E-2 6.09307E-2 6.05889E-2 6.83592E-2 1.31278E-1 1.08693E-1 -9999 -9999 -9999 -9999 -9999
-9999 -9999 -9999 -9999 6.75715E-11 3.38264E-7 7.93382E-7 1.34083E-5 1.23249E-4 2.53932E-4 2.08462E-4 6.55985E-4 4.14355E-3 1.20217E-2 7.60924E-3 8.39762E-3 4.02318E-3 2.76719E-3 4.7358E-3 5.16474E-3 8.81382E-3 1.25283E-2 2.83593E-2 4.91669E-2 3.1203E-2 1.31379E-2 3.3903E-3 5.55212E-3 6.70102E-4 9.91054E-4 7.92133E-3 6.22928E-3 3.26878E-3 2.46693E-3 6.86418E-3 8.8429E-3 1.17325E-2 2.1426E-2 1.05712E-2 5.97156E-3 3.62586E-3 1.1301E-2 1.21059E-2 1.908E-2 5.72817E-2 2.48748E-2 2.28953E-2 6.94239E-3 1.7343E-2 3.8375E-2 1.44422E-2 3.91388E-2 1.4481E-1 -9999 -9999 -9999 -9999 -9999
-9999 -9999 -9999 -9999 -9999 -9999 -9999 -9999 2.15001E-4 1.4867E-4 1.52576E-3 3.04272E-3 6.24422E-3 8.49031E-3 6.69988E-3 4.54388E-3 5.02269E-3 3.7532E-3 3.25859E-3 3.09819E-3 3.4283E-3 5.36223E-3 1.42032E-2 2.85744E-2 2.25928E-2 1.16545E-2 6.47321E-3 3.29357E-3 4.71433E-4 7.33908E-4 8.40964E-3 3.40899E-3 1.04307E-3 8.13127E-4 1.57781E-3 1.97926E-3 5.16096E-3 4.66399E-3 3.05519E-3 4.97529E-3 5.56079E-3 6.49245E-3 4.85903E-3 1.03755E-2 4.75341E-2 4.70649E-2 3.20689E-2 2.76473E-2 2.82832E-3 2.08494E-2 1.77662E-2 4.26729E-2 4.15089E-2 1.18909E-1 -9999 -9999 -9999 -9999
-9999 -9999 -9999 -9999 -9999 -9999 -9999 -9999 -9999 -9999 1.26725E-3 2.60404E-3 2.83775E-3 2.56231E-3 5.83905E-3 8.35296E-3 1.05909E-2 1.07651E-2 7.47348E-3 3.08015E-3 5.24083E-3 5.5893E-3 8.05465E-3 1.57736E-2 2.46177E-2 3.34864E-2 9.52174E-3 5.73666E-3 7.51058E-4 1.09492E-3 5.56923E-3 4.83663E-3 6.46045E-4 6.10851E-4 3.52101E-3 2.94199E-3 3.9947E-3 7.07429E-3 9.08235E-3 9.1568E-3 6.48598E-3 9.25546E-3 2.6021E-2 5.20225E-2 3.40922E-2 7.36853E-2 4.8393E-2 1.45094E-2 1.97575E-2 7.92608E-2 2.71663E-2 9.57581E-2 8.66722E-2 7.59445E-2 -9999 -9999 -9999 -9999
-9999 -9999 -9999 -9999 -9999 -9999 -9999 -9999 -9999 -9999 -9999 2.8494E-3 1.96605E-3 2.43115E-3 7.80318E-3 1.02304E-2 1.15865E-2 1.10491E-2 7.30714E-3 3.50167E-3 6.22221E-3 3.63692E-3 1.52968E-2 2.6336E-2 5.78027E-2 6.3272E-2 3.13918E-2 1.47177E-2 4.1855E-3 4.2168E-3 2.2403E-3 3.21415E-3 1.02914E-3 2.0684E-3 1.323E-2 1.2585E-2 7.31661E-3 9.27776E-3 1.11722E-2 1.74918E-2 1.47975E-2 2.73244E-2 1.14771E-2 2.59979E-2 2.61715E-2 5.55051E-2 8.4199E-2 1.0009E-1 6.62541E-2 6.96349E-2 3.73226E-2 6.0922E-2 2.27738E-1 2.25519E-1 1.45342E-1 -9999 -9999 -9999
-9999 -9999 -9999 -9999 -9999 -9999 -9999 -9999 -9999 -9999 -9999 -9999 1.41228E-3 5.53909E-3 6.14186E-3 3.66439E-3 2.49457E-3 2.61222E-3 4.32614E-3 8.93899E-3 8.33331E-3 1.66384E-2 5.11272E-2 4.43508E-2 3.37768E-2 3.73845E-2 2.56284E-2 3.41989E-2 1.56E-2 2.77409E-3 8.71429E-4 1.39657E-3 2.22431E-3 8.04149E-3 1.36047E-2 1.51977E-2 1.12659E-2 8.33137E-3 3.69143E-3 1.71335E-2 2.8039E-2 1.87707E-2 1.5895E-2 3.3779E-2 1.49222E-1 6.74016E-2 1.39821E-1 1.20099E-1 2.08918E-1 1.38095E-1 1.08088E-1 5.45958E-2 2.58835E-1 2.679E-1 2.23703E-1 1.39113E-1 7.14183E-2 -9999
-9999 -9999 -9999 -9999 -9999 -9999 -9999 -9999 -9999 -9999 -9999 -9999 -9999 -9999 9.58248E-4 6.02686E-4 7.72264E-4 1.48738E-3 3.20196E-3 1.02545E-2 6.50456E-3 6.69159E-3 2.25436E-2 3.23407E-2 2.9685E-2 4.45507E-2 2.91739E-2 2.28566E-2 4.31605E-3 1.89632E-3 3.43793E-3 1.07736E-3 2.15008E-3 5.30473E-3 1.0674E-2 3.70503E-2 3.27081E-2 2.41475E-2 1.9474E-2 1.68427E-2 2.17232E-3 1.54859E-2 2.6951E-3 3.13837E-2 8.61708E-2 7.50656E-2 1.39261E-1 2.83734E-1 2.39604E-1 1.95841E-1 2.0301E-1 9.41635E-2 2.77972E-1 3.22522E-1 3.04971E-1 2.03561E-1 1.65337E-1 -9999
-9999 -9999 -9999 -9999 -9999 -9999 -9999 -9999 -9999 -9999 -9999 -9999 -9999 -9999 -9999 5.09468E-5 6.32775E-4 3.33075E-3 7.49493E-3 1.3724E-2 1.11113E-2 1.50769E-3 4.37661E-3 7.63341E-3 6.13782E-3 2.78344E-3 1.5912E-3 5.05072E-3 3.75929E-3 6.84226E-4 1.83094E-3 4.9259E-4 6.37139E-4 4.06459E-3 5.72046E-3 1.91277E-2 1.82089E-2 1.93866E-2 1.13054E-2 1.06119E-2 9.81104E-4 1.13838E-3 2.3824E-3 9.66022E-3 2.46237E-2 4.24361E-2 8.72882E-2 1.77848E-1 2.82879E-1 1.20338E-1 1.14867E-1 1.95608E-1 2.17399E-1 1.30024E-1 4.14394E-1 1.29266E-1 2.48873E-1 9.58003E-2
-9999 -9999 -9999 -9999 -9999 -9999 -9999 -9999 -9999 -9999 -9999 -9999 -9999 -9999 -9999 -9999 1.45117E-3 2.2715E-3 9.68808E-3 1.37978E-2 2.48437E-3 6.3602E-4 1.21878E-3 1.25349E-3 5.54404E-4 3.64388E-4 2.81593E-4 3.3793E-4 9.46505E-4 3.30802E-4 1.87209E-3 2.04038E-3 4.34476E-4 1.4335E-3 1.00886E-2 9.0886E-3 1.26094E-2 2.15115E-2 3.67048E-2 2.43149E-2 1.5349E-2 6.98211E-4 4.57701E-3 4.30238E-3 1.56317E-2 5.75087E-2 6.94187E-2 1.30051E-1 9.54517E-2 1.26572E-1 1.35684E-1 2.16605E-1 1.60692E-1 9.11663E-2 1.01971E-1 6.38361E-2 7.48795E-2 2.51061E-2
-9999 -9999 -9999 -9999 -9999 -9999 -9999 -9999 -9999 -9999 -9999 -9999 -9999 -9999 -9999 -9999 5.61768E-3 1.87805E-2 2.01304E-2 1.07123E-2 9.71442E-4 4.65176E-4 9.24583E-4 1.85433E-3 1.45368E-3 8.96694E-4 3.86529E-4 4.22097E-4 3.36482E-4 5.87235E-4 1.69385E-3 3.27483E-3 1.39759E-3 1.19189E-3 1.21476E-2 2.2245E-2 4.39969E-2 4.50506E-2 7.6726E-2 8.94701E-2 6.82494E-2 8.11611E-3 1.69414E-2 4.33859E-2 2.87343E-2 6.65904E-2 5.75894E-2 7.84257E-2 5.17022E-2 8.94349E-2 1.94155E-1 2.3248E-1 1.22205E-1 2.24251E-1 2.84254E-1 2.22301E-1 1.28791E-1 3.03773E-2
-9999 -9999 -9999 -9999 -9999 -9999 -9999 -9999 -9999 -9999 -9999 -9999 -9999 -9999 -9999 -9999 5.83775E-3 3.28274E-2 1.19875E-2 7.56324E-3 2.25167E-3 1.43796E-3 1.65339E-3 7.96158E-4 7.63002E-4 3.67118E-4 7.5755E-4 1.04131E-3 9.44176E-4 1.75788E-3 1.64631E-3 3.27752E-3 3.60978E-3 2.23302E-3 6.78235E-3 2.51705E-2 6.74774E-2 6.28679E-2 8.76004E-2 1.13257E-1 9.02393E-2 7.00733E-2 1.11971E-1 2.33615E-2 4.99785E-2 6.39086E-2 8.66552E-2 1.39772E-1 1.82461E-1 2.97762E-1 3.03622E-1 1.94474E-1 9.33797E-2 1.67278E-1 1.24198E-1 2.95433E-1 6.40869E-2 2.76117E-2
-9999 -9999 -9999 -9999 -9999 -9999 -9999 -9999 -9999 -9999 -9999 -9999 -9999 -9999 -9999 -9999 1.05829E-2 2.87897E-2 2.61306E-2 1.37934E-2 1.43846E-2 3.87064E-3 3.84947E-3 1.2481E-3 3.89729E-4 1.52896E-4 5.08566E-4 8.02715E-4 6.26366E-4 2.0954E-3 2.98249E-3 4.79632E-3 1.2164E-2 7.97639E-3 8.30706E-3 1.961E-2 4.89846E-2 9.99684E-2 9.87419E-2 5.7953E-2 6.24475E-2 9.9254E-2 8.2392E-2 2.80885E-2 3.27973E-2 6.4289E-2 1.16E-1 6.673E-2 8.21205E-2 1.00341E-1 4.13507E-1 1.72369E-1 7.08871E-2 2.20655E-1 1.86445E-1 1.3798E-1 5.28845E-2 2.57787E-2
-9999 -9999 -9999 -9999 -9999 -9999 -9999 -9999 -9999 -9999 3.06627E-2 1.89454E-1 3.16865E-3 1.12016E-8 1.17395E-3 6.13672E-2 2.71356E-2 2.24882E-2 1.14209E-2 8.8375E-3 2.27956E-2 1.25264E-2 1.13996E-2 1.97804E-3 1.04235E-3 5.95428E-5 1.34494E-4 1.12216E-4 1.74061E-4 3.44088E-4 2.56501E-3 3.46934E-3 6.83866E-3 1.07644E-2 7.26577E-3 1.64404E-2 3.2252E-2 5.25321E-2 1.37359E-1 7.95559E-2 3.24572E-2 3.00852E-2 5.10042E-2 3.57602E-2 3.68572E-2 -9999 -9999 3.66214E-2 1.59844E-2 2.35186E-2 3.32949E-1 3.38083E-1 1.73796E-1 9.48872E-2 2.41446E-1 1.7411E-1 8.18285E-2 2.9273E-2
-9999 -9999 -9999 -9999 -9999 -9999 -9999 1.00572E-8 1.03614E-8 1.05173E-4 5.28912E-2 2.26532E-1 1.16832E-2 1.97968E-6 2.3447E-3 8.62974E-2 2.37617E-2 1.56087E-2 4.96709E-3 8.64225E-3 2.25317E-2 1.97121E-2 1.06844E-2 2.40518E-3 1.64959E-3 5.94795E-5 6.0514E-5 8.19434E-5 1.56027E-5 9.17628E-5 1.52406E-3 4.76232E-3 4.09042E-3 7.5269E-3 6.71279E-3 1.98107E-2 4.37431E-2 4.90912E-2 7.84066E-2 4.82483E-2 1.0303E-2 5.64709E-2 5.07604E-2 1.9786E-2 3.4618E-2 -9999 -9999 7.1434E-2 4.11109E-2 3.81401E-2 2.65488E-1 2.20473E-1 3.40572E-2 4.87999E-2 9.54107E-2 4.84545E-2 4.4767E-2 5.87791E-2
-9999 -9999 -9999 -9999 -9999 2.55522E-4 1.05594E-3 6.01898E-3 1.96857E-2 1.03674E-1 1.00055E-1 2.33557E-1 1.9278E-1 3.69968E-2 1.06418E-1 8.27445E-2 2.60382E-2 1.40867E-2 1.93997E-3 1.04628E-2 1.8746E-2 1.50601E-2 1.04571E-2 5.93146E-3 2.30212E-3 2.34466E-4 9.40179E-4 6.56878E-4 9.16457E-5 9.77887E-5 9.62978E-4 2.17727E-3 3.35874E-3 1.1808E-2 1.36458E-2 3.8633E-2 4.3966E-2 3.97565E-2 5.40767E-2 1.50281E-2 4.37946E-3 2.86618E-2 1.98861E-2 1.4053E-2 2.06707E-2 -9999 -9999 8.18592E-2 5.53038E-2 -9999 -9999 2.08562E-2 6.75802E-3 2.33773E-2 6.17808E-2 3.62379E-2 6.31626E-2 6.38586E-2
-9999 -9999 -9999 -9999 -9999 3.95412E-2 1.28725E-1 1.77979E-1 1.83616E-1 1.23029E-1 6.4109E-2 1.13633E-1 1.99691E-1 2.68725E-1 1.46455E-1 5.66731E-2 3.3324E-2 1.12284E-2 1.38974E-3 9.2595E-3 2.15884E-2 1.74385E-2 9.63334E-3 1.09518E-2 4.8499E-3 8.1439E-4 2.26994E-3 2.5637E-3 5.31065E-4 5.36448E-4 1.47362E-3 9.24683E-4 2.22175E-3 2.96687E-3 1.39341E-2 3.32181E-2 4.7346E-2 4.27809E-2 2.62714E-2 2.2547E-3 8.39155E-3 2.28512E-2 1.3884E-2 1.54528E-2 2.93626E-2 1.7105E-2 -9999 -9999 -9999 -9999 -9999 8.81753E-2 1.62002E-2 5.32765E-2 3.9149E-2 5.843E-2 1.9931E-2 6.30557E-2
-9999 -9999 -9999 -9999 -9999 2.325E-2 1.45449E-1 2.1597E-1 1.80529E-1 1.51615E-1 1.14243E-1 5.48827E-2 5.70072E-2 8.01714E-2 5.80471E-2 6.23076E-2 3.99331E-2 1.94087E-2 5.0653E-3 1.10922E-2 5.25227E-3 2.05923E-3 7.80768E-3 1.01946E-2 6.6262E-3 3.53399E-3 1.12042E-2 1.30421E-2 7.44291E-3 6.29331E-3 4.66579E-3 2.45616E-3 4.33946E-3 5.24563E-3 4.21195E-3 4.1663E-2 6.69712E-2 3.88193E-2 1.44672E-2 6.6843E-3 4.50945E-3 2.8042E-2 3.07737E-2 5.41875E-2 1.04719E-1 6.38475E-2 -9999 -9999 -9999 -9999 4.86984E-2 5.54918E-2 5.34048E-2 7.82513E-2 9.82237E-2 1.20478E-2 7.10453E-2 7.12476E-2
-9999 -9999 -9999 -9999 -9999 3.72892E-2 1.69077E-1 3.52289E-1 3.86723E-1 2.49405E-1 9.16491E-2 3.04294E-2 2.68744E-2 4.48688E-2 3.71864E-2 4.72584E-2 5.55545E-2 1.40419E-2 8.10817E-3 1.43615E-2 4.08915E-3 2.09482E-3 9.64767E-3 6.18098E-3 6.01561E-3 6.70209E-3 1.2117E-2 1.23334E-2 6.38196E-3 1.3123E-2 1.04879E-2 7.55306E-3 8.77347E-3 1.28902E-2 1.3954E-2 5.77094E-2 8.57854E-2 2.11558E-2 3.27413E-2 1.07911E-2 6.70211E-3 1.22845E-2 3.61333E-2 1.17735E-1 1.63189E-1 1.31624E-1 6.05607E-2 -9999 -9999 9.12415E-2 2.64201E-2 6.12539E-2 3.93874E-2 1.26545E-1 1.52553E-1 1.02574E-1 1.32728E-1 1.16251E-1
-9999 -9999 -9999 -9999 -9999 8.19958E-2 2.66735E-1 5.10651E-1 5.07696E-1 1.82088E-1 3.51595E-2 8.41065E-3 1.52507E-2 2.1982E-2 4.84419E-2 4.57294E-2 3.45489E-2 8.43502E-3 4.93923E-3 6.22983E-3 1.62657E-3 6.88282E-4 5.25519E-3 1.00985E-2 2.69047E-3 1.5488E-3 2.90331E-3 5.80289E-3 1.50496E-3 4.88989E-3 9.224E-3 1.19624E-2 2.39779E-2 1.02687E-2 2.54945E-2 8.69074E-2 1.30146E-1 3.55882E-2 1.05163E-2 4.14847E-2 2.34955E-2 2.02899E-2 4.2839E-2 4.72065E-2 2.50931E-2 2.02631E-2 6.0272E-2 -9999 2.48297E-1 7.67132E-2 1.91849E-2 5.08961E-2 4.08988E-2 1.68505E-1 2.30521E-2 8.6481E-2 8.57295E-2 2.37334E-1
