Phytophthora/models/20240503_1134_59/Phytophthora_PA1_RUN6_MAXENT_outputs/Phytophthora_PA1_RUN6.asc
ncols         113
nrows         135
xllcorner     473009.9838
yllcorner     4429001.1748
cellsize      100.0
NODATA_value  -9999
[rows 52 to 77 of 135, columns 0 to 57 of 113]
-9999 -9999 -9999 -9999 -9999 1.95562E-1 4.92035E-1 5.51968E-1 2.82762E-1 7.58195E-2 3.0495E-2 1.17713E-2 2.28175E-2 2.74003E-2 4.04364E-2 3.54246E-2 1.95518E-2 2.11557E-2 1.99293E-2 9.80144E-3 3.71761E-3 1.09058E-3 1.89825E-3 1.91461E-3 2.59584E-3 1.5121E-3 1.00383E-3 1.09864E-3 3.45143E-4 1.44919E-3 6.74077E-3 1.987E-2 2.37452E-2 3.24717E-2 3.51581E-2 4.44907E-2 3.2432E-2 8.79436E-3 3.42789E-2 5.04557E-2 3.94477E-2 2.35888E-2 1.76772E-2 1.97994E-2 1.0509E-2 2.45003E-2 1.89075E-2 1.05995E-2 6.02676E-2 2.10626E-1 1.48268E-1 1.5018E-1 1.74423E-1 1.26252E-1 4.27944E-2 5.10231E-2 7.47743E-2 1.89674E-1
-9999 -9999 -9999 -9999 -9999 2.95989E-1 7.33718E-1 3.77263E-1 1.98401E-1 7.48069E-2 1.15167E-1 6.0422E-2 5.01909E-2 3.0624E-2 2.76475E-2 1.95682E-2 1.66398E-2 2.54237E-2 2.15659E-2 2.63166E-2 1.20722E-2 6.27146E-3 9.74742E-3 2.87557E-3 5.8152E-3 6.69107E-3 3.18052E-3 3.61637E-4 1.3816E-4 6.27472E-4 5.05321E-3 2.2983E-2 4.4616E-2 2.06378E-2 1.9415E-2 1.7087E-2 1.2794E-2 5.31562E-3 1.24168E-2 3.47849E-2 1.8752E-2 1.45856E-2 1.48684E-2 3.14229E-3 8.27738E-3 1.85787E-2 2.58124E-3 8.05367E-3 1.11524E-1 2.03385E-1 2.99009E-1 1.80809E-1 2.07244E-1 9.84003E-2 7.50052E-2 6.16953E-2 7.08394E-2 6.13939E-2
-9999 -9999 -9999 -9999 6.59052E-3 3.22995E-1 6.49621E-1 2.8599E-1 1.60508E-1 1.76325E-1 2.27189E-1 1.81609E-1 6.60505E-2 2.34259E-2 2.57873E-2 3.16442E-2 7.2782E-2 1.16425E-1 1.11139E-1 9.65405E-2 6.18653E-2 2.10631E-2 1.5685E-2 6.95299E-3 1.02581E-2 1.53089E-2 6.88852E-3 1.18079E-3 3.90252E-4 1.03779E-3 1.99335E-3 9.60427E-3 1.96527E-2 8.54737E-3 9.04068E-3 1.86E-2 2.06068E-2 1.34269E-2 1.41104E-2 1.23793E-2 1.01381E-2 2.78167E-2 4.38245E-2 1.26284E-2 1.49562E-2 1.76607E-2 9.31625E-3 9.18675E-3 5.8736E-2 8.00655E-2 1.33473E-1 8.96867E-2 1.03922E-1 2.41232E-2 8.76352E-2 9.36651E-2 1.25906E-1 1.42103E-1
-9999 -9999 -9999 2.6895E-2 2.36205E-1 5.69598E-1 5.57885E-1 2.53948E-1 3.43461E-1 3.00415E-1 2.45344E-1 1.85949E-1 8.42564E-2 4.7147E-2 5.44116E-2 8.41274E-2 3.87679E-1 4.57288E-1 4.2804E-1 2.50626E-1 1.31821E-1 5.42948E-2 4.09546E-2 1.89075E-2 6.32212E-3 1.25141E-2 9.09583E-3 2.83448E-3 7.10756E-4 1.22459E-3 7.0366E-3 1.60041E-2 1.47751E-2 4.93742E-3 8.99394E-3 3.4874E-2 4.23303E-2 3.15986E-2 2.15341E-2 2.52156E-2 5.40142E-2 1.01039E-1 8.25727E-2 4.90554E-2 4.97182E-2 6.05943E-2 4.68997E-2 1.34769E-2 1.63838E-2 4.44057E-2 4.77149E-2 1.52235E-1 4.68635E-2 9.33998E-2 6.66182E-2 3.77215E-2 5.12906E-2 8.31537E-2
-9999 -9999 -9999 1.80344E-2 2.97615E-1 6.79869E-1 4.89032E-1 1.64616E-1 3.08269E-1 2.50507E-1 3.96503E-1 2.88614E-1 3.2274E-1 3.28841E-1 2.2303E-1 2.86631E-1 5.69374E-1 7.15294E-1 6.87911E-1 4.22106E-1 2.36997E-1 1.27347E-1 9.2734E-2 4.95696E-2 1.17277E-2 1.02642E-2 8.85667E-3 4.09104E-3 1.4562E-3 1.8967E-3 3.47465E-2 4.34843E-2 7.22604E-3 3.25341E-3 4.30286E-3 1.77315E-2 6.26631E-2 5.65118E-2 9.65803E-3 1.5513E-2 5.32879E-2 8.06544E-2 3.37553E-2 3.29927E-2 4.12703E-2 2.05028E-2 2.71519E-2 5.06367E-3 3.3033E-2 2.30601E-2 3.61593E-2 2.22271E-1 1.42689E-1 1.48832E-1 4.06472E-2 6.58276E-2 2.09395E-1 2.10684E-1
-9999 -9999 -9999 5.20326E-2 4.94288E-1 4.83962E-1 3.4251E-1 1.09791E-1 9.53014E-2 2.80711E-1 4.96057E-1 4.4345E-1 6.17349E-1 3.7785E-1 2.10389E-1 2.78586E-1 5.12995E-1 5.81333E-1 5.97411E-1 3.62316E-1 2.67499E-1 2.78631E-1 2.73191E-1 1.66615E-1 3.88371E-2 2.08544E-2 2.47381E-2 1.54503E-2 1.02807E-2 1.76357E-2 6.68309E-2 4.56246E-2 2.25138E-2 5.94506E-3 3.84452E-3 1.18587E-2 6.48658E-2 4.28282E-2 5.96043E-3 8.62599E-3 3.09919E-2 4.08923E-2 2.6709E-2 1.42116E-2 3.61772E-3 1.48337E-3 1.178E-2 1.52988E-2 3.7891E-2 3.03992E-2 5.4026E-2 1.03681E-1 1.30516E-1 4.61922E-2 3.19802E-2 9.97193E-2 1.58889E-1 8.41678E-2
-9999 -9999 -9999 2.89441E-2 1.74287E-1 2.52216E-1 8.38768E-2 2.23213E-2 7.72065E-2 3.55516E-1 4.72518E-1 4.88587E-1 3.58421E-1 1.66412E-1 9.11759E-2 6.46179E-2 2.15428E-1 3.27049E-1 3.35016E-1 4.47057E-1 4.52238E-1 3.94055E-1 3.26695E-1 2.28889E-1 5.08726E-2 4.12352E-2 5.95738E-2 8.69399E-2 7.40082E-2 4.58511E-2 3.53941E-2 2.73256E-2 2.49294E-2 9.16713E-4 1.96419E-3 2.99845E-2 9.1143E-2 3.4647E-2 7.88139E-3 8.69056E-3 2.04498E-2 2.32169E-2 1.8945E-2 8.57865E-3 2.58353E-3 5.17652E-3 8.94808E-3 3.29257E-2 1.22865E-1 1.78387E-1 2.69185E-1 1.97361E-1 7.09664E-2 3.86474E-2 1.4652E-2 8.63076E-2 7.86975E-2 1.01647E-1
-9999 -9999 -9999 2.3616E-3 1.31875E-2 9.78637E-2 8.60338E-2 4.18862E-2 1.03427E-1 2.01007E-1 2.4427E-1 1.97425E-1 3.73196E-1 2.66466E-1 1.75201E-1 3.94357E-2 4.46743E-2 8.71837E-2 1.70643E-1 4.74038E-1 3.60348E-1 2.60226E-1 1.09261E-1 4.80276E-2 2.25275E-2 4.25099E-2 4.85629E-2 5.93306E-2 4.46622E-2 4.31392E-2 2.89122E-2 1.30427E-2 6.66024E-3 2.3625E-3 2.62877E-3 1.82683E-2 1.81885E-2 1.56414E-2 2.3238E-2 1.41185E-2 1.98181E-2 3.03285E-2 3.10287E-2 1.42448E-2 1.94749E-2 9.98418E-3 2.13729E-2 1.28275E-1 2.30575E-1 2.37698E-1 1.23227E-1 5.90693E-2 2.45368E-2 2.44254E-2 5.69644E-3 3.49533E-2 1.93821E-1 1.98928E-1
-9999 -9999 -9999 -9999 4.40253E-2 2.88973E-1 2.30928E-1 6.784E-2 1.1977E-1 2.2628E-1 3.02232E-1 1.73001E-1 3.67133E-1 4.02943E-1 1.39376E-1 5.87153E-2 5.12602E-2 1.72581E-1 2.75661E-1 3.67979E-1 1.86633E-1 8.64775E-2 2.66951E-2 1.39475E-2 1.25688E-2 2.82379E-2 1.89851E-2 1.52265E-2 5.21692E-2 5.94361E-2 6.83686E-2 1.3091E-2 1.49497E-2 6.22696E-3 5.94474E-3 1.24188E-2 1.72788E-2 4.44011E-2 5.65808E-2 4.72437E-2 8.46643E-2 8.52548E-2 9.01286E-2 4.47395E-2 5.0291E-2 2.56969E-2 2.10699E-2 5.76852E-2 1.14105E-1 2.27734E-1 6.21818E-2 2.69408E-2 1.5862E-2 1.57835E-2 1.6526E-2 2.06995E-2 9.61739E-2 1.43075E-1
-9999 -9999 -9999 -9999 -9999 4.90051E-1 1.92826E-1 3.68179E-2 7.30615E-2 3.21295E-1 4.2338E-1 3.07799E-1 2.78683E-1 3.43968E-1 7.75402E-2 2.65904E-2 6.45209E-2 2.72544E-1 3.52786E-1 3.22584E-1 1.42853E-1 2.32402E-2 6.10215E-3 7.09668E-3 1.70005E-2 5.47182E-2 6.79809E-2 3.11901E-2 5.46429E-2 4.72029E-2 3.39759E-2 1.68744E-2 3.70445E-2 4.09098E-3 2.79906E-3 1.13528E-2 3.64988E-2 5.60472E-2 8.23255E-2 7.13718E-2 7.66764E-2 1.12126E-1 1.7424E-1 1.10144E-1 1.21108E-1 5.45181E-2 3.85429E-2 1.022E-1 1.85817E-1 1.31577E-1 4.22849E-2 2.54828E-2 4.0025E-2 4.61185E-2 8.04025E-2 3.65038E-2 6.14367E-2 1.15952E-1
-9999 -9999 -9999 -9999 -9999 -9999 1.13663E-2 8.90225E-3 7.97883E-2 3.07672E-1 2.81023E-1 5.04493E-1 7.19192E-1 2.00452E-1 2.00744E-2 1.74102E-2 3.64199E-2 1.75722E-1 2.23284E-1 1.47754E-1 4.35892E-2 1.11778E-2 6.00675E-3 1.09742E-2 2.76295E-2 6.55084E-2 8.10719E-2 5.21945E-2 2.104E-2 1.26089E-2 2.47089E-2 3.33318E-2 3.51358E-2 1.71762E-2 2.35318E-2 4.29762E-2 7.09538E-2 1.22474E-2 5.85076E-2 4.45448E-2 1.21819E-1 7.47447E-2 2.66995E-1 1.38312E-1 1.83985E-1 1.31776E-1 7.19339E-2 1.00509E-1 1.13341E-1 6.61849E-2 4.80834E-2 7.323E-2 8.88717E-2 8.85848E-2 6.5176E-2 5.95053E-2 1.14738E-1 1.99369E-1
-9999 -9999 -9999 -9999 -9999 -9999 6.26986E-3 2.06651E-2 5.22842E-2 1.77028E-1 6.36611E-1 6.24319E-1 3.10135E-1 1.03326E-1 1.87227E-2 2.5801E-2 3.52059E-2 5.33804E-2 5.94034E-2 2.88237E-2 2.4268E-2 1.08527E-2 6.09826E-3 1.14664E-2 1.98854E-2 3.7098E-2 6.95034E-2 3.39376E-2 1.04039E-2 6.73217E-3 2.59996E-2 5.88054E-2 4.06212E-2 4.24289E-2 1.01928E-1 5.36382E-2 3.04601E-2 4.01875E-3 1.73448E-2 2.37562E-2 9.81377E-2 1.22815E-1 2.5204E-1 1.36351E-1 2.07963E-1 2.08212E-1 6.65447E-2 6.60352E-2 7.0896E-2 1.00643E-1 1.35395E-1 2.00493E-1 1.51312E-1 1.05672E-1 7.96795E-2 1.11915E-1 1.05492E-1 1.18892E-1
-9999 -9999 -9999 -9999 -9999 4.82835E-2 3.99966E-2 2.44172E-2 1.67506E-2 1.5565E-1 4.75877E-1 4.99502E-1 3.44345E-1 9.10243E-2 1.94705E-2 2.43744E-2 1.78637E-2 1.51421E-2 7.93854E-3 1.86465E-2 2.56028E-2 2.18022E-2 1.35721E-2 2.10759E-2 3.40445E-2 7.10052E-2 6.58894E-2 2.75376E-2 1.29022E-2 1.22719E-3 2.27967E-2 8.25596E-2 8.132E-2 8.63535E-2 2.42921E-1 1.64809E-1 3.89654E-2 1.55593E-2 4.22453E-2 8.76794E-2 1.88317E-1 1.02292E-1 1.57678E-1 1.4448E-1 1.74051E-1 1.93552E-1 1.42279E-1 1.23071E-1 7.78023E-2 1.31111E-1 1.16333E-1 1.55644E-1 9.9559E-2 6.90081E-2 5.44854E-2 1.14745E-1 1.23054E-1 1.79884E-1
-9999 -9999 -9999 -9999 1.02231E-4 7.41476E-2 4.76178E-2 1.61365E-2 3.2291E-2 4.25325E-2 9.97452E-2 2.02118E-1 1.97471E-1 7.03192E-2 3.56294E-2 3.34469E-2 3.00454E-2 2.29131E-2 9.63159E-3 4.1298E-2 9.38534E-2 7.28194E-2 2.7421E-2 2.69308E-2 6.01493E-2 1.41653E-1 1.0725E-1 2.41143E-2 7.30003E-3 8.42611E-3 4.26463E-2 9.54147E-2 7.83285E-2 8.86687E-2 1.7898E-1 1.70284E-1 1.41995E-1 5.99794E-2 1.31423E-1 2.8805E-1 4.37351E-1 1.74591E-1 2.24192E-1 3.02462E-1 1.76311E-1 9.26313E-2 1.14924E-1 1.21995E-1 1.28619E-1 1.29435E-1 8.83035E-2 1.10202E-1 1.73259E-1 3.00179E-1 1.84972E-1 1.61307E-1 2.79849E-1 1.83363E-1
-9999 -9999 -9999 -9999 1.58576E-5 5.93004E-2 1.12488E-1 7.66528E-2 1.93659E-2 7.84303E-3 4.80032E-2 1.07465E-1 1.00398E-1 1.29314E-1 5.16697E-2 1.01626E-1 7.21343E-2 1.35076E-2 2.15116E-2 1.00378E-1 2.3959E-1 1.20746E-1 5.37461E-2 6.24989E-2 1.17704E-1 1.3261E-1 1.00246E-1 2.17139E-2 1.1554E-2 2.23282E-2 5.67548E-2 6.70756E-2 1.22653E-1 1.30521E-1 2.0317E-1 2.21111E-1 2.02585E-1 1.03125E-1 1.90121E-1 2.25916E-1 3.49158E-1 2.41808E-1 4.36909E-1 4.29929E-1 1.51049E-1 4.37927E-2 5.20275E-2 1.29462E-1 2.34471E-1 2.8955E-1 2.45709E-1 9.7136E-2 2.31308E-1 2.54381E-1 3.09835E-1 3.05405E-1 1.96301E-1 2.09418E-1
-9999 -9999 -9999 -9999 2.40619E-5 4.26088E-2 2.59763E-1 2.25863E-1 1.86379E-1 1.54334E-2 6.05373E-2 6.80356E-2 1.06084E-1 1.61039E-1 6.3105E-2 3.04377E-2 2.08688E-2 1.85162E-2 1.08938E-1 1.91211E-1 2.75189E-1 2.22194E-1 1.41453E-1 1.78587E-1 1.83155E-1 1.54901E-1 8.44316E-2 3.36835E-2 3.71867E-2 4.78247E-2 6.44059E-2 1.03385E-1 1.24312E-1 2.62649E-1 1.83384E-1 1.09454E-1 4.30692E-2 3.80616E-2 7.68639E-2 1.13845E-1 2.22307E-1 2.43183E-1 1.87757E-1 3.46715E-1 9.97438E-2 2.83353E-2 2.8749E-2 1.64205E-1 2.34605E-1 3.2233E-1 4.36797E-1 1.93056E-1 2.66538E-1 2.79951E-1 3.14235E-1 3.24891E-1 5.13563E-1 1.72419E-1
-9999 -9999 -9999 -9999 4.42877E-5 2.31273E-2 3.27716E-1 3.8279E-1 1.36592E-1 2.065E-1 1.72856E-1 1.43665E-1 1.291E-1 3.92361E-2 4.47015E-2 4.55923E-2 2.32367E-2 9.55374E-2 2.4186E-1 3.92908E-1 4.89681E-1 3.57832E-1 4.01521E-1 3.7443E-1 1.89145E-1 2.11286E-1 1.05206E-1 7.44557E-2 4.61282E-2 9.93816E-2 1.95071E-1 2.39812E-1 2.15292E-1 2.46728E-1 1.30161E-1 2.06408E-2 1.37041E-2 1.54493E-2 3.20039E-2 1.27138E-1 1.99037E-1 3.2908E-1 2.08141E-1 1.11177E-1 5.95201E-2 1.93781E-2 3.71778E-2 9.86236E-2 2.33976E-1 2.77948E-1 4.35991E-1 5.40744E-1 3.66197E-1 2.24877E-1 2.97933E-1 4.49241E-1 3.71185E-1 4.02074E-2
-9999 -9999 -9999 -9999 4.25481E-7 3.4586E-2 4.29707E-1 3.26812E-1 8.14741E-2 3.75415E-1 1.57161E-1 1.51833E-1 1.14675E-1 8.11707E-2 9.36503E-2 2.19448E-1 2.02046E-1 2.16253E-1 3.38371E-1 5.05799E-1 4.34611E-1 3.57737E-1 3.01189E-1 2.46089E-1 2.02318E-1 2.94096E-1 3.40961E-1 2.13464E-1 7.23508E-2 2.21865E-1 2.01577E-1 1.52597E-1 8.42337E-2 3.1441E-2 4.49866E-2 1.85891E-2 9.98225E-3 1.84076E-2 5.61653E-2 1.8045E-1 2.18097E-1 2.48555E-1 9.72126E-2 1.15469E-1 4.53147E-2 2.61792E-2 4.26789E-2 1.1146E-1 2.31485E-1 4.70539E-1 6.68676E-1 5.28426E-1 5.14962E-1 2.11826E-1 8.954E-2 3.30156E-1 3.40484E-1 2.46213E-1
-9999 -9999 -9999 -9999 1.1945E-7 4.49481E-2 3.96983E-1 1.66639E-1 1.73318E-1 3.92865E-1 3.36798E-1 3.1713E-1 1.32437E-1 9.00778E-2 9.22468E-2 2.47113E-1 2.46178E-1 3.90193E-1 3.62855E-1 4.3429E-1 2.5864E-1 1.73321E-1 1.12789E-1 1.083E-1 1.57982E-1 2.26804E-1 2.34411E-1 1.41569E-1 3.0001E-2 3.54724E-1 4.63478E-1 2.01823E-1 9.53995E-2 6.93196E-2 2.12645E-2 7.80947E-3 4.51906E-3 6.59739E-2 1.10594E-1 3.59426E-1 2.98044E-1 1.70249E-1 1.00829E-1 6.93129E-2 3.24301E-2 5.22853E-2 9.23218E-2 1.44831E-1 5.14566E-1 3.57212E-1 5.7235E-1 3.27919E-1 3.47231E-1 1.26233E-1 1.59466E-1 2.4509E-1 3.91009E-1 5.49045E-1
-9999 -9999 -9999 -9999 1.9904E-6 5.42149E-2 2.39877E-1 1.69191E-1 1.87577E-1 1.50953E-1 2.40068E-1 5.14936E-1 5.03978E-1 1.89428E-1 1.33101E-1 2.08705E-1 2.06048E-1 4.64932E-1 5.44228E-1 4.15109E-1 2.37046E-1 3.03321E-1 2.28243E-1 1.50536E-1 1.07086E-1 1.6149E-1 1.46755E-1 7.97812E-2 4.14872E-2 1.09626E-1 3.52106E-1 2.1328E-1 1.57627E-1 4.38822E-2 1.30814E-2 1.81959E-2 2.28383E-2 5.88562E-2 3.11714E-1 5.28765E-1 3.26986E-1 1.60531E-1 1.29525E-1 3.66268E-2 3.19646E-2 1.01375E-1 2.02422E-1 2.12462E-1 3.30732E-1 2.45876E-1 3.67031E-1 2.84745E-1 1.68127E-1 8.91698E-2 1.50931E-1 6.56314E-2 4.35089E-1 4.28575E-1
-9999 -9999 -9999 -9999 7.12448E-4 3.59247E-2 8.53575E-2 8.70343E-2 6.67714E-2 1.23007E-1 1.74643E-1 2.46127E-1 5.13515E-1 5.90675E-1 4.35768E-1 2.10975E-1 2.12443E-1 4.61252E-1 4.10256E-1 2.64823E-1 3.52592E-1 4.55693E-1 4.76539E-1 3.24401E-1 1.99085E-1 2.2387E-1 2.31104E-1 1.52028E-1 8.44101E-2 1.30731E-1 1.36344E-1 9.61675E-2 2.07224E-1 1.09501E-1 8.7396E-2 4.01978E-2 3.90034E-2 1.0354E-1 4.25268E-1 5.51659E-1 2.68337E-1 1.38942E-1 8.4744E-2 1.7767E-2 2.83254E-2 5.2898E-2 8.60445E-2 1.8882E-1 4.85654E-1 4.66886E-1 4.99655E-1 1.7034E-1 8.70777E-2 9.7384E-2 2.15353E-1 5.31853E-1 5.01665E-1 4.35092E-1
-9999 -9999 -9999 1.93669E-3 2.69934E-2 4.32773E-2 6.05136E-2 6.31111E-2 4.17073E-2 9.36459E-2 1.97018E-1 2.33065E-1 4.79432E-1 7.1871E-1 7.1038E-1 3.71657E-1 5.00407E-1 5.62568E-1 3.19613E-1 1.40487E-1 2.80641E-1 3.70754E-1 3.86251E-1 4.61196E-1 3.52286E-1 1.9853E-1 2.58805E-1 2.26086E-1 1.81243E-1 7.7233E-2 8.13324E-2 8.55987E-2 1.42458E-1 1.32468E-1 4.17389E-2 2.5268E-2 1.00915E-1 2.31126E-1 3.93759E-1 5.29976E-1 2.72935E-1 1.39719E-1 6.45284E-2 1.48877E-2 5.33821E-2 2.96927E-2 3.94993E-2 2.4408E-1 3.72952E-1 3.28271E-1 2.45377E-1 6.29709E-2 3.32205E-2 4.7615E-2 2.09791E-1 4.11457E-1 5.3266E-1 5.61356E-1
-9999 -9999 -9999 4.95117E-3 6.99388E-2 1.50289E-1 2.52129E-1 6.62503E-2 8.30282E-2 1.68565E-1 3.67659E-1 3.6999E-1 5.86365E-1 7.50773E-1 8.20234E-1 6.0619E-1 6.98049E-1 5.93881E-1 4.22784E-1 1.93607E-1 4.02372E-1 4.2141E-1 4.77622E-1 6.49451E-1 5.21848E-1 2.99571E-1 3.05469E-1 2.22504E-1 2.12659E-1 6.5831E-2 4.39991E-2 3.30563E-2 1.35713E-1 1.07866E-1 6.93455E-2 8.57322E-2 1.59009E-1 3.73537E-1 4.89144E-1 4.79711E-1 4.77869E-1 3.92023E-1 2.43366E-1 8.53706E-2 8.73592E-2 2.31057E-2 2.84612E-2 2.48191E-1 1.87482E-1 1.03602E-1 8.25581E-2 4.31587E-2 1.50706E-2 4.97258E-2 1.58742E-1 2.86081E-1 3.76784E-1 4.51712E-1
-9999 -9999 3.71787E-3 4.68038E-2 2.17563E-1 6.82342E-1 7.49036E-1 5.74591E-1 5.44653E-1 4.35623E-1 5.24438E-1 5.94149E-1 5.48159E-1 7.45901E-1 8.45008E-1 7.43987E-1 6.6725E-1 4.67005E-1 3.31605E-1 3.2811E-1 4.42723E-1 6.05035E-1 7.16068E-1 6.96938E-1 5.74511E-1 3.27591E-1 1.96965E-1 1.29703E-1 9.62352E-2 6.45389E-2 7.69906E-2 1.2649E-1 2.31103E-1 9.41627E-2 2.07491E-1 2.26735E-1 2.45583E-1 2.88896E-1 5.55584E-1 4.67806E-1 7.29984E-1 6.53444E-1 4.11768E-1 1.8486E-1 1.09957E-1 7.0718E-2 1.07865E-1 2.7156E-1 1.47682E-1 1.14019E-1 8.73976E-2 3.87831E-2 2.35547E-2 2.18175E-2 6.82563E-2 2.4177E-1 3.03918E-1 2.9771E-1
-9999 -9999 1.08487E-2 2.21897E-1 3.67925E-1 8.12006E-1 8.62275E-1 8.75519E-1 8.70407E-1 8.36311E-1 6.91742E-1 4.53868E-1 6.33625E-1 7.27019E-1 8.09322E-1 7.39299E-1 6.85429E-1 3.4814E-1 3.63368E-1 5.45583E-1 6.96158E-1 6.50704E-1 6.38152E-1 7.00914E-1 6.38587E-1 3.85052E-1 1.08835E-1 4.85329E-2 5.82748E-2 7.52258E-2 1.52921E-1 2.19505E-1 1.30306E-1 4.13341E-2 2.17282E-1 3.40253E-1 2.94104E-1 3.10405E-1 4.44561E-1 5.47186E-1 6.60993E-1 6.97656E-1 4.49236E-1 3.48587E-1 2.42759E-1 2.5912E-1 4.01088E-1 5.00995E-1 4.64271E-1 2.74171E-1 1.37125E-1 7.55727E-2 8.18576E-2 7.26222E-2 7.82111E-2 2.49105E-1 2.87212E-1 2.60081E-1
-9999 -9999 -9999 1.22495E-1 1.7684E-1 7.16396E-1 8.97747E-1 9.51544E-1 9.52022E-1 9.49012E-1 8.22827E-1 4.34045E-1 2.81912E-1 6.57846E-1 6.97163E-1 5.97898E-1 4.52995E-1 3.64248E-1 5.45768E-1 7.66722E-1 7.3119E-1 5.21874E-1 5.02324E-1 6.11963E-1 5.71486E-1 2.19265E-1 1.21467E-1 9.88896E-2 1.20256E-1 1.15829E-1 2.13385E-1 1.36206E-1 5.20605E-2 2.57225E-2 1.36034E-1 2.32073E-1 3.52022E-1 4.33266E-1 6.15414E-1 5.33136E-1 6.90045E-1 6.5485E-1 5.74301E-1 5.33715E-1 3.71167E-1 4.08499E-1 4.10071E-1 4.98301E-1 4.09102E-1 3.28937E-1 3.08953E-1 2.63692E-1 2.2605E-1 2.3579E-1 2.49454E-1 2.6375E-1 2.36739E-1 1.84943E-1
