Phytophthora/models/20240503_1210_48/Phytophthora_PA3_RUN5_MAXENT_outputs/Phytophthora_PA3_RUN5.asc
ncols         113
nrows         135
xllcorner     473009.9838
yllcorner     4429001.1748
cellsize      100.0
NODATA_value  -9999
[rows 104 to 129 of 135, columns 0 to 57 of 113]
-9999 -9999 -9999 -9999 -9999 -9999 -9999 -9999 -9999 -9999 -9999 -9999 -9999 -9999 -9999 -9999 -9999 5.35011E-1 5.63896E-1 3.34519E-1 3.46279E-1 4.31607E-1 4.43812E-1 3.12836E-1 2.62396E-1 2.66377E-1 2.66071E-1 4.68291E-1 4.31718E-1 3.2421E-1 6.78018E-1 6.85195E-1 4.93261E-1 2.42779E-1 1.69271E-1 1.63063E-1 2.43658E-1 3.30556E-1 2.10979E-1 6.10381E-2 5.12996E-2 1.34637E-1 6.17292E-1 7.71079E-1 7.38131E-1 3.81994E-1 4.84848E-1 4.10559E-1 3.27756E-1 2.72601E-1 2.05617E-1 1.19077E-1 1.69016E-1 3.37503E-1 3.69987E-1 4.62662E-1 4.47301E-1 3.74796E-1
-9999 -9999 -9999 -9999 -9999 -9999 -9999 -9999 -9999 -9999 -9999 -9999 -9999 -9999 -9999 -9999 -9999 -9999 5.74901E-1 4.90653E-1 5.39245E-1 7.08015E-1 7.10116E-1 4.23403E-1 4.69998E-1 4.59657E-1 5.24133E-1 5.95597E-1 3.2169E-1 3.11769E-1 5.83779E-1 7.40603E-1 5.85911E-1 3.65009E-1 6.05414E-2 1.87396E-2 7.56561E-2 1.23327E-1 7.12534E-2 5.90325E-2 7.27111E-2 1.06696E-1 3.89756E-1 6.02714E-1 4.39793E-1 2.31149E-1 3.74291E-1 3.70975E-1 1.78162E-1 1.71119E-1 2.80801E-1 2.2681E-1 1.80898E-1 3.31063E-1 4.89467E-1 2.92045E-1 1.52166E-1 2.94993E-1
-9999 -9999 -9999 -9999 -9999 -9999 -9999 -9999 -9999 -9999 -9999 -9999 -9999 -9999 -9999 -9999 -9999 -9999 5.04494E-1 5.30055E-1 6.54559E-1 8.27786E-1 8.38049E-1 7.03777E-1 5.01989E-1 6.05073E-1 6.89007E-1 5.23623E-1 2.67889E-1 4.45598E-1 6.68604E-1 6.83464E-1 4.08004E-1 1.03935E-1 5.02747E-2 4.20253E-2 3.15816E-2 6.9839E-2 6.13084E-2 1.31544E-1 6.41392E-2 1.7444E-1 5.23851E-1 6.12414E-1 3.95963E-1 4.07232E-1 3.7621E-1 6.05198E-1 5.49417E-1 5.42097E-1 4.91592E-1 2.13352E-1 4.07908E-2 2.03186E-1 3.67646E-1 4.14049E-1 2.9411E-1 3.4033E-1
-9999 -9999 -9999 -9999 -9999 -9999 -9999 -9999 -9999 -9999 -9999 -9999 -9999 -9999 -9999 -9999 -9999 -9999 -9999 3.18066E-1 5.13046E-1 7.36585E-1 8.67607E-1 8.43729E-1 7.56914E-1 6.08844E-1 5.64342E-1 2.66557E-1 3.99066E-1 4.62289E-1 4.50798E-1 4.29667E-1 1.87877E-1 8.16988E-2 9.81125E-2 4.92052E-2 4.74101E-2 6.7559E-2 1.11699E-1 2.2269E-1 2.81108E-1 5.27575E-1 7.89238E-1 7.43973E-1 6.0714E-1 4.8836E-1 2.96764E-1 4.47146E-1 5.38702E-1 5.4431E-1 5.12256E-1 1.64166E-1 1.03581E-1 4.1921E-1 5.60895E-1 6.44301E-1 5.28418E-1 4.0638E-1
-9999 -9999 -9999 -9999 -9999 -9999 -9999 -9999 -9999 -9999 -9999 -9999 -9999 -9999 -9999 -9999 -9999 -9999 -9999 -9999 5.92542E-1 6.05031E-1 7.39119E-1 8.20962E-1 6.6485E-1 4.82574E-1 3.79273E-1 2.70466E-1 2.5131E-1 2.48526E-1 1.72985E-1 6.51278E-2 6.71252E-2 1.37137E-1 2.3204E-1 1.40396E-1 9.94323E-2 2.34805E-1 1.87516E-1 2.97212E-1 4.1826E-1 6.83311E-1 8.33873E-1 7.70986E-1 7.53448E-1 5.8973E-1 3.29195E-1 1.48264E-1 1.68747E-1 3.78905E-1 5.09837E-1 3.4755E-1 4.17286E-1 5.85835E-1 5.64413E-1 6.18353E-1 4.93052E-1 2.90388E-1
-9999 -9999 -9999 -9999 -9999 -9999 -9999 -9999 -9999 -9999 -9999 -9999 -9999 -9999 -9999 -9999 -9999 -9999 -9999 -9999 -9999 3.74304E-1 5.39145E-1 5.58046E-1 4.55881E-1 4.21716E-1 5.79275E-1 4.30548E-1 1.27585E-1 6.77111E-2 9.90088E-2 6.28863E-2 3.47236E-2 9.40048E-2 3.2848E-1 3.38474E-1 5.79184E-2 1.40773E-1 2.32419E-1 3.41223E-1 4.30256E-1 6.59268E-1 7.37816E-1 7.72955E-1 7.82374E-1 7.97467E-1 6.77588E-1 2.54858E-1 2.15594E-1 4.15656E-1 5.10354E-1 3.59013E-1 4.88836E-1 5.2166E-1 5.57471E-1 6.35365E-1 5.86254E-1 4.75367E-1
-9999 -9999 -9999 -9999 -9999 -9999 -9999 -9999 -9999 -9999 -9999 -9999 -9999 -9999 -9999 -9999 -9999 -9999 -9999 -9999 -9999 5.94852E-1 7.80023E-1 7.95779E-1 6.23987E-1 5.91216E-1 4.85116E-1 5.1528E-1 2.61512E-1 1.25625E-1 8.79094E-2 5.25664E-2 4.8192E-2 5.37564E-2 3.10923E-1 4.29751E-1 2.07864E-1 1.96086E-1 1.13984E-1 9.96243E-2 1.31843E-1 5.09786E-1 5.07552E-1 5.09088E-1 7.15543E-1 7.11394E-1 5.15527E-1 2.46003E-1 2.65224E-1 3.86426E-1 4.27804E-1 4.61049E-1 4.00522E-1 3.17081E-1 4.7188E-1 6.38317E-1 6.27575E-1 6.89902E-1
-9999 -9999 -9999 -9999 -9999 -9999 -9999 -9999 -9999 -9999 -9999 -9999 -9999 -9999 -9999 -9999 -9999 -9999 -9999 -9999 -9999 2.54001E-1 5.47177E-1 5.01097E-1 6.03806E-1 5.91396E-1 5.22388E-1 3.87827E-1 3.18233E-1 1.02989E-1 4.38614E-2 4.04827E-2 6.01358E-2 1.25039E-1 2.9644E-1 5.0085E-1 2.34462E-1 1.43606E-1 4.53572E-1 4.69631E-1 4.27552E-1 1.46658E-1 1.22216E-1 1.53209E-1 2.10841E-1 3.5245E-1 1.43664E-1 1.04376E-1 2.06653E-1 3.24736E-1 4.11576E-1 3.27027E-1 7.35462E-2 1.59887E-1 4.01588E-1 4.70083E-1 6.46768E-1 6.66626E-1
-9999 -9999 -9999 -9999 -9999 -9999 -9999 -9999 -9999 -9999 -9999 -9999 -9999 -9999 -9999 -9999 -9999 -9999 -9999 -9999 2.60961E-1 3.69985E-1 2.71746E-1 5.1709E-1 6.63755E-1 6.01846E-1 5.10138E-1 3.11973E-1 1.84523E-1 7.07043E-2 3.75694E-2 3.65222E-2 6.28611E-2 1.83834E-1 1.07785E-1 2.65506E-1 3.34259E-1 2.02909E-1 5.02312E-1 6.51335E-1 5.47975E-1 3.14667E-1 2.15519E-1 2.73714E-1 2.62199E-1 4.54322E-1 2.92597E-1 7.68471E-2 5.20246E-2 1.37147E-1 2.27054E-1 1.14523E-1 3.43729E-2 1.11908E-1 2.42416E-1 5.70043E-1 6.94142E-1 5.89239E-1
-9999 -9999 -9999 -9999 -9999 -9999 -9999 -9999 -9999 -9999 -9999 -9999 -9999 -9999 -9999 -9999 -9999 -9999 -9999 -9999 3.66181E-1 3.43393E-1 2.80025E-1 4.34385E-1 4.38885E-1 4.32707E-1 2.51313E-1 2.0908E-1 1.19839E-1 5.437E-2 3.27763E-2 2.10683E-2 4.58937E-2 2.53576E-1 5.78749E-1 7.28675E-1 8.16769E-1 4.69373E-1 5.04033E-1 5.58679E-1 4.76643E-1 3.854E-1 2.93853E-1 2.30901E-1 2.95565E-1 3.44935E-1 2.40554E-1 8.52778E-2 6.84074E-2 8.37775E-2 5.39702E-2 8.82418E-2 3.41536E-2 3.58E-1 5.41921E-1 6.21132E-1 7.18336E-1 5.28069E-1
-9999 -9999 -9999 -9999 -9999 -9999 -9999 -9999 -9999 -9999 -9999 -9999 -9999 -9999 -9999 -9999 -9999 -9999 -9999 -9999 2.57419E-1 2.22293E-1 1.36147E-1 1.2287E-1 2.44747E-1 3.40786E-1 2.59757E-1 9.26581E-2 4.72518E-2 3.08965E-2 8.36505E-2 2.39565E-1 2.3059E-1 3.07892E-1 5.44914E-1 7.68597E-1 8.55404E-1 7.52325E-1 4.94292E-1 5.71561E-1 4.74582E-1 3.96335E-1 3.66352E-1 2.96699E-1 3.24302E-1 3.40467E-1 1.57955E-1 1.07444E-1 1.72474E-1 1.93897E-1 1.01284E-1 1.49255E-1 1.06883E-1 3.54454E-1 5.98151E-1 6.63359E-1 6.58033E-1 5.46644E-1
-9999 -9999 -9999 -9999 -9999 -9999 -9999 -9999 -9999 -9999 -9999 -9999 -9999 -9999 -9999 -9999 -9999 -9999 -9999 -9999 4.6835E-2 4.69841E-2 6.5592E-2 1.42596E-1 2.74869E-1 2.68088E-1 8.42873E-2 1.52705E-2 1.97482E-2 6.81615E-2 2.59574E-1 5.50849E-1 7.15796E-1 7.17386E-1 6.43285E-1 8.10133E-1 8.06939E-1 7.53191E-1 7.15952E-1 6.73724E-1 4.81241E-1 5.16242E-1 5.79085E-1 4.6177E-1 4.35188E-1 4.35808E-1 2.40869E-1 1.62025E-1 3.05513E-1 3.75866E-1 3.24748E-1 2.81037E-1 3.09475E-1 1.27845E-1 4.06896E-1 7.24901E-1 7.18165E-1 4.48546E-1
-9999 -9999 -9999 -9999 -9999 -9999 -9999 -9999 -9999 -9999 -9999 -9999 -9999 -9999 -9999 -9999 -9999 -9999 -9999 -9999 7.42665E-3 3.45054E-2 1.54327E-1 2.07262E-1 1.92823E-1 1.69624E-1 3.95195E-2 2.40822E-2 1.93411E-1 2.24181E-1 3.1342E-1 6.73113E-1 7.67444E-1 7.76247E-1 7.69587E-1 6.18129E-1 7.2692E-1 8.23767E-1 7.52686E-1 7.08234E-1 1.20178E-1 1.3163E-1 2.39145E-1 6.05493E-1 5.1269E-1 4.77647E-1 1.26816E-1 2.88689E-1 4.07754E-1 4.49571E-1 2.32536E-1 3.19734E-1 4.83288E-1 1.51198E-1 2.74971E-1 6.27549E-1 8.33469E-1 6.9512E-1
-9999 -9999 -9999 -9999 -9999 -9999 -9999 -9999 -9999 -9999 -9999 -9999 -9999 -9999 -9999 -9999 -9999 -9999 -9999 -9999 -9999 3.38128E-2 2.2213E-1 3.17833E-1 3.04146E-1 2.16249E-1 2.17467E-1 6.87247E-2 2.90977E-1 3.01626E-1 3.69645E-1 5.11541E-1 7.07882E-1 7.02687E-1 4.73875E-1 5.34237E-1 7.7498E-1 6.21574E-1 6.78558E-1 5.25337E-1 2.01489E-1 4.71058E-1 4.60268E-1 2.68445E-1 6.26759E-1 4.92463E-1 2.52212E-1 3.73507E-1 5.32669E-1 4.82002E-1 2.37652E-1 2.43047E-1 4.1897E-1 3.53291E-1 3.74798E-1 3.89911E-1 4.60612E-1 4.29871E-1
-9999 -9999 -9999 -9999 -9999 -9999 -9999 -9999 -9999 -9999 -9999 -9999 -9999 -9999 -9999 -9999 -9999 -9999 -9999 -9999 -9999 2.596E-2 8.92624E-2 4.59602E-1 4.61289E-1 3.97709E-1 3.28372E-1 2.81244E-1 3.17701E-1 3.62307E-1 3.24722E-1 3.28548E-1 5.46284E-1 6.97231E-1 2.89814E-1 2.66611E-1 2.4526E-1 2.62072E-1 6.36533E-1 5.5583E-1 3.37255E-1 5.81365E-1 6.86621E-1 3.19422E-1 2.74287E-1 1.90007E-1 2.15219E-1 4.96277E-1 5.76991E-1 3.98377E-1 3.09247E-1 3.49574E-1 4.54649E-1 4.5463E-1 2.7882E-1 5.30882E-1 7.3843E-1 7.11417E-1
-9999 -9999 -9999 -9999 -9999 -9999 -9999 -9999 -9999 -9999 -9999 -9999 -9999 -9999 -9999 -9999 -9999 -9999 -9999 -9999 -9999 -9999 1.08299E-1 3.8485E-1 4.4504E-1 3.45679E-1 4.06746E-1 3.12644E-1 3.04288E-1 3.78052E-1 3.83461E-1 1.63717E-1 7.54334E-2 1.92589E-1 2.62317E-1 2.39723E-1 5.32557E-1 2.66264E-1 6.39313E-1 6.60531E-1 3.39222E-1 2.72E-1 4.50192E-1 5.38493E-1 5.01555E-1 3.67116E-1 2.98633E-1 5.59596E-1 5.45852E-1 2.95486E-1 2.77042E-1 2.8507E-1 4.29509E-1 4.37744E-1 4.60713E-1 8.05429E-1 7.74257E-1 7.28641E-1
-9999 -9999 -9999 -9999 -9999 -9999 -9999 -9999 -9999 -9999 -9999 -9999 -9999 -9999 -9999 -9999 -9999 -9999 -9999 -9999 -9999 -9999 8.86315E-2 2.29648E-1 4.24482E-1 5.15442E-1 4.67964E-1 2.88972E-1 3.38637E-1 5.00005E-1 3.26648E-1 2.33971E-1 1.08822E-1 2.25835E-1 4.01403E-1 1.83788E-1 3.50543E-1 2.67842E-1 4.4193E-1 7.90616E-1 7.55444E-1 5.84234E-1 4.09843E-1 6.46904E-1 7.44557E-1 6.63262E-1 3.05545E-1 4.68782E-1 3.9987E-1 2.96902E-1 4.42762E-1 1.85907E-1 4.44793E-1 3.14395E-1 6.526E-1 7.57713E-1 7.46316E-1 7.10825E-1
-9999 -9999 -9999 -9999 -9999 -9999 -9999 -9999 -9999 -9999 -9999 -9999 -9999 -9999 -9999 -9999 -9999 -9999 -9999 -9999 -9999 -9999 -9999 4.91843E-2 1.82424E-1 5.02315E-1 5.64581E-1 4.55119E-1 4.20133E-1 5.11405E-1 2.97781E-1 4.88135E-1 3.65619E-1 3.37842E-1 2.28565E-1 6.82988E-2 5.09701E-1 6.70831E-1 7.05961E-1 8.762E-1 8.7347E-1 7.82409E-1 6.11258E-1 4.89933E-1 5.27754E-1 4.13335E-1 1.268E-1 2.92501E-1 8.64678E-2 2.70834E-1 1.96336E-1 4.66734E-1 6.22089E-1 5.35332E-1 5.26707E-1 3.45398E-1 2.71578E-1 4.14379E-1
-9999 -9999 -9999 -9999 -9999 -9999 -9999 -9999 -9999 -9999 -9999 -9999 -9999 -9999 -9999 -9999 -9999 -9999 -9999 -9999 -9999 -9999 -9999 1.36261E-1 4.33636E-1 7.39313E-1 6.56492E-1 4.65969E-1 4.98837E-1 6.58347E-1 6.71148E-1 5.61734E-1 3.94864E-1 2.19713E-1 2.02267E-1 2.20276E-1 5.8327E-1 6.99279E-1 7.60056E-1 7.99409E-1 8.41148E-1 8.52177E-1 7.54157E-1 6.56811E-1 5.45647E-1 3.52577E-1 1.15283E-1 1.07985E-1 3.51607E-2 1.26259E-1 2.35733E-1 6.62067E-1 7.88296E-1 6.79838E-1 5.45243E-1 3.49134E-1 6.67818E-2 7.55904E-2
-9999 -9999 -9999 -9999 -9999 -9999 -9999 -9999 -9999 -9999 -9999 -9999 -9999 -9999 -9999 -9999 -9999 -9999 -9999 -9999 -9999 -9999 -9999 2.03996E-1 4.44037E-1 6.56989E-1 5.65241E-1 2.98727E-1 7.33563E-1 6.40801E-1 5.12214E-1 3.52187E-1 2.02978E-1 2.24607E-1 2.26185E-1 2.95794E-1 4.74142E-1 5.12082E-1 6.85221E-1 6.55262E-1 7.0206E-1 8.18716E-1 8.51752E-1 8.35444E-1 7.40607E-1 4.8035E-1 2.57923E-1 4.91808E-1 1.88748E-1 1.67828E-1 1.58895E-1 3.90696E-1 2.09533E-1 5.38567E-1 4.82208E-1 3.38028E-1 2.15415E-1 2.57173E-1
-9999 -9999 -9999 -9999 -9999 -9999 -9999 -9999 -9999 -9999 -9999 -9999 -9999 -9999 -9999 -9999 -9999 -9999 -9999 -9999 -9999 -9999 -9999 -9999 -9999 3.06405E-1 5.22852E-1 5.11771E-1 8.2714E-1 6.2852E-1 3.91176E-1 2.6512E-1 2.27688E-1 2.04213E-1 2.26898E-1 3.07755E-1 3.82282E-1 3.53437E-1 4.82061E-1 4.76439E-1 6.6268E-1 7.61953E-1 8.18665E-1 8.08928E-1 7.97918E-1 6.56366E-1 6.52258E-1 6.59265E-1 5.3831E-1 3.28034E-1 4.73898E-1 2.69571E-1 2.38103E-1 6.51971E-1 6.98807E-1 6.74306E-1 5.93936E-1 5.98589E-1
-9999 -9999 -9999 -9999 -9999 -9999 -9999 -9999 -9999 -9999 -9999 -9999 -9999 -9999 -9999 -9999 -9999 -9999 -9999 -9999 -9999 -9999 -9999 -9999 -9999 -9999 3.127E-1 4.07269E-1 6.05413E-1 6.40756E-1 5.37548E-1 3.37002E-1 2.13536E-1 1.1219E-1 1.16453E-1 1.93737E-1 2.6624E-1 1.7645E-1 2.81734E-1 3.34255E-1 4.3087E-1 5.08655E-1 5.90968E-1 6.45252E-1 6.24737E-1 6.29155E-1 6.82359E-1 6.64486E-1 4.48745E-1 3.02849E-1 5.23728E-1 2.85885E-1 5.51052E-1 7.44447E-1 6.42463E-1 7.89156E-1 8.02473E-1 7.46209E-1
-9999 -9999 -9999 -9999 -9999 -9999 -9999 -9999 -9999 -9999 -9999 -9999 -9999 -9999 -9999 -9999 -9999 -9999 -9999 -9999 -9999 -9999 -9999 -9999 -9999 -9999 -9999 4.14738E-1 6.74004E-1 5.49144E-1 3.48835E-1 2.14755E-1 1.54222E-1 1.12123E-1 5.83065E-2 9.35452E-2 1.25251E-1 8.90612E-2 5.96865E-2 8.79773E-2 2.08412E-1 3.20358E-1 3.81664E-1 4.00659E-1 3.32544E-1 4.85839E-1 5.20409E-1 5.1363E-1 3.94635E-1 3.80364E-1 3.30622E-1 1.00593E-1 3.40964E-1 5.50895E-1 2.86831E-1 2.07862E-1 6.79197E-1 6.27496E-1
-9999 -9999 -9999 -9999 -9999 -9999 -9999 -9999 -9999 -9999 -9999 -9999 -9999 -9999 -9999 -9999 -9999 -9999 -9999 -9999 -9999 -9999 -9999 -9999 -9999 -9999 -9999 1.50379E-1 1.82874E-1 1.08083E-1 1.31189E-1 5.32763E-2 1.23538E-1 8.74462E-2 2.36396E-2 1.48417E-2 1.54617E-2 9.73853E-3 7.00483E-3 2.17082E-2 9.84729E-2 1.34113E-1 2.50383E-1 1.38271E-1 1.34939E-1 2.23812E-1 3.00517E-1 3.92623E-1 5.92603E-1 6.87767E-1 3.96401E-1 4.90917E-1 5.09425E-1 6.70307E-1 5.79138E-1 3.68014E-1 2.50632E-1 6.23882E-1
-9999 -9999 -9999 -9999 -9999 -9999 -9999 -9999 -9999 -9999 -9999 -9999 -9999 -9999 -9999 -9999 -9999 -9999 -9999 -9999 -9999 -9999 -9999 -9999 -9999 -9999 -9999 -9999 -9999 -9999 -9999 2.60093E-2 3.55474E-2 3.45337E-2 1.34831E-2 8.83503E-3 3.06263E-2 2.7947E-2 9.08922E-3 7.88742E-3 1.28989E-2 2.2404E-2 5.33448E-2 5.97186E-2 2.0071E-2 6.4081E-2 1.8109E-1 2.2138E-1 4.53644E-1 5.98396E-1 6.41918E-1 5.17372E-1 3.06353E-1 6.01968E-1 7.93029E-1 7.56343E-1 3.05155E-1 6.65453E-1
-9999 -9999 -9999 -9999 -9999 -9999 -9999 -9999 -9999 -9999 -9999 -9999 -9999 -9999 -9999 -9999 -9999 -9999 -9999 -9999 -9999 -9999 -9999 -9999 -9999 -9999 -9999 -9999 -9999 -9999 -9999 -9999 -9999 6.27292E-2 1.65256E-2 9.30998E-3 1.49198E-2 2.287E-2 1.90113E-2 1.28825E-2 2.63833E-2 2.95893E-2 5.26024E-2 7.81763E-2 2.75457E-2 5.88599E-2 3.05636E-1 5.04823E-1 5.40808E-1 4.71167E-1 3.20715E-1 2.78873E-1 5.65872E-1 7.1348E-1 7.44937E-1 7.7507E-1 -9999 -9999
