Phytophthora/models/20240503_1210_48/Phytophthora_PA3_RUN5_MAXENT_outputs/Phytophthora_PA3_RUN5.asc
ncols         113
nrows         135
xllcorner     473009.9838
yllcorner     4429001.1748
cellsize      100.0
NODATA_value  -9999
[rows 26 to 51 of 135, columns 0 to 57 of 113]
-9999 -9999 -9999 -9999 -9999 -9999 -9999 -9999 -9999 -9999 1.65735E-3 2.21816E-3 4.81527E-3 4.5736E-3 6.10878E-3 5.87107E-3 1.77309E-2 2.20365E-2 3.25655E-2 2.65487E-2 2.93684E-2 1.21876E-2 1.27672E-2 8.43449E-3 1.27785E-2 1.26934E-2 9.58739E-3 3.97102E-3 9.338E-4 9.10755E-5 1.90614E-5 1.20344E-4 8.3535E-4 1.47838E-2 1.97766E-2 2.20679E-2 2.78356E-2 1.54496E-2 6.49295E-3 4.14757E-3 8.86206E-3 1.72102E-2 1.8051E-2 -9999 -9999 -9999 -9999 -9999 -9999 -9999 -9999 -9999 -9999 -9999 -9999 -9999 -9999 -9999
-9999 -9999 -9999 -9999 -9999 -9999 -9999 -9999 -9999 -9999 4.01485E-4 1.13773E-3 1.61571E-3 2.19251E-3 2.54234E-3 2.8248E-3 1.03543E-2 1.78104E-2 4.31769E-2 4.76486E-2 1.39098E-2 1.02866E-2 2.28423E-2 2.50624E-2 2.23466E-2 1.23348E-2 1.2994E-2 5.75559E-3 9.44265E-4 7.49001E-5 6.1182E-5 3.06289E-4 3.36258E-3 1.35175E-2 1.29826E-2 8.84355E-3 2.69243E-2 2.78686E-2 1.00352E-2 5.85215E-3 9.16691E-3 1.43774E-2 2.04193E-2 1.447E-2 2.25449E-2 4.28209E-2 4.72845E-2 -9999 -9999 -9999 -9999 -9999 -9999 -9999 -9999 -9999 -9999 -9999
-9999 -9999 -9999 -9999 -9999 -9999 -9999 -9999 2.63219E-11 6.00801E-7 2.37644E-4 8.98605E-4 5.70538E-4 5.35447E-4 8.98532E-4 1.69441E-3 5.96702E-3 1.61658E-2 2.48898E-2 4.20082E-2 1.67627E-2 2.31641E-2 2.56746E-2 2.58676E-2 2.354E-2 2.67998E-2 1.20947E-2 5.80578E-3 1.3884E-3 7.9068E-5 9.86327E-5 3.59176E-4 1.97759E-3 5.30243E-3 2.07493E-3 2.49506E-3 6.85001E-3 1.25029E-2 1.9674E-2 1.25634E-2 1.00461E-2 1.67671E-3 3.91512E-3 9.68936E-3 8.96105E-3 2.6557E-2 7.30299E-2 -9999 -9999 -9999 -9999 -9999 -9999 -9999 -9999 -9999 -9999 -9999
-9999 -9999 -9999 -9999 -9999 -9999 1.75882E-8 2.00467E-8 3.66936E-8 1.53488E-5 1.24097E-3 2.47507E-3 2.67288E-3 2.08996E-3 1.55205E-3 2.5272E-3 7.33274E-3 8.53897E-3 1.32929E-2 1.97789E-2 2.27905E-2 2.87835E-2 5.41265E-2 6.47352E-2 7.11087E-2 2.23404E-2 9.68486E-3 2.18005E-3 3.9444E-4 8.56966E-5 2.09834E-4 3.5048E-4 1.57627E-3 4.01138E-3 1.2778E-3 7.20529E-4 8.92141E-4 1.98907E-3 9.10092E-3 1.74237E-2 1.2518E-2 2.07684E-3 4.99025E-3 1.34385E-2 7.53173E-3 1.83056E-2 6.25457E-2 -9999 -9999 -9999 -9999 -9999 -9999 -9999 -9999 -9999 -9999 -9999
-9999 -9999 -9999 -9999 -9999 -9999 4.75484E-6 2.90232E-5 6.69662E-5 5.17861E-4 2.24146E-3 3.9099E-3 5.40676E-3 9.69121E-3 9.05089E-3 9.18368E-3 1.30677E-2 9.52343E-3 9.72072E-3 8.14215E-3 1.43911E-2 1.81967E-2 5.22268E-2 6.58608E-2 3.82846E-2 1.80889E-2 8.42738E-3 1.33585E-3 2.3946E-4 6.0319E-5 3.76301E-4 7.63457E-4 1.91656E-3 2.563E-3 1.99388E-3 1.22053E-3 5.02337E-3 7.97571E-3 1.18217E-2 1.74344E-2 1.49367E-2 4.90257E-3 1.23053E-2 1.2894E-2 8.70584E-3 3.23401E-2 1.06604E-1 1.00457E-1 -9999 -9999 -9999 -9999 -9999 -9999 -9999 -9999 -9999 -9999
-9999 -9999 -9999 -9999 -9999 -9999 7.1987E-6 1.85935E-4 7.13812E-4 1.46086E-3 3.23641E-4 6.89805E-4 6.96056E-3 2.03444E-2 3.1221E-2 2.34528E-2 1.79062E-2 8.20284E-3 4.26186E-3 4.72523E-3 1.17181E-2 1.70524E-2 2.38655E-2 4.69152E-2 2.27596E-2 4.80562E-3 1.25117E-3 1.44632E-3 5.32189E-4 9.85562E-5 3.76805E-4 1.47704E-3 3.8061E-3 1.62032E-3 2.63624E-3 3.63674E-3 6.19796E-3 2.79543E-2 2.86316E-2 1.6365E-2 1.80493E-2 1.1463E-2 5.88066E-3 9.8206E-3 1.00602E-2 3.24553E-2 1.19913E-1 1.07124E-1 1.42629E-1 -9999 -9999 -9999 -9999 -9999 -9999 -9999 -9999 -9999
-9999 -9999 -9999 -9999 -9999 8.70534E-6 9.77841E-5 2.85854E-4 1.3586E-3 7.2725E-4 2.38381E-4 7.04086E-4 6.35391E-3 1.98522E-2 2.21716E-2 1.37873E-2 1.42388E-2 4.92125E-3 1.9206E-3 2.21305E-3 5.0587E-3 1.33025E-2 2.74396E-2 3.15439E-2 6.68741E-3 9.24947E-4 1.33211E-4 1.28296E-4 8.97898E-5 4.70579E-5 1.68036E-4 9.3076E-4 1.6839E-3 1.03185E-3 2.27111E-3 3.91937E-3 8.37796E-3 2.57587E-2 3.91653E-2 5.13136E-3 5.71482E-3 4.13289E-3 2.30809E-3 1.1296E-2 3.2064E-2 2.55973E-2 5.26229E-2 8.94894E-2 1.08826E-1 1.45794E-1 1.69973E-1 -9999 -9999 -9999 -9999 -9999 -9999 -9999
-9999 -9999 -9999 -9999 1.56305E-8 5.30914E-6 1.089E-4 2.39007E-4 8.41006E-4 8.18594E-4 3.59555E-4 1.48627E-3 6.02351E-3 1.49921E-2 1.32037E-2 8.11601E-3 4.02533E-3 2.00569E-3 1.28998E-3 1.24254E-3 2.20376E-3 6.98504E-3 1.14099E-2 1.04937E-2 4.54849E-3 7.25844E-4 7.1783E-5 2.60353E-5 4.72846E-6 8.35695E-6 1.1774E-4 6.0103E-4 1.57106E-3 2.36882E-3 4.40669E-3 7.31677E-3 9.05211E-3 2.60242E-2 1.37842E-2 4.59279E-3 2.91271E-3 3.9329E-3 5.69124E-3 1.37513E-2 5.7818E-2 3.45707E-2 1.43878E-2 7.62978E-2 9.24295E-2 9.79794E-2 8.90762E-2 1.62828E-1 1.74337E-1 -9999 -9999 -9999 -9999 -9999
-9999 -9999 -9999 -9999 1.61088E-8 8.24765E-6 5.21965E-5 1.51048E-4 6.26507E-4 7.67211E-4 4.32757E-4 6.44691E-4 2.21037E-3 8.5812E-3 3.05828E-3 2.98574E-3 1.51851E-3 9.02358E-4 1.0191E-3 1.26399E-3 1.64156E-3 1.94456E-3 2.77306E-3 3.52251E-3 2.66825E-3 4.3616E-4 3.70172E-5 1.87395E-5 1.96933E-6 3.65314E-6 1.16433E-4 5.86359E-4 1.01355E-3 2.03577E-3 8.19324E-3 1.29185E-2 1.63264E-2 2.59841E-2 8.33616E-3 5.71258E-3 1.15144E-2 1.63912E-2 1.09128E-2 1.52664E-2 4.91816E-2 4.63407E-2 4.66783E-2 2.76422E-2 2.83836E-2 5.45325E-2 1.63332E-2 6.17041E-2 2.09723E-1 -9999 -9999 -9999 -9999 -9999
-9999 -9999 -9999 -9999 -9999 -9999 -9999 -9999 9.89868E-4 4.36336E-4 2.51638E-3 2.97663E-3 1.84155E-3 1.40454E-3 1.37389E-3 1.03367E-3 7.90678E-4 4.83433E-4 3.05055E-4 2.40804E-4 2.93234E-4 3.83138E-4 6.38146E-4 9.15772E-4 3.7023E-4 9.8727E-5 1.1514E-5 4.38742E-6 1.1363E-6 4.45953E-6 1.5497E-4 6.55821E-4 7.63987E-4 1.34656E-3 3.39346E-3 5.25364E-3 9.88641E-3 8.84852E-3 4.79644E-3 4.73076E-3 1.03896E-2 9.82558E-3 2.99549E-3 6.58947E-3 2.60549E-2 4.89352E-2 8.25576E-2 6.13396E-2 7.73669E-3 1.64021E-2 2.37222E-2 6.48255E-2 1.88904E-1 3.41589E-1 -9999 -9999 -9999 -9999
-9999 -9999 -9999 -9999 -9999 -9999 -9999 -9999 -9999 -9999 2.35106E-3 2.1883E-3 7.6661E-4 3.68406E-4 3.51819E-4 3.59913E-4 3.58458E-4 3.07539E-4 1.8044E-4 5.99327E-5 1.24056E-4 1.47679E-4 1.77392E-4 1.57298E-4 1.02866E-4 8.46471E-5 3.44354E-5 3.92934E-5 8.47093E-6 1.10416E-5 2.22623E-4 8.7355E-4 6.29415E-4 1.47402E-3 8.0231E-3 6.87317E-3 1.56503E-2 1.92435E-2 9.72291E-3 8.00225E-3 9.76999E-3 1.22472E-2 1.73181E-2 3.8021E-2 2.00285E-2 4.31991E-2 9.70154E-2 7.58072E-2 5.43008E-2 5.81346E-2 5.1365E-2 1.12984E-1 2.58288E-1 3.2061E-1 -9999 -9999 -9999 -9999
-9999 -9999 -9999 -9999 -9999 -9999 -9999 -9999 -9999 -9999 -9999 1.44047E-3 3.82924E-4 1.99197E-4 7.37612E-5 9.10662E-5 1.15935E-4 8.39694E-5 4.95527E-5 1.78314E-5 3.98442E-5 2.84696E-5 9.78895E-5 2.31192E-4 7.26784E-4 7.46493E-4 3.70122E-4 3.72406E-4 1.45106E-4 1.50391E-4 1.67124E-4 2.0049E-4 5.84002E-4 2.74494E-3 2.33912E-2 2.42445E-2 2.32811E-2 2.83153E-2 2.56345E-2 2.75534E-2 1.7901E-2 2.31659E-2 5.87487E-2 4.28879E-2 2.55674E-2 3.92185E-2 8.04384E-2 1.14611E-1 5.7223E-2 4.07902E-2 4.44314E-2 5.67374E-2 3.03042E-1 3.36384E-1 2.91567E-1 -9999 -9999 -9999
-9999 -9999 -9999 -9999 -9999 -9999 -9999 -9999 -9999 -9999 -9999 -9999 1.82055E-4 1.19364E-4 4.50973E-5 1.45109E-5 1.03551E-5 6.77918E-6 7.89271E-6 2.47831E-5 5.53669E-5 1.99843E-4 9.04507E-4 1.36666E-3 1.68471E-3 1.94784E-3 1.23207E-3 1.91046E-3 1.48994E-3 4.77322E-4 6.63347E-5 9.31303E-5 9.50106E-4 6.64001E-3 2.40447E-2 3.39749E-2 3.54909E-2 3.29258E-2 1.73118E-2 3.05346E-2 4.33781E-2 5.9116E-2 6.98336E-2 3.77386E-2 1.11979E-1 4.97831E-2 1.20816E-1 1.80593E-1 3.15416E-1 1.91282E-1 1.74437E-1 1.72785E-1 3.01828E-1 3.081E-1 2.43263E-1 1.47305E-1 1.12054E-1 -9999
-9999 -9999 -9999 -9999 -9999 -9999 -9999 -9999 -9999 -9999 -9999 -9999 -9999 -9999 1.13962E-5 9.53373E-7 1.71931E-6 6.22055E-6 3.55078E-5 1.64848E-4 1.68338E-4 3.17105E-4 1.17278E-3 1.69443E-3 3.5061E-3 6.84433E-3 6.88651E-3 4.33327E-3 1.1518E-3 1.39945E-3 6.65985E-4 1.56905E-4 9.14818E-4 5.7268E-3 1.69717E-2 6.03026E-2 7.97248E-2 5.96459E-2 3.57326E-2 2.39407E-2 2.45674E-2 3.57857E-2 5.09395E-3 4.68342E-2 1.19544E-1 5.72573E-2 1.32585E-1 3.49029E-1 3.43845E-1 2.98916E-1 3.9004E-1 2.67728E-1 2.72654E-1 3.42066E-1 3.25334E-1 2.21621E-1 2.88828E-1 -9999
-9999 -9999 -9999 -9999 -9999 -9999 -9999 -9999 -9999 -9999 -9999 -9999 -9999 -9999 -9999 2.03742E-7 2.16128E-6 4.66337E-5 2.43508E-4 7.09426E-4 4.50508E-4 9.8538E-5 3.00571E-4 1.0728E-3 2.21997E-3 1.86511E-3 1.61915E-3 6.21556E-3 4.72357E-3 1.3007E-3 1.52949E-3 1.96346E-4 1.46431E-4 1.61118E-3 3.30693E-3 2.14919E-2 4.28437E-2 2.66456E-2 2.27952E-2 2.5114E-2 8.69441E-3 2.57341E-3 4.39805E-3 1.86327E-2 4.64512E-2 5.88944E-2 9.62002E-2 2.4226E-1 3.6562E-1 2.01447E-1 2.13732E-1 3.17122E-1 2.01214E-1 1.97113E-1 3.60864E-1 9.2222E-2 2.53789E-1 7.42177E-2
-9999 -9999 -9999 -9999 -9999 -9999 -9999 -9999 -9999 -9999 -9999 -9999 -9999 -9999 -9999 -9999 1.93741E-5 6.25135E-5 5.3329E-4 1.10125E-3 3.21702E-4 1.38171E-4 2.16383E-4 7.55655E-4 7.09365E-4 7.74239E-4 9.48392E-4 1.56848E-3 3.56264E-3 4.19279E-4 1.83666E-3 1.56371E-3 2.35356E-4 4.26743E-4 3.25254E-3 7.6684E-3 1.56922E-2 2.32769E-2 4.67989E-2 3.74031E-2 1.8794E-2 2.96312E-3 1.05803E-2 8.83289E-3 2.94066E-2 6.7746E-2 7.25939E-2 1.80398E-1 1.60581E-1 1.99705E-1 2.41605E-1 3.1033E-1 1.13918E-1 7.85874E-2 8.81611E-2 6.8656E-2 8.08931E-2 3.50596E-2
-9999 -9999 -9999 -9999 -9999 -9999 -9999 -9999 -9999 -9999 -9999 -9999 -9999 -9999 -9999 -9999 3.52143E-4 1.28748E-3 3.00994E-3 1.71404E-3 3.28696E-4 1.9578E-4 3.83164E-4 1.63848E-3 2.98975E-3 2.37376E-3 1.58575E-3 3.44565E-3 3.17778E-3 1.08516E-3 3.26218E-3 4.6084E-3 7.66125E-4 5.01183E-4 4.16385E-3 1.97396E-2 3.79155E-2 5.01692E-2 9.76139E-2 8.8831E-2 7.20713E-2 4.98104E-3 1.80733E-2 4.44331E-2 3.70272E-2 7.23277E-2 7.81217E-2 1.37949E-1 1.2891E-1 1.54568E-1 3.40909E-1 2.4187E-1 1.65518E-1 2.24656E-1 2.48406E-1 2.39914E-1 1.58804E-1 1.50199E-1
-9999 -9999 -9999 -9999 -9999 -9999 -9999 -9999 -9999 -9999 -9999 -9999 -9999 -9999 -9999 -9999 7.86666E-4 2.69048E-3 1.92638E-3 1.81445E-3 8.17521E-4 1.04148E-3 1.7649E-3 7.30328E-4 1.87447E-3 1.98284E-3 2.34514E-3 5.42907E-3 5.10558E-3 4.71786E-3 3.89542E-3 4.77708E-3 3.77496E-3 1.50919E-3 3.23434E-3 1.64416E-2 5.92028E-2 7.92521E-2 1.09919E-1 9.71993E-2 8.27747E-2 3.92196E-2 6.10265E-2 8.29142E-2 5.40625E-2 7.19072E-2 1.38857E-1 1.99167E-1 2.77205E-1 2.36623E-1 3.99784E-1 2.12913E-1 1.58753E-1 2.4124E-1 2.16619E-1 4.43595E-1 2.74702E-1 2.85853E-1
-9999 -9999 -9999 -9999 -9999 -9999 -9999 -9999 -9999 -9999 -9999 -9999 -9999 -9999 -9999 -9999 2.51816E-3 4.08331E-3 7.30255E-3 5.92848E-3 9.2664E-3 4.81656E-3 6.22324E-3 1.42366E-3 5.72307E-4 3.23079E-4 1.56478E-3 3.41846E-3 2.87974E-3 2.64688E-3 5.28602E-3 8.21387E-3 1.51765E-2 8.84136E-3 7.70042E-3 1.72241E-2 4.96029E-2 1.17895E-1 1.24558E-1 6.91221E-2 6.60005E-2 1.08362E-1 2.04959E-1 6.64548E-2 3.65366E-2 7.011E-2 2.19117E-1 1.8564E-1 1.11984E-1 9.90353E-2 4.91409E-1 2.56994E-1 1.59806E-1 2.17907E-1 2.40988E-1 2.63598E-1 2.18032E-1 2.17912E-1
-9999 -9999 -9999 -9999 -9999 -9999 -9999 -9999 -9999 4.70613E-7 1.87471E-3 5.41836E-3 4.99752E-5 1.24553E-8 4.06867E-5 2.00677E-3 4.30729E-3 7.02051E-3 7.56677E-3 4.54976E-3 1.92948E-2 1.39444E-2 1.68262E-2 4.91182E-3 1.29432E-3 1.49812E-4 5.05349E-4 8.80281E-4 1.22099E-3 4.72152E-4 4.46856E-3 1.02752E-2 1.53172E-2 1.62773E-2 1.01735E-2 2.00957E-2 4.29729E-2 6.55311E-2 1.61175E-1 1.08001E-1 5.10366E-2 1.18212E-1 1.65739E-1 3.31719E-2 4.90889E-2 -9999 -9999 1.22338E-1 2.68948E-2 3.20788E-2 3.39175E-1 4.82622E-1 2.46582E-1 1.43176E-1 3.35773E-1 2.71444E-1 1.49087E-1 1.12972E-1
-9999 -9999 -9999 -9999 -9999 -9999 -9999 1.48863E-9 3.2606E-9 8.32181E-6 2.60501E-3 8.23362E-3 2.47437E-4 5.34181E-7 1.06567E-4 4.01443E-3 5.02085E-3 5.40819E-3 3.0169E-3 4.85334E-3 2.04309E-2 3.12723E-2 2.27821E-2 1.03327E-2 3.43075E-3 1.48877E-4 3.66835E-4 3.61435E-4 1.02425E-4 1.34995E-4 3.08231E-3 9.71994E-3 7.03166E-3 1.27687E-2 1.24745E-2 2.93713E-2 6.87382E-2 8.18742E-2 1.26456E-1 9.8036E-2 7.15232E-2 1.39181E-1 6.75744E-2 3.07509E-2 4.85676E-2 -9999 -9999 1.65976E-1 6.20846E-2 4.82537E-2 2.5264E-1 4.30535E-1 4.16957E-2 5.92794E-2 1.70995E-1 5.78623E-2 6.90977E-2 1.42878E-1
-9999 -9999 -9999 -9999 -9999 1.0173E-6 6.57592E-6 2.95341E-5 9.24377E-5 1.02375E-3 5.05122E-3 1.67733E-2 4.56181E-3 7.72858E-4 5.23977E-3 1.15739E-2 9.55849E-3 5.29932E-3 1.13809E-3 5.51284E-3 2.02961E-2 2.27678E-2 1.67759E-2 1.0867E-2 2.7591E-3 3.88516E-4 1.11036E-3 2.9652E-3 6.27882E-4 2.64493E-4 2.08916E-3 5.50136E-3 6.538E-3 1.91E-2 2.37007E-2 6.12953E-2 6.66745E-2 5.94799E-2 6.71151E-2 4.34514E-2 4.26074E-2 6.5882E-2 2.95269E-2 2.68551E-2 7.05075E-2 -9999 -9999 2.06235E-1 1.07558E-1 -9999 -9999 4.95184E-2 2.10485E-2 2.10836E-2 7.89156E-2 5.48359E-2 1.22228E-1 1.7193E-1
-9999 -9999 -9999 -9999 -9999 3.19107E-4 1.7372E-3 4.6414E-3 7.27992E-3 7.58058E-3 7.80448E-3 1.89279E-2 1.81074E-2 2.36556E-2 2.63238E-2 2.25458E-2 1.788E-2 4.82161E-3 1.10542E-3 6.21149E-3 2.03943E-2 1.53907E-2 6.84258E-3 9.39303E-3 3.65187E-3 8.81146E-4 2.07673E-3 3.09924E-3 6.83339E-4 5.87798E-4 1.611E-3 3.48359E-3 2.01568E-3 3.27108E-3 1.35167E-2 5.46672E-2 7.79049E-2 4.47859E-2 3.66632E-2 2.44353E-2 2.03221E-2 6.088E-2 2.49465E-2 5.76131E-2 6.71484E-2 2.83736E-2 -9999 -9999 -9999 -9999 -9999 1.67351E-1 4.88814E-2 8.96253E-2 2.17261E-1 3.95571E-1 2.46159E-1 2.09683E-1
-9999 -9999 -9999 -9999 -9999 1.69852E-3 9.58128E-3 2.9848E-2 4.01268E-2 3.44178E-2 2.58046E-2 2.02187E-2 2.04479E-2 2.53305E-2 1.9903E-2 2.88454E-2 2.38816E-2 1.08952E-2 3.63323E-3 8.13747E-3 5.87038E-3 3.40534E-3 5.60888E-3 5.47965E-3 4.17623E-3 2.60992E-3 8.46173E-3 1.4856E-2 5.27053E-3 4.92015E-3 4.66655E-3 3.39665E-3 6.12474E-3 5.17557E-3 4.5383E-3 3.54453E-2 7.27264E-2 5.14321E-2 6.38094E-2 1.94955E-2 1.08493E-2 6.78858E-2 6.24733E-2 8.43753E-2 1.74496E-1 7.48676E-2 -9999 -9999 -9999 -9999 2.19046E-1 2.54109E-1 2.256E-1 1.57101E-1 3.43535E-1 2.83223E-1 3.04918E-1 2.17767E-1
-9999 -9999 -9999 -9999 -9999 3.45799E-3 1.49639E-2 6.04259E-2 1.04363E-1 8.17144E-2 2.85738E-2 1.21182E-2 1.01084E-2 1.30407E-2 1.27958E-2 1.70143E-2 2.32912E-2 5.47397E-3 4.14635E-3 8.39872E-3 5.38465E-3 4.58171E-3 7.67452E-3 3.96048E-3 3.7526E-3 3.67782E-3 1.11366E-2 1.24132E-2 7.0961E-3 1.31398E-2 1.46195E-2 1.06872E-2 1.21707E-2 1.39623E-2 1.10972E-2 4.14353E-2 7.94198E-2 5.8405E-2 7.83999E-2 8.71486E-3 1.8012E-2 3.82085E-2 8.56627E-2 1.55642E-1 1.63375E-1 1.16109E-1 1.09607E-1 -9999 -9999 1.45659E-1 2.08468E-1 2.51368E-1 2.89809E-1 3.42802E-1 2.04272E-1 1.09123E-1 1.83353E-1 2.0025E-1
-9999 -9999 -9999 -9999 -9999 1.02516E-2 3.38474E-2 9.61689E-2 1.50012E-1 6.19029E-2 1.55036E-2 3.88568E-3 4.02412E-3 5.69472E-3 1.47837E-2 1.7733E-2 7.88423E-3 1.53286E-3 1.90213E-3 3.48766E-3 1.81179E-3 1.12652E-3 2.89139E-3 5.67601E-3 3.23784E-3 1.48649E-3 2.50768E-3 7.36343E-3 3.02974E-3 6.12694E-3 1.60434E-2 1.99371E-2 2.50534E-2 1.43755E-2 2.57396E-2 6.29636E-2 8.15389E-2 4.89812E-2 9.75133E-3 5.50735E-2 5.89131E-2 4.77676E-2 9.02902E-2 9.28389E-2 2.36318E-2 2.38763E-2 6.98783E-2 -9999 3.13658E-1 1.37149E-1 5.99159E-2 2.13072E-1 3.58753E-1 3.83785E-1 6.50518E-2 2.14218E-1 1.60775E-1 3.46521E-1
