Phytophthora/models/20240503_1210_48/Phytophthora_PA3_RUN5_MAXENT_outputs/Phytophthora_PA3_RUN5.asc
ncols         113
nrows         135
xllcorner     473009.9838
yllcorner     4429001.1748
cellsize      100.0
NODATA_value  -9999
[rows 52 to 77 of 135, columns 0 to 57 of 113]
-9999 -9999 -9999 -9999 -9999 6.94205E-3 3.73742E-2 6.94527E-2 7.004E-2 2.45007E-2 1.11569E-2 5.23963E-3 5.86392E-3 8.09045E-3 1.22733E-2 9.27809E-3 4.30111E-3 3.42607E-3 5.07735E-3 4.97462E-3 3.26811E-3 1.56467E-3 9.68664E-4 1.0975E-3 2.27875E-3 1.40839E-3 2.42709E-3 2.33624E-3 9.82848E-4 2.18286E-3 1.26505E-2 3.43548E-2 2.23144E-2 3.13224E-2 3.94075E-2 3.50163E-2 2.49535E-2 1.02991E-2 2.41184E-2 9.68187E-2 8.3963E-2 5.17415E-2 3.99388E-2 3.91266E-2 1.51558E-2 2.54264E-2 2.64201E-2 2.42802E-2 1.4904E-1 2.6872E-1 2.79556E-1 3.84808E-1 4.66037E-1 4.06347E-1 1.12406E-1 1.7849E-1 1.17072E-1 2.13714E-1
-9999 -9999 -9999 -9999 -9999 1.30917E-2 1.61126E-1 8.14151E-2 4.97606E-2 2.07787E-2 2.93628E-2 1.52172E-2 2.03075E-2 1.09752E-2 9.26525E-3 6.59955E-3 4.42447E-3 8.43433E-3 9.10349E-3 8.73697E-3 6.92329E-3 6.55479E-3 8.55753E-3 2.25971E-3 2.60687E-3 4.22833E-3 5.01524E-3 1.25658E-3 5.35406E-4 1.83016E-3 7.22353E-3 4.20919E-2 5.86737E-2 2.54836E-2 2.26073E-2 2.21002E-2 1.19589E-2 6.81443E-3 1.1202E-2 4.53247E-2 4.07661E-2 2.92166E-2 2.44464E-2 8.50331E-3 1.21365E-2 1.8846E-2 5.52625E-3 1.60676E-2 1.44552E-1 4.29625E-1 6.04609E-1 5.09313E-1 4.896E-1 2.30721E-1 1.61647E-1 2.68353E-1 2.14259E-1 2.32846E-1
-9999 -9999 -9999 -9999 6.73258E-4 2.7455E-2 1.84743E-1 7.48963E-2 4.38845E-2 4.1988E-2 5.05026E-2 4.99344E-2 2.85826E-2 1.22098E-2 1.12551E-2 1.10121E-2 1.88971E-2 2.69651E-2 3.1341E-2 2.58125E-2 1.50754E-2 1.27487E-2 1.67248E-2 1.12493E-2 9.19326E-3 1.6971E-2 1.09206E-2 2.97226E-3 1.42477E-3 2.62115E-3 2.6019E-3 9.38499E-3 2.90101E-2 1.2128E-2 1.48398E-2 2.47988E-2 2.09578E-2 1.28162E-2 1.35383E-2 1.96849E-2 2.27843E-2 5.69336E-2 5.7598E-2 2.11058E-2 1.63712E-2 1.36441E-2 1.23178E-2 2.08583E-2 1.58949E-1 3.27162E-1 5.2164E-1 4.26823E-1 1.58781E-1 6.94367E-2 2.00217E-1 4.34238E-1 5.18688E-1 4.70946E-1
-9999 -9999 -9999 2.81119E-2 6.39094E-2 1.26011E-1 1.93265E-1 8.37669E-2 9.13325E-2 8.13245E-2 6.06192E-2 7.22867E-2 4.16808E-2 2.62396E-2 2.7774E-2 3.00937E-2 8.72678E-2 9.74937E-2 8.07212E-2 6.42485E-2 4.15707E-2 2.04788E-2 3.44502E-2 2.00196E-2 1.0266E-2 1.60189E-2 1.82235E-2 6.9043E-3 2.44872E-3 1.73713E-3 6.46502E-3 1.42724E-2 1.24776E-2 7.67779E-3 1.62227E-2 3.47908E-2 3.20457E-2 3.6212E-2 2.42045E-2 4.70944E-2 8.34919E-2 1.63003E-1 1.12972E-1 6.53619E-2 6.30273E-2 3.61323E-2 5.00194E-2 2.58371E-2 5.18822E-2 3.60709E-1 5.13998E-1 3.32815E-1 1.08658E-1 1.74666E-1 3.03517E-1 3.40362E-1 3.73783E-1 2.48986E-1
-9999 -9999 -9999 7.55951E-2 1.49242E-1 3.13416E-1 2.01827E-1 3.54535E-2 1.08236E-1 8.16045E-2 1.72075E-1 1.25555E-1 1.53678E-1 1.5775E-1 1.02353E-1 1.0109E-1 1.44922E-1 1.34997E-1 1.87167E-1 1.0935E-1 8.46959E-2 6.09645E-2 5.91156E-2 3.67665E-2 1.71555E-2 1.68049E-2 2.71535E-2 1.72404E-2 3.71249E-3 1.95726E-3 2.14854E-2 3.15576E-2 9.81741E-3 6.53009E-3 1.34195E-2 3.22848E-2 4.55048E-2 7.23507E-2 2.21116E-2 3.55481E-2 8.79785E-2 1.37959E-1 7.00956E-2 6.57156E-2 6.0802E-2 1.31502E-2 4.10767E-2 1.73192E-2 1.01526E-1 2.46859E-1 3.40091E-1 3.68522E-1 3.0857E-1 2.64873E-1 3.98448E-1 3.44467E-1 4.23094E-1 4.14184E-1
-9999 -9999 -9999 7.18024E-2 2.27802E-1 2.15147E-1 9.45468E-2 4.05197E-2 4.60277E-2 1.28864E-1 2.27086E-1 2.21014E-1 3.17296E-1 1.87382E-1 1.03795E-1 8.80911E-2 9.96597E-2 1.40695E-1 1.9832E-1 1.17151E-1 9.07378E-2 1.06423E-1 1.21216E-1 8.35202E-2 4.2563E-2 3.74403E-2 6.42545E-2 5.28581E-2 1.8243E-2 1.68519E-2 4.96478E-2 4.64879E-2 4.05746E-2 7.82503E-3 5.25786E-3 8.34689E-3 3.86711E-2 5.59815E-2 1.19227E-2 2.08109E-2 6.89789E-2 8.80743E-2 6.86312E-2 3.66427E-2 5.53078E-3 1.73662E-3 1.91132E-2 4.26772E-2 9.88267E-2 7.90384E-2 9.21177E-2 1.41897E-1 1.9167E-1 1.03419E-1 1.15287E-1 2.66714E-1 4.49715E-1 2.59162E-1
-9999 -9999 -9999 2.18279E-2 6.15037E-2 7.86549E-2 2.78771E-2 2.04708E-2 3.87242E-2 1.11401E-1 1.60321E-1 1.50053E-1 1.89418E-1 9.99733E-2 6.22394E-2 3.71161E-2 5.16958E-2 1.19035E-1 1.0449E-1 1.63663E-1 1.6716E-1 1.65211E-1 1.57629E-1 1.15114E-1 5.84504E-2 7.06542E-2 1.19059E-1 1.61618E-1 8.57271E-2 2.4785E-2 3.09426E-2 4.72889E-2 3.19075E-2 2.36992E-3 3.99387E-3 3.51668E-2 1.3805E-1 5.87851E-2 1.67703E-2 2.21569E-2 4.97045E-2 5.78321E-2 5.40281E-2 1.9501E-2 5.48428E-3 3.54287E-3 6.73007E-3 5.83782E-2 3.19317E-1 3.12262E-1 2.94818E-1 2.15775E-1 1.5712E-1 5.56447E-2 2.07969E-2 2.44292E-1 2.43466E-1 1.61914E-1
-9999 -9999 -9999 3.57731E-2 3.27792E-2 3.47268E-2 4.27196E-2 2.76683E-2 4.53373E-2 6.88303E-2 7.0006E-2 3.59829E-2 1.97108E-1 1.95577E-1 9.64526E-2 3.18028E-2 2.47998E-2 4.84952E-2 5.87043E-2 2.1978E-1 1.66608E-1 1.21176E-1 6.64694E-2 3.46935E-2 2.75288E-2 5.40372E-2 7.84337E-2 5.09457E-2 2.99262E-2 2.86133E-2 4.66536E-2 3.02556E-2 1.17284E-2 5.96311E-3 8.65178E-3 3.19326E-2 5.00161E-2 7.15808E-2 5.02082E-2 4.11387E-2 5.66171E-2 6.98696E-2 6.06061E-2 2.37952E-2 3.23492E-2 7.2164E-3 1.10204E-2 1.45262E-1 3.27961E-1 3.48366E-1 1.60726E-1 9.70586E-2 5.14795E-2 2.59613E-2 8.66224E-3 4.1631E-2 2.06168E-1 2.48855E-1
-9999 -9999 -9999 -9999 2.52345E-2 1.13101E-1 8.82073E-2 4.22443E-2 4.71924E-2 8.78303E-2 8.13226E-2 3.63865E-2 1.63922E-1 2.32266E-1 9.63197E-2 4.87234E-2 4.15229E-2 7.86799E-2 1.64904E-1 2.33668E-1 9.80648E-2 4.74074E-2 2.10163E-2 1.50219E-2 2.25943E-2 1.78929E-2 1.33978E-2 9.12179E-3 2.52443E-2 7.26273E-2 1.21186E-1 3.4969E-2 2.71137E-2 1.12203E-2 1.82036E-2 3.05959E-2 4.85268E-2 1.26273E-1 1.1758E-1 1.20373E-1 1.74346E-1 1.60014E-1 1.57491E-1 8.74434E-2 5.29425E-2 1.08121E-2 5.79741E-3 3.58721E-2 1.0572E-1 1.98637E-1 5.62939E-2 3.58375E-2 2.26215E-2 1.26459E-2 1.19578E-2 2.15389E-2 1.2794E-1 2.46201E-1
-9999 -9999 -9999 -9999 -9999 2.66879E-1 1.03385E-1 2.95272E-2 2.88216E-2 8.88355E-2 1.05498E-1 8.5834E-2 1.22554E-1 1.46062E-1 6.6763E-2 3.67787E-2 4.26306E-2 1.18737E-1 2.59977E-1 2.25695E-1 9.41292E-2 2.10179E-2 9.82969E-3 1.47618E-2 2.0848E-2 3.94804E-2 3.28951E-2 1.59614E-2 3.93495E-2 5.53818E-2 5.54503E-2 4.08591E-2 6.126E-2 7.55198E-3 5.36988E-3 1.60649E-2 5.28023E-2 1.10131E-1 1.41811E-1 1.92263E-1 2.0746E-1 2.16805E-1 2.6018E-1 1.487E-1 8.32882E-2 9.05859E-3 3.97684E-3 2.44311E-2 5.89729E-2 5.07131E-2 2.06088E-2 1.55926E-2 1.84878E-2 1.98702E-2 4.17443E-2 3.1107E-2 9.25664E-2 2.05965E-1
-9999 -9999 -9999 -9999 -9999 -9999 1.75742E-2 1.59418E-2 3.02276E-2 7.69372E-2 1.0166E-1 2.65582E-1 3.35803E-1 1.25936E-1 3.986E-2 1.4225E-2 1.84581E-2 1.05736E-1 1.75108E-1 1.02839E-1 3.60906E-2 1.66725E-2 1.35751E-2 1.96268E-2 3.41205E-2 4.88114E-2 3.859E-2 2.52898E-2 2.23839E-2 1.65413E-2 2.95142E-2 5.2187E-2 3.338E-2 1.97831E-2 3.68714E-2 6.414E-2 8.78874E-2 1.42592E-1 1.49043E-1 1.41545E-1 2.81034E-1 1.52007E-1 4.06918E-1 1.81181E-1 1.01532E-1 1.61762E-2 5.3275E-3 8.58833E-3 1.31226E-2 9.15326E-3 7.44073E-3 1.07874E-2 2.64107E-2 5.30547E-2 6.30438E-2 5.2496E-2 1.61425E-1 2.99824E-1
-9999 -9999 -9999 -9999 -9999 -9999 2.39657E-2 1.78234E-2 2.34203E-2 4.56329E-2 2.66032E-1 3.06676E-1 2.54403E-1 5.54668E-2 2.46653E-2 2.23917E-2 3.21555E-2 4.43564E-2 4.73686E-2 3.32793E-2 2.36404E-2 1.24009E-2 9.19226E-3 1.77633E-2 2.31015E-2 3.41354E-2 4.39511E-2 2.23441E-2 9.0986E-3 1.37838E-2 3.00407E-2 8.40781E-2 3.13507E-2 3.44222E-2 1.16613E-1 7.14491E-2 5.46653E-2 5.52992E-2 5.40121E-2 7.94168E-2 1.78653E-1 1.87167E-1 4.70741E-1 1.81216E-1 1.00033E-1 2.83058E-2 4.26861E-3 6.81932E-4 2.44676E-3 5.93325E-3 1.55655E-2 5.09146E-2 8.45331E-2 9.51236E-2 9.88146E-2 1.26532E-1 1.45709E-1 2.03967E-1
-9999 -9999 -9999 -9999 -9999 8.34401E-3 4.41067E-2 2.38819E-2 1.86692E-2 4.73801E-2 2.39888E-1 2.97064E-1 1.81222E-1 5.28046E-2 2.05933E-2 2.00399E-2 1.84312E-2 1.35361E-2 1.49113E-2 2.34668E-2 2.12687E-2 2.61537E-2 2.18223E-2 2.63552E-2 3.33739E-2 5.7331E-2 5.90426E-2 2.05261E-2 7.83898E-3 2.11493E-3 1.0031E-2 5.75794E-2 7.12927E-2 5.89302E-2 1.84868E-1 1.80932E-1 7.88546E-2 7.66866E-2 1.02011E-1 2.10897E-1 3.28954E-1 2.53163E-1 2.59753E-1 1.27858E-1 7.06292E-2 2.92743E-2 7.3236E-3 2.29362E-3 4.46979E-3 2.27507E-2 3.30077E-2 8.65827E-2 8.96418E-2 9.15509E-2 7.59685E-2 1.75273E-1 2.05883E-1 2.76652E-1
-9999 -9999 -9999 -9999 9.50167E-6 3.92362E-3 3.15985E-2 1.21327E-2 1.5194E-2 2.03295E-2 3.80881E-2 1.41475E-1 7.29711E-2 5.35677E-2 3.25239E-2 1.9795E-2 2.56925E-2 2.30093E-2 2.11675E-2 3.90556E-2 9.1153E-2 7.38371E-2 3.48167E-2 3.17166E-2 5.60404E-2 1.15229E-1 1.09614E-1 1.42728E-2 4.60937E-3 1.34153E-2 2.19153E-2 7.66746E-2 9.08527E-2 6.34278E-2 1.18253E-1 1.42664E-1 1.7643E-1 1.83074E-1 2.90848E-1 5.30409E-1 6.88821E-1 3.97621E-1 3.60533E-1 2.63595E-1 9.49209E-2 1.95916E-2 6.6798E-3 1.25478E-2 1.61515E-2 3.85456E-2 4.94577E-2 1.09833E-1 2.14767E-1 3.74666E-1 2.72502E-1 2.55903E-1 4.15513E-1 3.0381E-1
-9999 -9999 -9999 -9999 5.66946E-6 6.23763E-3 6.31379E-2 3.03792E-2 1.30081E-2 4.78931E-3 3.39264E-2 8.82255E-2 8.2547E-2 7.79958E-2 2.93551E-2 4.41043E-2 3.72971E-2 4.20494E-2 5.55099E-2 1.0634E-1 2.12909E-1 1.09504E-1 5.55714E-2 5.55997E-2 9.93116E-2 1.29675E-1 9.80178E-2 1.48689E-2 1.00541E-2 2.07747E-2 3.69029E-2 5.39504E-2 8.60705E-2 8.52763E-2 1.90265E-1 2.55395E-1 2.5521E-1 2.47037E-1 3.53052E-1 4.71737E-1 6.10737E-1 6.18639E-1 5.93737E-1 3.88105E-1 7.03687E-2 6.70679E-3 6.34546E-3 3.33913E-2 1.0409E-1 1.59844E-1 2.1743E-1 1.69057E-1 3.49987E-1 4.10112E-1 4.87007E-1 4.48645E-1 3.67549E-1 2.44322E-1
-9999 -9999 -9999 -9999 6.74072E-6 8.79302E-3 1.00157E-1 1.15646E-1 7.31256E-2 7.76253E-3 6.41717E-2 6.49072E-2 9.11793E-2 1.14381E-1 3.66937E-2 1.99074E-2 1.88567E-2 3.55507E-2 1.27621E-1 2.03E-1 2.34604E-1 1.84497E-1 1.19209E-1 1.08898E-1 1.24819E-1 1.54351E-1 8.75549E-2 2.17915E-2 2.40683E-2 2.9383E-2 4.37122E-2 8.49045E-2 7.8372E-2 2.01914E-1 1.89549E-1 1.4493E-1 1.02483E-1 1.1613E-1 2.13671E-1 3.19049E-1 4.29509E-1 4.692E-1 4.65448E-1 3.77072E-1 3.59209E-2 4.30837E-3 9.82331E-3 6.91083E-2 1.62851E-1 3.143E-1 4.51776E-1 3.65187E-1 4.61694E-1 4.82249E-1 5.67776E-1 5.63655E-1 6.08984E-1 1.98274E-1
-9999 -9999 -9999 -9999 9.20555E-6 7.25891E-3 1.04943E-1 1.14365E-1 3.49839E-2 4.504E-2 1.34537E-1 1.02865E-1 9.75682E-2 3.13796E-2 3.30626E-2 2.80568E-2 4.09783E-2 8.49526E-2 1.46722E-1 2.68197E-1 4.16509E-1 3.72106E-1 2.80991E-1 1.30129E-1 6.87013E-2 2.04887E-1 1.11199E-1 4.70087E-2 2.60581E-2 5.92292E-2 1.53132E-1 1.39149E-1 1.34421E-1 1.58007E-1 1.4161E-1 5.99047E-2 4.80125E-2 7.72695E-2 1.58964E-1 3.47538E-1 4.47216E-1 5.0614E-1 1.72653E-1 1.28499E-1 2.92063E-2 5.92525E-3 2.02974E-2 7.34141E-2 2.28159E-1 3.7661E-1 6.00258E-1 7.18894E-1 6.90467E-1 5.46798E-1 5.82481E-1 6.06875E-1 4.03321E-1 2.38915E-1
-9999 -9999 -9999 -9999 2.61774E-6 5.46683E-3 9.27987E-2 6.85046E-2 2.01908E-2 6.68289E-2 7.51603E-2 7.2246E-2 6.72772E-2 6.63314E-2 8.57119E-2 1.26282E-1 8.11769E-2 1.3452E-1 2.05579E-1 4.43173E-1 3.76253E-1 2.6725E-1 1.15398E-1 4.6368E-2 1.04462E-1 2.59197E-1 3.001E-1 1.23947E-1 3.85677E-2 1.29404E-1 2.22546E-1 8.62288E-2 6.67072E-2 2.62593E-2 7.28315E-2 5.54332E-2 4.11823E-2 1.04094E-1 2.54291E-1 4.16247E-1 3.6864E-1 2.76302E-1 7.17117E-2 6.10361E-2 1.38338E-2 1.39579E-2 4.01618E-2 1.27681E-1 3.56538E-1 6.47863E-1 7.79112E-1 5.66303E-1 7.17533E-1 5.99989E-1 2.74062E-1 3.7827E-1 4.8214E-1 4.51834E-1
-9999 -9999 -9999 -9999 3.1286E-6 5.67556E-3 9.34805E-2 3.27572E-2 2.62858E-2 1.22018E-1 1.39883E-1 1.44559E-1 7.43624E-2 5.58916E-2 4.74438E-2 7.42955E-2 1.1757E-1 2.41653E-1 2.53279E-1 3.36024E-1 2.01131E-1 1.03771E-1 3.14226E-2 1.84385E-2 8.2431E-2 2.07309E-1 2.08692E-1 1.05082E-1 2.33204E-2 1.92485E-1 3.12938E-1 1.50296E-1 8.21689E-2 5.53069E-2 2.06993E-2 1.24096E-2 1.37089E-2 1.25547E-1 3.85188E-1 5.60357E-1 4.04455E-1 1.57719E-1 8.34965E-2 3.47929E-2 1.35869E-2 4.05112E-2 1.13858E-1 2.23719E-1 6.6189E-1 7.20931E-1 7.14713E-1 3.91079E-1 4.38186E-1 2.907E-1 2.26442E-1 3.04247E-1 4.55202E-1 6.89543E-1
-9999 -9999 -9999 -9999 1.09694E-5 5.32512E-3 5.33773E-2 3.17033E-2 5.53285E-2 7.69584E-2 9.71319E-2 3.07966E-1 3.21422E-1 1.00613E-1 4.40464E-2 5.58493E-2 1.05289E-1 1.83425E-1 2.73392E-1 2.27959E-1 1.29434E-1 1.10195E-1 6.26037E-2 7.58897E-2 9.50239E-2 1.53847E-1 1.50654E-1 8.81988E-2 3.202E-2 5.05706E-2 2.26603E-1 2.07393E-1 2.13171E-1 4.83882E-2 1.64518E-2 2.98182E-2 6.52771E-2 1.00908E-1 5.07756E-1 6.58163E-1 3.70329E-1 1.28611E-1 7.28438E-2 1.34118E-2 2.17759E-2 1.06306E-1 2.82081E-1 3.67578E-1 5.8947E-1 7.34972E-1 6.25387E-1 3.89637E-1 2.90529E-1 1.56472E-1 1.88573E-1 3.60274E-1 4.95285E-1 5.84057E-1
-9999 -9999 -9999 -9999 4.85169E-4 5.5312E-3 3.02939E-2 2.16847E-2 2.54689E-2 4.57031E-2 8.89815E-2 1.53232E-1 3.11871E-1 2.06596E-1 1.32899E-1 6.13521E-2 7.51918E-2 1.12262E-1 1.19155E-1 8.37409E-2 8.49052E-2 1.3341E-1 2.40883E-1 2.10055E-1 1.88812E-1 2.13662E-1 2.54057E-1 1.90309E-1 6.07028E-2 9.62139E-2 1.19003E-1 1.67369E-1 3.13654E-1 1.13739E-1 7.71563E-2 7.42669E-2 1.03845E-1 1.57324E-1 4.19197E-1 6.85922E-1 3.30706E-1 1.22772E-1 4.56664E-2 1.49429E-2 3.92743E-2 9.20493E-2 1.36817E-1 2.74651E-1 6.86714E-1 7.24761E-1 6.44595E-1 3.10402E-1 1.62257E-1 2.14959E-1 3.63754E-1 5.90312E-1 6.37194E-1 6.00402E-1
-9999 -9999 -9999 1.1015E-3 1.10134E-2 1.65767E-2 2.71916E-2 1.68362E-2 2.0766E-2 5.09569E-2 1.20923E-1 1.13257E-1 1.73355E-1 2.74374E-1 2.63422E-1 1.95635E-1 1.94667E-1 1.85646E-1 8.8202E-2 3.52753E-2 5.36969E-2 1.70006E-1 3.11257E-1 3.76464E-1 3.22278E-1 2.4181E-1 3.06758E-1 2.17149E-1 1.11453E-1 9.54424E-2 1.13922E-1 1.64228E-1 1.81352E-1 2.0199E-1 1.23335E-1 9.14496E-2 1.74492E-1 3.00333E-1 4.42178E-1 6.4763E-1 2.87433E-1 1.52709E-1 5.52233E-2 2.55133E-2 1.10467E-1 9.08633E-2 1.04606E-1 4.34037E-1 5.11601E-1 4.65663E-1 3.84057E-1 2.05899E-1 8.6463E-2 1.54079E-1 3.73054E-1 6.73669E-1 7.42673E-1 7.17981E-1
-9999 -9999 -9999 5.18933E-3 3.91558E-2 7.97788E-2 6.12455E-2 2.30064E-2 4.31191E-2 1.11274E-1 2.10855E-1 1.82866E-1 2.36119E-1 3.78397E-1 5.19648E-1 4.7096E-1 4.24539E-1 3.21885E-1 1.90865E-1 8.03821E-2 1.30689E-1 3.12995E-1 4.23604E-1 6.00973E-1 5.15289E-1 3.88743E-1 3.5919E-1 1.83484E-1 1.52286E-1 1.02211E-1 8.49285E-2 4.43623E-2 1.56832E-1 1.81825E-1 2.19768E-1 1.3699E-1 2.38804E-1 4.96588E-1 5.43878E-1 5.6705E-1 4.61568E-1 3.85832E-1 2.76873E-1 1.43972E-1 2.12006E-1 1.00501E-1 1.18566E-1 4.67665E-1 3.2128E-1 1.47597E-1 2.50981E-1 1.94532E-1 6.66313E-2 1.07036E-1 2.97517E-1 5.94796E-1 6.45818E-1 6.33307E-1
-9999 -9999 3.46891E-3 8.2604E-3 8.18583E-2 2.89409E-1 3.32237E-1 1.74935E-1 3.07522E-1 2.6675E-1 2.75395E-1 2.94671E-1 2.87333E-1 4.9014E-1 6.37092E-1 6.7345E-1 4.94288E-1 3.53606E-1 3.24117E-1 2.13911E-1 2.47572E-1 4.80273E-1 6.48777E-1 6.97543E-1 6.40015E-1 4.15812E-1 2.04466E-1 1.3516E-1 1.0829E-1 1.09112E-1 1.28026E-1 1.795E-1 2.48234E-1 2.36525E-1 3.24841E-1 3.58956E-1 3.72147E-1 4.65484E-1 6.21933E-1 6.22661E-1 7.01721E-1 7.39074E-1 5.63654E-1 2.99407E-1 2.37084E-1 2.22186E-1 2.98179E-1 4.38033E-1 2.81731E-1 1.72349E-1 1.90333E-1 1.36857E-1 7.29438E-2 7.2353E-2 1.53294E-1 4.52145E-1 5.37513E-1 4.71841E-1
-9999 -9999 7.94255E-3 1.04051E-1 2.22935E-1 4.67757E-1 5.74922E-1 6.22085E-1 6.02482E-1 5.76606E-1 4.29933E-1 2.66284E-1 2.8571E-1 5.01948E-1 6.39562E-1 7.4726E-1 5.45046E-1 3.21542E-1 3.89182E-1 4.71463E-1 5.09661E-1 5.16455E-1 6.27863E-1 7.39347E-1 6.59019E-1 3.63223E-1 1.56671E-1 1.67916E-1 1.26842E-1 1.26717E-1 2.07897E-1 3.979E-1 1.83039E-1 9.42257E-2 3.50085E-1 5.52135E-1 4.92248E-1 4.6057E-1 5.44797E-1 6.59375E-1 7.44469E-1 8.12499E-1 6.38027E-1 4.89515E-1 3.96121E-1 4.29078E-1 5.34742E-1 6.02253E-1 5.91463E-1 4.04864E-1 2.56475E-1 2.11892E-1 1.76322E-1 1.39809E-1 1.15311E-1 3.36374E-1 4.26015E-1 3.59722E-1
-9999 -9999 -9999 1.47912E-1 1.75092E-1 3.74905E-1 6.87809E-1 8.32285E-1 8.32794E-1 8.12213E-1 5.72504E-1 1.72763E-1 1.32288E-1 5.04619E-1 6.09148E-1 7.20419E-1 4.57674E-1 3.17645E-1 4.93765E-1 7.21213E-1 6.15157E-1 4.0504E-1 5.05314E-1 6.14177E-1 5.26461E-1 3.2204E-1 2.82585E-1 2.6495E-1 2.80794E-1 2.04978E-1 2.60821E-1 3.10398E-1 8.95417E-2 8.84292E-2 2.00446E-1 3.86727E-1 5.21544E-1 5.61996E-1 6.8944E-1 6.85624E-1 7.61804E-1 7.8015E-1 7.31914E-1 6.7998E-1 5.14509E-1 4.89848E-1 5.49434E-1 5.60697E-1 6.12511E-1 5.64856E-1 4.34259E-1 4.00566E-1 3.84097E-1 3.85486E-1 3.2153E-1 2.98373E-1 2.57004E-1 2.36517E-1
