Phytophthora/models/20240503_1210_48/Phytophthora_PA3_RUN5_MAXENT_outputs/Phytophthora_PA3_RUN5.asc
ncols         113
nrows         135
xllcorner     473009.9838
yllcorner     4429001.1748
cellsize      100.0
NODATA_value  -9999
[rows 78 to 103 of 135, columns 0 to 57 of 113]
-9999 -9999 -9999 1.17658E-2 7.63027E-2 3.2978E-1 7.296E-1 8.48321E-1 9.01449E-1 8.64882E-1 4.93648E-1 2.92738E-1 3.78532E-1 5.35355E-1 5.63233E-1 4.4305E-1 4.0574E-1 4.14659E-1 8.09736E-1 8.00027E-1 6.10603E-1 2.48588E-1 3.59368E-1 4.55995E-1 4.99432E-1 4.97524E-1 5.55337E-1 4.77945E-1 3.97013E-1 3.50369E-1 2.52698E-1 1.91085E-1 7.50082E-2 5.96325E-2 1.4243E-1 4.03251E-1 4.80527E-1 5.14614E-1 5.81566E-1 6.23274E-1 8.14161E-1 7.59583E-1 7.48316E-1 7.61168E-1 5.96859E-1 5.84244E-1 4.22947E-1 4.98913E-1 6.3786E-1 6.30923E-1 5.55E-1 5.18632E-1 5.0038E-1 4.69569E-1 3.50593E-1 4.92525E-1 2.40846E-1 2.58972E-1
-9999 -9999 -9999 -9999 9.44481E-2 3.9616E-1 6.97353E-1 7.5479E-1 8.26718E-1 7.75225E-1 5.19169E-1 5.30967E-1 6.56859E-1 6.88637E-1 6.03256E-1 3.99815E-1 4.46506E-1 5.61878E-1 6.75179E-1 5.64616E-1 4.51976E-1 1.92018E-1 2.06307E-1 2.62396E-1 5.25646E-1 6.48407E-1 6.65895E-1 6.19243E-1 4.711E-1 2.1515E-1 1.95745E-1 1.56669E-1 8.36125E-2 9.80002E-2 2.17044E-1 3.60412E-1 4.4898E-1 5.34942E-1 3.43248E-1 6.32859E-1 8.2367E-1 7.6794E-1 7.37714E-1 7.56135E-1 7.52035E-1 5.67126E-1 2.70552E-1 3.60996E-1 6.12461E-1 5.35777E-1 5.60254E-1 5.84722E-1 6.33552E-1 5.26312E-1 2.26705E-1 2.54221E-1 3.61069E-1 1.68912E-1
-9999 -9999 -9999 6.65364E-3 1.13093E-1 3.43324E-1 7.87283E-1 8.55616E-1 8.28718E-1 7.994E-1 5.38895E-1 4.99763E-1 6.8915E-1 7.07068E-1 4.02683E-1 3.06699E-1 5.22839E-1 5.4624E-1 5.27398E-1 4.75437E-1 3.69254E-1 1.55405E-1 2.41282E-1 2.60744E-1 3.57689E-1 5.77847E-1 6.68724E-1 6.20909E-1 1.07829E-1 2.37888E-1 9.61187E-2 6.4491E-2 1.65208E-1 3.43133E-1 3.86785E-1 4.48215E-1 5.50045E-1 5.80503E-1 3.75079E-1 6.15531E-1 6.32985E-1 5.81472E-1 5.9523E-1 6.35168E-1 6.5196E-1 3.28251E-1 2.63365E-1 3.00321E-1 5.11078E-1 5.62405E-1 4.47922E-1 4.28735E-1 3.30755E-1 2.70161E-1 1.26265E-1 4.26671E-2 1.64937E-1 6.57677E-2
-9999 -9999 6.47821E-3 8.05712E-3 8.7406E-2 3.44123E-1 7.39407E-1 8.25734E-1 7.43901E-1 7.33556E-1 4.725E-1 4.33004E-1 5.9853E-1 6.2882E-1 3.06658E-1 3.13071E-1 5.36431E-1 6.72347E-1 6.6622E-1 5.89951E-1 4.72643E-1 2.13131E-1 3.60228E-1 2.30737E-1 2.95822E-1 4.55218E-1 5.40172E-1 6.02678E-1 2.68605E-1 1.56302E-1 1.824E-1 9.17904E-2 4.57271E-1 4.72651E-1 2.74385E-1 3.12522E-1 5.40874E-1 4.53505E-1 4.50617E-1 4.97966E-1 4.72597E-1 5.39883E-1 6.1446E-1 6.33679E-1 5.79775E-1 1.971E-1 7.53367E-2 1.7196E-1 2.37037E-1 3.69904E-1 4.4719E-1 2.67627E-1 1.60637E-1 1.81391E-1 7.57896E-2 1.43497E-2 1.18259E-2 6.54627E-3
-9999 -9999 1.52662E-3 2.97028E-2 7.45006E-2 2.4471E-1 4.25401E-1 4.16022E-1 7.12275E-1 7.62818E-1 4.29537E-1 4.41592E-1 4.31823E-1 3.66775E-1 2.07162E-1 2.29486E-1 3.92907E-1 5.06865E-1 5.95497E-1 7.40749E-1 5.77854E-1 3.98922E-1 5.65539E-1 3.79694E-1 2.62625E-1 4.08049E-1 4.30051E-1 3.12143E-1 1.84763E-1 1.76843E-1 2.88939E-1 4.29943E-1 4.80721E-1 3.64175E-1 3.88315E-1 6.06471E-1 4.70313E-1 3.00156E-1 3.84036E-1 6.88606E-1 4.10877E-1 5.59225E-1 6.24232E-1 5.8065E-1 5.18314E-1 2.86879E-1 1.61239E-1 3.22491E-1 3.90921E-1 3.24664E-1 2.50311E-1 1.28498E-1 1.95986E-1 1.48977E-1 3.38091E-2 1.07228E-2 1.73808E-2 1.121E-1
-9999 -9999 1.70085E-4 6.21226E-2 3.17032E-1 2.76897E-1 1.45918E-1 3.21445E-1 3.70415E-1 1.65522E-1 2.19528E-1 2.545E-1 2.29062E-1 2.27698E-1 2.3249E-1 3.56271E-1 5.41E-1 6.21881E-1 5.76252E-1 5.43661E-1 4.83215E-1 6.05515E-1 5.88881E-1 4.52633E-1 3.33364E-1 3.56832E-1 3.54405E-2 8.94936E-2 1.67836E-1 4.79544E-1 6.07389E-1 6.58582E-1 5.89177E-1 5.08573E-1 5.1554E-1 7.56941E-1 6.97775E-1 6.94432E-1 5.61649E-1 7.11897E-1 4.60329E-1 4.97835E-1 5.23883E-1 4.77366E-1 5.01584E-1 3.58843E-1 3.55835E-1 4.03357E-1 4.00267E-1 2.12798E-1 2.30888E-1 9.30419E-2 1.02795E-1 5.09844E-2 1.70928E-2 5.36745E-2 8.95163E-2 1.65484E-1
-9999 -9999 1.19592E-3 9.2967E-2 3.30855E-1 2.39574E-1 1.43491E-1 1.89452E-1 1.27599E-1 5.95769E-2 1.14575E-1 1.22233E-1 1.82579E-1 2.81896E-1 4.3722E-1 6.17725E-1 6.88079E-1 6.18194E-1 4.40055E-1 4.82526E-1 2.50796E-1 3.33063E-1 4.07108E-1 3.56747E-1 1.32305E-1 9.92029E-2 5.49664E-2 9.49703E-2 2.66482E-1 5.97842E-1 7.77193E-1 7.91635E-1 6.82943E-1 4.54994E-1 6.25379E-1 7.21546E-1 6.50626E-1 7.16578E-1 7.87071E-1 7.96111E-1 4.43576E-1 4.94544E-1 3.70307E-1 4.36597E-1 2.76298E-1 3.4428E-1 5.69347E-1 5.88056E-1 5.08482E-1 4.15405E-1 2.86812E-1 1.19079E-1 7.08563E-2 3.83345E-2 9.60131E-2 2.82716E-1 1.81578E-1 3.96751E-1
-9999 2.74074E-4 7.50594E-3 9.81171E-2 3.74036E-1 3.31666E-1 1.63975E-1 9.05472E-2 4.89105E-2 3.48914E-2 9.24896E-2 2.16545E-1 3.54816E-1 6.06753E-1 6.61733E-1 6.43004E-1 5.67715E-1 4.65753E-1 4.64881E-1 3.96586E-1 1.90571E-1 1.9658E-1 2.633E-1 1.62394E-1 9.73451E-2 1.05406E-1 7.26888E-2 2.12142E-1 4.07282E-1 5.69209E-1 7.17251E-1 4.73032E-1 3.15704E-1 3.58682E-1 6.88896E-1 5.63877E-1 2.46048E-1 6.05788E-1 5.39255E-1 6.74871E-1 6.87461E-1 6.52471E-1 4.99052E-1 4.53145E-1 2.68733E-1 3.05385E-1 5.88793E-1 7.26886E-1 6.19771E-1 6.04091E-1 3.6288E-1 1.98286E-1 1.51479E-1 2.65887E-2 8.3508E-2 3.63214E-1 3.90187E-1 5.36128E-1
-9999 6.69192E-3 2.5046E-2 1.03532E-1 1.98099E-1 1.50851E-1 1.15031E-1 5.10541E-2 4.13289E-2 5.32839E-2 1.39892E-1 3.63286E-1 4.09005E-1 6.051E-1 5.59344E-1 5.22197E-1 5.00549E-1 4.25044E-1 3.75546E-1 3.10818E-1 1.73786E-1 1.21993E-1 1.08954E-1 8.55295E-2 9.35728E-2 9.56573E-2 1.43435E-1 2.45848E-1 4.38656E-1 4.10418E-1 3.11022E-1 1.4898E-1 2.68379E-1 4.00541E-1 4.79875E-1 4.32545E-1 4.9649E-1 5.32591E-1 3.35803E-1 4.8342E-1 7.28524E-1 4.61456E-1 5.22763E-1 6.0235E-1 4.15743E-1 4.68959E-1 6.58441E-1 6.50569E-1 5.52832E-1 4.15618E-1 3.50365E-1 2.57195E-1 1.85363E-1 4.18158E-2 5.02046E-2 3.22879E-1 4.27738E-1 5.04414E-1
8.75004E-3 2.33705E-2 2.09543E-2 4.73483E-2 2.59821E-1 2.39304E-1 2.37258E-1 1.39249E-1 9.40474E-2 1.96322E-1 3.73561E-1 4.3516E-1 4.91324E-1 6.1091E-1 3.69549E-1 2.3857E-1 3.69386E-1 3.11809E-1 2.641E-1 2.92491E-1 2.72198E-1 1.77034E-1 1.35322E-1 8.74923E-2 1.14834E-1 1.91878E-1 2.76381E-1 2.88616E-1 1.52731E-1 3.07437E-1 1.35789E-1 1.22595E-1 3.33596E-1 4.00613E-1 4.00465E-1 5.01869E-1 7.31401E-1 5.92809E-1 4.15363E-1 6.1392E-1 6.74209E-1 2.90768E-1 6.42644E-1 7.23854E-1 6.24577E-1 5.96936E-1 4.67979E-1 3.05032E-1 1.70144E-1 6.43567E-1 4.87245E-1 2.73768E-1 1.33509E-1 7.72239E-2 1.83071E-1 3.94196E-1 3.31859E-1 4.72574E-1
1.3514E-2 2.92732E-2 3.74917E-2 1.1394E-1 2.51118E-1 2.35934E-1 2.86716E-1 1.77935E-1 1.82373E-1 4.14702E-1 4.60117E-1 6.25241E-1 4.64396E-1 6.64333E-1 5.6331E-1 2.4749E-1 3.06298E-1 2.68902E-1 2.59555E-1 3.40106E-1 3.06244E-1 1.73166E-1 2.25239E-1 1.47054E-1 1.23292E-1 3.09773E-1 3.98771E-1 2.0052E-1 4.78524E-2 7.47364E-2 2.21215E-1 3.09765E-1 3.32346E-1 4.6094E-1 3.79972E-1 2.92867E-1 3.08215E-1 3.63076E-1 5.92011E-1 7.84434E-1 7.49252E-1 5.02588E-1 6.56348E-1 6.77941E-1 8.42349E-1 6.20955E-1 2.09472E-1 1.29799E-1 3.03524E-1 6.89861E-1 4.36618E-1 2.34338E-1 9.48529E-2 1.2947E-1 3.64175E-1 4.4211E-1 4.84989E-1 3.06601E-1
-9999 4.76537E-2 1.13316E-1 3.27459E-1 2.4984E-1 1.54527E-1 3.80357E-1 3.11675E-1 2.57617E-1 5.06549E-1 5.53316E-1 3.53577E-1 9.90211E-2 6.21184E-1 7.56112E-1 6.57595E-1 4.01606E-1 2.66057E-1 3.41522E-1 5.1816E-1 4.92413E-1 3.22482E-1 4.79545E-1 2.12093E-1 2.03022E-1 3.76802E-1 2.2472E-1 3.41515E-1 2.54932E-1 1.5779E-1 1.91316E-1 5.09733E-1 6.86639E-1 5.09127E-1 4.02561E-1 5.38539E-1 2.64225E-1 2.99111E-1 5.95223E-1 8.06695E-1 6.2881E-1 3.43724E-1 4.97395E-1 7.40418E-1 8.24938E-1 7.00251E-1 2.51038E-1 1.12942E-1 7.0691E-1 6.74088E-1 3.33856E-1 1.96951E-1 4.56235E-2 3.08103E-1 5.36899E-1 5.62429E-1 5.4795E-1 3.08773E-1
-9999 1.45474E-1 3.01227E-1 4.21584E-1 3.6993E-1 1.44929E-1 2.56864E-1 2.69717E-1 3.95891E-1 5.55274E-1 5.47628E-1 3.19921E-1 2.31939E-1 6.0192E-1 7.29335E-1 5.84227E-1 3.71199E-1 3.23885E-1 3.24893E-1 4.13431E-1 4.26053E-1 4.15239E-1 2.77849E-1 1.86876E-1 2.83438E-1 3.62413E-1 4.00772E-1 5.22826E-1 5.32575E-1 1.65102E-1 1.44943E-1 5.49759E-1 7.03752E-1 4.03638E-1 6.03538E-1 5.78882E-1 4.4279E-1 3.76178E-1 5.56374E-1 6.54367E-1 4.23334E-1 1.24392E-1 2.46148E-1 5.03982E-1 7.89643E-1 6.85558E-1 2.5291E-1 1.9821E-1 6.86598E-1 7.58714E-1 5.20509E-1 2.21186E-1 1.14091E-1 3.84944E-1 5.93715E-1 6.31202E-1 5.18439E-1 3.37454E-1
-9999 -9999 -9999 1.3081E-1 9.95285E-2 1.17422E-1 4.22043E-1 4.416E-1 1.87766E-1 2.79506E-1 2.20352E-1 9.07266E-2 9.99725E-2 2.43887E-1 4.96667E-1 4.30051E-1 4.14178E-1 3.51442E-1 2.56188E-1 4.12245E-1 1.34044E-1 1.33503E-1 1.6505E-1 2.35895E-1 8.43734E-2 1.14797E-1 4.78438E-1 5.0024E-1 3.3804E-1 2.69937E-1 2.52794E-1 1.1883E-1 3.53302E-1 5.10881E-1 6.36243E-1 5.58681E-1 3.8973E-1 3.16653E-1 4.21242E-1 2.32229E-1 9.45509E-2 7.07444E-2 1.69991E-1 3.7064E-1 7.83106E-1 4.06614E-1 7.60114E-2 4.41773E-1 6.97688E-1 6.18788E-1 5.46048E-1 3.33572E-1 4.27346E-1 5.48421E-1 5.73158E-1 6.31524E-1 4.73706E-1 4.09954E-1
-9999 -9999 -9999 -9999 8.8985E-2 6.95774E-2 5.13437E-1 6.30874E-1 3.18643E-1 2.63601E-1 1.93888E-1 9.11203E-2 6.24814E-2 2.69007E-1 3.16334E-1 3.9697E-1 4.3403E-1 3.94478E-1 4.31275E-1 4.79635E-1 1.31097E-1 7.65027E-2 6.95719E-2 2.35967E-1 2.59133E-1 4.51912E-1 3.53352E-1 3.92432E-1 3.35904E-1 2.27283E-1 3.07211E-1 2.96123E-1 5.06522E-1 5.2323E-1 4.31103E-1 3.176E-1 1.16066E-1 6.37373E-2 1.58318E-2 7.4787E-3 1.18756E-2 4.81961E-2 1.21616E-1 3.17538E-1 5.26745E-1 1.80398E-1 3.1209E-1 4.52129E-1 5.99327E-1 5.92287E-1 5.1379E-1 3.57689E-1 5.08021E-1 5.78473E-1 5.92353E-1 4.67018E-1 3.28035E-1 4.81744E-1
-9999 -9999 -9999 -9999 -9999 -9999 -9999 6.83821E-1 4.16141E-1 4.02614E-1 3.34297E-1 2.786E-1 3.07231E-1 4.16093E-1 3.53033E-1 3.84335E-1 4.79806E-1 4.36166E-1 2.08979E-1 4.4534E-1 3.71941E-1 1.07863E-1 9.51096E-2 1.87025E-1 3.35707E-1 3.3965E-1 3.4311E-1 3.51161E-1 2.91488E-1 1.36468E-1 1.25053E-1 3.08476E-1 3.2387E-1 2.43722E-1 1.93604E-1 1.93699E-1 1.37099E-1 3.49844E-2 1.04399E-2 1.15922E-2 2.45563E-2 4.36959E-2 9.38742E-2 3.34645E-1 3.34593E-1 1.81406E-1 5.6556E-1 6.35933E-1 5.76956E-1 6.29998E-1 5.34941E-1 4.99964E-1 4.54171E-1 5.58547E-1 5.30072E-1 3.74146E-1 4.07237E-1 4.98777E-1
-9999 -9999 -9999 -9999 -9999 -9999 -9999 7.30916E-1 7.56195E-1 6.60312E-1 2.84229E-1 2.71163E-1 1.77918E-1 2.08072E-1 4.27964E-1 5.90886E-1 7.28059E-1 4.98732E-1 3.15507E-1 6.09418E-1 4.19151E-1 9.43791E-2 6.2976E-2 1.45734E-1 1.84869E-1 3.74646E-1 2.95221E-1 1.73971E-1 1.12998E-1 5.19E-2 1.38012E-1 1.57391E-1 1.06049E-1 6.01547E-2 1.04402E-1 1.27688E-1 1.18704E-1 4.4519E-2 1.31729E-2 2.15686E-2 3.15468E-2 6.38776E-2 2.43915E-1 5.62733E-1 3.03865E-1 4.73721E-1 5.51319E-1 4.88042E-1 5.60141E-1 6.26202E-1 3.85822E-1 4.69188E-1 5.44642E-1 1.8428E-1 2.68566E-1 3.02359E-1 3.85442E-1 4.72632E-1
-9999 -9999 -9999 -9999 -9999 -9999 -9999 5.47835E-1 6.7955E-1 3.29815E-1 1.3577E-1 1.2866E-1 2.99048E-2 3.81862E-2 2.63992E-1 4.54124E-1 5.13858E-1 4.60266E-1 4.7862E-1 5.10643E-1 3.07803E-1 7.04849E-2 6.9973E-2 7.0594E-2 1.70865E-1 2.73074E-1 2.55871E-1 1.47567E-1 3.17802E-1 1.76119E-1 1.07621E-1 7.95292E-2 4.62592E-2 3.3836E-2 3.81303E-2 1.14937E-1 5.97067E-2 1.65936E-2 2.21483E-2 3.33131E-2 4.43856E-2 1.07467E-1 2.96176E-1 5.3478E-1 4.48325E-1 6.36686E-1 4.24621E-1 4.56626E-1 2.2835E-1 2.48063E-1 2.89156E-1 3.30143E-1 4.04865E-1 2.60355E-1 5.41512E-2 5.66332E-2 1.07812E-1 1.26762E-1
-9999 -9999 -9999 -9999 -9999 -9999 -9999 3.06712E-1 2.92952E-1 1.64502E-1 1.47508E-1 7.77992E-2 2.44501E-2 3.71123E-2 1.14568E-1 4.74705E-1 5.24442E-1 5.03549E-1 6.31896E-1 5.15838E-1 1.72383E-1 4.11033E-2 3.02578E-2 4.08322E-2 8.12516E-2 1.97004E-1 1.77912E-1 8.27523E-2 1.41254E-1 2.20556E-1 7.43491E-2 4.42014E-2 2.18773E-2 8.17325E-2 4.6926E-2 5.47894E-2 4.15777E-2 2.35596E-2 4.27075E-2 7.25835E-2 5.63286E-2 9.84346E-2 1.17252E-1 2.18577E-1 4.10748E-1 6.21256E-1 5.35763E-1 2.2449E-1 8.11363E-2 1.23213E-1 1.34904E-1 9.11355E-2 1.79897E-1 1.64973E-1 6.25804E-2 1.13714E-1 5.29439E-2 1.81162E-1
-9999 -9999 -9999 -9999 -9999 -9999 -9999 -9999 1.00534E-1 1.37631E-1 1.3398E-1 6.8265E-2 1.0722E-1 1.13757E-1 4.16122E-1 7.34002E-1 6.32567E-1 6.01854E-1 5.57841E-1 3.99887E-1 1.72013E-1 3.34131E-2 2.55045E-2 6.96312E-2 1.59958E-1 2.1099E-1 1.45474E-1 8.72904E-2 1.34709E-1 1.14444E-1 4.41066E-2 3.52536E-2 8.48197E-3 1.79532E-1 1.92377E-1 5.50703E-2 3.88299E-2 6.32974E-2 1.09686E-1 9.01199E-2 5.23126E-2 1.66105E-1 2.34875E-1 4.36624E-1 4.2611E-1 4.05539E-1 3.33511E-1 7.07636E-2 2.17476E-1 2.50697E-1 1.24857E-1 9.11625E-2 6.15432E-2 1.36774E-1 2.36397E-1 3.12227E-1 2.55087E-1 2.10743E-1
-9999 -9999 -9999 -9999 -9999 -9999 -9999 -9999 -9999 -9999 -9999 -9999 1.8298E-1 9.0728E-2 2.27814E-1 4.65751E-1 5.22594E-1 5.28399E-1 3.9364E-1 2.90821E-1 1.19421E-1 3.4778E-2 4.70204E-2 1.99725E-1 2.68396E-1 9.07114E-2 2.41234E-2 7.65719E-2 1.54848E-1 1.00629E-1 4.90141E-2 4.77351E-2 2.69303E-2 3.55479E-1 2.27592E-1 5.25962E-2 2.57197E-2 3.41699E-2 7.76025E-2 6.31301E-2 5.75405E-2 1.30241E-1 1.48264E-1 1.69952E-1 1.72298E-1 1.79085E-1 8.56429E-2 4.23566E-2 1.31834E-1 1.3008E-1 6.87647E-2 8.40998E-2 5.11853E-2 1.14025E-1 4.88583E-1 5.36731E-1 4.22309E-1 1.55774E-1
-9999 -9999 -9999 -9999 -9999 -9999 -9999 -9999 -9999 -9999 -9999 -9999 -9999 1.04918E-1 2.64209E-1 4.59969E-1 6.07026E-1 7.38778E-1 5.60988E-1 3.59908E-1 1.53761E-1 3.29787E-2 3.87082E-2 1.31417E-1 1.26028E-1 2.27169E-2 2.25844E-2 2.72242E-2 6.64177E-2 1.00582E-1 4.94E-2 8.46642E-2 1.68486E-1 1.35282E-1 8.51059E-2 4.25573E-2 2.46835E-2 5.51543E-2 2.30288E-1 2.01036E-1 7.67769E-2 5.23019E-2 6.24321E-2 5.24724E-2 2.23685E-1 2.62686E-1 1.91813E-1 6.76382E-2 6.33432E-2 6.58477E-2 1.06199E-1 1.00043E-1 7.6245E-2 4.00488E-1 5.65776E-1 3.37109E-1 3.83679E-1 2.67003E-1
-9999 -9999 -9999 -9999 -9999 -9999 -9999 -9999 -9999 -9999 -9999 -9999 9.08568E-2 1.7739E-1 2.94134E-1 5.84073E-1 7.00578E-1 6.76142E-1 6.02586E-1 5.85956E-1 2.47947E-1 3.25649E-2 3.33354E-2 4.91342E-2 2.23496E-2 5.07403E-2 6.17453E-2 2.15355E-2 4.97086E-2 5.34086E-2 7.51142E-2 7.36907E-2 5.9222E-2 5.24536E-2 3.22182E-2 1.80798E-2 5.87611E-2 3.22908E-1 3.8655E-1 3.22087E-1 1.42781E-1 5.14718E-2 4.47503E-2 3.94197E-1 5.00006E-1 9.29424E-2 1.56952E-1 9.1318E-2 7.97343E-2 9.64688E-2 7.00428E-2 1.03992E-1 1.3264E-1 4.73526E-1 4.49765E-1 3.63689E-1 3.33262E-1 1.33677E-1
-9999 -9999 -9999 -9999 -9999 -9999 -9999 -9999 -9999 -9999 -9999 -9999 -9999 6.44412E-2 8.72531E-2 -9999 4.84374E-1 5.97061E-1 4.86674E-1 4.31187E-1 2.46615E-1 7.71749E-2 5.79093E-2 1.06446E-1 1.47506E-1 8.40327E-2 5.13697E-2 3.88208E-2 2.96524E-2 2.04364E-2 5.59671E-2 2.95104E-2 1.95799E-2 4.0172E-2 4.30682E-2 4.5944E-2 1.34526E-1 4.80501E-1 4.93355E-1 2.91248E-1 1.77914E-1 1.01652E-1 1.29794E-1 6.82306E-1 6.63896E-1 3.88606E-1 5.07337E-2 1.5167E-1 8.70266E-2 1.04047E-1 1.63552E-1 1.66362E-1 2.88643E-1 5.29409E-1 4.20091E-1 4.45591E-1 5.1882E-1 2.48921E-1
-9999 -9999 -9999 -9999 -9999 -9999 -9999 -9999 -9999 -9999 -9999 -9999 -9999 -9999 -9999 -9999 2.93601E-1 4.70978E-1 3.31106E-1 2.66198E-1 2.39589E-1 2.16012E-1 3.39555E-1 2.77212E-1 2.85835E-1 1.72702E-1 6.15347E-2 4.57224E-2 6.42067E-2 3.46035E-1 2.52E-1 1.05389E-1 1.19836E-1 1.10229E-1 1.57619E-1 1.8652E-1 2.13688E-1 4.68214E-1 4.92145E-1 2.52391E-1 1.14732E-1 2.06281E-1 5.27787E-1 5.8426E-1 8.13386E-1 6.41711E-1 4.59671E-1 3.10338E-1 2.10613E-1 1.45387E-1 1.87144E-1 2.78357E-1 3.17304E-1 4.44896E-1 5.1575E-1 4.94258E-1 5.64868E-1 3.08459E-1
-9999 -9999 -9999 -9999 -9999 -9999 -9999 -9999 -9999 -9999 -9999 -9999 -9999 -9999 -9999 -9999 -9999 4.13907E-1 2.79922E-1 2.48966E-1 4.10716E-1 2.79087E-1 2.01662E-1 2.66026E-1 2.72531E-1 1.94677E-1 1.15553E-1 2.19305E-1 3.44878E-1 5.39005E-1 4.29443E-1 4.66548E-1 3.18602E-1 1.22141E-1 1.4808E-1 2.84153E-1 3.67373E-1 5.51235E-1 4.03993E-1 1.74274E-1 9.43339E-2 2.02201E-1 7.11174E-1 7.2258E-1 8.26662E-1 7.80693E-1 6.40268E-1 4.60219E-1 3.51646E-1 2.621E-1 1.98591E-1 1.56168E-1 2.82348E-1 3.50746E-1 2.06435E-1 4.82097E-1 5.67554E-1 4.51886E-1
