Phytophthora/models/20240503_1210_48/Phytophthora_PA3_RUN1_MAXENT_outputs/Phytophthora_PA3_RUN1.asc
ncols         113
nrows         135
xllcorner     473009.9838
yllcorner     4429001.1748
cellsize      100.0
NODATA_value  -9999
[rows 78 to 103 of 135, columns 0 to 57 of 113]
-9999 -9999 -9999 3.78706E-3 3.67405E-2 2.87961E-1 7.37456E-1 8.49007E-1 9.04092E-1 8.87914E-1 4.98601E-1 2.74932E-1 4.09682E-1 5.61506E-1 6.05759E-1 3.23704E-1 3.56689E-1 3.99308E-1 7.64792E-1 7.6669E-1 6.43321E-1 3.57306E-1 4.40951E-1 5.21312E-1 5.6058E-1 5.23406E-1 6.15623E-1 3.60666E-1 4.59329E-1 3.27855E-1 1.48357E-1 1.83463E-1 8.06601E-2 4.53687E-2 1.58575E-1 3.84713E-1 4.03008E-1 4.16411E-1 5.57229E-1 5.99042E-1 8.17706E-1 6.94585E-1 7.15786E-1 6.85076E-1 5.67047E-1 6.23859E-1 5.01904E-1 5.89378E-1 3.92222E-1 5.16101E-1 5.77902E-1 5.843E-1 5.9577E-1 5.74933E-1 4.79221E-1 5.52191E-1 2.55099E-1 3.11838E-1
-9999 -9999 -9999 -9999 3.19948E-2 3.26602E-1 6.48218E-1 7.23393E-1 8.2881E-1 7.94568E-1 4.9373E-1 5.48926E-1 7.0163E-1 6.76989E-1 5.29235E-1 2.00145E-1 2.64037E-1 4.15383E-1 5.16478E-1 5.0486E-1 5.26898E-1 2.77803E-1 2.06928E-1 2.42143E-1 5.14555E-1 5.6883E-1 5.75875E-1 5.42595E-1 3.96151E-1 1.49636E-1 1.54807E-1 1.53541E-1 7.71696E-2 8.88729E-2 2.19604E-1 3.69329E-1 3.99515E-1 5.6661E-1 3.51588E-1 6.30896E-1 7.89912E-1 6.00051E-1 6.45595E-1 7.08199E-1 7.00427E-1 6.30479E-1 3.68622E-1 4.22304E-1 4.75316E-1 4.09706E-1 4.41816E-1 5.76047E-1 7.07989E-1 6.56911E-1 3.6438E-1 3.33547E-1 3.60775E-1 1.26211E-1
-9999 -9999 -9999 1.59375E-3 4.40019E-2 2.12465E-1 7.52267E-1 8.29626E-1 8.11494E-1 8.04532E-1 5.20784E-1 5.11296E-1 7.01494E-1 6.31169E-1 3.16655E-1 2.25711E-1 2.32493E-1 3.67496E-1 5.24084E-1 5.32798E-1 4.66416E-1 2.19249E-1 2.75279E-1 2.66707E-1 3.55855E-1 6.12767E-1 4.73066E-1 6.15884E-1 1.03281E-1 2.14829E-1 8.3957E-2 5.32279E-2 1.59533E-1 3.31394E-1 3.47617E-1 3.7135E-1 5.52282E-1 6.59387E-1 3.77399E-1 6.21995E-1 6.31567E-1 5.50194E-1 5.6981E-1 5.99103E-1 6.14452E-1 3.55657E-1 3.54138E-1 3.47307E-1 5.19721E-1 5.96881E-1 4.82447E-1 4.15897E-1 3.67162E-1 3.34025E-1 1.5605E-1 4.41683E-2 1.80601E-1 5.50694E-2
-9999 -9999 8.03371E-4 1.73711E-3 3.19525E-2 2.89226E-1 7.27616E-1 7.36397E-1 6.32159E-1 6.7291E-1 4.48219E-1 4.18099E-1 5.86972E-1 5.6651E-1 2.6645E-1 1.90171E-1 4.28888E-1 5.89188E-1 6.16377E-1 6.3892E-1 5.86863E-1 2.98728E-1 3.7575E-1 2.29374E-1 3.11385E-1 4.63348E-1 5.95349E-1 5.8631E-1 2.4803E-1 1.44315E-1 1.72219E-1 7.86802E-2 3.54213E-1 4.47445E-1 2.57234E-1 3.74991E-1 5.97074E-1 5.4365E-1 4.66776E-1 4.46937E-1 4.59301E-1 5.05005E-1 6.11836E-1 5.90168E-1 5.96062E-1 2.25842E-1 8.14736E-2 2.1281E-1 2.20815E-1 3.57158E-1 4.62643E-1 3.69216E-1 2.38153E-1 2.37962E-1 8.65535E-2 1.51409E-2 1.10977E-2 7.78876E-3
-9999 -9999 7.1508E-4 1.53441E-2 4.92815E-2 1.86562E-1 3.99431E-1 2.51613E-1 6.36195E-1 6.87784E-1 4.13086E-1 4.42556E-1 4.13195E-1 3.50524E-1 1.68976E-1 1.64753E-1 3.29881E-1 4.7724E-1 5.30499E-1 6.93268E-1 5.99428E-1 4.39796E-1 5.05304E-1 3.4107E-1 2.36588E-1 3.76966E-1 4.53607E-1 3.25163E-1 1.45919E-1 1.3673E-1 2.58297E-1 3.92024E-1 4.69467E-1 4.3215E-1 4.60333E-1 6.24385E-1 5.16642E-1 3.76988E-1 4.51862E-1 7.20025E-1 3.67054E-1 6.06317E-1 5.91087E-1 5.4676E-1 5.60914E-1 3.54048E-1 2.1954E-1 3.49644E-1 3.64097E-1 2.7432E-1 2.50627E-1 1.72273E-1 2.6105E-1 1.57083E-1 3.01887E-2 8.58017E-3 1.974E-2 1.39097E-1
-9999 -9999 2.38496E-4 5.34723E-2 2.71272E-1 2.5623E-1 1.22087E-1 2.92482E-1 3.25466E-1 1.66802E-1 1.95779E-1 1.99711E-1 1.62696E-1 1.81099E-1 1.70103E-1 2.7843E-1 4.85409E-1 5.644E-1 4.80356E-1 5.77764E-1 5.32445E-1 5.91527E-1 5.62686E-1 4.06753E-1 2.67859E-1 2.54282E-1 2.48012E-2 6.04416E-2 1.3978E-1 4.61998E-1 6.14577E-1 6.59365E-1 5.79319E-1 5.37016E-1 5.82883E-1 7.13637E-1 6.1561E-1 7.14653E-1 5.70263E-1 6.92125E-1 4.48999E-1 5.15615E-1 5.79848E-1 5.38936E-1 4.46563E-1 3.45368E-1 4.03712E-1 4.43463E-1 2.90209E-1 1.88739E-1 2.74677E-1 1.18989E-1 9.02479E-2 3.15279E-2 6.84598E-3 4.28093E-2 9.7892E-2 1.13771E-1
-9999 -9999 1.50501E-3 7.73945E-2 2.66502E-1 2.07458E-1 1.15668E-1 1.7274E-1 1.14215E-1 5.35684E-2 7.50442E-2 7.77949E-2 1.41091E-1 1.75178E-1 3.38144E-1 5.61445E-1 6.1397E-1 5.79021E-1 3.98002E-1 5.39381E-1 2.52731E-1 3.48564E-1 3.61872E-1 2.83663E-1 8.08327E-2 4.82754E-2 3.00356E-2 6.35198E-2 2.07509E-1 5.86614E-1 7.94107E-1 7.05444E-1 5.69868E-1 4.27341E-1 6.48653E-1 6.21038E-1 5.5139E-1 6.5103E-1 7.75967E-1 7.35529E-1 4.21844E-1 4.98763E-1 3.77625E-1 5.16893E-1 3.17802E-1 3.53901E-1 5.40204E-1 5.88653E-1 4.29891E-1 4.13589E-1 3.41244E-1 1.47456E-1 5.7101E-2 1.33415E-2 3.95716E-2 2.76052E-1 1.66317E-1 3.94635E-1
-9999 2.6148E-4 6.50697E-3 9.45788E-2 3.58588E-1 2.60732E-1 1.6172E-1 8.74603E-2 3.95106E-2 1.64572E-2 4.79726E-2 1.42809E-1 2.61808E-1 4.86478E-1 5.1704E-1 5.05861E-1 5.26862E-1 3.919E-1 4.46887E-1 3.6309E-1 1.43078E-1 1.38215E-1 1.75497E-1 1.19142E-1 5.81412E-2 1.11241E-1 7.57365E-2 2.27788E-1 3.91871E-1 4.7099E-1 6.3298E-1 3.45363E-1 3.03598E-1 4.1856E-1 7.44879E-1 5.85478E-1 2.54431E-1 5.84289E-1 5.75108E-1 6.28986E-1 5.6926E-1 5.89126E-1 4.06692E-1 3.89887E-1 3.00327E-1 3.45005E-1 6.20286E-1 7.27573E-1 6.98852E-1 6.03251E-1 4.55473E-1 2.24802E-1 1.13633E-1 1.01583E-2 3.46967E-2 3.5858E-1 3.0566E-1 5.56881E-1
-9999 4.67686E-3 2.09724E-2 1.0116E-1 2.17955E-1 1.6501E-1 1.34919E-1 4.78963E-2 3.19146E-2 3.64884E-2 1.28953E-1 3.04502E-1 3.53174E-1 4.75247E-1 4.86545E-1 4.99452E-1 5.18181E-1 3.47202E-1 3.08482E-1 2.1113E-1 9.62291E-2 5.28952E-2 6.80062E-2 7.62923E-2 1.1233E-1 1.31187E-1 1.73146E-1 2.80313E-1 4.37369E-1 4.45808E-1 3.60677E-1 1.84116E-1 3.12596E-1 5.69583E-1 5.71516E-1 4.19238E-1 4.27022E-1 4.51135E-1 4.32195E-1 5.04074E-1 5.74811E-1 3.78085E-1 4.70219E-1 5.20948E-1 4.18337E-1 4.66094E-1 6.25074E-1 6.51751E-1 6.34488E-1 5.11109E-1 4.47243E-1 3.12577E-1 1.29137E-1 1.66104E-2 3.34236E-2 3.09079E-1 5.40671E-1 5.6756E-1
2.75599E-3 1.60703E-2 2.11886E-2 4.58247E-2 2.32498E-1 2.18904E-1 2.34431E-1 1.36019E-1 8.69997E-2 1.88231E-1 3.24665E-1 3.08256E-1 3.51237E-1 5.35075E-1 3.28997E-1 2.21295E-1 2.89636E-1 1.68722E-1 2.45513E-1 2.7975E-1 2.35713E-1 1.45352E-1 1.37632E-1 9.26477E-2 1.32186E-1 2.16528E-1 2.83358E-1 3.21546E-1 2.74764E-1 3.74017E-1 1.7705E-1 1.73817E-1 4.65524E-1 5.70554E-1 5.32008E-1 5.14386E-1 6.14919E-1 5.78034E-1 5.02177E-1 5.85251E-1 6.23169E-1 2.46631E-1 6.45939E-1 6.54692E-1 5.17441E-1 5.43541E-1 4.44896E-1 3.7284E-1 2.17917E-1 6.95064E-1 5.44891E-1 2.52221E-1 6.55496E-2 4.59082E-2 1.77751E-1 4.29058E-1 4.00328E-1 4.89199E-1
6.36374E-3 2.52887E-2 4.33033E-2 1.28521E-1 2.16315E-1 2.78176E-1 2.62925E-1 1.54643E-1 1.71113E-1 4.0854E-1 4.45178E-1 4.46043E-1 3.20767E-1 6.0467E-1 5.82932E-1 2.06945E-1 1.80103E-1 1.37895E-1 3.95214E-1 4.70636E-1 3.64938E-1 1.68275E-1 1.87559E-1 1.10879E-1 9.13463E-2 2.65545E-1 3.45367E-1 2.78234E-1 1.18443E-1 1.64762E-1 3.43451E-1 3.40499E-1 4.03375E-1 4.38013E-1 4.78115E-1 3.31007E-1 2.75633E-1 4.01783E-1 5.42338E-1 7.22257E-1 7.54324E-1 4.58065E-1 7.05691E-1 6.9321E-1 7.44505E-1 4.9847E-1 2.25655E-1 1.67291E-1 2.83248E-1 6.54488E-1 4.28568E-1 2.14734E-1 7.25688E-2 9.63778E-2 3.60916E-1 4.6291E-1 4.73475E-1 3.53406E-1
-9999 6.13967E-2 1.41575E-1 3.3368E-1 2.82695E-1 1.12975E-1 3.55953E-1 3.40001E-1 2.58043E-1 4.28177E-1 4.30606E-1 2.83049E-1 9.15121E-2 5.90996E-1 7.79899E-1 6.52875E-1 2.73811E-1 1.39446E-1 3.27512E-1 3.93941E-1 5.48581E-1 3.2304E-1 3.67895E-1 1.33566E-1 1.45884E-1 3.46984E-1 2.76354E-1 4.12971E-1 4.29806E-1 2.85268E-1 3.65127E-1 6.75506E-1 6.94265E-1 5.72393E-1 4.27854E-1 4.33195E-1 3.0652E-1 3.88979E-1 5.70941E-1 8.01756E-1 7.62136E-1 4.91537E-1 6.35841E-1 7.72067E-1 8.10112E-1 5.96993E-1 2.88635E-1 1.22993E-1 5.9806E-1 5.02506E-1 2.31484E-1 1.80031E-1 4.59181E-2 3.00767E-1 5.64888E-1 5.97464E-1 4.94803E-1 3.76699E-1
-9999 1.86569E-1 3.15137E-1 3.89672E-1 4.21255E-1 1.74839E-1 2.83298E-1 2.40791E-1 3.20219E-1 4.47742E-1 4.4494E-1 3.10095E-1 3.42354E-1 6.48552E-1 7.81961E-1 4.87115E-1 2.21408E-1 2.11158E-1 1.49769E-1 1.69396E-1 4.57355E-1 4.42524E-1 2.16479E-1 1.1735E-1 2.88508E-1 4.44907E-1 5.48549E-1 6.88053E-1 7.78046E-1 3.12524E-1 2.49476E-1 7.14705E-1 7.83699E-1 3.69737E-1 5.61953E-1 5.35334E-1 4.72449E-1 4.60384E-1 6.34241E-1 7.96608E-1 6.68991E-1 2.83267E-1 4.2715E-1 6.48267E-1 7.99183E-1 6.32654E-1 2.74866E-1 2.03129E-1 6.58051E-1 6.75363E-1 4.76999E-1 2.04153E-1 1.20106E-1 4.4713E-1 6.41531E-1 6.50629E-1 5.63788E-1 3.9055E-1
-9999 -9999 -9999 1.78146E-1 1.17015E-1 1.36617E-1 4.54477E-1 3.81458E-1 2.46504E-1 3.09387E-1 3.35281E-1 2.10647E-1 1.72234E-1 2.81752E-1 5.40986E-1 3.91884E-1 3.08206E-1 2.24406E-1 9.22266E-2 2.57932E-1 9.34893E-2 1.21881E-1 1.50192E-1 2.24853E-1 1.57754E-1 2.0413E-1 6.58307E-1 6.75073E-1 5.1279E-1 3.96251E-1 3.52674E-1 1.84695E-1 3.63782E-1 5.21299E-1 6.05664E-1 5.3252E-1 3.96318E-1 3.41068E-1 5.43849E-1 3.92594E-1 1.90683E-1 1.54524E-1 3.71669E-1 5.5891E-1 7.47718E-1 3.96912E-1 9.19256E-2 4.61891E-1 6.96029E-1 5.85536E-1 5.83118E-1 3.30496E-1 5.09229E-1 6.21751E-1 5.99001E-1 6.31953E-1 5.86861E-1 4.63897E-1
-9999 -9999 -9999 -9999 7.99379E-2 6.77808E-2 5.62129E-1 5.68044E-1 3.22112E-1 3.03698E-1 3.29626E-1 1.97827E-1 8.94979E-2 2.42995E-1 2.75656E-1 3.8449E-1 4.49073E-1 2.50493E-1 2.40496E-1 4.25308E-1 1.45036E-1 5.90514E-2 5.94649E-2 2.55072E-1 4.18416E-1 6.14015E-1 3.9435E-1 5.06444E-1 4.12304E-1 2.93781E-1 3.47656E-1 2.51883E-1 5.16504E-1 5.49244E-1 4.76315E-1 3.41745E-1 1.25071E-1 6.71531E-2 2.17816E-2 1.19651E-2 1.70281E-2 1.06523E-1 2.1711E-1 3.22761E-1 3.72817E-1 1.95257E-1 2.80053E-1 5.05636E-1 6.38882E-1 6.29823E-1 5.90958E-1 4.03305E-1 5.97777E-1 6.37934E-1 5.55331E-1 5.1704E-1 4.47515E-1 5.30445E-1
-9999 -9999 -9999 -9999 -9999 -9999 -9999 6.13223E-1 6.08906E-1 6.26568E-1 5.33032E-1 4.4537E-1 3.09893E-1 3.41363E-1 3.14707E-1 3.00275E-1 4.3603E-1 3.35037E-1 1.67709E-1 4.82044E-1 4.55641E-1 8.77745E-2 6.04644E-2 3.03394E-1 5.48844E-1 3.25057E-1 4.08143E-1 3.99541E-1 2.86504E-1 1.18289E-1 1.04589E-1 2.87091E-1 3.42907E-1 2.60383E-1 2.43843E-1 2.41255E-1 1.77328E-1 6.80011E-2 2.1862E-2 1.7991E-2 4.18316E-2 7.26269E-2 1.27779E-1 3.31956E-1 3.58582E-1 2.0406E-1 5.2374E-1 5.70578E-1 6.43003E-1 5.12502E-1 6.32382E-1 5.76297E-1 5.14217E-1 5.67955E-1 6.02727E-1 5.18574E-1 5.52651E-1 5.44134E-1
-9999 -9999 -9999 -9999 -9999 -9999 -9999 6.0506E-1 7.75907E-1 7.86157E-1 4.08491E-1 3.7251E-1 1.96274E-1 1.60796E-1 3.85903E-1 5.64561E-1 7.08972E-1 2.75992E-1 2.7025E-1 6.64357E-1 4.81064E-1 7.5215E-2 4.30301E-2 2.18672E-1 2.50493E-1 3.41789E-1 3.18148E-1 2.13995E-1 9.94734E-2 7.02494E-2 1.56265E-1 1.98851E-1 1.24098E-1 6.77525E-2 1.77125E-1 2.19893E-1 2.18074E-1 1.24515E-1 4.43657E-2 6.13336E-2 6.98825E-2 1.16622E-1 3.04603E-1 5.62383E-1 3.53156E-1 5.07405E-1 6.28223E-1 5.71252E-1 5.97983E-1 6.10554E-1 4.65345E-1 5.59926E-1 5.12893E-1 2.38115E-1 3.07491E-1 3.52983E-1 4.65943E-1 4.19166E-1
-9999 -9999 -9999 -9999 -9999 -9999 -9999 5.45247E-1 7.27626E-1 4.7604E-1 2.07358E-1 1.70248E-1 4.27675E-2 3.8029E-2 2.75928E-1 4.57957E-1 4.93381E-1 4.11995E-1 5.18839E-1 5.45579E-1 3.17838E-1 4.7702E-2 4.74498E-2 3.8937E-2 1.51779E-1 2.36395E-1 2.66293E-1 1.83249E-1 2.78838E-1 2.12604E-1 1.51713E-1 1.51977E-1 1.00427E-1 9.176E-2 1.0747E-1 2.96222E-1 1.4461E-1 5.46629E-2 8.28825E-2 9.9129E-2 9.67606E-2 1.80572E-1 3.94774E-1 4.93738E-1 4.13703E-1 6.74895E-1 4.94167E-1 5.44889E-1 2.99162E-1 3.04421E-1 3.44367E-1 4.18594E-1 5.07143E-1 3.42478E-1 7.89891E-2 7.241E-2 1.35162E-1 1.47873E-1
-9999 -9999 -9999 -9999 -9999 -9999 -9999 4.62803E-1 5.06471E-1 2.62249E-1 1.67061E-1 5.65451E-2 2.25815E-2 4.27399E-2 1.22619E-1 4.78504E-1 4.9791E-1 4.36034E-1 6.37303E-1 6.0587E-1 1.86661E-1 1.95314E-2 7.97807E-3 1.28524E-2 2.58285E-2 1.42944E-1 2.0702E-1 1.20641E-1 1.61547E-1 3.4508E-1 1.52004E-1 1.03689E-1 6.34775E-2 3.21508E-1 1.98421E-1 1.99866E-1 1.32206E-1 9.40775E-2 1.58681E-1 1.97082E-1 1.46251E-1 1.32559E-1 1.65027E-1 3.05246E-1 3.26264E-1 6.44062E-1 6.16568E-1 2.49458E-1 1.0423E-1 1.56031E-1 1.52324E-1 1.10947E-1 2.18405E-1 1.94489E-1 7.68822E-2 1.47494E-1 7.49446E-2 1.93384E-1
-9999 -9999 -9999 -9999 -9999 -9999 -9999 -9999 1.5751E-1 1.33112E-1 8.00899E-2 2.47767E-2 7.75483E-2 1.0286E-1 3.57287E-1 6.51399E-1 5.69611E-1 4.86586E-1 6.08539E-1 4.38242E-1 1.61194E-1 1.17308E-2 2.89125E-3 1.13901E-2 4.32924E-2 1.60311E-1 2.03713E-1 1.48725E-1 2.08504E-1 2.20305E-1 1.20985E-1 1.18863E-1 3.02372E-2 4.94229E-1 5.20491E-1 2.2108E-1 1.59684E-1 2.29428E-1 3.06923E-1 2.82456E-1 1.24864E-1 2.80118E-1 3.88194E-1 5.95439E-1 4.54216E-1 4.77234E-1 3.74881E-1 7.11594E-2 1.65978E-1 2.1032E-1 8.50304E-2 6.73145E-2 5.99801E-2 1.6977E-1 2.81546E-1 3.53986E-1 2.72678E-1 2.13241E-1
-9999 -9999 -9999 -9999 -9999 -9999 -9999 -9999 -9999 -9999 -9999 -9999 1.19292E-1 8.35902E-2 1.87243E-1 4.57535E-1 4.71916E-1 3.77857E-1 3.02983E-1 3.27803E-1 1.15142E-1 1.7425E-2 1.31317E-2 6.29972E-2 1.21628E-1 4.82598E-2 2.79502E-2 9.53687E-2 2.51298E-1 2.52738E-1 1.75162E-1 1.57353E-1 1.21049E-1 7.55667E-1 7.01424E-1 2.65854E-1 1.42596E-1 1.79096E-1 3.08541E-1 2.31883E-1 1.30543E-1 2.40358E-1 2.72214E-1 2.9821E-1 2.38325E-1 2.19477E-1 9.9092E-2 3.00454E-2 4.35312E-2 4.95775E-2 2.16089E-2 6.28699E-2 7.08432E-2 1.69718E-1 5.07093E-1 5.49052E-1 4.4189E-1 1.95244E-1
-9999 -9999 -9999 -9999 -9999 -9999 -9999 -9999 -9999 -9999 -9999 -9999 -9999 1.28867E-1 2.59661E-1 4.91349E-1 5.9204E-1 7.39005E-1 5.59661E-1 3.388E-1 1.68545E-1 2.1678E-2 1.15137E-2 7.95083E-2 1.05729E-1 2.24547E-2 1.99599E-2 2.42628E-2 1.10597E-1 2.68276E-1 1.35252E-1 2.1129E-1 4.75006E-1 4.63668E-1 3.84343E-1 2.2572E-1 1.6497E-1 2.21553E-1 4.95023E-1 4.57288E-1 1.18588E-1 5.4797E-2 6.42702E-2 7.35819E-2 1.68486E-1 2.06007E-1 1.17922E-1 2.19834E-2 7.461E-3 5.69195E-3 3.03692E-2 7.63552E-2 9.74913E-2 4.86817E-1 6.18082E-1 3.97502E-1 3.98493E-1 3.38249E-1
-9999 -9999 -9999 -9999 -9999 -9999 -9999 -9999 -9999 -9999 -9999 -9999 1.05171E-1 2.04253E-1 2.32015E-1 5.8866E-1 7.13971E-1 6.44257E-1 4.81049E-1 5.48964E-1 2.70218E-1 3.51122E-2 2.86597E-2 5.24122E-2 3.60568E-2 8.73856E-2 1.1528E-1 3.488E-2 9.87708E-2 1.29164E-1 1.83221E-1 2.63888E-1 2.87034E-1 3.2157E-1 2.00159E-1 9.89204E-2 2.33996E-1 5.50727E-1 5.32963E-1 5.28238E-1 1.54687E-1 5.18541E-2 7.76934E-2 4.7417E-1 4.69153E-1 9.21042E-2 1.04973E-1 3.55623E-2 1.69975E-2 1.30248E-2 3.15203E-2 8.88112E-2 1.52935E-1 5.9452E-1 5.5514E-1 4.06E-1 3.18125E-1 1.84876E-1
-9999 -9999 -9999 -9999 -9999 -9999 -9999 -9999 -9999 -9999 -9999 -9999 -9999 6.84941E-2 8.52708E-2 -9999 4.48409E-1 5.07284E-1 3.845E-1 3.93191E-1 2.13361E-1 8.66112E-2 1.00423E-1 2.60222E-1 3.28916E-1 1.93963E-1 1.13981E-1 6.40053E-2 5.48674E-2 5.43288E-2 1.57548E-1 1.51444E-1 1.29368E-1 2.16917E-1 1.67385E-1 1.55296E-1 2.84262E-1 5.36356E-1 5.53303E-1 3.89996E-1 2.41607E-1 1.4711E-1 2.30895E-1 7.20692E-1 6.7317E-1 3.8351E-1 4.7606E-2 1.11682E-1 4.04293E-2 3.48456E-2 9.89239E-2 1.60361E-1 3.88229E-1 6.39192E-1 4.59849E-1 5.53934E-1 4.45192E-1 3.10593E-1
-9999 -9999 -9999 -9999 -9999 -9999 -9999 -9999 -9999 -9999 -9999 -9999 -9999 -9999 -9999 -9999 2.1821E-1 3.10059E-1 1.90098E-1 1.98855E-1 1.84981E-1 1.39178E-1 3.49556E-1 2.85281E-1 3.07582E-1 2.89417E-1 1.0211E-1 8.13254E-2 1.22262E-1 4.91088E-1 4.74353E-1 2.80203E-1 3.58136E-1 3.13006E-1 3.98851E-1 3.75452E-1 3.23589E-1 4.9698E-1 5.14394E-1 2.80795E-1 7.22954E-2 2.01505E-1 5.88467E-1 5.76851E-1 7.80147E-1 6.5027E-1 4.72955E-1 3.31378E-1 1.93309E-1 5.42795E-2 1.2004E-1 2.80305E-1 4.12004E-1 5.32622E-1 4.77066E-1 5.79123E-1 5.41948E-1 3.90657E-1
-9999 -9999 -9999 -9999 -9999 -9999 -9999 -9999 -9999 -9999 -9999 -9999 -9999 -9999 -9999 -9999 -9999 4.28178E-1 3.07456E-1 2.89519E-1 4.2741E-1 2.09136E-1 1.25236E-1 2.76921E-1 2.67126E-1 2.67465E-1 2.03868E-1 3.57937E-1 4.17615E-1 6.20634E-1 5.39087E-1 6.55843E-1 6.18472E-1 3.69814E-1 3.58432E-1 4.89664E-1 4.79472E-1 5.88038E-1 3.44365E-1 1.22928E-1 3.24544E-2 1.19096E-1 7.03038E-1 7.4151E-1 7.53537E-1 7.53431E-1 6.34443E-1 4.71138E-1 3.49857E-1 2.27893E-1 1.81631E-1 1.55228E-1 3.35407E-1 4.66583E-1 2.85496E-1 4.67015E-1 4.08055E-1 5.10214E-1
