Phytophthora/models/20240503_1210_48/Phytophthora_PA3_RUN1_MAXENT_outputs/Phytophthora_PA3_RUN1.asc
ncols         113
nrows         135
xllcorner     473009.9838
yllcorner     4429001.1748
cellsize      100.0
NODATA_value  -9999
[rows 104 to 129 of 135, columns 0 to 57 of 113]
-9999 -9999 -9999 -9999 -9999 -9999 -9999 -9999 -9999 -9999 -9999 -9999 -9999 -9999 -9999 -9999 -9999 6.14402E-1 6.34633E-1 4.17584E-1 3.43621E-1 4.12697E-1 4.29151E-1 2.94391E-1 2.4647E-1 3.12216E-1 3.89832E-1 5.51865E-1 4.56293E-1 3.29554E-1 5.67905E-1 7.48944E-1 6.55277E-1 3.53019E-1 1.35482E-1 1.30758E-1 2.01223E-1 2.90972E-1 1.49491E-1 2.69275E-2 1.44192E-2 7.05315E-2 6.05066E-1 8.04351E-1 6.94183E-1 3.62924E-1 4.09196E-1 4.39829E-1 3.71408E-1 3.06939E-1 2.26642E-1 1.12984E-1 1.73356E-1 4.31142E-1 4.17312E-1 4.49207E-1 5.51247E-1 5.0453E-1
-9999 -9999 -9999 -9999 -9999 -9999 -9999 -9999 -9999 -9999 -9999 -9999 -9999 -9999 -9999 -9999 -9999 -9999 5.91626E-1 5.61448E-1 5.77123E-1 7.50444E-1 7.00157E-1 4.13045E-1 4.32781E-1 4.82845E-1 5.36822E-1 5.27215E-1 3.24487E-1 2.80611E-1 4.17552E-1 7.59338E-1 5.36879E-1 2.56382E-1 1.9808E-2 6.64106E-3 3.50003E-2 7.56383E-2 3.43126E-2 1.92169E-2 4.13337E-2 7.54241E-2 3.55453E-1 6.26283E-1 4.36542E-1 2.73594E-1 4.15991E-1 4.12256E-1 2.53522E-1 2.43098E-1 3.72476E-1 2.8382E-1 2.07401E-1 4.19461E-1 5.3734E-1 2.88552E-1 1.4545E-1 2.93914E-1
-9999 -9999 -9999 -9999 -9999 -9999 -9999 -9999 -9999 -9999 -9999 -9999 -9999 -9999 -9999 -9999 -9999 -9999 5.61533E-1 6.28131E-1 7.01396E-1 8.48818E-1 8.56085E-1 7.02694E-1 4.65822E-1 5.52963E-1 5.80298E-1 4.38857E-1 2.92605E-1 4.07094E-1 5.90849E-1 7.39359E-1 4.93645E-1 6.54982E-2 1.15355E-2 4.58054E-3 6.214E-3 1.83039E-2 1.69829E-2 8.25111E-2 6.67727E-2 2.01839E-1 5.81865E-1 6.57311E-1 3.91083E-1 4.32763E-1 4.48205E-1 6.34691E-1 5.50735E-1 5.3561E-1 5.42557E-1 2.4734E-1 4.77332E-2 2.42508E-1 3.91323E-1 4.09516E-1 3.20718E-1 3.16519E-1
-9999 -9999 -9999 -9999 -9999 -9999 -9999 -9999 -9999 -9999 -9999 -9999 -9999 -9999 -9999 -9999 -9999 -9999 -9999 4.48084E-1 4.88798E-1 7.29864E-1 8.67693E-1 8.69436E-1 7.80553E-1 5.60112E-1 5.18572E-1 2.86574E-1 3.88878E-1 3.84834E-1 3.89627E-1 4.19346E-1 1.51179E-1 3.73361E-2 1.2791E-2 2.75999E-3 3.68627E-3 6.05884E-3 3.62945E-2 1.71286E-1 3.21336E-1 5.82571E-1 8.05741E-1 7.7185E-1 6.59517E-1 5.08589E-1 3.43795E-1 5.01156E-1 5.94354E-1 5.99968E-1 4.8342E-1 1.88988E-1 1.35292E-1 4.59546E-1 6.2268E-1 5.81751E-1 5.94413E-1 4.47642E-1
-9999 -9999 -9999 -9999 -9999 -9999 -9999 -9999 -9999 -9999 -9999 -9999 -9999 -9999 -9999 -9999 -9999 -9999 -9999 -9999 6.96585E-1 6.83693E-1 7.51454E-1 7.92633E-1 6.58746E-1 4.29209E-1 4.65647E-1 3.27842E-1 2.33359E-1 1.56291E-1 1.04946E-1 3.68339E-2 2.79383E-2 3.23784E-2 4.16937E-2 3.57813E-2 3.09254E-2 8.33434E-2 5.48882E-2 2.70824E-1 5.21443E-1 7.57437E-1 8.32763E-1 7.25068E-1 7.60303E-1 5.73083E-1 3.66835E-1 1.91168E-1 2.2122E-1 4.41258E-1 5.58761E-1 3.05728E-1 4.68271E-1 5.84409E-1 5.96797E-1 6.82327E-1 5.41364E-1 3.12456E-1
-9999 -9999 -9999 -9999 -9999 -9999 -9999 -9999 -9999 -9999 -9999 -9999 -9999 -9999 -9999 -9999 -9999 -9999 -9999 -9999 -9999 5.28398E-1 6.25017E-1 6.03067E-1 4.20503E-1 4.31149E-1 5.76199E-1 3.84596E-1 8.2911E-2 2.29813E-2 3.06431E-2 1.6462E-2 6.19143E-3 1.89729E-2 1.806E-1 2.56564E-1 5.50754E-2 1.22907E-1 1.66242E-1 2.67585E-1 4.69124E-1 7.00285E-1 7.749E-1 7.86296E-1 7.59342E-1 8.04465E-1 6.87035E-1 2.33726E-1 1.95915E-1 4.53965E-1 6.24411E-1 4.28805E-1 5.05198E-1 5.4983E-1 6.27851E-1 4.52951E-1 4.58448E-1 4.28134E-1
-9999 -9999 -9999 -9999 -9999 -9999 -9999 -9999 -9999 -9999 -9999 -9999 -9999 -9999 -9999 -9999 -9999 -9999 -9999 -9999 -9999 6.5392E-1 8.13778E-1 7.84342E-1 5.69113E-1 5.83005E-1 4.6949E-1 4.71117E-1 1.18416E-1 2.24594E-2 9.88584E-3 4.89221E-3 4.9377E-3 2.52461E-2 2.94068E-1 4.53997E-1 2.57645E-1 2.2861E-1 1.25449E-1 1.13876E-1 1.253E-1 5.18115E-1 5.08099E-1 4.99998E-1 7.40477E-1 7.58019E-1 4.96792E-1 1.93269E-1 1.79374E-1 4.15255E-1 4.37957E-1 5.7839E-1 4.97687E-1 3.94145E-1 5.22816E-1 6.13609E-1 6.88473E-1 6.65377E-1
-9999 -9999 -9999 -9999 -9999 -9999 -9999 -9999 -9999 -9999 -9999 -9999 -9999 -9999 -9999 -9999 -9999 -9999 -9999 -9999 -9999 2.59629E-1 5.77114E-1 5.35349E-1 6.0322E-1 5.82321E-1 4.9597E-1 3.02129E-1 1.17724E-1 1.00992E-2 1.03762E-3 1.48549E-3 9.18408E-3 7.41314E-2 3.24636E-1 6.19605E-1 3.20773E-1 2.11497E-1 5.08256E-1 5.57471E-1 4.47884E-1 1.0674E-1 9.8408E-2 1.45292E-1 2.05164E-1 3.17945E-1 1.21993E-1 5.94167E-2 7.21344E-2 2.20978E-1 4.11572E-1 3.30921E-1 7.48769E-2 1.44245E-1 4.4449E-1 4.83535E-1 6.81771E-1 6.25384E-1
-9999 -9999 -9999 -9999 -9999 -9999 -9999 -9999 -9999 -9999 -9999 -9999 -9999 -9999 -9999 -9999 -9999 -9999 -9999 -9999 1.55714E-1 3.50257E-1 3.41741E-1 5.67131E-1 6.92396E-1 6.57205E-1 5.34034E-1 2.3696E-1 4.72262E-2 2.98528E-3 1.87426E-3 2.8383E-3 1.1635E-2 1.20014E-1 1.41871E-1 3.42535E-1 3.53998E-1 2.32129E-1 5.42619E-1 7.39932E-1 6.27879E-1 2.96367E-1 1.01602E-1 1.63075E-1 1.68479E-1 2.89329E-1 1.33541E-1 1.92387E-2 6.35596E-3 3.722E-2 1.09272E-1 6.57368E-2 2.06378E-2 1.00174E-1 3.21211E-1 6.44916E-1 5.59119E-1 3.2621E-1
-9999 -9999 -9999 -9999 -9999 -9999 -9999 -9999 -9999 -9999 -9999 -9999 -9999 -9999 -9999 -9999 -9999 -9999 -9999 -9999 1.95813E-1 2.79073E-1 3.33313E-1 5.26548E-1 5.01193E-1 5.42797E-1 2.0751E-1 9.06388E-2 1.97037E-2 5.11796E-3 6.89411E-3 7.23446E-3 2.26818E-2 1.97545E-1 6.2078E-1 7.79285E-1 7.79822E-1 4.32814E-1 4.99799E-1 6.12216E-1 5.62949E-1 3.82914E-1 1.60725E-1 6.91767E-2 8.75179E-2 9.87846E-2 5.04417E-2 8.22415E-3 2.84461E-3 7.10926E-3 9.51551E-3 1.89962E-2 1.86347E-2 3.46009E-1 6.26749E-1 6.92779E-1 7.27296E-1 5.76343E-1
-9999 -9999 -9999 -9999 -9999 -9999 -9999 -9999 -9999 -9999 -9999 -9999 -9999 -9999 -9999 -9999 -9999 -9999 -9999 -9999 7.77254E-2 1.05803E-1 1.24376E-1 1.41452E-1 2.06086E-1 2.8052E-1 1.41682E-1 2.0617E-2 3.70708E-3 8.96346E-3 5.19265E-2 1.88499E-1 2.14177E-1 3.51269E-1 6.16321E-1 7.99896E-1 8.2323E-1 7.84318E-1 5.65636E-1 6.51607E-1 5.58848E-1 3.59739E-1 3.34245E-1 2.43607E-1 1.34186E-1 6.92496E-2 1.06074E-2 3.19692E-3 2.73762E-3 4.55521E-3 8.33206E-3 2.94478E-2 5.62826E-2 3.23477E-1 6.7511E-1 6.96381E-1 6.86761E-1 5.80732E-1
-9999 -9999 -9999 -9999 -9999 -9999 -9999 -9999 -9999 -9999 -9999 -9999 -9999 -9999 -9999 -9999 -9999 -9999 -9999 -9999 4.75389E-3 9.55265E-3 2.43902E-2 6.86187E-2 1.3165E-1 1.1327E-1 1.56473E-2 1.04523E-3 3.1842E-3 3.99027E-2 2.22822E-1 5.83988E-1 7.46189E-1 7.5461E-1 6.68681E-1 7.83907E-1 8.19842E-1 7.26925E-1 7.6746E-1 7.25271E-1 5.46124E-1 5.89083E-1 6.31464E-1 5.07904E-1 2.51677E-1 2.03185E-1 6.79513E-2 2.85702E-2 2.95811E-2 4.31838E-2 7.66318E-2 1.21408E-1 1.76903E-1 1.10752E-1 4.18393E-1 7.50996E-1 6.26092E-1 4.04785E-1
-9999 -9999 -9999 -9999 -9999 -9999 -9999 -9999 -9999 -9999 -9999 -9999 -9999 -9999 -9999 -9999 -9999 -9999 -9999 -9999 1.82287E-4 1.74314E-3 1.46856E-2 2.98297E-2 3.15831E-2 2.40323E-2 3.03363E-3 1.40894E-3 4.74525E-2 1.57641E-1 3.00475E-1 7.47371E-1 7.91627E-1 7.71779E-1 7.27965E-1 6.22715E-1 7.73946E-1 8.30329E-1 7.66812E-1 7.59581E-1 1.94537E-1 2.17812E-1 3.3049E-1 6.93095E-1 3.04218E-1 4.27187E-1 1.14154E-1 1.60285E-1 1.34351E-1 1.2247E-1 1.31752E-1 3.1695E-1 6.20723E-1 2.87892E-1 3.59293E-1 6.48051E-1 8.03835E-1 7.27389E-1
-9999 -9999 -9999 -9999 -9999 -9999 -9999 -9999 -9999 -9999 -9999 -9999 -9999 -9999 -9999 -9999 -9999 -9999 -9999 -9999 -9999 6.15639E-3 7.09429E-2 1.48735E-1 1.66286E-1 9.60319E-2 6.48795E-2 1.00395E-2 8.05709E-2 1.92856E-1 3.74218E-1 5.75327E-1 7.04914E-1 7.25693E-1 5.19884E-1 5.60804E-1 6.93069E-1 5.55153E-1 7.00014E-1 6.09698E-1 2.74939E-1 4.65941E-1 5.11276E-1 3.66708E-1 7.05349E-1 5.52548E-1 3.57193E-1 3.57681E-1 3.3967E-1 2.19231E-1 2.30286E-1 3.58135E-1 6.29289E-1 5.87437E-1 4.9136E-1 4.24523E-1 4.66929E-1 4.77808E-1
-9999 -9999 -9999 -9999 -9999 -9999 -9999 -9999 -9999 -9999 -9999 -9999 -9999 -9999 -9999 -9999 -9999 -9999 -9999 -9999 -9999 1.31515E-2 6.62195E-2 3.8367E-1 4.23825E-1 3.25058E-1 1.49002E-1 1.25585E-1 2.17062E-1 2.91326E-1 3.10405E-1 3.84042E-1 5.84892E-1 7.30984E-1 3.61703E-1 3.32053E-1 2.67237E-1 2.45321E-1 6.4119E-1 6.63976E-1 4.12051E-1 5.72347E-1 6.70266E-1 3.82098E-1 3.52591E-1 3.04147E-1 3.90642E-1 5.68927E-1 4.6868E-1 1.95062E-1 3.4461E-1 5.74495E-1 6.69524E-1 6.17969E-1 3.66802E-1 5.20393E-1 7.17431E-1 6.96955E-1
-9999 -9999 -9999 -9999 -9999 -9999 -9999 -9999 -9999 -9999 -9999 -9999 -9999 -9999 -9999 -9999 -9999 -9999 -9999 -9999 -9999 -9999 1.27063E-1 3.8489E-1 4.35261E-1 3.69632E-1 4.02294E-1 1.13107E-1 1.1422E-1 1.75641E-1 3.99835E-1 1.48003E-1 6.92901E-2 1.72569E-1 2.42509E-1 2.5511E-1 5.54303E-1 3.14855E-1 6.47771E-1 7.15493E-1 3.52649E-1 3.3471E-1 5.17453E-1 5.39466E-1 4.82315E-1 4.00688E-1 3.70105E-1 5.97318E-1 5.12205E-1 1.92295E-1 3.39121E-1 4.51688E-1 5.81065E-1 6.13682E-1 5.14333E-1 6.94083E-1 6.85995E-1 6.05425E-1
-9999 -9999 -9999 -9999 -9999 -9999 -9999 -9999 -9999 -9999 -9999 -9999 -9999 -9999 -9999 -9999 -9999 -9999 -9999 -9999 -9999 -9999 1.29692E-1 2.61369E-1 3.70876E-1 5.44529E-1 5.08989E-1 2.23632E-1 2.77565E-1 4.87188E-1 2.99846E-1 2.37989E-1 1.06974E-1 1.18216E-1 2.43886E-1 1.49972E-1 3.53525E-1 3.19732E-1 4.5351E-1 7.19623E-1 7.74985E-1 6.5501E-1 4.74982E-1 7.15221E-1 7.49399E-1 6.67135E-1 3.75973E-1 4.79891E-1 3.9929E-1 2.71451E-1 5.60179E-1 3.48419E-1 6.08378E-1 3.7401E-1 7.36627E-1 7.21829E-1 7.61728E-1 7.49665E-1
-9999 -9999 -9999 -9999 -9999 -9999 -9999 -9999 -9999 -9999 -9999 -9999 -9999 -9999 -9999 -9999 -9999 -9999 -9999 -9999 -9999 -9999 -9999 5.78588E-2 1.2241E-1 4.82679E-1 6.11319E-1 4.83583E-1 3.71882E-1 4.41012E-1 2.39604E-1 4.5749E-1 3.42621E-1 2.18722E-1 7.01628E-2 3.91207E-2 4.59315E-1 6.91386E-1 6.88164E-1 8.49548E-1 8.37289E-1 7.99064E-1 6.65908E-1 5.70405E-1 5.16534E-1 4.46833E-1 1.7899E-1 2.94084E-1 8.23616E-2 3.41074E-1 3.12761E-1 5.95293E-1 7.4026E-1 6.30406E-1 5.94199E-1 4.78743E-1 3.14742E-1 3.65638E-1
-9999 -9999 -9999 -9999 -9999 -9999 -9999 -9999 -9999 -9999 -9999 -9999 -9999 -9999 -9999 -9999 -9999 -9999 -9999 -9999 -9999 -9999 -9999 1.64755E-1 4.06638E-1 7.33704E-1 6.52759E-1 4.35008E-1 4.29343E-1 5.75055E-1 6.47233E-1 5.49653E-1 3.36677E-1 1.17449E-1 4.73072E-2 5.88116E-2 4.32425E-1 6.65696E-1 7.70367E-1 8.20428E-1 8.22225E-1 8.28574E-1 7.74748E-1 7.19219E-1 5.57147E-1 4.00844E-1 1.42536E-1 1.14558E-1 5.47691E-2 2.2279E-1 3.51969E-1 6.89438E-1 7.69912E-1 7.26612E-1 6.59759E-1 4.99466E-1 7.81229E-2 6.24148E-2
-9999 -9999 -9999 -9999 -9999 -9999 -9999 -9999 -9999 -9999 -9999 -9999 -9999 -9999 -9999 -9999 -9999 -9999 -9999 -9999 -9999 -9999 -9999 2.49494E-1 4.18216E-1 5.38287E-1 5.29299E-1 3.18105E-1 5.8578E-1 6.06541E-1 5.41117E-1 3.49555E-1 1.30122E-1 8.68303E-2 3.07181E-2 3.86095E-2 1.96346E-1 3.54157E-1 6.6648E-1 6.78234E-1 7.28997E-1 8.15194E-1 7.90713E-1 8.3367E-1 6.60831E-1 5.17462E-1 3.42559E-1 5.55465E-1 2.79187E-1 2.63896E-1 2.062E-1 3.28447E-1 2.07531E-1 4.49239E-1 5.01799E-1 4.22577E-1 2.65995E-1 2.10797E-1
-9999 -9999 -9999 -9999 -9999 -9999 -9999 -9999 -9999 -9999 -9999 -9999 -9999 -9999 -9999 -9999 -9999 -9999 -9999 -9999 -9999 -9999 -9999 -9999 -9999 3.56739E-1 4.13049E-1 4.70987E-1 6.99435E-1 6.02506E-1 3.46392E-1 1.54522E-1 9.5709E-2 4.43555E-2 1.63418E-2 1.7644E-2 6.25527E-2 1.27988E-1 3.51804E-1 4.90203E-1 7.29105E-1 8.25591E-1 8.33504E-1 6.75296E-1 6.44803E-1 6.07913E-1 6.63055E-1 6.64373E-1 5.4787E-1 2.97254E-1 3.99686E-1 2.21465E-1 2.33232E-1 5.56263E-1 5.85932E-1 6.08045E-1 5.65318E-1 5.05875E-1
-9999 -9999 -9999 -9999 -9999 -9999 -9999 -9999 -9999 -9999 -9999 -9999 -9999 -9999 -9999 -9999 -9999 -9999 -9999 -9999 -9999 -9999 -9999 -9999 -9999 -9999 3.5845E-1 3.39564E-1 5.1471E-1 5.73944E-1 4.67833E-1 1.84801E-1 5.18942E-2 7.13951E-3 2.43221E-3 2.51277E-3 1.25606E-2 2.28797E-2 1.12893E-1 2.54209E-1 4.78809E-1 5.95919E-1 6.71611E-1 6.70362E-1 6.39505E-1 6.21132E-1 6.56708E-1 5.53384E-1 4.04021E-1 2.63717E-1 4.28063E-1 2.84448E-1 6.1815E-1 6.8256E-1 5.41811E-1 6.65372E-1 7.15168E-1 6.47631E-1
-9999 -9999 -9999 -9999 -9999 -9999 -9999 -9999 -9999 -9999 -9999 -9999 -9999 -9999 -9999 -9999 -9999 -9999 -9999 -9999 -9999 -9999 -9999 -9999 -9999 -9999 -9999 5.23099E-1 7.27165E-1 5.78037E-1 3.34299E-1 1.29401E-1 3.26775E-2 5.9043E-3 3.95022E-4 1.90946E-4 1.23241E-3 3.7423E-3 7.23223E-3 2.74211E-2 1.30037E-1 2.97772E-1 4.25456E-1 4.35625E-1 3.68436E-1 5.15938E-1 5.32931E-1 4.78653E-1 2.604E-1 3.51105E-1 2.4239E-1 1.28277E-1 4.15603E-1 5.32372E-1 2.73026E-1 2.2077E-1 5.67056E-1 5.06774E-1
-9999 -9999 -9999 -9999 -9999 -9999 -9999 -9999 -9999 -9999 -9999 -9999 -9999 -9999 -9999 -9999 -9999 -9999 -9999 -9999 -9999 -9999 -9999 -9999 -9999 -9999 -9999 2.53122E-1 2.66526E-1 1.48747E-1 1.26309E-1 2.78232E-2 1.7042E-2 2.09283E-3 9.36984E-5 7.28736E-6 4.42101E-5 1.12587E-4 2.78613E-4 2.38443E-3 2.2302E-2 5.61587E-2 1.62353E-1 1.09158E-1 1.01213E-1 2.04787E-1 3.10676E-1 4.14225E-1 5.60074E-1 6.19311E-1 3.67028E-1 4.43228E-1 4.5903E-1 5.79114E-1 4.64585E-1 3.60623E-1 2.0326E-1 4.84639E-1
-9999 -9999 -9999 -9999 -9999 -9999 -9999 -9999 -9999 -9999 -9999 -9999 -9999 -9999 -9999 -9999 -9999 -9999 -9999 -9999 -9999 -9999 -9999 -9999 -9999 -9999 -9999 -9999 -9999 -9999 -9999 7.81755E-3 2.45243E-3 3.61905E-4 2.61097E-5 1.80013E-6 1.56105E-5 6.6596E-5 7.5659E-5 1.99161E-4 8.95495E-4 3.4774E-3 1.29817E-2 1.92678E-2 8.71735E-3 3.71316E-2 1.83177E-1 2.69926E-1 4.69547E-1 5.53029E-1 6.46561E-1 5.83433E-1 4.02609E-1 6.64746E-1 7.45176E-1 6.52746E-1 2.29997E-1 6.27179E-1
-9999 -9999 -9999 -9999 -9999 -9999 -9999 -9999 -9999 -9999 -9999 -9999 -9999 -9999 -9999 -9999 -9999 -9999 -9999 -9999 -9999 -9999 -9999 -9999 -9999 -9999 -9999 -9999 -9999 -9999 -9999 -9999 -9999 1.97087E-4 8.24429E-6 4.05879E-7 8.92853E-7 8.17371E-6 2.86918E-5 4.67869E-5 3.15838E-4 8.74979E-4 3.07965E-3 9.61793E-3 9.33006E-3 3.55527E-2 2.87834E-1 5.41304E-1 5.29186E-1 4.38919E-1 3.22923E-1 3.47972E-1 6.01783E-1 7.30298E-1 7.37409E-1 7.70585E-1 -9999 -9999
