Phytophthora/models/20240503_1210_48/Phytophthora_PA3_RUN1_MAXENT_outputs/Phytophthora_PA3_RUN1.asc
ncols         113
nrows         135
xllcorner     473009.9838
yllcorner     4429001.1748
cellsize      100.0
NODATA_value  -9999
[rows 26 to 51 of 135, columns 0 to 57 of 113]
-9999 -9999 -9999 -9999 -9999 -9999 -9999 -9999 -9999 -9999 4.39259E-4 1.23165E-3 5.15619E-3 4.85096E-3 6.38139E-3 5.41577E-3 2.41831E-2 4.79616E-2 8.16737E-2 5.89497E-2 2.46172E-2 2.54531E-2 2.47558E-2 2.03005E-2 2.33923E-2 2.64515E-2 2.18262E-2 2.22527E-2 7.14942E-3 1.43746E-3 3.47829E-4 8.81631E-4 4.10179E-3 3.41852E-2 4.40193E-2 3.82099E-2 3.73523E-2 2.68378E-2 1.09301E-2 5.84768E-3 1.13587E-2 1.78659E-2 2.75008E-2 -9999 -9999 -9999 -9999 -9999 -9999 -9999 -9999 -9999 -9999 -9999 -9999 -9999 -9999 -9999
-9999 -9999 -9999 -9999 -9999 -9999 -9999 -9999 -9999 -9999 2.84884E-5 1.95453E-4 6.00874E-4 7.05538E-4 1.61313E-3 3.61049E-3 1.0129E-2 2.79064E-2 8.6376E-2 5.68872E-2 2.64036E-2 1.88688E-2 1.03519E-2 9.93678E-3 1.50365E-2 1.93248E-2 2.85794E-2 2.57363E-2 7.41266E-3 1.65476E-3 9.55813E-4 2.0077E-3 1.47757E-2 2.53652E-2 1.66994E-2 1.62674E-2 4.9579E-2 4.24515E-2 1.32389E-2 6.3931E-3 1.02257E-2 1.30979E-2 2.7097E-2 2.55491E-2 4.1102E-2 4.65021E-2 5.23591E-2 -9999 -9999 -9999 -9999 -9999 -9999 -9999 -9999 -9999 -9999 -9999
-9999 -9999 -9999 -9999 -9999 -9999 -9999 -9999 1.70029E-12 1.50294E-8 5.32417E-6 4.75326E-5 6.68666E-5 9.56912E-5 8.16575E-4 3.5172E-3 7.82604E-3 2.51723E-2 3.62344E-2 4.62999E-2 1.55381E-2 3.12716E-2 3.83489E-2 3.84462E-2 3.59452E-2 3.61339E-2 3.19838E-2 2.53439E-2 7.85516E-3 1.47129E-3 1.40032E-3 2.48285E-3 7.57576E-3 1.20066E-2 5.17274E-3 5.11358E-3 1.43095E-2 1.70795E-2 2.31036E-2 1.51173E-2 1.04529E-2 1.89581E-3 4.72368E-3 1.52729E-2 1.55506E-2 3.9841E-2 7.14297E-2 -9999 -9999 -9999 -9999 -9999 -9999 -9999 -9999 -9999 -9999 -9999
-9999 -9999 -9999 -9999 -9999 -9999 3.15717E-13 3.2798E-12 4.31433E-11 5.99041E-8 2.16072E-5 1.92773E-4 7.86191E-4 1.29409E-3 1.86311E-3 4.66527E-3 1.62263E-2 1.14685E-2 1.85218E-2 3.37311E-2 3.07688E-2 4.09445E-2 7.25982E-2 6.91251E-2 1.32189E-1 5.77795E-2 2.60646E-2 9.50244E-3 4.51297E-3 1.85634E-3 2.9088E-3 2.89808E-3 8.6205E-3 1.27828E-2 2.67994E-3 1.32255E-3 1.64569E-3 2.78028E-3 1.05015E-2 1.44004E-2 1.2366E-2 2.19544E-3 4.24151E-3 2.03389E-2 1.32931E-2 3.05429E-2 7.34805E-2 -9999 -9999 -9999 -9999 -9999 -9999 -9999 -9999 -9999 -9999 -9999
-9999 -9999 -9999 -9999 -9999 -9999 9.13946E-11 6.07454E-9 1.12577E-7 4.88614E-6 1.05117E-4 8.90546E-4 4.49156E-3 1.32513E-2 1.78483E-2 1.86922E-2 2.60541E-2 1.26342E-2 1.73534E-2 1.81928E-2 2.95653E-2 3.74905E-2 9.86983E-2 1.17285E-1 6.53907E-2 3.88283E-2 2.71377E-2 8.40308E-3 3.10787E-3 1.94764E-3 6.09111E-3 6.59938E-3 1.02765E-2 8.17333E-3 4.42488E-3 1.84482E-3 5.72341E-3 1.01138E-2 1.30918E-2 2.55311E-2 1.82632E-2 4.69416E-3 1.04689E-2 1.98713E-2 1.54987E-2 6.32388E-2 1.4383E-1 9.40357E-2 -9999 -9999 -9999 -9999 -9999 -9999 -9999 -9999 -9999 -9999
-9999 -9999 -9999 -9999 -9999 -9999 8.04566E-10 1.60675E-7 4.05094E-6 6.74775E-5 6.53557E-5 3.98248E-4 9.14708E-3 4.86974E-2 7.43003E-2 4.97802E-2 2.32431E-2 1.17234E-2 9.35873E-3 1.06168E-2 2.41963E-2 3.43931E-2 4.52426E-2 9.85097E-2 4.5108E-2 9.43278E-3 5.87148E-3 1.04147E-2 7.20036E-3 3.11354E-3 7.80987E-3 1.45856E-2 1.47969E-2 3.1999E-3 5.3594E-3 7.30859E-3 1.23834E-2 3.2703E-2 5.57799E-2 3.53072E-2 3.27689E-2 9.71789E-3 5.23073E-3 1.52428E-2 1.86078E-2 3.5907E-2 1.04687E-1 1.36158E-1 1.73901E-1 -9999 -9999 -9999 -9999 -9999 -9999 -9999 -9999 -9999
-9999 -9999 -9999 -9999 -9999 2.67833E-10 4.00986E-8 9.96682E-7 3.54211E-5 1.33401E-4 1.82969E-4 1.10949E-3 1.46535E-2 6.11335E-2 5.47432E-2 2.29393E-2 2.30525E-2 1.17822E-2 5.36198E-3 5.53669E-3 1.09482E-2 2.53878E-2 5.95786E-2 7.06618E-2 2.18027E-2 3.57808E-3 8.61356E-4 1.9E-3 3.19393E-3 3.30413E-3 5.02612E-3 1.4003E-2 1.09032E-2 4.14342E-3 6.18242E-3 1.01925E-2 1.88184E-2 4.19527E-2 6.31608E-2 8.792E-3 1.20978E-2 6.92239E-3 3.30712E-3 1.46988E-2 4.60724E-2 1.47884E-2 6.2106E-2 1.54433E-1 1.6395E-1 1.75416E-1 1.97928E-1 -9999 -9999 -9999 -9999 -9999 -9999 -9999
-9999 -9999 -9999 -9999 1.51248E-13 2.97784E-10 9.16816E-8 1.86166E-6 5.40784E-5 3.21699E-4 5.53143E-4 4.03679E-3 2.85651E-2 5.64886E-2 4.10333E-2 1.3337E-2 1.06202E-2 6.87803E-3 3.92105E-3 4.76902E-3 9.82387E-3 2.67943E-2 4.35038E-2 4.36172E-2 2.18701E-2 6.53265E-3 1.14299E-3 8.26829E-4 3.93301E-4 7.37574E-4 3.27781E-3 8.68318E-3 1.12073E-2 9.69648E-3 1.50741E-2 1.59536E-2 1.6175E-2 3.30181E-2 1.81724E-2 8.16057E-3 5.17568E-3 5.36184E-3 5.50136E-3 2.01369E-2 7.34837E-2 5.71289E-2 2.29528E-2 1.11317E-1 1.32013E-1 1.64361E-1 1.54071E-1 2.12213E-1 2.17738E-1 -9999 -9999 -9999 -9999 -9999
-9999 -9999 -9999 -9999 3.21112E-13 9.25235E-10 7.80305E-8 2.05729E-6 6.4226E-5 4.94617E-4 9.75828E-4 3.05342E-3 1.43916E-2 4.47364E-2 1.22616E-2 6.29916E-3 5.59157E-3 4.43826E-3 5.98161E-3 5.75854E-3 9.47766E-3 1.34618E-2 1.9026E-2 2.72132E-2 1.95034E-2 6.30116E-3 1.014E-3 1.13217E-3 2.9805E-4 6.51699E-4 4.84787E-3 8.97239E-3 8.67148E-3 1.08441E-2 2.25256E-2 2.35713E-2 1.6584E-2 3.95698E-2 1.25659E-2 1.1716E-2 2.25383E-2 2.17269E-2 1.48384E-2 2.82762E-2 5.12746E-2 8.16804E-2 7.77591E-2 3.29333E-2 4.81044E-2 9.54818E-2 2.31719E-2 8.30625E-2 2.19722E-1 -9999 -9999 -9999 -9999 -9999
-9999 -9999 -9999 -9999 -9999 -9999 -9999 -9999 1.17618E-4 3.01042E-4 4.68957E-3 1.24704E-2 1.2784E-2 9.04258E-3 7.44574E-3 4.89106E-3 4.83475E-3 4.50508E-3 3.75001E-3 4.04329E-3 3.69858E-3 4.33455E-3 8.54504E-3 1.07937E-2 9.03579E-3 4.259E-3 5.87251E-4 5.48854E-4 2.79284E-4 6.1546E-4 5.57804E-3 8.14531E-3 3.34105E-3 5.72526E-3 8.9885E-3 5.46691E-3 1.2279E-2 1.47365E-2 7.28658E-3 9.46003E-3 2.33598E-2 1.61267E-2 5.22497E-3 1.37901E-2 3.29812E-2 7.75773E-2 9.97129E-2 9.03756E-2 1.54138E-2 2.72101E-2 3.86036E-2 4.22772E-2 5.562E-2 2.33802E-1 -9999 -9999 -9999 -9999
-9999 -9999 -9999 -9999 -9999 -9999 -9999 -9999 -9999 -9999 4.83382E-3 1.08905E-2 6.24284E-3 4.55648E-3 4.67674E-3 3.13905E-3 3.08514E-3 5.47945E-3 5.39172E-3 2.39738E-3 3.92798E-3 5.59473E-3 5.76815E-3 6.70906E-3 6.71205E-3 5.3527E-3 1.40162E-3 1.20527E-3 6.84789E-4 9.97589E-4 6.93247E-3 1.32573E-2 2.89018E-3 2.79786E-3 8.68774E-3 5.01729E-3 7.36768E-3 2.83194E-2 1.4614E-2 1.4669E-2 1.75278E-2 1.68003E-2 2.10937E-2 5.29126E-2 2.66788E-2 6.1095E-2 1.22454E-1 1.30649E-1 6.16848E-2 9.74755E-2 5.0154E-2 3.908E-2 2.88197E-1 4.08742E-1 -9999 -9999 -9999 -9999
-9999 -9999 -9999 -9999 -9999 -9999 -9999 -9999 -9999 -9999 -9999 6.88428E-3 3.25472E-3 3.77056E-3 2.94026E-3 3.87526E-3 4.21237E-3 3.46726E-3 2.61324E-3 1.82816E-3 3.22199E-3 3.2948E-3 1.0634E-2 1.19841E-2 2.06277E-2 1.12294E-2 5.77642E-3 6.68883E-3 4.3525E-3 4.13759E-3 3.86822E-3 2.28376E-3 2.8924E-3 6.73879E-3 4.72561E-2 4.20774E-2 3.02932E-2 2.84401E-2 1.77201E-2 3.41973E-2 1.7393E-2 2.40601E-2 8.43195E-2 7.05613E-2 3.72248E-2 6.87954E-2 1.17754E-1 1.39174E-1 7.14909E-2 6.77112E-2 7.10408E-2 7.30894E-2 2.5237E-1 3.00624E-1 3.59358E-1 -9999 -9999 -9999
-9999 -9999 -9999 -9999 -9999 -9999 -9999 -9999 -9999 -9999 -9999 -9999 1.54367E-3 3.16421E-3 2.95886E-3 1.94883E-3 4.62568E-4 2.29076E-4 8.43936E-4 3.06313E-3 3.67407E-3 1.06402E-2 2.66722E-2 2.19855E-2 1.87866E-2 1.81263E-2 7.49917E-3 1.85772E-2 1.70074E-2 5.23539E-3 1.10118E-3 1.29765E-3 5.28456E-3 1.93795E-2 8.46675E-2 8.05949E-2 7.34343E-2 5.215E-2 2.2431E-2 3.09971E-2 6.26997E-2 8.21574E-2 9.75182E-2 6.37176E-2 1.66032E-1 6.59488E-2 1.37294E-1 2.32405E-1 3.94559E-1 2.46126E-1 2.0295E-1 1.93316E-1 3.30684E-1 3.35447E-1 3.10958E-1 2.18114E-1 1.46993E-1 -9999
-9999 -9999 -9999 -9999 -9999 -9999 -9999 -9999 -9999 -9999 -9999 -9999 -9999 -9999 6.74418E-4 2.52814E-4 3.5059E-4 6.42095E-4 1.89992E-3 5.41001E-3 6.90683E-3 1.10523E-2 2.0284E-2 9.45402E-3 2.30115E-2 3.29739E-2 2.17406E-2 2.15436E-2 7.0487E-3 1.04757E-2 5.40833E-3 1.1067E-3 4.04591E-3 1.42899E-2 3.51413E-2 1.22202E-1 1.24107E-1 7.50147E-2 3.22113E-2 2.87384E-2 4.37566E-2 5.38526E-2 6.51424E-3 7.0254E-2 1.56434E-1 7.54827E-2 1.601E-1 4.26256E-1 4.46926E-1 3.68462E-1 3.78088E-1 2.60844E-1 2.75093E-1 3.69112E-1 3.85469E-1 2.95422E-1 4.12546E-1 -9999
-9999 -9999 -9999 -9999 -9999 -9999 -9999 -9999 -9999 -9999 -9999 -9999 -9999 -9999 -9999 1.71613E-5 1.92453E-4 2.89939E-3 9.01321E-3 1.13787E-2 6.64973E-3 1.52189E-3 3.68835E-3 6.48022E-3 9.03726E-3 6.66809E-3 6.3861E-3 1.84303E-2 1.15502E-2 4.67325E-3 4.55851E-3 1.12417E-3 9.64851E-4 4.67792E-3 7.49902E-3 2.69775E-2 5.83844E-2 3.02802E-2 2.58209E-2 3.97287E-2 1.74623E-2 4.0687E-3 5.81901E-3 2.9338E-2 5.98843E-2 6.89581E-2 1.68325E-1 3.83118E-1 4.16366E-1 1.78726E-1 1.73041E-1 2.63438E-1 1.77356E-1 1.66207E-1 3.50248E-1 1.08674E-1 3.10529E-1 9.79205E-2
-9999 -9999 -9999 -9999 -9999 -9999 -9999 -9999 -9999 -9999 -9999 -9999 -9999 -9999 -9999 -9999 7.95697E-4 1.9108E-3 8.93236E-3 8.07677E-3 2.85877E-3 7.07592E-4 1.37145E-3 5.04893E-3 3.43066E-3 1.7484E-3 2.84976E-3 4.29946E-3 9.40428E-3 1.19147E-3 3.85097E-3 5.3823E-3 9.05613E-4 1.10358E-3 6.05407E-3 1.03261E-2 2.21204E-2 3.11526E-2 4.96089E-2 5.12035E-2 3.12311E-2 5.58525E-3 1.54699E-2 1.60815E-2 5.45281E-2 9.85472E-2 1.42972E-1 2.15111E-1 1.77189E-1 2.01291E-1 2.37239E-1 3.56527E-1 1.22511E-1 6.04541E-2 1.01288E-1 9.01941E-2 1.1283E-1 6.99967E-2
-9999 -9999 -9999 -9999 -9999 -9999 -9999 -9999 -9999 -9999 -9999 -9999 -9999 -9999 -9999 -9999 8.64005E-3 1.92511E-2 2.25527E-2 8.19949E-3 2.12368E-3 1.17486E-3 1.7689E-3 7.33712E-3 7.53077E-3 5.30707E-3 4.14035E-3 4.39075E-3 6.09128E-3 2.24265E-3 6.10488E-3 7.74958E-3 1.66107E-3 1.35077E-3 1.14857E-2 2.06885E-2 5.6163E-2 8.3467E-2 1.3072E-1 8.55498E-2 9.87965E-2 9.81365E-3 3.533E-2 7.33624E-2 5.25745E-2 9.58731E-2 1.02156E-1 1.40863E-1 1.15386E-1 1.84423E-1 4.09703E-1 3.10926E-1 2.19281E-1 2.00974E-1 2.13959E-1 2.93835E-1 2.56686E-1 2.64029E-1
-9999 -9999 -9999 -9999 -9999 -9999 -9999 -9999 -9999 -9999 -9999 -9999 -9999 -9999 -9999 -9999 8.92175E-3 1.86955E-2 6.78267E-3 7.22354E-3 3.41051E-3 4.16061E-3 6.01654E-3 2.61801E-3 6.52128E-3 5.32215E-3 3.15765E-3 8.39323E-3 1.17304E-2 9.54106E-3 9.00151E-3 7.28256E-3 5.76111E-3 3.29604E-3 9.05777E-3 2.91825E-2 6.98805E-2 1.02258E-1 1.67758E-1 1.64529E-1 9.13946E-2 5.26872E-2 8.19995E-2 8.0312E-2 5.49562E-2 1.01989E-1 8.34469E-2 2.48676E-1 1.85813E-1 2.73032E-1 4.90535E-1 2.73807E-1 1.7058E-1 1.80812E-1 2.07231E-1 4.03413E-1 3.37482E-1 3.59517E-1
-9999 -9999 -9999 -9999 -9999 -9999 -9999 -9999 -9999 -9999 -9999 -9999 -9999 -9999 -9999 -9999 2.05691E-2 2.1294E-2 2.06586E-2 1.88983E-2 2.04024E-2 1.30263E-2 1.33307E-2 4.63799E-3 2.21513E-3 1.23058E-3 4.11839E-3 6.28868E-3 4.51372E-3 3.66203E-3 1.25826E-2 1.86336E-2 2.73543E-2 1.80329E-2 1.88209E-2 4.2317E-2 8.72253E-2 1.67991E-1 1.94786E-1 1.38939E-1 1.10384E-1 1.48987E-1 1.78458E-1 7.49086E-2 4.75143E-2 6.89638E-2 1.14376E-1 2.41719E-1 9.78192E-2 9.611E-2 4.59338E-1 3.05853E-1 1.48583E-1 1.77481E-1 2.35479E-1 2.66284E-1 2.58315E-1 2.64574E-1
-9999 -9999 -9999 -9999 -9999 -9999 -9999 -9999 -9999 6.12054E-6 1.06912E-2 2.39835E-2 6.23378E-4 1.64526E-6 5.22058E-4 1.08225E-2 2.88858E-2 3.23618E-2 2.43827E-2 1.14958E-2 4.03559E-2 2.91978E-2 3.42838E-2 1.8278E-2 4.97695E-3 5.08337E-4 1.51447E-3 2.14834E-3 2.16475E-3 8.28416E-4 9.9306E-3 3.08923E-2 3.47885E-2 2.62851E-2 2.07975E-2 6.42369E-2 9.03692E-2 1.03982E-1 2.16689E-1 1.81446E-1 9.64743E-2 1.5774E-1 2.02877E-1 5.47658E-2 5.96932E-2 -9999 -9999 1.45797E-1 3.05422E-2 4.70284E-2 3.46546E-1 4.5602E-1 1.81064E-1 1.31445E-1 2.97034E-1 2.40915E-1 1.5859E-1 7.7199E-2
-9999 -9999 -9999 -9999 -9999 -9999 -9999 2.31169E-7 3.03435E-7 9.0574E-5 7.5661E-3 2.11536E-2 1.35373E-3 1.88484E-5 1.1096E-3 1.16173E-2 2.04209E-2 1.65599E-2 7.51268E-3 9.37159E-3 4.34791E-2 5.23455E-2 3.85649E-2 2.5795E-2 8.56516E-3 3.69863E-4 8.94834E-4 9.44935E-4 4.29707E-4 4.89022E-4 7.99542E-3 2.06694E-2 8.35929E-3 2.33672E-2 2.21292E-2 7.49514E-2 1.08003E-1 9.03046E-2 1.32528E-1 9.86955E-2 1.09038E-1 1.71504E-1 7.0602E-2 4.59622E-2 6.48818E-2 -9999 -9999 2.02369E-1 6.4892E-2 6.64138E-2 2.77488E-1 3.18444E-1 4.6681E-2 6.12912E-2 1.89773E-1 6.76232E-2 8.81547E-2 1.12013E-1
-9999 -9999 -9999 -9999 -9999 3.26727E-5 1.37135E-4 3.88998E-4 8.58816E-4 4.52721E-3 8.63609E-3 3.39021E-2 1.33781E-2 2.17569E-3 1.21814E-2 2.17738E-2 2.39168E-2 1.14517E-2 2.90213E-3 1.204E-2 4.16423E-2 3.52407E-2 2.2266E-2 1.36646E-2 5.02406E-3 1.09874E-3 2.81893E-3 8.55435E-3 1.65148E-3 6.92396E-4 6.05849E-3 1.37433E-2 1.26569E-2 3.1559E-2 4.01661E-2 1.11453E-1 1.06246E-1 9.12481E-2 8.48855E-2 5.97709E-2 6.9881E-2 8.85647E-2 3.05207E-2 3.0503E-2 8.62028E-2 -9999 -9999 1.80205E-1 9.81934E-2 -9999 -9999 4.65756E-2 2.65438E-2 2.65079E-2 8.95808E-2 6.43226E-2 1.36822E-1 1.12631E-1
-9999 -9999 -9999 -9999 -9999 2.8328E-3 1.15542E-2 1.93045E-2 2.05171E-2 1.86086E-2 1.30698E-2 3.14662E-2 4.22112E-2 4.17382E-2 3.78394E-2 5.01015E-2 2.82579E-2 9.67039E-3 2.94013E-3 1.19069E-2 2.83562E-2 1.84844E-2 1.16898E-2 1.85944E-2 7.71304E-3 1.93293E-3 4.16824E-3 6.25614E-3 1.90112E-3 1.27955E-3 2.96857E-3 8.25129E-3 4.7499E-3 7.13528E-3 2.35524E-2 1.14177E-1 7.28774E-2 7.26618E-2 5.72105E-2 4.45075E-2 2.49282E-2 7.74126E-2 2.40973E-2 6.02132E-2 8.32424E-2 2.71376E-2 -9999 -9999 -9999 -9999 -9999 1.4851E-1 4.16292E-2 8.25849E-2 2.44496E-1 4.12521E-1 1.89933E-1 1.77005E-1
-9999 -9999 -9999 -9999 -9999 7.44809E-3 4.00456E-2 8.97612E-2 7.68859E-2 7.09944E-2 5.3801E-2 3.17912E-2 4.4523E-2 5.7931E-2 3.06708E-2 3.85346E-2 5.053E-2 2.38404E-2 6.87119E-3 1.14924E-2 1.07828E-2 2.50114E-3 1.15825E-2 1.09346E-2 8.86871E-3 5.4337E-3 1.14779E-2 2.53561E-2 1.38597E-2 1.24631E-2 1.05106E-2 7.43317E-3 1.22629E-2 8.04586E-3 8.42492E-3 5.98978E-2 7.30748E-2 5.14635E-2 5.47878E-2 2.9558E-2 9.89356E-3 8.74797E-2 6.62135E-2 5.47998E-2 1.97009E-1 9.29471E-2 -9999 -9999 -9999 -9999 1.93487E-1 2.0401E-1 2.14432E-1 1.34565E-1 2.98977E-1 2.44852E-1 2.5923E-1 2.08211E-1
-9999 -9999 -9999 -9999 -9999 9.76583E-3 4.43862E-2 1.51166E-1 1.62344E-1 1.50787E-1 6.15768E-2 2.22326E-2 2.1762E-2 2.83849E-2 3.12447E-2 3.95808E-2 4.62464E-2 1.9303E-2 1.08329E-2 1.20656E-2 7.21746E-3 3.28816E-3 1.49893E-2 6.24993E-3 6.28886E-3 7.15971E-3 2.77905E-2 3.16419E-2 1.00687E-2 2.56037E-2 2.71852E-2 2.11781E-2 3.08905E-2 3.10625E-2 2.11268E-2 5.72556E-2 6.94884E-2 7.53858E-2 1.00377E-1 1.18819E-2 1.58357E-2 3.59529E-2 9.52751E-2 1.57606E-1 2.21393E-1 1.37439E-1 1.11003E-1 -9999 -9999 1.16525E-1 1.94082E-1 2.45154E-1 2.92842E-1 3.56576E-1 1.67388E-1 1.05476E-1 1.48717E-1 1.67945E-1
-9999 -9999 -9999 -9999 -9999 3.24042E-2 8.35548E-2 1.66305E-1 1.82369E-1 9.02102E-2 2.89152E-2 7.49125E-3 6.07501E-3 9.56079E-3 3.54776E-2 2.26983E-2 1.55047E-2 6.22159E-3 5.22257E-3 8.30402E-3 3.50483E-3 1.99979E-3 3.80617E-3 8.69946E-3 4.82297E-3 2.18873E-3 5.75346E-3 1.86631E-2 7.03776E-3 1.26533E-2 2.73958E-2 2.84327E-2 4.61545E-2 2.75497E-2 3.37888E-2 6.44595E-2 6.81904E-2 4.85258E-2 1.39642E-2 7.59979E-2 6.8233E-2 4.55543E-2 9.94156E-2 8.57237E-2 3.37707E-2 3.14355E-2 6.96615E-2 -9999 3.86673E-1 1.20725E-1 6.29174E-2 1.98761E-1 3.93622E-1 3.00086E-1 6.6751E-2 1.65667E-1 1.58111E-1 3.37316E-1
