Phytophthora/models/20240503_1210_48/Phytophthora_PA3_RUN1_MAXENT_outputs/Phytophthora_PA3_RUN1.asc
ncols         113
nrows         135
xllcorner     473009.9838
yllcorner     4429001.1748
cellsize      100.0
NODATA_value  -9999
[rows 52 to 77 of 135, columns 0 to 57 of 113]
-9999 -9999 -9999 -9999 -9999 2.21562E-2 6.75114E-2 8.40633E-2 8.38429E-2 3.40816E-2 1.8689E-2 8.4928E-3 4.52115E-3 1.49311E-2 1.50498E-2 1.46195E-2 9.84321E-3 1.19102E-2 1.58309E-2 9.55206E-3 7.58544E-3 2.99619E-3 2.02431E-3 2.53492E-3 4.32266E-3 2.54763E-3 4.34025E-3 4.18249E-3 2.60514E-3 5.88117E-3 3.0504E-2 6.35602E-2 3.71904E-2 4.3608E-2 7.32366E-2 5.75947E-2 4.75641E-2 1.85052E-2 2.61763E-2 9.78531E-2 9.09237E-2 5.22043E-2 3.68924E-2 3.95558E-2 2.05183E-2 3.0946E-2 2.99438E-2 3.22051E-2 1.64417E-1 2.72822E-1 2.268E-1 3.48553E-1 3.75216E-1 3.76103E-1 9.23069E-2 1.65283E-1 1.18151E-1 1.94707E-1
-9999 -9999 -9999 -9999 -9999 4.14603E-2 1.79224E-1 1.03966E-1 7.22999E-2 2.8968E-2 4.78927E-2 6.39918E-3 2.17727E-2 1.63444E-2 1.68842E-2 1.26556E-2 1.00288E-2 3.22539E-2 2.97614E-2 1.68876E-2 1.6727E-2 1.42913E-2 2.13528E-2 5.62412E-3 6.27821E-3 8.98947E-3 1.10655E-2 2.58261E-3 1.25883E-3 4.36947E-3 1.3711E-2 8.89013E-2 7.4765E-2 4.83595E-2 5.0765E-2 4.42549E-2 2.58262E-2 1.43466E-2 1.52616E-2 5.31849E-2 5.17926E-2 2.66667E-2 2.68637E-2 1.09068E-2 1.65998E-2 3.08049E-2 1.00331E-2 2.35922E-2 1.68774E-1 4.15874E-1 5.02539E-1 5.55738E-1 4.82717E-1 1.94254E-1 1.40792E-1 2.26693E-1 2.30622E-1 2.46908E-1
-9999 -9999 -9999 -9999 2.85989E-3 5.03471E-2 2.12286E-1 1.07365E-1 6.10116E-2 6.08978E-2 1.54334E-2 2.85557E-2 4.37397E-2 1.84407E-2 1.9843E-2 1.93241E-2 4.07617E-2 9.4369E-2 8.07431E-2 5.11612E-2 2.97317E-2 2.07039E-2 3.52782E-2 3.51124E-2 2.22217E-2 3.09693E-2 1.8508E-2 7.9692E-3 4.49222E-3 6.68523E-3 5.74039E-3 1.62256E-2 4.11615E-2 2.15053E-2 2.88153E-2 4.70937E-2 3.68811E-2 2.36955E-2 2.24095E-2 3.2933E-2 2.3223E-2 5.74338E-2 6.46131E-2 3.39145E-2 2.64478E-2 2.82049E-2 2.39896E-2 2.76875E-2 1.79511E-1 3.54027E-1 5.22726E-1 3.6322E-1 1.55774E-1 4.09989E-2 1.4519E-1 3.44081E-1 4.56609E-1 4.2702E-1
-9999 -9999 -9999 6.90549E-2 8.42687E-2 1.64945E-1 2.34723E-1 1.10817E-1 1.31474E-1 4.8256E-2 6.51108E-3 1.08375E-1 5.7313E-2 3.01788E-2 3.60957E-2 4.92076E-2 1.49992E-1 2.09533E-1 2.12665E-1 1.43609E-1 6.42083E-2 3.97338E-2 4.99658E-2 4.9478E-2 2.31921E-2 3.16439E-2 2.41115E-2 1.71621E-2 7.45244E-3 4.0976E-3 1.23467E-2 2.27448E-2 2.14831E-2 1.72092E-2 2.42141E-2 6.37262E-2 5.07681E-2 5.60451E-2 3.82707E-2 7.77763E-2 1.13429E-1 1.6636E-1 9.31631E-2 5.33104E-2 5.5413E-2 5.12428E-2 7.17543E-2 3.85767E-2 4.73372E-2 3.09772E-1 4.72517E-1 2.93229E-1 7.54936E-2 1.64538E-1 2.67682E-1 3.32624E-1 3.26582E-1 2.28863E-1
-9999 -9999 -9999 9.62595E-2 1.61375E-1 3.06375E-1 2.68866E-1 4.60382E-2 1.42594E-1 9.1469E-3 1.66425E-1 1.41329E-1 1.46048E-1 1.57981E-1 9.99953E-2 1.50353E-1 2.27821E-1 2.66227E-1 3.23013E-1 1.98194E-1 1.62394E-1 1.00262E-1 7.48328E-2 6.86972E-2 2.62951E-2 2.35294E-2 2.32895E-2 3.63084E-2 1.07875E-2 3.65635E-3 2.73628E-2 6.83005E-2 1.78365E-2 1.06043E-2 1.1402E-2 3.59209E-2 4.11927E-2 7.44352E-2 2.1357E-2 2.92289E-2 8.65797E-2 1.24706E-1 7.04662E-2 7.90209E-2 1.02026E-1 4.13284E-2 4.66169E-2 1.99758E-2 8.87469E-2 1.85735E-1 2.55998E-1 2.718E-1 2.90156E-1 2.57742E-1 2.80468E-1 2.81545E-1 2.74141E-1 4.13266E-1
-9999 -9999 -9999 7.26015E-2 1.98407E-1 2.9642E-1 1.54729E-1 5.72702E-2 5.18604E-2 1.07502E-1 2.61996E-1 1.62021E-1 3.97977E-1 2.56776E-1 1.36886E-1 1.45634E-1 3.02312E-1 3.05467E-1 3.19506E-1 1.33884E-1 1.01397E-1 1.1817E-1 1.63402E-1 1.31931E-1 3.3368E-2 2.68036E-2 3.26405E-2 1.12866E-1 4.64874E-2 3.1925E-2 8.34372E-2 8.84634E-2 8.11522E-2 1.07639E-2 6.78478E-3 1.36758E-2 7.23839E-2 9.24626E-2 9.78476E-3 2.04908E-2 7.08853E-2 9.94047E-2 9.17863E-2 5.10733E-2 1.11444E-2 5.90938E-3 3.57927E-2 3.9228E-2 1.17442E-1 9.52492E-2 1.14284E-1 1.17236E-1 2.16553E-1 9.77945E-2 9.74685E-2 2.49492E-1 4.09448E-1 2.75218E-1
-9999 -9999 -9999 2.74203E-2 6.11005E-2 9.83613E-2 3.81328E-2 2.68127E-2 4.28798E-2 9.61117E-2 1.44679E-1 1.68955E-1 2.60407E-1 1.23669E-1 1.04367E-1 6.74748E-2 9.46108E-2 2.26747E-1 1.84288E-1 2.15954E-1 2.15498E-1 1.54451E-1 1.33898E-1 1.10088E-1 6.31499E-3 1.04907E-2 6.89413E-2 2.75472E-1 1.62649E-1 3.66431E-2 4.37485E-2 5.48839E-2 4.26798E-2 3.95144E-3 5.35747E-3 6.08904E-2 1.80329E-1 8.38667E-2 2.09203E-2 2.24479E-2 5.89991E-2 6.69425E-2 7.41299E-2 2.67103E-2 9.90829E-3 1.1344E-2 1.86718E-2 9.715E-2 3.00171E-1 2.77038E-1 3.1612E-1 2.39413E-1 1.85351E-1 6.19892E-2 2.8069E-2 2.18215E-1 2.45238E-1 1.61419E-1
-9999 -9999 -9999 3.91177E-2 3.99721E-2 4.25131E-2 5.86588E-2 3.27999E-2 5.0427E-2 7.2897E-2 7.73679E-2 4.98568E-2 2.70825E-1 1.35979E-1 9.63852E-2 1.71707E-2 2.11895E-2 7.26617E-2 8.79714E-2 2.407E-1 1.76453E-1 1.13915E-1 8.20948E-2 4.32651E-3 1.45752E-3 3.79436E-2 8.56615E-2 5.47478E-2 3.71917E-2 3.29117E-2 5.52806E-2 3.93961E-2 1.65831E-2 1.16057E-2 1.20171E-2 4.36357E-2 4.98816E-2 1.11596E-1 7.09355E-2 3.8163E-2 5.69548E-2 7.17408E-2 9.56752E-2 4.44988E-2 9.11258E-2 2.81669E-2 4.54516E-2 2.78374E-1 4.15243E-1 4.53688E-1 2.43978E-1 1.50382E-1 6.71095E-2 3.90524E-2 1.82648E-2 6.11141E-2 1.72926E-1 1.6795E-1
-9999 -9999 -9999 -9999 3.25618E-2 1.24837E-1 6.95468E-2 4.37445E-2 4.99435E-2 8.81043E-2 8.47933E-2 4.91584E-2 1.90482E-1 7.89048E-2 2.69101E-2 3.00557E-2 5.12834E-2 9.7292E-2 2.26318E-1 2.17271E-1 1.13237E-1 3.67408E-2 3.01727E-3 3.09102E-4 1.64078E-2 2.02251E-2 1.71785E-2 1.03628E-2 2.78603E-2 8.53145E-2 1.22537E-1 4.80227E-2 3.148E-2 2.11378E-2 2.50172E-2 4.3071E-2 4.99823E-2 1.87726E-1 1.6406E-1 1.3441E-1 2.31442E-1 2.37743E-1 2.65288E-1 2.06725E-1 1.84676E-1 5.90931E-2 4.92342E-2 1.40023E-1 2.48779E-1 3.59605E-1 1.35022E-1 8.53459E-2 3.97377E-2 2.49645E-2 2.86807E-2 4.19225E-2 1.59731E-1 2.75186E-1
-9999 -9999 -9999 -9999 -9999 3.03385E-1 1.21584E-1 2.8588E-2 2.79178E-2 9.64129E-2 9.31486E-2 6.73672E-2 9.72616E-2 9.73157E-3 2.58006E-2 3.19297E-2 4.71269E-2 1.26661E-1 3.02107E-1 2.35812E-1 1.30648E-1 9.26206E-4 8.52584E-5 6.39393E-3 1.90943E-2 4.08562E-2 2.89824E-2 1.71519E-2 3.69157E-2 6.59658E-2 7.44007E-2 4.21977E-2 8.72221E-2 1.58033E-2 7.04926E-3 2.05181E-2 6.43558E-2 1.31174E-1 1.86245E-1 2.55022E-1 2.77439E-1 3.08668E-1 3.50683E-1 3.51156E-1 2.55907E-1 6.97744E-2 8.35209E-2 1.66452E-1 2.19475E-1 2.26741E-1 9.06464E-2 6.7997E-2 8.14195E-2 8.7003E-2 1.0655E-1 4.92887E-2 1.10277E-1 2.26474E-1
-9999 -9999 -9999 -9999 -9999 -9999 1.84346E-2 1.30161E-2 3.20914E-2 8.43714E-2 8.09199E-2 2.50244E-1 3.61567E-1 5.59636E-2 2.66034E-2 1.23708E-2 2.49431E-2 1.39761E-1 2.13586E-1 1.3847E-1 5.28622E-2 1.13141E-3 4.23648E-3 1.68676E-2 4.29716E-2 6.22402E-2 2.84766E-2 2.9237E-2 2.28112E-2 1.17542E-2 3.16476E-2 4.22151E-2 4.69944E-2 4.0442E-2 5.19532E-2 9.1808E-2 1.19247E-1 1.43602E-1 1.12016E-1 1.43634E-1 3.68282E-1 1.75405E-1 5.07308E-1 4.05131E-1 3.27958E-1 1.35989E-1 1.36336E-1 1.47461E-1 9.98585E-2 8.73756E-2 5.96225E-2 8.2114E-2 1.25834E-1 1.38897E-1 1.25175E-1 7.04121E-2 1.72227E-1 3.14282E-1
-9999 -9999 -9999 -9999 -9999 -9999 2.40883E-2 1.79067E-2 2.61419E-2 4.27695E-2 2.38527E-1 2.92494E-1 3.25144E-1 5.50367E-2 1.48372E-2 1.34157E-2 3.0671E-2 5.29518E-2 5.65479E-2 3.17949E-2 2.54357E-2 7.78437E-3 5.55913E-3 2.05912E-2 3.15557E-2 4.17411E-2 3.85856E-2 2.73456E-2 9.34929E-3 1.81041E-2 3.59507E-2 5.93593E-2 4.65988E-2 5.71859E-2 1.76626E-1 9.38421E-2 7.47565E-2 6.10283E-2 5.95404E-2 8.24797E-2 2.1451E-1 1.90767E-1 5.03048E-1 4.10916E-1 3.14858E-1 2.05866E-1 1.00972E-1 2.76331E-2 4.99653E-2 9.37838E-2 9.99453E-2 1.49198E-1 1.76878E-1 1.85387E-1 1.07955E-1 1.10557E-1 1.47564E-1 2.50852E-1
-9999 -9999 -9999 -9999 -9999 8.78725E-3 2.90448E-2 2.26431E-2 1.91922E-2 4.60082E-2 2.64967E-1 2.9101E-1 2.18794E-1 5.47557E-2 1.7638E-2 1.6607E-2 1.37193E-2 1.12786E-2 1.30815E-2 2.24158E-2 1.96162E-2 1.98177E-2 1.64108E-2 3.34772E-2 4.2282E-2 5.73583E-2 6.854E-2 2.41369E-2 7.88323E-3 3.03174E-3 1.14574E-2 3.85176E-2 8.00609E-2 5.40592E-2 2.38421E-1 2.48162E-1 9.28334E-2 6.49978E-2 1.05218E-1 2.0916E-1 3.24156E-1 2.36804E-1 3.24693E-1 3.2281E-1 2.77649E-1 2.22121E-1 1.66253E-1 8.0498E-2 7.44059E-2 1.39874E-1 1.49649E-1 2.36464E-1 2.25648E-1 1.64744E-1 9.86835E-2 2.316E-1 2.32423E-1 3.31731E-1
-9999 -9999 -9999 -9999 4.12854E-5 4.07608E-3 1.70328E-2 1.00491E-2 1.35126E-2 1.95152E-2 3.75277E-2 1.11722E-1 6.34418E-2 5.49574E-2 3.74418E-2 2.43602E-2 2.99012E-2 2.24947E-2 2.6799E-2 4.21951E-2 1.03754E-1 8.23354E-2 3.19718E-2 3.78399E-2 7.86416E-2 1.04084E-1 1.62352E-1 1.77421E-2 3.75807E-3 1.55257E-2 2.29955E-2 5.67127E-2 9.25993E-2 6.67165E-2 1.30345E-1 1.52458E-1 1.94666E-1 1.33043E-1 2.38443E-1 4.4906E-1 6.6938E-1 3.21923E-1 4.05246E-1 5.2362E-1 2.82378E-1 1.05305E-1 8.28721E-2 1.49793E-1 1.28461E-1 2.18311E-1 1.9297E-1 2.28341E-1 3.41848E-1 4.32302E-1 3.73855E-1 2.98045E-1 4.23783E-1 4.31856E-1
-9999 -9999 -9999 -9999 3.4649E-5 5.32711E-3 3.21485E-2 2.31337E-2 1.34658E-2 6.41814E-3 3.51625E-2 8.80882E-2 8.27838E-2 6.50761E-2 3.55234E-2 5.45703E-2 5.80987E-2 6.28015E-2 6.43524E-2 1.13031E-1 2.21381E-1 1.25055E-1 6.56263E-2 6.5688E-2 1.34754E-1 1.43966E-1 1.32368E-1 1.96331E-2 7.79854E-3 2.47672E-2 4.0943E-2 4.58243E-2 7.30815E-2 7.89324E-2 1.45914E-1 1.54055E-1 2.18782E-1 1.50822E-1 3.34734E-1 4.54208E-1 6.41715E-1 5.71844E-1 7.02617E-1 5.72295E-1 1.57643E-1 3.95625E-2 6.14225E-2 2.49732E-1 3.51551E-1 4.32625E-1 4.46406E-1 2.26205E-1 4.85534E-1 5.46435E-1 5.14239E-1 5.29117E-1 4.58889E-1 3.39642E-1
-9999 -9999 -9999 -9999 4.26323E-5 9.66934E-3 6.20712E-2 9.16929E-2 6.04195E-2 1.04914E-2 7.31542E-2 8.89196E-2 1.33874E-1 1.65858E-1 3.96856E-2 1.91335E-2 2.95298E-2 5.16094E-2 1.53816E-1 1.7294E-1 2.42136E-1 2.24335E-1 1.0063E-1 1.51803E-1 1.24687E-1 1.39838E-1 8.34718E-2 2.75579E-2 2.41787E-2 3.78109E-2 5.04008E-2 8.65526E-2 6.02305E-2 1.50134E-1 1.57633E-1 1.46861E-1 1.06493E-1 8.01193E-2 1.86012E-1 3.15303E-1 4.45088E-1 5.16035E-1 5.96448E-1 5.4006E-1 9.15256E-2 2.52641E-2 5.0866E-2 2.81981E-1 3.55081E-1 3.95628E-1 6.09419E-1 3.35343E-1 5.31724E-1 6.41502E-1 5.90443E-1 6.54487E-1 5.9508E-1 2.34792E-1
-9999 -9999 -9999 -9999 6.0366E-5 8.56903E-3 5.98642E-2 8.68706E-2 3.0284E-2 3.76547E-2 1.2478E-1 9.63509E-2 1.21266E-1 4.01451E-2 3.17039E-2 3.66313E-2 4.55661E-2 9.64591E-2 1.46665E-1 2.69631E-1 4.65492E-1 2.68791E-1 3.02368E-1 2.03463E-1 1.049E-1 1.59571E-1 1.09552E-1 5.74204E-2 3.12297E-2 6.59952E-2 1.74967E-1 1.23426E-1 1.1888E-1 1.59603E-1 1.66016E-1 5.57893E-2 4.26042E-2 5.97621E-2 1.19061E-1 3.36508E-1 4.49509E-1 4.91598E-1 1.92979E-1 1.82864E-1 9.38811E-2 2.79168E-2 6.39674E-2 1.46235E-1 2.60719E-1 4.19695E-1 6.61683E-1 7.05286E-1 7.6466E-1 6.52026E-1 5.75793E-1 6.74628E-1 4.26731E-1 2.52865E-1
-9999 -9999 -9999 -9999 1.27148E-5 6.14224E-3 7.32784E-2 6.18018E-2 1.97905E-2 6.95801E-2 8.79942E-2 7.50933E-2 6.29901E-2 5.35239E-2 7.42575E-2 1.02831E-1 7.73744E-2 1.38707E-1 1.71931E-1 3.9597E-1 4.15093E-1 3.59852E-1 2.16853E-1 1.29114E-1 1.88366E-1 2.38471E-1 2.69293E-1 1.40645E-1 4.63526E-2 1.37673E-1 2.21048E-1 8.9615E-2 5.40657E-2 3.02885E-2 7.66379E-2 4.75837E-2 2.25413E-2 7.25732E-2 2.10432E-1 3.66567E-1 3.28536E-1 1.74336E-1 8.53757E-2 1.12643E-1 5.14592E-2 3.59631E-2 8.32035E-2 1.77152E-1 2.81578E-1 6.60516E-1 7.14623E-1 5.1437E-1 7.66993E-1 6.30204E-1 1.33399E-1 4.09572E-1 4.70878E-1 4.42444E-1
-9999 -9999 -9999 -9999 1.02613E-5 5.69968E-3 8.11104E-2 3.51395E-2 3.02137E-2 1.55498E-1 1.21227E-1 1.68851E-1 9.49119E-2 6.83336E-2 5.9985E-2 8.79287E-2 1.2075E-1 2.0056E-1 2.4598E-1 4.33647E-1 2.12777E-1 1.84E-1 6.82477E-2 5.41562E-2 1.71354E-1 2.03688E-1 2.26501E-1 1.09075E-1 2.86423E-2 1.97406E-1 3.3751E-1 1.4718E-1 6.02777E-2 5.55125E-2 2.14609E-2 5.91358E-3 1.15176E-2 1.08518E-1 3.30724E-1 4.46514E-1 3.31663E-1 1.30917E-1 1.28195E-1 9.24063E-2 3.93538E-2 8.55661E-2 1.71191E-1 2.71084E-1 6.73645E-1 7.02378E-1 6.66786E-1 3.82106E-1 4.48994E-1 2.73269E-1 2.20436E-1 3.44048E-1 4.30646E-1 6.03122E-1
-9999 -9999 -9999 -9999 1.56263E-5 3.47177E-3 3.60976E-2 2.71445E-2 7.64847E-2 9.0513E-2 1.04665E-1 3.88149E-1 4.09758E-1 1.3727E-1 6.97146E-2 8.95204E-2 1.55108E-1 2.14642E-1 2.73227E-1 3.0176E-1 1.80941E-1 2.48995E-1 1.56868E-1 1.38801E-1 8.64252E-2 1.79333E-1 1.66864E-1 8.07605E-2 3.15359E-2 4.57275E-2 2.00208E-1 1.95573E-1 1.83133E-1 4.01339E-2 1.76692E-2 1.94474E-2 4.44145E-2 7.51786E-2 4.13835E-1 4.21188E-1 4.57242E-1 1.90289E-1 1.85864E-1 4.6134E-2 5.15272E-2 2.08997E-1 3.26905E-1 3.01042E-1 6.03063E-1 5.87481E-1 6.18851E-1 3.57857E-1 2.7237E-1 1.39901E-1 2.03967E-1 3.61432E-1 5.11149E-1 6.13909E-1
-9999 -9999 -9999 -9999 1.05518E-4 1.38594E-3 1.02592E-2 1.39933E-2 2.81114E-2 4.97975E-2 9.78142E-2 2.14419E-1 3.82346E-1 2.55548E-1 2.2749E-1 1.59064E-1 1.60727E-1 1.78737E-1 2.09289E-1 9.71451E-2 2.14286E-1 2.60727E-1 3.89359E-1 2.06753E-1 1.76885E-1 2.63836E-1 2.84751E-1 1.78942E-1 5.26125E-2 7.68007E-2 1.13917E-1 1.43691E-1 2.45814E-1 7.82403E-2 6.90729E-2 6.53023E-2 7.21169E-2 1.08158E-1 3.21213E-1 6.58351E-1 4.38002E-1 2.12129E-1 1.30249E-1 2.48519E-2 6.7275E-2 1.54995E-1 1.68488E-1 2.81996E-1 6.27945E-1 6.10091E-1 4.48743E-1 2.88873E-1 1.20959E-1 2.26431E-1 3.61168E-1 4.62141E-1 5.22447E-1 5.79824E-1
-9999 -9999 -9999 8.06862E-5 1.39459E-3 3.70952E-3 8.11386E-3 1.09351E-2 2.65109E-2 6.27253E-2 1.11239E-1 8.51071E-2 1.50833E-1 3.46754E-1 3.86928E-1 2.6146E-1 2.76393E-1 2.74467E-1 1.42189E-1 3.62266E-2 1.80734E-1 2.74637E-1 2.58451E-1 3.7326E-1 3.63248E-1 2.01167E-1 2.30613E-1 1.44564E-1 8.99641E-2 8.8934E-2 1.27828E-1 1.54977E-1 1.68702E-1 1.29396E-1 9.33057E-2 7.73358E-2 1.30412E-1 2.5316E-1 3.103E-1 6.92981E-1 3.63472E-1 2.48055E-1 1.25469E-1 2.40432E-2 1.47685E-1 1.12805E-1 1.29449E-1 5.38758E-1 5.50939E-1 3.91732E-1 1.78153E-1 1.1234E-1 5.00762E-2 1.18797E-1 3.92919E-1 6.3972E-1 7.56279E-1 7.05424E-1
-9999 -9999 -9999 7.46657E-4 9.07707E-3 3.7977E-2 5.01379E-2 2.37744E-2 4.12454E-2 1.26319E-1 2.39044E-1 2.02086E-1 3.09673E-1 4.61661E-1 5.00645E-1 3.39574E-1 4.48692E-1 4.35029E-1 1.51886E-1 5.56981E-2 2.31975E-1 2.1585E-1 4.19832E-1 5.858E-1 4.61369E-1 2.05232E-1 3.21414E-1 1.49017E-1 1.39877E-1 1.02677E-1 7.92288E-2 5.24176E-2 1.74773E-1 1.88184E-1 1.24178E-1 9.8214E-2 1.47655E-1 3.39399E-1 4.69398E-1 6.29862E-1 5.78143E-1 5.60645E-1 4.27063E-1 1.91226E-1 2.31154E-1 6.26145E-2 9.58788E-2 5.26925E-1 3.07536E-1 1.19799E-1 2.63712E-1 1.55547E-1 2.98757E-2 6.57557E-2 2.67906E-1 6.53013E-1 7.17752E-1 6.99665E-1
-9999 -9999 2.5582E-4 1.96107E-3 3.47651E-2 2.41669E-1 3.32039E-1 2.07633E-1 3.49549E-1 2.85817E-1 3.10136E-1 3.59774E-1 3.82783E-1 5.48788E-1 7.01482E-1 4.56783E-1 5.16446E-1 4.27431E-1 1.71645E-1 1.113E-1 2.90624E-1 4.97157E-1 7.03806E-1 7.18201E-1 5.97173E-1 3.30412E-1 2.06457E-1 1.25865E-1 1.00959E-1 1.09446E-1 1.24559E-1 1.61562E-1 2.44444E-1 1.88032E-1 2.29089E-1 2.48998E-1 2.37193E-1 4.13725E-1 6.44369E-1 6.68921E-1 7.11617E-1 8.10737E-1 6.05118E-1 3.74519E-1 2.40048E-1 1.70568E-1 2.23413E-1 4.09677E-1 2.35192E-1 1.53268E-1 1.88354E-1 9.12363E-2 2.58724E-2 5.3264E-2 1.69439E-1 5.21648E-1 6.51467E-1 5.76146E-1
-9999 -9999 7.87839E-4 3.39823E-2 1.40183E-1 4.32989E-1 5.43844E-1 6.09855E-1 6.55886E-1 6.53359E-1 4.95492E-1 2.656E-1 3.09988E-1 5.4887E-1 7.05049E-1 5.243E-1 5.42032E-1 3.34651E-1 4.32102E-1 5.02733E-1 5.44833E-1 6.55694E-1 6.15568E-1 6.23182E-1 6.39722E-1 3.57249E-1 1.60236E-1 1.60243E-1 1.12484E-1 1.32957E-1 1.88033E-1 2.63207E-1 1.42315E-1 8.54529E-2 3.55369E-1 4.48178E-1 4.04032E-1 4.35978E-1 4.85439E-1 6.08937E-1 6.92903E-1 8.05426E-1 5.92823E-1 5.0367E-1 3.88887E-1 3.995E-1 5.22811E-1 6.36596E-1 6.29546E-1 4.70953E-1 2.75691E-1 1.44542E-1 1.00547E-1 1.57599E-1 1.67956E-1 4.08478E-1 4.89313E-1 4.04773E-1
-9999 -9999 -9999 5.08416E-2 1.27638E-1 3.40779E-1 6.47717E-1 7.97457E-1 7.88036E-1 8.51136E-1 6.52311E-1 1.75933E-1 1.20041E-1 5.11608E-1 6.54722E-1 7.06148E-1 3.92776E-1 2.96388E-1 4.76108E-1 6.64739E-1 7.03164E-1 5.01642E-1 5.16275E-1 6.40474E-1 5.49184E-1 3.25896E-1 2.97022E-1 2.33526E-1 3.12959E-1 2.219E-1 1.9399E-1 2.58795E-1 8.83064E-2 9.25829E-2 2.32908E-1 3.44092E-1 4.18902E-1 4.84795E-1 5.33035E-1 5.95044E-1 7.08839E-1 7.60089E-1 6.7074E-1 5.69203E-1 5.094E-1 4.86609E-1 5.15513E-1 6.05822E-1 4.21687E-1 5.49539E-1 4.63803E-1 4.36797E-1 3.99327E-1 4.39561E-1 4.01034E-1 3.37699E-1 2.35274E-1 2.44355E-1
