INPUT/RASTER/ASCII/aspect.asc
ncols        113
nrows        135
xllcorner    473009.983799999987
yllcorner    4429001.174800000153
cellsize     100.000000000000
NODATA_value  -9999
[rows 72 to 89 of 135, columns 40 to 79 of 113]
0.6337718963623046875 0.062541402876377105713 -0.15264537930488586426 -0.13807901740074157715 -0.30269771814346313477 -0.098616465926170349121 -0.13510254025459289551 -0.4694792330265045166 -0.82185041904449462891 -1.1913732290267944336 -0.76663184165954589844 -0.66237294673919677734 -0.043316360563039779663 0.0075883762910962104797 1.1328730583190917969 0.76828444004058837891 1.7070860862731933594 1.5084263086318969727 1.4512732028961181641 1.0470366477966308594 -0.77230077981948852539 -1.1203032732009887695 -1.1259260177612304688 -0.78843349218368530273 -0.55876785516738891602 -9999 -9999 -0.4733810126781463623 -1.5181471109390258789 -1.5310385227203369141 0.11356539279222488403 0.58360064029693603516 0.49278908967971801758 0.79703736305236816406 -9999 -9999 -9999 -0.64428693056106567383 -1.2451730966567993164 -1.5485948324203491211
0.4808279573917388916 0.0010602799011394381523 -0.13500012457370758057 -0.076531752943992614746 -0.13239656388759613037 -0.25613525509834289551 -0.31353607773780822754 -0.1121126711368560791 -0.024744382128119468689 -0.73977053165435791016 -0.90012520551681518555 0.077130287885665893555 1.4693013429641723633 1.6096771955490112305 2.0853326320648193359 2.1526746749877929688 1.8946195840835571289 1.6020970344543457031 1.4684678316116333008 1.6489188671112060547 -0.82387501001358032227 -2.0840024948120117188 -2.0462160110473632813 -2.0045936107635498047 -0.29436168074607849121 2.0690608024597167969 1.851317286491394043 -1.5172666311264038086 -1.7841910123825073242 -1.3804852962493896484 -0.54672563076019287109 -0.16407050192356109619 0.0023004189133644104004 0.36025658249855041504 0.36384260654449462891 0.34228488802909851074 0.10349918901920318604 -1.4568717479705810547 -1.5181456804275512695 -1.5074654817581176758
0.48855161666870117188 0.059275224804878234863 -0.11610098183155059814 0.088122978806495666504 -0.0039031216874718666077 -0.32310584187507629395 -0.37491834163665771484 -0.12474876642227172852 -0.16050843894481658936 -0.81550222635269165039 -0.6658337712287902832 1.2288680076599121094 1.7998914718627929688 1.7502418756484985352 0.024766828864812850952 1.4985891580581665039 1.953463435173034668 1.5941066741943359375 1.4208157062530517578 1.7131305932998657227 0.53326112031936645508 -2.0942757129669189453 -2.4037022590637207031 -2.3868572711944580078 -1.4083292484283447266 1.763104557991027832 2.0601186752319335938 -0.24295245110988616943 -1.7739555835723876953 -1.369627833366394043 -0.9530270695686340332 -0.42414125800132751465 -0.081961952149868011475 0.037922356277704238892 0.21786415576934814453 0.17474305629730224609 0.19670544564723968506 -0.75278002023696899414 -1.7085008621215820313 -1.6821846961975097656
0.67362040281295776367 0.14745762944221496582 0.062566533684730529785 0.1816952824592590332 -0.08772548288106918335 -0.33635595440864562988 -0.48014098405838012695 -0.40965789556503295898 -0.43363800644874572754 -0.71895015239715576172 0.34870061278343200684 1.3582814931869506836 1.2399104833602905273 1.3012588024139404297 -1.7386702299118041992 -0.35649311542510986328 1.8849260807037353516 1.6608574390411376953 1.4666973352432250977 1.2047095298767089844 1.4099851846694946289 -0.17559187114238739014 -2.4372072219848632813 -2.4654476642608642578 -2.4075973033905029297 -0.38173708319664001465 0.14157390594482421875 -1.9803738594055175781 -1.9967193603515625 -1.6703932285308837891 -1.4160702228546142578 -0.86029708385467529297 -0.23243319988250732422 -0.17182664573192596436 0.10573314875364303589 0.21824111044406890869 0.30164241790771484375 0.45505601167678833008 -0.7789592742919921875 -1.7696288824081420898
0.52730840444564819336 0.0861967429518699646 0.061618946492671966553 0.059764545410871505737 -0.22175416350364685059 -0.34087198972702026367 -0.5384280085563659668 -0.57444113492965698242 -0.58822226524353027344 0.20971612632274627686 1.3843436241149902344 1.4152586460113525391 1.1243672370910644531 0.75011169910430908203 -0.3523400425910949707 0.86838221549987792969 1.7939603328704833984 1.6887773275375366211 1.4359439611434936523 1.0880359411239624023 0.85135006904602050781 0.35645961761474609375 -1.5839867591857910156 -2.0581431388854980469 -2.3324403762817382813 -2.4352467060089111328 -2.3533921241760253906 -2.1801378726959228516 -2.0025501251220703125 -1.8731023073196411133 -1.7061578035354614258 -1.6100841760635375977 -1.3982765674591064453 -0.88283014297485351563 0.13745449483394622803 0.4112142026424407959 0.5219815373420715332 0.95213562250137329102 0.14163909852504730225 -1.8020615577697753906
0.38610962033271789551 0.00780458841472864151 0.065951727330684661865 0.056958291679620742798 -0.31544357538223266602 -0.76906734704971313477 -0.75374448299407958984 -0.4090118408203125 0.44180089235305786133 1.2914396524429321289 1.5287967920303344727 1.4275193214416503906 1.2074472904205322266 0.85303092002868652344 0.40871897339820861816 0.76402890682220458984 1.1600005626678466797 1.1509959697723388672 0.93993192911148071289 0.71831023693084716797 0.47897711396217346191 0.35252296924591064453 -0.078973859548568725586 -1.4655461311340332031 -2.067157745361328125 -2.0525002479553222656 -1.8115161657333374023 -1.640292048454284668 -1.6341153383255004883 -1.8438785076141357422 -1.7161465883255004883 -1.3463102579116821289 -1.2014269828796386719 -1.0817518234252929688 0.10426232963800430298 0.5932636260986328125 0.61991387605667114258 0.68422591686248779297 0.046723291277885437012 -1.3067122697830200195
0.22290839254856109619 0.15534819662570953369 0.083103388547897338867 -0.017910221591591835022 -0.4363238215446472168 -0.97098642587661743164 -0.69760674238204956055 0.9396038055419921875 1.7482680082321166992 1.5687576532363891602 1.4747028350830078125 1.4550304412841796875 1.3364412784576416016 1.1134523153305053711 0.79014700651168823242 0.73723685741424560547 0.72968244552612304688 0.57084673643112182617 0.80147612094879150391 0.74168509244918823242 0.64257782697677612305 0.77357643842697143555 0.67678892612457275391 -1.1122744083404541016 -1.8471421003341674805 -1.6125482320785522461 -1.2825194597244262695 -0.89761674404144287109 -0.72232538461685180664 -0.77399849891662597656 -1.2293465137481689453 -1.0289179086685180664 -0.83009755611419677734 -0.72078561782836914063 0.45631510019302368164 0.87290751934051513672 0.79089570045471191406 0.75231814384460449219 0.26936799287796020508 -1.1098618507385253906
0.041237376630306243896 -0.083177670836448669434 0.11430814862251281738 -0.022223090752959251404 -0.55553960800170898438 -1.217555999755859375 -0.1247629895806312561 1.3544456958770751953 1.6486774682998657227 1.8330454826354980469 1.7688925266265869141 1.4481258392333984375 1.3579879999160766602 1.4710438251495361328 1.5002951622009277344 0.69871878623962402344 0.51243430376052856445 0.92841076850891113281 1.1464147567749023438 0.8552907109260559082 1.1849806308746337891 1.5401735305786132813 1.470395207405090332 -0.079435914754867553711 -1.5622675418853759766 -1.2514351606369018555 -1.0582326650619506836 -0.66714239120483398438 -0.38456705212593078613 -0.2621040642261505127 -0.67898333072662353516 -1.1922063827514648438 -1.2522162199020385742 -0.83583903312683105469 0.56680315732955932617 0.87282598018646240234 1.1490676403045654297 1.2675036191940307617 0.34383985400199890137 -1.2925204038619995117
-0.26625028252601623535 -0.25281286239624023438 0.42351198196411132813 0.043001685291528701782 -0.47720861434936523438 -1.1509593725204467773 -0.37366849184036254883 1.0347481966018676758 1.3432855606079101563 1.6948032379150390625 1.9215465784072875977 1.8146138191223144531 1.6449056863784790039 1.9066624641418457031 2.0529267787933349609 0.009127704426646232605 0.097162887454032897949 1.3191409111022949219 0.69336068630218505859 0.28243035078048706055 1.1258550882339477539 1.65325164794921875 1.1721658706665039063 0.11153010278940200806 -1.0892792940139770508 -0.97491550445556640625 -1.0804395675659179688 -0.96350723505020141602 -0.58465147018432617188 -0.41030651330947875977 -0.59608179330825805664 -0.82843184471130371094 -1.489457249641418457 -1.8360383510589599609 -0.0088245607912540435791 1.0498489141464233398 1.3375545740127563477 1.1943939924240112305 0.61578238010406494141 -1.0835015773773193359
-0.37945950031280517578 -0.072297826409339904785 0.40667825937271118164 -0.16843409836292266846 -0.60796922445297241211 -0.94373112916946411133 -0.25859063863754272461 1.1485730409622192383 1.1512206792831420898 1.1781913042068481445 1.4769001007080078125 1.6833914518356323242 1.5965907573699951172 1.5690113306045532227 1.6412670612335205078 0.99612200260162353516 0.19523487985134124756 -0.030108440667390823364 -0.30836331844329833984 0.48347109556198120117 0.77167272567749023438 0.36214631795883178711 -0.30380913615226745605 -0.19918034970760345459 -0.92926764488220214844 -0.78641289472579956055 -0.90627658367156982422 -1.1254508495330810547 -1.4543063640594482422 -1.3204711675643920898 -1.8725887537002563477 -0.089409425854682922363 -0.50434350967407226563 -1.8148794174194335938 -0.29825231432914733887 0.88443267345428466797 0.64763247966766357422 0.071706250309944152832 0.022304804995656013489 -0.93288373947143554688
-0.19848074018955230713 -0.44115707278251647949 0.15319176018238067627 -0.3482805788516998291 -0.64657473564147949219 -0.77928262948989868164 0.40377336740493774414 1.3656042814254760742 1.2799500226974487305 1.3131604194641113281 1.3866029977798461914 1.4396489858627319336 1.46075439453125 1.3631743192672729492 1.0881773233413696289 0.30306771397590637207 -0.5252215266227722168 -0.43563061952590942383 0.64642810821533203125 1.3819131851196289063 1.182094573974609375 0.30683293938636779785 -0.78956741094589233398 -0.77272963523864746094 -1.0803084373474121094 -1.190939784049987793 -1.4909965991973876953 -1.885561823844909668 -1.0372219085693359375 0.8306204676628112793 -1.5479118824005126953 -1.3409180641174316406 -0.95348060131072998047 -1.5110133886337280273 -0.98039406538009643555 0.27638635039329528809 0.15851812064647674561 0.16154628992080688477 0.30258029699325561523 -0.38023024797439575195
-0.052802205085754394531 -0.4613335728645324707 0.019250568002462387085 -0.50345826148986816406 -0.5105107426643371582 0.41173481941223144531 1.5081351995468139648 1.5702967643737792969 1.5368478298187255859 1.4829640388488769531 1.1491382122039794922 1.1329848766326904297 1.1149994134902954102 0.74362272024154663086 -0.034143932163715362549 -0.67302280664443969727 -0.62386888265609741211 0.2388950735330581665 1.393370509147644043 1.5894637107849121094 -0.076211936771869659424 -0.32452592253684997559 -0.69829094409942626953 -0.58029943704605102539 -1.0646132230758666992 -1.0853902101516723633 -1.2865774631500244141 -1.8097342252731323242 -0.98942899703979492188 0.19112209975719451904 -0.6194718480110168457 -1.0933318138122558594 -1.2970250844955444336 -1.6840937137603759766 -1.7778431177139282227 -1.0399405956268310547 -0.052011322230100631714 0.47494515776634216309 0.5436732172966003418 -0.038676328957080841064
-1.1222295761108398438 -0.51787859201431274414 -0.10914947092533111572 -0.33680000901222229004 0.27961316704750061035 1.456021428108215332 1.5940326452255249023 1.4118139743804931641 1.1808171272277832031 0.91474884748458862305 0.73252069950103759766 0.80611920356750488281 0.59138548374176025391 -0.38691219687461853027 -1.1129279136657714844 -0.97801738977432250977 -0.43319422006607055664 0.80796080827713012695 1.0430917739868164063 0.62631875276565551758 -1.1805622577667236328 -1.7881262302398681641 -1.6342591047286987305 -0.97317302227020263672 -0.60688292980194091797 -0.42699563503265380859 -0.13921436667442321777 -0.68908888101577758789 -0.68004685640335083008 -0.33779358863830566406 -0.11834087222814559937 -0.25679573416709899902 -0.59017717838287353516 -0.96235668659210205078 -1.824769139289855957 -2.1590976715087890625 -1.223855137825012207 0.52543973922729492188 0.94482469558715820313 0.29920718073844909668
-1.8121068477630615234 -1.1456776857376098633 -0.40096670389175415039 0.89282178878784179688 1.4632796049118041992 1.4489840269088745117 1.4044475555419921875 1.3462523221969604492 1.1904892921447753906 0.80126845836639404297 0.56098085641860961914 0.70040017366409301758 0.68183171749114990234 0.19854800403118133545 -1.3759913444519042969 -1.4062801599502563477 -0.54407393932342529297 0.73321866989135742188 0.74506765604019165039 0.58004099130630493164 0.082631848752498626709 -0.52601188421249389648 -1.5764319896697998047 -2.0785777568817138672 -1.6085990667343139648 -0.93794745206832885742 -0.25320759415626525879 -0.33564472198486328125 -1.0759983062744140625 -0.51293176412582397461 0.12739658355712890625 -0.020224073901772499084 -0.28760552406311035156 -0.26188644766807556152 -0.99083983898162841797 -1.0572477579116821289 -0.88901656866073608398 0.91777300834655761719 1.2829059362411499023 0.31449756026268005371
-1.4140197038650512695 -1.3123700618743896484 0.23546649515628814697 1.6764053106307983398 1.6914846897125244141 1.7573028802871704102 1.8806837797164916992 1.6107578277587890625 1.4408637285232543945 0.75394189357757568359 0.70431685447692871094 0.72307425737380981445 0.70289319753646850586 0.70959436893463134766 -1.0128904581069946289 -1.4532101154327392578 -0.7649376988410949707 0.68823510408401489258 0.818614959716796875 0.58712309598922729492 -0.032116703689098358154 0.40789064764976501465 -0.11963032186031341553 -1.6905057430267333984 -2.0515232086181640625 -2.0118863582611083984 -1.3888412714004516602 -0.27837049961090087891 -0.51381987333297729492 -1.1545914411544799805 -0.032826032489538192749 -0.08469139784574508667 -0.25124698877334594727 -0.036948289722204208374 -0.51120209693908691406 -0.67445641756057739258 -0.066608980298042297363 1.2508628368377685547 1.3874758481979370117 -0.89101892709732055664
-1.1273370981216430664 -1.1988097429275512695 0.5514075160026550293 1.6256494522094726563 1.6498775482177734375 1.6956458091735839844 1.9013340473175048828 1.8724212646484375 1.5922033786773681641 1.2576019763946533203 1.0251750946044921875 0.91909396648406982422 0.51595795154571533203 -0.09966955333948135376 -0.97139632701873779297 -1.2316386699676513672 -0.77268010377883911133 1.1553453207015991211 0.8053601384162902832 0.16777756810188293457 -0.094060122966766357422 0.3762620091438293457 0.37067010998725891113 -0.23330658674240112305 -1.6693706512451171875 -2.1446127891540527344 -1.9255543947219848633 -1.0377696752548217773 -0.032491993159055709839 -0.85870349407196044922 -0.8938166499137878418 -0.15332341194152832031 -0.29029560089111328125 -0.13216517865657806396 -0.57020407915115356445 -0.43452492356300354004 0.62497240304946899414 1.2768216133117675781 1.0646262168884277344 -1.387522578239440918
-1.1481230258941650391 -0.12732718884944915771 1.2885853052139282227 1.7277467250823974609 1.5894243717193603516 1.4125802516937255859 1.5152981281280517578 1.3801772594451904297 0.79678583145141601563 0.79314482212066650391 0.86921149492263793945 0.84602582454681396484 0.42041057348251342773 -0.73376661539077758789 -1.0585142374038696289 -1.1426872014999389648 -0.18016551434993743896 0.83675384521484375 0.055816773325204849243 -0.40578171610832214355 0.043427709490060806274 0.34745669364929199219 0.33441090583801269531 0.34297832846641540527 -0.19724084436893463135 -1.6559637784957885742 -1.8227440118789672852 -1.6106268167495727539 -0.6248226165771484375 -0.26503527164459228516 -0.70954442024230957031 -0.12181709706783294678 -0.48071730136871337891 -0.21462175250053405762 -0.77068489789962768555 -0.27154961228370666504 1.2673892974853515625 1.2040206193923950195 0.79052656888961791992 -0.65020221471786499023
-1.3107224702835083008 0.31607910990715026855 1.3092862367630004883 1.4751794338226318359 1.3850638866424560547 1.1257152557373046875 0.72214704751968383789 0.067133307456970214844 -0.44354063272476196289 0.24071012437343597412 0.61623805761337280273 0.60920119285583496094 -0.1305974125862121582 -1.1167353391647338867 -1.1588628292083740234 -1.1609877347946166992 0.20138649642467498779 0.99618744850158691406 -0.1255225837230682373 -1.1966328620910644531 -0.05068370327353477478 0.17166037857532501221 0.30494937300682067871 0.51575291156768798828 0.38718593120574951172 -0.70581477880477905273 -1.7246978282928466797 -1.8362183570861816406 -1.5548882484436035156 -0.59342229366302490234 -0.42847001552581787109 -0.026796502992510795593 -0.34217613935470581055 0.80324137210845947266 1.0009132623672485352 1.4268038272857666016 1.242055058479309082 1.2368782758712768555 0.55813455581665039063 -0.61782085895538330078
