INPUT/RASTER/ASCII/aspect.asc
ncols        113
nrows        135
xllcorner    473009.983799999987
yllcorner    4429001.174800000153
cellsize     100.000000000000
NODATA_value  -9999
[rows 90 to 107 of 135, columns 40 to 79 of 113]
-1.8866287469863891602 -0.26583209633827209473 0.91679579019546508789 1.104405522346496582 1.2909228801727294922 1.285919189453125 0.57614535093307495117 -0.50045973062515258789 -0.71669155359268188477 0.116049937903881073 0.29272294044494628906 0.18806406855583190918 -0.65710866451263427734 -1.0366035699844360352 -1.1997587680816650391 -1.1377933025360107422 0.11514573544263839722 0.7650286555290222168 0.27991828322410583496 -1.1046214103698730469 -0.51133930683135986328 -0.15011270344257354736 0.37793597579002380371 0.55255544185638427734 0.39294543862342834473 0.046797018498182296753 -1.0869307518005371094 -1.7711588144302368164 -1.7486287355422973633 -1.0665060281753540039 -0.067129828035831451416 0.38936370611190795898 1.3467833995819091797 1.8076153993606567383 2.1771535873413085938 1.5688116550445556641 -1.4214512109756469727 0.94361865520477294922 0.97080808877944946289 -0.92684310674667358398
-1.8885831832885742188 -1.1002192497253417969 0.77092570066452026367 1.1610218286514282227 1.4138703346252441406 1.273218989372253418 0.3965091407299041748 -0.95056551694869995117 -0.94438451528549194336 -0.22012118995189666748 0.023156378418207168579 -0.16813230514526367188 -0.63672661781311035156 -0.59576886892318725586 -0.99620294570922851563 -1.241042017936706543 -0.36728832125663757324 0.65979230403900146484 0.48987686634063720703 -1.2201273441314697266 -1.5615698099136352539 -0.76611930131912231445 0.49403467774391174316 0.55112874507904052734 0.40191400051116943359 0.16287840902805328369 -0.24436138570308685303 -1.1639815568923950195 -1.5623084306716918945 -1.2713226079940795898 0.51625216007232666016 1.5678927898406982422 1.4693123102188110352 1.5206280946731567383 1.5719790458679199219 -0.565887451171875 -2.5018794536590576172 -0.72374212741851806641 -0.065419808030128479004 -1.5636690855026245117
-1.3540735244750976563 -0.94112163782119750977 0.77944189310073852539 1.3111984729766845703 1.5060697793960571289 0.88604807853698730469 -0.55369538068771362305 -0.92120784521102905273 -0.96818399429321289063 -0.66969382762908935547 0.042755365371704101563 -0.37252789735794067383 -1.0473566055297851563 -0.65866839885711669922 -0.64094966650009155273 -1.0288190841674804688 -0.48871243000030517578 0.81829917430877685547 0.77502399682998657227 -0.98798447847366333008 -1.6834590435028076172 -1.5856369733810424805 -0.040237467736005783081 0.47321760654449462891 0.2351843714714050293 -0.024052597582340240479 0.015718625858426094055 -0.28139108419418334961 -1.0100982189178466797 -0.8436482548713684082 1.1453403234481811523 1.7666949033737182617 1.6454480886459350586 1.5418277978897094727 1.1568048000335693359 -0.30158013105392456055 -2.0106692314147949219 -2.0301828384399414063 -1.6443284749984741211 -1.5690075159072875977
-0.13093475997447967529 1.057567596435546875 1.5597681999206542969 1.5719258785247802734 1.0101118087768554688 -0.33647355437278747559 -0.95273476839065551758 -0.90476071834564208984 -1.0104079246520996094 -0.82836782932281494141 0.028099864721298217773 -0.35127791762351989746 -1.2168062925338745117 -1.7233119010925292969 -1.4153766632080078125 -1.1664892435073852539 -0.42675548791885375977 0.71177643537521362305 0.71099859476089477539 -0.068878732621669769287 -1.6206896305084228516 -1.6691569089889526367 -0.54815137386322021484 0.52528804540634155273 0.15980994701385498047 -0.20384551584720611572 -0.12635731697082519531 -0.15693596005439758301 -0.21999363601207733154 0.74464589357376098633 1.5672887563705444336 1.763276219367980957 2.1622440814971923828 1.7186037302017211914 1.3723069429397583008 0.68755543231964111328 -1.1048530340194702148 -1.774319767951965332 -1.6210578680038452148 -1.585944056510925293
1.7015802860260009766 2.1664521694183349609 1.9385614395141601563 1.7166790962219238281 0.22497166693210601807 -1.0355575084686279297 -1.0968558788299560547 -1.4630020856857299805 -2.0391674041748046875 -2.1219422817230224609 -0.96337115764617919922 -0.25730851292610168457 -0.73030602931976318359 -1.0485184192657470703 -1.8831887245178222656 -2.1962337493896484375 -1.4726898670196533203 0.38927978277206420898 0.6232445836067199707 0.39208295941352844238 -1.0021718740463256836 -1.7802481651306152344 -1.1521202325820922852 0.29922568798065185547 -0.020586086437106132507 -0.32095840573310852051 -0.23039364814758300781 -0.22397840023040771484 0.20981261134147644043 0.78841823339462280273 1.5341594219207763672 1.6515328884124755859 1.8846690654754638672 1.7694250345230102539 1.3124388456344604492 0.19495299458503723145 -1.0215349197387695313 -1.7213078737258911133 -1.7755858898162841797 -1.8511258363723754883
2.0112087726593017578 2.0020847320556640625 1.9112218618392944336 1.8018269538879394531 -0.67603081464767456055 -1.7203088998794555664 -1.41039276123046875 0.7237389683723449707 -1.8021357059478759766 -2.2521369457244873047 -1.8226271867752075195 -0.80018866062164306641 -0.54535388946533203125 0.49934065341949462891 -0.0071029225364327430725 -1.8670535087585449219 -2.0722339153289794922 -0.64013218879699707031 0.49695923924446105957 0.82363170385360717773 0.21719844639301300049 -1.8866430521011352539 -1.6642880439758300781 -0.58806818723678588867 -0.11183292418718338013 -0.24144181609153747559 0.39040517807006835938 0.094615042209625244141 1.1626865863800048828 1.3725980520248413086 1.4048928022384643555 1.3495500087738037109 1.072022557258605957 1.5081114768981933594 1.0515738725662231445 0.31057444214820861816 -0.4807535707950592041 -1.2611920833587646484 -1.5630965232849121094 -1.6784901618957519531
0.7742869257926940918 0.39342930912971496582 1.074908137321472168 1.2109333276748657227 -0.72611528635025024414 -2.0183653831481933594 -0.8330033421516418457 1.2985826730728149414 -0.82899397611618041992 -1.3405039310455322266 -1.3818441629409790039 -1.4577559232711791992 -0.95468705892562866211 0.51459527015686035156 0.062766388058662414551 -0.48871955275535583496 -1.0364645719528198242 -1.3972828388214111328 0.15176813304424285889 0.83553498983383178711 0.36315080523490905762 -1.4046334028244018555 -1.6643073558807373047 -1.0709276199340820313 0.30522367358207702637 1.337263941764831543 1.8911900520324707031 -0.038342528045177459717 0.95136058330535888672 1.1600332260131835938 1.079029083251953125 0.99461376667022705078 0.8693981170654296875 0.78337401151657104492 0.58565300703048706055 0.09590520709753036499 -0.46163395047187805176 -1.0180474519729614258 -1.3617467880249023438 -1.5630043745040893555
-0.40331232547760009766 -0.77234750986099243164 0.40800610184669494629 0.81843835115432739258 0.28424918651580810547 -1.7372312545776367188 -0.99527239799499511719 0.33992242813110351563 -1.0976731777191162109 -0.90115886926651000977 -0.75240141153335571289 -0.52859580516815185547 0.74028849601745605469 0.25548014044761657715 -0.44146668910980224609 -0.4257927238941192627 -0.20817047357559204102 -1.1137981414794921875 -0.088631585240364074707 0.61222058534622192383 0.35432925820350646973 -0.69927316904067993164 -1.514783024787902832 -1.2327911853790283203 1.0483453273773193359 1.7479071617126464844 1.9743269681930541992 -0.83446562290191650391 0.44172716140747070313 1.72956085205078125 1.3842241764068603516 1.2324937582015991211 0.89801234006881713867 0.4997247159481048584 0.37914079427719116211 -0.16920839250087738037 -0.66460877656936645508 -1.0257171392440795898 -1.4208563566207885742 -1.6134535074234008789
-0.37016141414642333984 -0.33242240548133850098 1.0081241130828857422 1.3938423395156860352 0.31701460480690002441 -1.0161591768264770508 -0.55277812480926513672 -0.94896906614303588867 -1.2817832231521606445 -1.341759800910949707 -1.1054563522338867188 0.041905216872692108154 0.79074561595916748047 -0.59444457292556762695 -0.69985163211822509766 -0.90641957521438598633 0.081039652228355407715 -0.72442537546157836914 -1.3602298498153686523 -0.42446464300155639648 0.27591669559478759766 -0.11937902122735977173 -1.2211576700210571289 -0.99493008852005004883 0.67303031682968139648 1.3082360029220581055 1.6699317693710327148 0.52374565601348876953 1.6828694343566894531 2.1429047584533691406 2.0760321617126464844 1.6525171995162963867 1.0377680063247680664 0.46104806661605834961 0.16755400598049163818 -0.19581672549247741699 -0.61967337131500244141 -0.99769842624664306641 -1.4661202430725097656 -1.6245632171630859375
-0.10235798358917236328 0.89679610729217529297 1.2769781351089477539 0.3254210352897644043 -0.45490434765815734863 -1.2707189321517944336 -0.58484703302383422852 -0.67364585399627685547 -1.0598586797714233398 -1.2512608766555786133 -1.5371463298797607422 -0.16674447059631347656 0.16518348455429077148 -0.29614400863647460938 -0.081149496138095855713 -0.68979918956756591797 0.41356930136680603027 1.1202349662780761719 -0.10279942303895950317 -2.084453582763671875 -0.98218631744384765625 0.1120471656322479248 -0.53053247928619384766 -0.46280559897422790527 1.0659344196319580078 1.2573032379150390625 1.3992153406143188477 1.964054107666015625 2.1839008331298828125 2.0357615947723388672 1.8987967967987060547 1.7293280363082885742 0.87391245365142822266 0.25746706128120422363 0.053762521594762802124 -0.078264057636260986328 -0.55844140052795410156 -0.87177437543869018555 -1.2483980655670166016 -1.7022571563720703125
0.63590914011001586914 1.4061446189880371094 0.3510227501392364502 -0.59882497787475585938 -0.19092421233654022217 -0.58562678098678588867 -1.2583022117614746094 -0.88564395904541015625 -0.62152230739593505859 -0.60404205322265625 -1.1365637779235839844 -0.76885938644409179688 -0.17611058056354522705 0.056384094059467315674 0.25007101893424987793 -0.50183856487274169922 0.5346940159797668457 1.2150801420211791992 0.25522172451019287109 -1.5744338035583496094 -1.4394456148147583008 -0.051052592694759368896 0.91224914789199829102 1.4259380102157592773 1.4588136672973632813 1.1622148752212524414 1.0781043767929077148 1.17064666748046875 1.256363987922668457 0.93676793575286865234 -0.5841045379638671875 0.069441236555576324463 0.22213292121887207031 0.12191019207239151001 0.24190925061702728271 -0.0044884597882628440857 -0.60726886987686157227 -0.69843488931655883789 -0.85798013210296630859 -1.6001492738723754883
0.79481881856918334961 0.82308572530746459961 -0.10932016372680664063 -0.99648815393447875977 -0.47438338398933410645 -0.027831334620714187622 -0.78714716434478759766 -1.4038131237030029297 -1.0575888156890869141 -0.6715247035026550293 -0.75832498073577880859 -1.1712590456008911133 -0.26768955588340759277 0.29023626446723937988 -0.051764763891696929932 -0.26175510883331298828 0.46294584870338439941 0.41676366329193115234 -0.14208132028579711914 -0.71477216482162475586 -0.91366267204284667969 0.72559458017349243164 1.0956754684448242188 1.1377065181732177734 0.89337563514709472656 0.85920768976211547852 0.9395739436149597168 0.86803776025772094727 0.88091331720352172852 0.2241274416446685791 -0.77188712358474731445 -0.12041337788105010986 0.26031196117401123047 0.29152452945709228516 0.38445886969566345215 0.041651308536529541016 -0.62047016620635986328 -0.46908545494079589844 -0.60003668069839477539 -1.2609521150588989258
0.81576132774353027344 0.47882419824600219727 -0.053981415927410125732 -0.6639397740364074707 -0.82735836505889892578 -0.39905092120170593262 -0.52984917163848876953 -1.043196558952331543 -1.2133246660232543945 -0.98146635293960571289 -0.73591476678848266602 -0.98210573196411132813 -0.16137732565402984619 0.5615946650505065918 -0.77203834056854248047 -0.41081646084785461426 0.26139611005783081055 0.090033568441867828369 -0.10956269502639770508 -0.23214657604694366455 0.38657072186470031738 1.7168152332305908203 1.1518893241882324219 1.1297516822814941406 1.4130676984786987305 1.3728232383728027344 1.2597460746765136719 1.1588976383209228516 0.92364394664764404297 -0.32341286540031433105 -0.60408806800842285156 0.14993885159492492676 0.33300790190696716309 0.48208540678024291992 0.46423080563545227051 0.0055303284898400306702 -0.72507643699645996094 -0.33620399236679077148 -0.24340265989303588867 -1.0169858932495117188
0.4345957338809967041 0.34234723448753356934 -0.05782606080174446106 -0.038561586290597915649 -0.41480311751365661621 -1.4659997224807739258 -1.8080810308456420898 -1.8473130464553833008 -2.0027146339416503906 -2.07904052734375 -1.8436279296875 -1.3637119531631469727 -1.051310420036315918 -0.074827179312705993652 -0.62377524375915527344 0.094522342085838317871 0.84676975011825561523 1.0603109598159790039 1.3340116739273071289 1.5412540435791015625 1.9325226545333862305 1.9106382131576538086 -1.3686807155609130859 -1.8864133358001708984 0.92327386140823364258 1.3825210332870483398 1.3827543258666992188 1.2943826913833618164 0.65187233686447143555 -0.42946100234985351563 -0.41066569089889526367 0.097262218594551086426 0.26756051182746887207 0.38961714506149291992 0.54458141326904296875 0.11518935859203338623 -0.78282761573791503906 -0.33029916882514953613 0.22303760051727294922 -0.47867846488952636719
-0.2778136134147644043 0.60814267396926879883 0.15862694382667541504 0.28273591399192810059 0.70226144790649414063 -0.094581924378871917725 -2.3080391883850097656 -2.3046298027038574219 -2.4081647396087646484 -2.4695496559143066406 -2.3150081634521484375 -2.1776375770568847656 -1.8895304203033447266 -1.1897698640823364258 -0.34239637851715087891 1.3136175870895385742 2.290142059326171875 2.2289896011352539063 2.1935710906982421875 2.0301458835601806641 1.7715752124786376953 1.012320399284362793 -2.2618360519409179688 -2.4531149864196777344 -0.62621921300888061523 1.0480968952178955078 1.193706512451171875 1.0230964422225952148 0.63582897186279296875 -0.23190356791019439697 -0.2951196134090423584 0.10204733908176422119 0.30593845248222351074 0.49533456563949584961 0.59132122993469238281 0.12051311135292053223 -0.57197600603103637695 -0.31762775778770446777 0.45527696609497070313 0.78424692153930664063
-0.43059799075126647949 0.78187614679336547852 0.18837653100490570068 0.29501971602439880371 0.5787830352783203125 0.17461669445037841797 -1.0710082054138183594 -1.2590081691741943359 -1.4747233390808105469 -1.6209391355514526367 -1.6118921041488647461 -1.5934357643127441406 -1.8804390430450439453 -1.6347559690475463867 -0.9098421931266784668 1.3154506683349609375 1.901261448860168457 1.060286402702331543 1.4511409997940063477 1.7511398792266845703 1.4508109092712402344 0.9622802734375 -1.7375993728637695313 -2.4582889080047607422 -2.2321994304656982422 -0.029472367838025093079 0.90606361627578735352 0.89059376716613769531 0.80479443073272705078 -0.077598109841346740723 -0.2903506159782409668 0.065854765474796295166 0.29104942083358764648 0.5374215245246887207 0.65201908349990844727 0.26432064175605773926 -0.24031049013137817383 -0.10044977068901062012 0.73954832553863525391 0.98153501749038696289
-0.057196389883756637573 0.42829805612564086914 -0.076051197946071624756 0.26602759957313537598 0.36955752968788146973 0.43172997236251831055 -0.20743340253829956055 -1.1168048381805419922 -1.2173821926116943359 -1.3754508495330810547 -0.60159707069396972656 0.55067473649978637695 -1.7977193593978881836 -1.5549792051315307617 -0.23194126784801483154 0.89687079191207885742 0.87970870733261108398 0.79104197025299072266 1.2458785772323608398 1.5684015750885009766 1.2544100284576416016 1.2372897863388061523 0.48527404665946960449 -1.8155765533447265625 -2.5383689403533935547 -1.9521554708480834961 1.2131470441818237305 1.4582504034042358398 1.0740196704864501953 0.045957773923873901367 -0.3643341362476348877 0.036993023008108139038 0.42041793465614318848 0.69794476032257080078 0.7819226384162902832 0.27349638938903808594 -0.20702254772186279297 0.35720995068550109863 1.1048929691314697266 0.75879192352294921875
-0.11615385115146636963 0.14437375962734222412 0.14915508031845092773 0.44436463713645935059 0.35801243782043457031 0.86292856931686401367 0.70074790716171264648 -1.5589690208435058594 -2.1350245475769042969 -1.8443888425827026367 0.023724410682916641235 0.69648861885070800781 -1.3080360889434814453 -1.4844316244125366211 -0.045257057994604110718 0.71504026651382446289 0.62339890003204345703 0.63508051633834838867 1.0105769634246826172 1.3080567121505737305 1.3177046775817871094 1.1364694833755493164 0.69592797756195068359 -0.12635377049446105957 -1.8666127920150756836 -2.451618194580078125 0.48478639125823974609 1.4860152006149291992 0.65692794322967529297 -0.014477850869297981262 -0.49953633546829223633 0.016529895365238189697 0.5939032435417175293 0.72942239046096801758 0.76559692621231079102 0.095491036772727966309 -0.047115724533796310425 0.60424464941024780273 0.98038190603256225586 0.30852779746055603027
