INPUT/RASTER/ASCII/aspect.asc
ncols        113
nrows        135
xllcorner    473009.983799999987
yllcorner    4429001.174800000153
cellsize     100.000000000000
NODATA_value  -9999
[rows 54 to 71 of 135, columns 40 to 79 of 113]
1.1643062829971313477 1.0487612485885620117 0.98860388994216918945 0.19347624480724334717 -0.49832794070243835449 0.65163666009902954102 0.24940578639507293701 -0.99627405405044555664 -1.5847839117050170898 -1.7925978899002075195 -1.835803985595703125 -1.6861591339111328125 1.2258623838424682617 -0.092370726168155670166 -1.7071039676666259766 -1.9783565998077392578 -2.2235426902770996094 -2.2001583576202392578 -1.1320415735244750977 -0.62941712141036987305 0.62560701370239257813 -0.0059986272826790809631 -0.64418572187423706055 -0.11046239733695983887 0.37529164552688598633 -9999 -9999 -9999 -9999 -9999 -9999 -9999 -9999 -9999 -9999 -1.3298423290252685547 -1.2949211597442626953 -0.91756445169448852539 -0.81713974475860595703 -1.1505570411682128906
1.0463411808013916016 0.91681784391403198242 0.7475706934928894043 0.34428223967552185059 0.18799696862697601318 0.22761149704456329346 0.061994001269340515137 -0.88635498285293579102 -1.6835778951644897461 -2.0913791656494140625 -2.4212982654571533203 -0.79518395662307739258 0.85559821128845214844 -1.4114316701889038086 -1.8350553512573242188 -2.1439604759216308594 -2.1204361915588378906 -1.9361615180969238281 -1.6804867982864379883 -0.53720062971115112305 0.94783693552017211914 -0.024888286367058753967 -0.41677320003509521484 0.085653133690357208252 0.10888861119747161865 -9999 -9999 -9999 -9999 -9999 -9999 -9999 -9999 -9999 0.0033769763540476560593 -0.87244409322738647461 -1.4916045665740966797 -1.288205265998840332 -0.55993306636810302734 -0.86176955699920654297
1.0255752801895141602 0.81885302066802978516 0.62012773752212524414 0.60205763578414916992 0.8203150629997253418 0.0093669127672910690308 0.58315473794937133789 -0.41485053300857543945 -1.6394593715667724609 -2.1456530094146728516 -2.3153355121612548828 -1.042950749397277832 0.82851761579513549805 -0.56709438562393188477 -2.3654279708862304688 -2.2214498519897460938 -1.6517467498779296875 -1.4296154975891113281 -1.5239921808242797852 -0.36198139190673828125 0.69957298040390014648 -0.4349810481071472168 -0.46784862875938415527 -0.25766175985336303711 -0.032631155103445053101 -9999 -9999 -9999 -9999 -9999 -9999 -9999 -9999 -9999 0.018819091841578483582 -0.31975242495536804199 -1.475140690803527832 -1.4909166097640991211 -0.47018951177597045898 -0.40195128321647644043
0.83971202373504638672 0.54353809356689453125 0.60937851667404174805 0.88227576017379760742 0.8007056117057800293 -0.17528769373893737793 0.34393540024757385254 -0.22181840240955352783 -0.85846143960952758789 -1.1816189289093017578 -1.5429639816284179688 -1.2616558074951171875 0.59621399641036987305 0.92667400836944580078 -1.9786394834518432617 -1.8977413177490234375 -1.8384587764739990234 -1.762869715690612793 -1.6539051532745361328 -0.79903149604797363281 0.59291535615921020508 -0.3548679649829864502 -0.66513484716415405273 -0.087820313870906829834 0.40120893716812133789 -9999 -9999 -9999 -9999 -9999 -9999 -9999 -9999 -9999 0.089526697993278503418 0.021763088181614875793 -1.1424623727798461914 -1.4665488004684448242 -0.97384536266326904297 -0.50424796342849731445
0.30662384629249572754 0.28001099824905395508 0.83385413885116577148 0.87655681371688842773 0.23733322322368621826 0.0030678308103233575821 -0.15884560346603393555 -0.44551452994346618652 -0.38724482059478759766 -0.30769145488739013672 -0.65222799777984619141 -0.70066481828689575195 0.23443830013275146484 0.94083064794540405273 -0.60408639907836914063 -2.0662691593170166016 -1.9712512493133544922 -1.7077916860580444336 -1.75435638427734375 -1.4771318435668945313 -0.26841953396797180176 -0.16151981055736541748 0.082737110555171966553 0.8857574462890625 1.1259495019912719727 -9999 -9999 -9999 -9999 -9999 -9999 -9999 -0.2208731919527053833 -0.75883752107620239258 -0.58233165740966796875 -0.28072845935821533203 -1.0352931022644042969 -1.3544828891754150391 -1.0708816051483154297 -0.98829245567321777344
0.059332121163606643677 0.41330116987228393555 0.66565251350402832031 0.324359893798828125 0.072055935859680175781 -0.010421497747302055359 -0.36428695917129516602 -0.37954983115196228027 -0.18100760877132415771 -0.23412899672985076904 -0.70438855886459350586 -0.37268033623695373535 0.44365718960762023926 0.89722549915313720703 0.29124313592910766602 -1.5367757081985473633 -1.4158177375793457031 -1.4368027448654174805 -1.7520998716354370117 -1.8823230266571044922 -1.8023744821548461914 -0.17682774364948272705 1.3199721574783325195 1.3284636735916137695 1.4834532737731933594 -9999 -9999 -9999 -9999 -9999 -9999 1.1473635435104370117 0.85948598384857177734 -0.60451596975326538086 0.72985196113586425781 -0.62049126625061035156 -1.2887313365936279297 -1.4160979986190795898 -1.3355962038040161133 -1.3439168930053710938
0.42829096317291259766 0.82916885614395141602 0.64426839351654052734 0.35124135017395019531 0.31583940982818603516 -0.031147778034210205078 -0.42131200432777404785 -0.2104167640209197998 -0.0078952275216579437256 -0.13619403541088104248 -0.68100106716156005859 -0.41027238965034484863 0.26471847295761108398 0.40616521239280700684 0.26388987898826599121 -0.86372470855712890625 -1.1498277187347412109 -0.9702396392822265625 -1.2517919540405273438 -1.68677520751953125 -1.9602962732315063477 -0.71641343832015991211 1.7187445163726806641 1.5209419727325439453 -9999 -9999 -9999 -9999 -9999 -9999 -9999 0.81271135807037353516 0.57413733005523681641 0.29637864232063293457 1.3182632923126220703 -0.24306173622608184814 -1.3334089517593383789 -1.4753754138946533203 -1.8294074535369873047 -1.8005425930023193359
0.8962726593017578125 1.1108359098434448242 0.80169922113418579102 0.31529128551483154297 0.26097670197486877441 -0.37812787294387817383 -0.46915778517723083496 0.18336619436740875244 -0.074921771883964538574 -0.26770427823066711426 -0.57549726963043212891 -0.42048817873001098633 0.16176059842109680176 0.25117507576942443848 0.33931267261505126953 -0.4680226445198059082 -0.99019616842269897461 -0.77103292942047119141 -0.77636760473251342773 -1.0971643924713134766 -1.3212434053421020508 -0.49329224228858947754 1.0368661880493164063 1.6112486124038696289 1.8224842548370361328 1.0939624309539794922 -9999 -9999 -9999 -9999 -9999 0.76243698596954345703 0.53543013334274291992 0.76142132282257080078 0.99844914674758911133 -0.8772296905517578125 -1.3567901849746704102 -1.5804723501205444336 -2.1027588844299316406 -2.2288546562194824219
1.1822164058685302734 1.1478438377380371094 0.43960842490196228027 0.18735450506210327148 0.029029911383986473083 -0.50035136938095092773 -0.46105313301086425781 0.23641739785671234131 -0.24015307426452636719 -0.22251588106155395508 -0.67120087146759033203 -0.43789541721343994141 0.046795360743999481201 0.13698673248291015625 0.3150653541088104248 -0.27705970406532287598 -0.91779345273971557617 -0.68476653099060058594 -0.8247197270393371582 -0.91709810495376586914 -0.66400992870330810547 0.68307185173034667969 1.5136997699737548828 1.8244690895080566406 1.9321883916854858398 1.931987762451171875 0.011503669433295726776 -9999 -9999 -9999 -9999 -9999 0.44745939970016479492 0.65234124660491943359 0.64920145273208618164 -0.46072289347648620605 -1.2881314754486083984 -1.6079262495040893555 -2.2152211666107177734 -2.0902509689331054688
0.90824520587921142578 0.59773153066635131836 0.055264625698328018188 0.13767141103744506836 -0.17433987557888031006 -0.50313580036163330078 -0.26099124550819396973 -0.074355401098728179932 -0.58552646636962890625 -0.25983503460884094238 -0.51538002490997314453 -0.48098403215408325195 -0.036113787442445755005 0.027085658162832260132 0.20464888215065002441 -0.3113708794116973877 -0.58801484107971191406 -0.50642669200897216797 -0.75202590227127075195 -1.0041162967681884766 0.2079534679651260376 1.679150700569152832 1.9176926612854003906 2.0263302326202392578 1.588441014289855957 -0.18973053991794586182 -1.3030431270599365234 -1.0650420188903808594 -9999 -9999 -9999 -9999 0.38435930013656616211 0.7928314208984375 0.80090832710266113281 -0.061177827417850494385 -1.0960584878921508789 -0.039686270058155059814 -1.183724522590637207 -1.4298491477966308594
0.54505890607833862305 0.30470043420791625977 0.098494775593280792236 0.043075416237115859985 -0.23284760117530822754 -0.44744479656219482422 -0.49368530511856079102 -0.55798524618148803711 -0.80711954832077026367 -0.52478480339050292969 -0.36477816104888916016 -0.52170354127883911133 -0.20480827987194061279 -0.20438864827156066895 -0.17217016220092773438 -0.35742741823196411133 -0.3158219456672668457 -0.28237494826316833496 -0.61492615938186645508 -0.54100853204727172852 1.1948387622833251953 1.6956188678741455078 1.4397214651107788086 1.1864386796951293945 0.19323466718196868896 -1.1235307455062866211 -0.82356828451156616211 -0.77560156583786010742 -0.78258275985717773438 -9999 -9999 -9999 1.3870501518249511719 1.2656046152114868164 1.0354977846145629883 0.25654861330986022949 -0.93362909555435180664 -0.5841509699821472168 -0.17612339556217193604 -0.56002765893936157227
0.69966781139373779297 0.4881865084171295166 0.32033553719520568848 0.26452690362930297852 0.096748240292072296143 -0.39002144336700439453 -0.80562049150466918945 -0.79709172248840332031 -0.86443781852722167969 -0.75450378656387329102 -0.46342435479164123535 -0.4876086115837097168 -0.19665549695491790771 -0.44661998748779296875 -0.38053986430168151855 -0.35050934553146362305 -0.46629700064659118652 -0.44171375036239624023 -0.52016538381576538086 0.50087666511535644531 1.5439819097518920898 1.3149129152297973633 -0.54367941617965698242 -0.53569525480270385742 -0.55487793684005737305 -1.0706357955932617188 -0.96424263715744018555 -0.85869234800338745117 -0.8045889735221862793 -9999 -9999 -9999 1.7461181879043579102 1.2474963665008544922 0.80303984880447387695 0.1014432758092880249 -0.88876575231552124023 -0.62758690118789672852 0.28459650278091430664 -0.22051164507865905762
0.87851315736770629883 0.7180588841438293457 0.43851527571678161621 0.33862516283988952637 0.15905392169952392578 -0.36992695927619934082 -0.81029772758483886719 -1.0114991664886474609 -0.92486870288848876953 -1.111713409423828125 -0.81276738643646240234 -0.52324098348617553711 -0.23085996508598327637 -0.4859085381031036377 -0.37961527705192565918 -0.38825166225433349609 -0.54918313026428222656 -0.74900084733963012695 -0.070858307182788848877 1.2380896806716918945 1.3519141674041748047 0.75241750478744506836 -0.43255481123924255371 -0.44515344500541687012 -0.68067133426666259766 -1.1680800914764404297 -1.3152360916137695313 -1.1096669435501098633 -0.1821590811014175415 -9999 -9999 -9999 1.2373069524765014648 0.95388710498809814453 0.64094930887222290039 0.30027616024017333984 -1.4314210414886474609 -1.1468842029571533203 -0.18939673900604248047 -0.32271087169647216797
0.63592451810836791992 0.54748183488845825195 0.50269812345504760742 0.54810130596160888672 0.17065139114856719971 -0.27210626006126403809 -0.72489601373672485352 -0.99891757965087890625 -0.92068314552307128906 -0.91709762811660766602 -0.98249101638793945313 -0.64898246526718139648 -0.23961609601974487305 -0.42910751700401306152 -0.31660547852516174316 -0.34904965758323669434 -0.70941239595413208008 -0.60340386629104614258 0.89350885152816772461 1.4248796701431274414 1.2591946125030517578 0.39129090309143066406 -0.70291322469711303711 -0.96829164028167724609 -0.63219255208969116211 -0.87182438373565673828 -1.2404383420944213867 -1.5549433231353759766 -0.43137916922569274902 -9999 -9999 -9999 -9999 -9999 -9999 -9999 -1.083174586296081543 -1.5654140710830688477 -1.0979661941528320313 -0.35699808597564697266
0.66993695497512817383 0.75203245878219604492 0.92534732818603515625 0.78422772884368896484 0.19827511906623840332 -0.28148186206817626953 -0.75274473428726196289 -0.93297338485717773438 -0.8560816645622253418 -0.85097670555114746094 -1.3458138704299926758 -1.5174431800842285156 -0.79482364654541015625 -0.50188100337982177734 -0.28729519248008728027 -0.34327784180641174316 -0.68435949087142944336 0.28849565982818603516 1.5138263702392578125 1.5470103025436401367 1.4236530065536499023 0.30760934948921203613 -0.89019370079040527344 -1.2352629899978637695 -1.0246369838714599609 -0.87499004602432250977 -1.034253239631652832 -1.1595290899276733398 -9999 -9999 -9999 -9999 -9999 -9999 -9999 -9999 -1.6457223892211914063 -1.8354142904281616211 -1.6979515552520751953 -1.1598136425018310547
0.62770253419876098633 0.62198430299758911133 0.34930467605590820313 0.21375161409378051758 -0.093262128531932830811 -0.45982673764228820801 -0.72487914562225341797 -0.93715393543243408203 -0.84856849908828735352 -0.37152698636054992676 -0.66381692886352539063 -1.4160053730010986328 -1.3352243900299072266 -1.1522601842880249023 -0.75868844985961914063 -0.49349257349967956543 0.070600055158138275146 1.4768294095993041992 1.5187499523162841797 1.5121289491653442383 1.3667631149291992188 -0.25870490074157714844 -0.73682892322540283203 -0.94267374277114868164 -0.98081821203231811523 -1.1199256181716918945 -1.3705697059631347656 -9999 -9999 -9999 -9999 -9999 -9999 -9999 -9999 -9999 -2.1283676624298095703 -1.8853096961975097656 -1.8683798313140869141 -1.5885381698608398438
0.50431162118911743164 0.3938643336296081543 0.0010465295054018497467 -0.102494068443775177 -0.23263944685459136963 -0.29212725162506103516 -0.50593352317810058594 -0.9214560389518737793 -0.93523055315017700195 -0.30374154448509216309 -0.015915473923087120056 -0.76602804660797119141 -1.0633373260498046875 -1.0949689149856567383 -1.0479425191879272461 -0.40082162618637084961 0.94690024852752685547 1.50811004638671875 1.3543351888656616211 1.3369007110595703125 0.80314201116561889648 -0.73449230194091796875 -0.9810683131217956543 -0.86129349470138549805 -0.87898194789886474609 -1.0130567550659179688 -9999 2.0821676254272460938 -1.7038403749465942383 -1.8765577077865600586 -0.0440731048583984375 1.3342545032501220703 0.92303133010864257813 0.83070719242095947266 -9999 -9999 -9999 -2.0017647743225097656 -1.9275566339492797852 -1.6768041849136352539
0.59590387344360351563 0.33163049817085266113 -0.039775881916284561157 -0.21566346287727355957 -0.36676082015037536621 -0.055205907672643661499 -0.18102182447910308838 -0.91184335947036743164 -1.1053907871246337891 -0.51714479923248291016 -0.26408174633979797363 -0.55263924598693847656 -0.43996602296829223633 -0.73217421770095825195 -0.19271768629550933838 0.53493982553482055664 1.3183529376983642578 1.4055315256118774414 1.413617253303527832 1.1160241365432739258 0.15010504424571990967 -0.74076342582702636719 -1.1650593280792236328 -0.81781607866287231445 -0.6977551579475402832 -0.80114805698394775391 -9999 0.47515237331390380859 -1.5369967222213745117 -1.7171639204025268555 -0.06097939610481262207 0.95972841978073120117 0.55978602170944213867 0.78058457374572753906 -9999 -9999 -9999 -1.71811676025390625 -1.7406933307647705078 -1.6735439300537109375
