INPUT/RASTER/ASCII/aspect.asc
ncols        113
nrows        135
xllcorner    473009.983799999987
yllcorner    4429001.174800000153
cellsize     100.000000000000
NODATA_value  -9999
[rows 18 to 35 of 135, columns 0 to 39 of 113]
-9999 -9999 -9999 -9999 -9999 -9999 -9999 -9999 -9999 -9999 -9999 -9999 -9999 -9999 0.75597053766250610352 0.87801033258438110352 0.18654394149780273438 -0.13182806968688964844 0.88174587488174438477 1.3631103038787841797 1.5631005764007568359 1.3806385993957519531 0.92128956317901611328 0.21000061929225921631 -0.36682742834091186523 -0.31662681698799133301 -0.23203538358211517334 -0.14858286082744598389 -0.082892946898937225342 -0.51892954111099243164 -0.9639880061149597168 -1.0669409036636352539 -1.0560928583145141602 -0.99229264259338378906 -1.1177411079406738281 -1.5060037374496459961 -0.70021671056747436523 1.5025961399078369141 0.87198245525360107422 0.15707196295261383057
-9999 -9999 -9999 -9999 -9999 -9999 -9999 -9999 -9999 -9999 -9999 -9999 -9999 -9999 0.84416812658309936523 0.89908462762832641602 0.76804453134536743164 0.98360919952392578125 1.4970728158950805664 1.4203852415084838867 1.3585238456726074219 0.95357680320739746094 0.18961168825626373291 -0.26944392919540405273 -0.45945191383361816406 -0.34111049771308898926 -0.24423715472221374512 -0.064122058451175689697 0.10907305777072906494 -0.2136077880859375 -0.67061078548431396484 -0.8187001347541809082 -1.0391165018081665039 -0.83055746555328369141 -0.81037598848342895508 -0.60577058792114257813 -9999 -9999 0.36134096980094909668 -0.054606109857559204102
-9999 -9999 -9999 -9999 -9999 -9999 -9999 -9999 -9999 -9999 -9999 -9999 -0.76465582847595214844 -0.56635236740112304688 1.3981792926788330078 1.6726595163345336914 1.5865244865417480469 1.5520243644714355469 1.5953878164291381836 1.439019322395324707 0.96921586990356445313 0.24451066553592681885 -0.23765572905540466309 -0.41579100489616394043 -0.43758460879325866699 -0.29920369386672973633 -0.21177828311920166016 0.075039051473140716553 0.12592078745365142822 0.058354660868644714355 -0.48586374521255493164 -0.75156384706497192383 -0.98631501197814941406 -0.95890867710113525391 -1.0637499094009399414 -1.0520830154418945313 -9999 -9999 -9999 -9999
-9999 -9999 -9999 -9999 -9999 -9999 -9999 -9999 -9999 -9999 -9999 -1.0320606231689453125 -0.85846829414367675781 0.53102523088455200195 1.7119451761245727539 1.8707840442657470703 1.45880126953125 1.2089641094207763672 1.0532670021057128906 0.78326261043548583984 0.29394435882568359375 -0.099248275160789489746 -0.33973830938339233398 -0.50363677740097045898 -0.39598172903060913086 -0.2300128936767578125 0.054663877934217453003 0.27608218789100646973 0.38404136896133422852 0.27404618263244628906 -0.33199474215507507324 -0.80604583024978637695 -0.79381203651428222656 -0.76687085628509521484 -1.0156927108764648438 -1.0566369295120239258 -9999 -9999 -9999 -9999
-9999 -9999 -9999 -9999 -9999 -9999 -9999 -9999 -9999 -9999 -9999 -1.1626349687576293945 -0.23157167434692382813 1.4130728244781494141 1.6786248683929443359 1.7351282835006713867 1.5410360097885131836 1.0404493808746337891 0.61572927236557006836 0.26786729693412780762 0.13978090882301330566 0.023976420983672142029 -0.17325739562511444092 -0.3366508781909942627 -0.22935217618942260742 0.062425713986158370972 0.50178796052932739258 0.84169870615005493164 0.89674139022827148438 0.61570203304290771484 -0.27461120486259460449 -1.411753535270690918 -1.4494531154632568359 -1.0574799776077270508 -1.1279289722442626953 -0.8696454167366027832 -0.30241915583610534668 -9999 -9999 -9999
-9999 -9999 -9999 -9999 -9999 -9999 -9999 -9999 -9999 -9999 -9999 -0.88435095548629760742 0.70012682676315307617 1.4771655797958374023 0.98928904533386230469 1.0362540483474731445 0.99466210603713989258 0.81308758258819580078 0.47307464480400085449 0.17968156933784484863 0.11148505657911300659 0.15183189511299133301 0.016555737704038619995 -0.045988194644451141357 0.094569995999336242676 0.68427926301956176758 1.119889378547668457 1.4328937530517578125 1.4951126575469970703 1.5110502243041992188 -0.024285405874252319336 -1.8804376125335693359 -1.9212549924850463867 -1.7341952323913574219 -1.4653049707412719727 -0.98595774173736572266 -0.13696761429309844971 0.48456779122352600098 -9999 -9999
-9999 -9999 -9999 -9999 -9999 -9999 -9999 -9999 -9999 -9999 -0.85264241695404052734 -0.10683064162731170654 1.1891546249389648438 1.1584765911102294922 0.80242013931274414063 0.52540254592895507813 0.39408767223358154297 0.50863921642303466797 0.30668926239013671875 0.088397748768329620361 0.030274316668510437012 0.20367521047592163086 0.44346374273300170898 0.67050904035568237305 1.1344969272613525391 1.4303432703018188477 1.1835771799087524414 1.4942516088485717773 1.6533445119857788086 1.7292100191116333008 0.53973042964935302734 -2.2912185192108154297 -2.1706392765045166016 -2.022857666015625 -1.7085398435592651367 -1.4759249687194824219 -0.18733228743076324463 0.81657826900482177734 0.49928706884384155273 0.044862251728773117065
-9999 -9999 -9999 -9999 -9999 -9999 -9999 -9999 -9999 -9999 0.67923456430435180664 1.1642029285430908203 1.2500396966934204102 0.86029583215713500977 0.63853210210800170898 0.35515189170837402344 0.23975352942943572998 0.31087577342987060547 0.20817489922046661377 0.092368520796298980713 0.010835591703653335571 0.67814922332763671875 0.95910680294036865234 1.0872489213943481445 1.2374581098556518555 1.0770949125289916992 0.98254376649856567383 0.87369817495346069336 1.322261810302734375 1.6891252994537353516 0.21103781461715698242 -2.0275130271911621094 -1.9097365140914916992 -1.6118276119232177734 -1.3095837831497192383 -1.0605313777923583984 0.00029429062851704657078 0.62888175249099731445 0.16060936450958251953 -0.26844701170921325684
-9999 -9999 -9999 -9999 -9999 -9999 -9999 -9999 -9999 -9999 1.1697647571563720703 0.94750928878784179688 0.8369280695915222168 0.71673554182052612305 0.44858384132385253906 0.33540591597557067871 0.25815242528915405273 0.51031601428985595703 0.64870524406433105469 0.15922792255878448486 0.61679327487945556641 1.3360610008239746094 1.0015192031860351563 1.0843651294708251953 1.0252234935760498047 0.97323149442672729492 1.0294784307479858398 1.1577630043029785156 1.5474160909652709961 1.4842020273208618164 -0.058805417269468307495 -1.2444528341293334961 -1.4586890935897827148 -1.4425109624862670898 -1.4959397315979003906 -1.4830949306488037109 -0.28680256009101867676 0.26413455605506896973 0.13391590118408203125 -0.28146266937255859375
-9999 -9999 -9999 -9999 -9999 -9999 -9999 -9999 -9999 -9999 1.5145092010498046875 1.5930773019790649414 1.5461188554763793945 1.1062930822372436523 0.82600009441375732422 0.29752632975578308105 0.30717456340789794922 0.94008153676986694336 1.1868331432342529297 1.0155384540557861328 1.3899376392364501953 1.0057344436645507813 0.97363734245300292969 1.2621486186981201172 1.2795474529266357422 1.3118233680725097656 1.4006141424179077148 1.538804173469543457 1.6508951187133789063 1.2177581787109375 -0.47682288289070129395 -1.0194766521453857422 -1.1145107746124267578 -1.2105188369750976563 -1.6893557310104370117 -1.8186359405517578125 -1.1935611963272094727 0.41781815886497497559 0.23675619065761566162 -0.11887286603450775146
-9999 -9999 -9999 -9999 -9999 -9999 -9999 0.4119052886962890625 1.8351246118545532227 1.8402895927429199219 1.8617789745330810547 1.8250973224639892578 1.189921259880065918 1.5286915302276611328 1.5245716571807861328 0.94210994243621826172 1.003602147102355957 1.5399397611618041992 1.7322838306427001953 1.9539257287979125977 1.8419191837310791016 1.5772482156753540039 1.8741675615310668945 1.8805491924285888672 1.8875689506530761719 1.8482567071914672852 1.7897996902465820313 1.6236096620559692383 1.4839279651641845703 0.55585008859634399414 -0.89031219482421875 -1.1987845897674560547 -0.98080939054489135742 -0.85867220163345336914 -1.4319143295288085938 -1.8774472475051879883 -2.0879580974578857422 -1.1163443326950073242 -0.47916874289512634277 -0.18722656369209289551
-9999 -9999 -9999 -9999 -9999 -9999 -0.77006232738494873047 0.87857598066329956055 1.7538477182388305664 2.0516083240509033203 1.8154393434524536133 1.7453386783599853516 0.37352401018142700195 0.46922314167022705078 1.7470541000366210938 1.5994446277618408203 1.675960540771484375 1.8057410717010498047 1.9032012224197387695 2.0364539623260498047 2.1354010105133056641 2.1028120517730712891 1.9288080930709838867 1.9703204631805419922 2.1108357906341552734 2.0100054740905761719 1.7409698963165283203 1.3434178829193115234 1.1560751199722290039 -0.40099042654037475586 -0.97829854488372802734 -1.0111494064331054688 -0.8233013153076171875 -0.10581762343645095825 -0.34134733676910400391 -1.3989671468734741211 -1.4493187665939331055 -1.3535921573638916016 -1.1510210037231445313 -0.71792906522750854492
-9999 -9999 -9999 -9999 -9999 -1.3847330808639526367 -0.23720148205757141113 1.2123315334320068359 1.7273621559143066406 2.0725553035736083984 1.9267432689666748047 1.3335404396057128906 1.4102469682693481445 1.3361145257949829102 1.6392371654510498047 1.6384590864181518555 1.6462389230728149414 1.6407208442687988281 1.8536444902420043945 1.9704902172088623047 2.06612396240234375 2.2062122821807861328 2.0691266059875488281 1.9965593814849853516 2.1489019393920898438 2.0705173015594482422 1.5097852945327758789 0.77593225240707397461 0.32132816314697265625 -0.64741206169128417969 -0.86003917455673217773 -0.92166131734848022461 -0.43713772296905517578 0.44824460148811340332 0.17954193055629730225 -0.72809010744094848633 -1.091734766960144043 -1.1857478618621826172 -1.4040296077728271484 -1.2238248586654663086
-9999 -9999 -9999 -9999 -9999 -1.4578205347061157227 0.39958235621452331543 1.3451087474822998047 1.461659550666809082 1.5865439176559448242 0.078840307891368865967 -1.6935821771621704102 -0.55426508188247680664 1.4772623777389526367 1.4950320720672607422 1.5880261659622192383 1.6951693296432495117 1.6937335729598999023 1.7854228019714355469 1.8715753555297851563 1.9559223651885986328 2.0172867774963378906 1.9530172348022460938 1.8595538139343261719 2.0392148494720458984 2.0844070911407470703 -0.085280761122703552246 -0.68748557567596435547 -0.56768614053726196289 -0.85997253656387329102 -0.90168875455856323242 -0.88335311412811279297 -0.1573162376880645752 0.34742918610572814941 -0.0044770804233849048615 -0.72378695011138916016 -0.97072327136993408203 -1.0419698953628540039 -1.2450920343399047852 -1.149929046630859375
-9999 -9999 -9999 -9999 -0.94331669807434082031 -0.28024980425834655762 0.19580551981925964355 1.2332017421722412109 1.3139921426773071289 1.2358318567276000977 -0.98022693395614624023 -1.6968965530395507813 -1.1124287843704223633 1.0468697547912597656 1.4992349147796630859 1.6515717506408691406 1.6803127527236938477 1.5867131948471069336 1.5449240207672119141 1.5499006509780883789 1.5955722332000732422 1.7253698110580444336 1.7608875036239624023 1.6190469264984130859 1.512719273567199707 1.4114271402359008789 0.065012201666831970215 -1.5251777172088623047 -1.1011749505996704102 -1.0765879154205322266 -1.0044008493423461914 -0.72616529464721679688 -0.41493564844131469727 -0.21314217150211334229 -0.2988274693489074707 -0.53271996974945068359 -0.78961700201034545898 -0.85829502344131469727 -0.91672688722610473633 -1.0257421731948852539
-9999 -9999 -9999 0.89309042692184448242 -1.2425081729888916016 -1.2705271244049072266 0.84968078136444091797 1.5466940402984619141 1.4006388187408447266 1.2462683916091918945 -0.74116528034210205078 -1.9234671592712402344 -2.0790498256683349609 1.0548217296600341797 1.5220586061477661133 1.5427680015563964844 1.5687173604965209961 1.3868466615676879883 1.2629835605621337891 1.0317013263702392578 0.90931820869445800781 0.96636080741882324219 1.1449439525604248047 1.0561560392379760742 0.94567626714706420898 0.69659936428070068359 -0.15721167623996734619 -1.1671566963195800781 -1.1776388883590698242 -1.2087054252624511719 -1.0443490743637084961 -0.61435151100158691406 -0.52369570732116699219 -0.54071056842803955078 -0.4874426424503326416 -0.27439853549003601074 -0.47700968384742736816 -0.69420808553695678711 -1.2187820672988891602 -1.0561214685440063477
-9999 -9999 -9999 0.89309042692184448242 -0.82056522369384765625 -1.3339573144912719727 1.3720029592514038086 1.2611238956451416016 1.0888429880142211914 0.95329296588897705078 -0.37799698114395141602 -0.79194623231887817383 -0.44169974327087402344 1.7010700702667236328 1.6346478462219238281 1.2463214397430419922 1.1839128732681274414 1.1342632770538330078 0.91793870925903320313 0.84505736827850341797 0.88149648904800415039 0.80777710676193237305 0.69574117660522460938 0.53883069753646850586 0.51611512899398803711 0.29191380739212036133 -0.56230950355529785156 -1.1711714267730712891 -1.1507365703582763672 -1.1917297840118408203 -1.1503890752792358398 -0.54622799158096313477 -0.56083536148071289063 -0.81350630521774291992 -0.95367592573165893555 -0.50551086664199829102 -0.36328577995300292969 -0.40694645047187805176 -1.0256258249282836914 -1.3270608186721801758
-9999 -9999 -9999 -9999 -9999 1.2215356826782226563 0.7765782475471496582 0.67674857378005981445 0.79032433032989501953 0.48321908712387084961 -0.24433650076389312744 0.20945107936859130859 0.66504800319671630859 1.1401180028915405273 1.0839412212371826172 0.97967469692230224609 0.92198204994201660156 0.95144593715667724609 0.91277074813842773438 1.0339947938919067383 0.90597212314605712891 0.70085483789443969727 0.49515035748481750488 0.45349082350730895996 0.48985031247138977051 0.10262604057788848877 -0.6867167353630065918 -1.1591012477874755859 -1.1802693605422973633 -1.0859123468399047852 -1.1716430187225341797 -0.6761137843132019043 -0.75697648525238037109 -0.96681702136993408203 -1.2769194841384887695 -1.0204128026962280273 -0.55281865596771240234 -0.30125796794891357422 -0.71081560850143432617 -1.0404897928237915039
