INPUT/RASTER/ASCII/BIO01.asc
ncols        113
nrows        135
xllcorner    473009.983799999987
yllcorner    4429001.174800000153
cellsize     100.000000000000
NODATA_value  -9999
[rows 54 to 71 of 135, columns 0 to 39 of 113]
-9999 -9999 -9999 0.75260549783706665039 0.57755953073501586914 0.38636377453804016113 0.25982946157455444336 0.22160691022872924805 0.2157116234302520752 0.21715776622295379639 0.20082807540893554688 0.15077343583106994629 0.027110638096928596497 -0.11271578073501586914 -0.17383448779582977295 -0.2635924220085144043 -0.31817924976348876953 -0.32493254542350769043 -0.3512814640998840332 -0.39383551478385925293 -0.40452593564987182617 -0.37062105536460876465 -0.32534077763557434082 -0.31233930587768554688 -0.3202342987060546875 -0.34926101565361022949 -0.37186655402183532715 -0.42973315715789794922 -0.49274083971977233887 -0.53405630588531494141 -0.5432383418083190918 -0.52717155218124389648 -0.48431307077407836914 -0.4051348268985748291 -0.42183125019073486328 -0.48771739006042480469 -0.52111715078353881836 -0.52435541152954101563 -0.4967886507511138916 -0.48526793718338012695
-9999 -9999 -9999 0.81281775236129760742 0.66632103919982910156 0.48090991377830505371 0.34230822324752807617 0.31470689177513122559 0.32651132345199584961 0.33697339892387390137 0.30045992136001586914 0.20246104896068572998 0.061506774276494979858 -0.060841340571641921997 -0.12434722483158111572 -0.18772163987159729004 -0.24396911263465881348 -0.26622176170349121094 -0.29216936230659484863 -0.30973070859909057617 -0.29992598295211791992 -0.27798467874526977539 -0.2821362912654876709 -0.27714052796363830566 -0.26674765348434448242 -0.2858727574348449707 -0.31002822518348693848 -0.3368822634220123291 -0.38110390305519104004 -0.49100407958030700684 -0.53359967470169067383 -0.51611441373825073242 -0.4572722017765045166 -0.36021435260772705078 -0.33853599429130554199 -0.41709840297698974609 -0.4271729886531829834 -0.39036890864372253418 -0.3689950108528137207 -0.43147683143615722656
-9999 -9999 -9999 0.84832787513732910156 0.71325510740280151367 0.5540682673454284668 0.45797914266586303711 0.42579028010368347168 0.45075532793998718262 0.4323775172233581543 0.33478686213493347168 0.24174225330352783203 0.12113781273365020752 0.0047195903025567531586 -0.066120810806751251221 -0.13700965046882629395 -0.16436187922954559326 -0.18397134542465209961 -0.22485092282295227051 -0.23823988437652587891 -0.22002120316028594971 -0.20117287337779998779 -0.21307416260242462158 -0.23435120284557342529 -0.22635242342948913574 -0.25272902846336364746 -0.27830988168716430664 -0.25717815756797790527 -0.32466959953308105469 -0.44020214676856994629 -0.50068426132202148438 -0.49375107884407043457 -0.43861761689186096191 -0.34908109903335571289 -0.29212784767150878906 -0.33807930350303649902 -0.3555437922477722168 -0.30780020356178283691 -0.30055561661720275879 -0.40060958266258239746
-9999 -9999 0.93663275241851806641 0.87294697761535644531 0.71377402544021606445 0.6009400486946105957 0.56847441196441650391 0.5995146632194519043 0.60722279548645019531 0.49088761210441589355 0.34267494082450866699 0.29140940308570861816 0.23365351557731628418 0.13508723676204681396 0.04129532352089881897 -0.067186392843723297119 -0.11837581545114517212 -0.1179952472448348999 -0.15450179576873779297 -0.16688744723796844482 -0.15544281899929046631 -0.14277347922325134277 -0.1399157792329788208 -0.14805294573307037354 -0.19463407993316650391 -0.23067702353000640869 -0.20608562231063842773 -0.2062447667121887207 -0.2852154076099395752 -0.38394084572792053223 -0.44693467020988464355 -0.45408928394317626953 -0.42861914634704589844 -0.38245317339897155762 -0.29880502820014953613 -0.2671489715576171875 -0.28578278422355651855 -0.26514926552772521973 -0.31640097498893737793 -0.40649101138114929199
-9999 -9999 0.9065335392951965332 0.84724158048629760742 0.73783266544342041016 0.66834151744842529297 0.72424304485321044922 0.7557538151741027832 0.65631568431854248047 0.50224226713180541992 0.37600550055503845215 0.35238280892372131348 0.36712104082107543945 0.35882472991943359375 0.27572321891784667969 0.11848770081996917725 -0.01200450211763381958 -0.065719492733478546143 -0.087660774588584899902 -0.064889162778854370117 -0.051956884562969207764 -0.049216818064451217651 -0.067158713936805725098 -0.083156272768974304199 -0.12453404814004898071 -0.15513145923614501953 -0.15842506289482116699 -0.1834316253662109375 -0.25753796100616455078 -0.34376701712608337402 -0.37653711438179016113 -0.39696305990219116211 -0.41464203596115112305 -0.38867366313934326172 -0.2973658144474029541 -0.21967524290084838867 -0.23606027662754058838 -0.25637552142143249512 -0.30654087662696838379 -0.37197032570838928223
-9999 -9999 -9999 0.87385338544845581055 0.86230498552322387695 0.85685944557189941406 0.91940355300903320313 0.79833555221557617188 0.61909645795822143555 0.49806299805641174316 0.42080143094062805176 0.40919074416160583496 0.46514761447906494141 0.50921702384948730469 0.48581573367118835449 0.32815119624137878418 0.092284083366394042969 -0.0081434994935989379883 -0.031738515943288803101 0.016018904745578765869 0.02519397437572479248 0.03655556216835975647 0.016697000712156295776 -0.037184052169322967529 -0.084138825535774230957 -0.1362415999174118042 -0.16189166903495788574 -0.19248215854167938232 -0.24097993969917297363 -0.28917327523231506348 -0.3098621666431427002 -0.36396464705467224121 -0.38661861419677734375 -0.35435363650321960449 -0.27732732892036437988 -0.22951456904411315918 -0.22102451324462890625 -0.22361926734447479248 -0.25814688205718994141 -0.31576436758041381836
-9999 -9999 -9999 -9999 0.92209517955780029297 0.97076594829559326172 0.97634297609329223633 0.80501270294189453125 0.61630791425704956055 0.50852507352828979492 0.45810368657112121582 0.4598127901554107666 0.55114835500717163086 0.61221164464950561523 0.5695953369140625 0.39318627119064331055 0.1439370959997177124 0.053224299103021621704 0.052843734622001647949 0.069325648248195648193 0.063098229467868804932 0.074003137648105621338 0.072556987404823303223 0.038880467414855957031 -0.070874415338039398193 -0.15268892049789428711 -0.18964521586894989014 -0.20962832868099212646 -0.21249985694885253906 -0.21733649075031280518 -0.24376152455806732178 -0.31835222244262695313 -0.35180732607841491699 -0.3327929377555847168 -0.27408906817436218262 -0.23420588672161102295 -0.19512535631656646729 -0.20317947864532470703 -0.23431660234928131104 -0.26550215482711791992
-9999 -9999 -9999 -9999 -9999 1.0036605596542358398 0.98935830593109130859 0.84750449657440185547 0.64445590972900390625 0.55273979902267456055 0.57112449407577514648 0.60219937562942504883 0.65855062007904052734 0.6837647557258605957 0.61101460456848144531 0.41038087010383605957 0.18376493453979492188 0.11304908245801925659 0.10691160708665847778 0.096394181251525878906 0.066758565604686737061 0.067658081650733947754 0.089945338666439056396 0.071740508079528808594 -0.045674104243516921997 -0.13024251163005828857 -0.17674753069877624512 -0.18332092463970184326 -0.14452406764030456543 -0.13737638294696807861 -0.16486006975173950195 -0.22713430225849151611 -0.29204481840133666992 -0.33167198300361633301 -0.29569131135940551758 -0.22080309689044952393 -0.16450026631355285645 -0.178691864013671875 -0.21016803383827209473 -0.22633166611194610596
-9999 -9999 -9999 -9999 -9999 1.0095074176788330078 0.97608006000518798828 0.86538410186767578125 0.66778796911239624023 0.61056488752365112305 0.69161134958267211914 0.73945868015289306641 0.74190813302993774414 0.71615427732467651367 0.58923250436782836914 0.36598625779151916504 0.20758828520774841309 0.17003692686557769775 0.15129238367080688477 0.12169136106967926025 0.081254623830318450928 0.060960143804550170898 0.085572302341461181641 0.06277993321418762207 -0.020397685468196868896 -0.072901785373687744141 -0.11450789123773574829 -0.13451175391674041748 -0.1051944345235824585 -0.076437577605247497559 -0.10545045137405395508 -0.18006190657615661621 -0.27600574493408203125 -0.30321267247200012207 -0.26753646135330200195 -0.20470866560935974121 -0.13107976317405700684 -0.13594406843185424805 -0.17243677377700805664 -0.20830672979354858398
-9999 -9999 -9999 -9999 -9999 -9999 0.99195998907089233398 0.90973722934722900391 0.74689698219299316406 0.72721141576766967773 0.83524340391159057617 0.84465372562408447266 0.78089183568954467773 0.72089403867721557617 0.54975754022598266602 0.34367132186889648438 0.23904369771480560303 0.2141755223274230957 0.20390719175338745117 0.15259322524070739746 0.096920058131217956543 0.057002268731594085693 0.052774541079998016357 0.035628367215394973755 -0.0058393524959683418274 -0.030008675530552864075 -0.055458080023527145386 -0.091272681951522827148 -0.068604864180088043213 -0.020591426640748977661 -0.055132869631052017212 -0.1695375591516494751 -0.26189717650413513184 -0.26530149579048156738 -0.2157796323299407959 -0.16317175328731536865 -0.10913155227899551392 -0.1057618260383605957 -0.14894554018974304199 -0.20939998328685760498
-9999 -9999 -9999 -9999 -9999 1.1563985347747802734 1.0523105859756469727 0.96219980716705322266 0.89898455142974853516 0.91049140691757202148 0.91977030038833618164 0.85886609554290771484 0.76266622543334960938 0.71311670541763305664 0.57269519567489624023 0.38636377453804016113 0.28623372316360473633 0.25459149479866027832 0.23330062627792358398 0.17528180778026580811 0.1238086894154548645 0.067353628575801849365 0.028065508231520652771 0.0077225919812917709351 0.0074665760621428489685 0.0077502694912254810333 -0.014668455347418785095 -0.035357341170310974121 -0.0030439312104135751724 0.016939178109169006348 -0.079523608088493347168 -0.1541627347469329834 -0.19048245251178741455 -0.20175409317016601563 -0.15172021090984344482 -0.099638186395168304443 -0.071919232606887817383 -0.091888509690761566162 -0.14928458631038665771 -0.21121285855770111084
-9999 -9999 -9999 -9999 1.2105563879013061523 1.1669298410415649414 1.0122959613800048828 0.85692864656448364258 0.83820486068725585938 0.81501811742782592773 0.76494961977005004883 0.73454594612121582031 0.66864597797393798828 0.63060331344604492188 0.55517542362213134766 0.44640997052192687988 0.32655975222587585449 0.2701047062873840332 0.24454459547996520996 0.18888525664806365967 0.1474590599536895752 0.10245554149150848389 0.051501378417015075684 0.017956323921680450439 0.0046088802628219127655 0.012365482747554779053 0.0067884786985814571381 0.0090026734396815299988 0.045599166303873062134 0.01627491973340511322 -0.075115978717803955078 -0.095147527754306793213 -0.11933760344982147217 -0.14462094008922576904 -0.11257047206163406372 -0.072085298597812652588 -0.047902137041091918945 -0.090705297887325286865 -0.15115973353385925293 -0.19433654844760894775
-9999 -9999 -9999 -9999 1.185923457145690918 1.0784103870391845703 0.87366658449172973633 0.76582837104797363281 0.73961782455444335938 0.70150601863861083984 0.67802864313125610352 0.66466039419174194336 0.60273218154907226563 0.53692209720611572266 0.47839817404747009277 0.427402496337890625 0.3486671149730682373 0.30225896835327148438 0.26935049891471862793 0.2121896594762802124 0.16714464128017425537 0.13104633986949920654 0.098359279334545135498 0.061479095369577407837 0.010317351669073104858 -0.0054518682882189750671 0.012365482747554779053 0.023360343649983406067 0.037226740270853042603 0.024204505607485771179 -0.018584812059998512268 -0.03303243592381477356 -0.075192093849182128906 -0.083045564591884613037 -0.050877463072538375854 -0.028354948386549949646 -0.032866369932889938354 -0.083446890115737915039 -0.13101749122142791748 -0.17422889173030853271
-9999 -9999 -9999 -9999 1.1063231229782104492 0.97858482599258422852 0.7673575282096862793 0.73158448934555053711 0.70085561275482177734 0.7003504633903503418 0.70397621393203735352 0.66639715433120727539 0.59668463468551635742 0.52522838115692138672 0.45914852619171142578 0.38471004366874694824 0.34911686182022094727 0.32505825161933898926 0.28091275691986083984 0.22860237956047058105 0.20162379741668701172 0.17799419164657592773 0.14415852725505828857 0.097535878419876098633 0.049646992236375808716 0.01814314723014831543 -0.004081835038959980011 -0.019518926739692687988 0.017458131536841392517 0.063624098896980285645 0.072086475789546966553 0.029138009995222091675 -0.013111598789691925049 -0.0069326111115515232086 0.014226790517568588257 0.019243326038122177124 -0.012170566245913505554 -0.052178300917148590088 -0.093002520501613616943 -0.1409813612699508667
-9999 -9999 -9999 -9999 1.0963108539581298828 0.95859479904174804688 0.71280533075332641602 0.64254611730575561523 0.61327034235000610352 0.65121608972549438477 0.67562758922576904297 0.65132683515548706055 0.58815306425094604492 0.52389991283416748047 0.45011875033378601074 0.37557649612426757813 0.33602544665336608887 0.32644903659820556641 0.29695874452590942383 0.26076355576515197754 0.24824644625186920166 0.2142931520938873291 0.14663565158843994141 0.103901691734790802 0.083807870745658874512 0.064717359840869903564 -0.0021997692529112100601 -0.054247193038463592529 0.015167823061347007751 0.11208729445934295654 0.1480264514684677124 0.069055795669555664063 0.045744471251964569092 0.072280213236808776855 0.073747120797634124756 0.051286879926919937134 -0.00093352654948830604553 -0.04236664995551109314 -0.063138566911220550537 -0.10555424541234970093
-9999 -9999 -9999 -9999 1.0677407979965209961 0.9060561060905456543 0.70879209041595458984 0.64875972270965576172 0.62477725744247436523 0.65414297580718994141 0.63629102706909179688 0.5771166682243347168 0.51612943410873413086 0.47028869390487670898 0.43197619915008544922 0.38613542914390563965 0.34846645593643188477 0.33814275264739990234 0.32752847671508789063 0.31563410162925720215 0.29219129681587219238 0.21266710758209228516 0.14554239809513092041 0.12279154360294342041 0.11323590576648712158 0.081047043204307556152 0.030286623165011405945 -0.023649783805012702942 0.0080616408959031105042 0.12715072929859161377 0.19708471000194549561 0.11793415248394012451 0.090076811611652374268 0.099590927362442016602 0.092187210917472839355 0.061188481748104095459 -0.01278638932853937149 -0.036969549953937530518 -0.034229483455419540405 -0.066044695675373077393
-9999 -9999 -9999 -9999 1.0306875705718994141 0.8773199915885925293 0.73942410945892333984 0.70083481073379516602 0.70073103904724121094 0.71072953939437866211 0.6562188267707824707 0.58281821012496948242 0.48012110590934753418 0.40638840198516845703 0.37411651015281677246 0.36344686150550842285 0.34949743747711181641 0.3398933708667755127 0.35530969500541687012 0.3628241121768951416 0.3348560631275177002 0.25313150882720947266 0.18524567782878875732 0.16102792322635650635 0.11896513402462005615 0.099424861371517181396 0.079953782260417938232 0.047460474073886871338 0.03728901594877243042 0.091522954404354095459 0.19660034775733947754 0.17722614109516143799 0.13498345017433166504 0.12268082797527313232 0.11947024613618850708 0.061015497893095016479 -0.012115211226046085358 -0.019048409536480903625 -0.0030646892264485359192 -0.013865808956325054169
-9999 -9999 -9999 -9999 1.0191391706466674805 0.8568248748779296875 0.7863165736198425293 0.76986235380172729492 0.79475128650665283203 0.75917887687683105469 0.67606353759765625 0.59141206741333007813 0.4989140927791595459 0.4379476010799407959 0.40979272127151489258 0.38299405574798583984 0.34340149164199829102 0.3176199495792388916 0.30905377864837646484 0.33720174431800842285 0.34672278165817260742 0.3233076632022857666 0.26546874642372131348 0.19466292858123779297 0.136533394455909729 0.12333124876022338867 0.11135383695363998413 0.086970016360282897949 0.064848825335502624512 0.10068418830633163452 0.19278086721897125244 0.19862772524356842041 0.16607905924320220947 0.15437841415405273438 0.1499776989221572876 0.1060605272650718689 0.026280313730239868164 0.0091479802504181861877 0.024758055806159973145 0.034458998590707778931
