INPUT/RASTER/ASCII/BIO01.asc
ncols        113
nrows        135
xllcorner    473009.983799999987
yllcorner    4429001.174800000153
cellsize     100.000000000000
NODATA_value  -9999
[rows 54 to 71 of 135, columns 40 to 79 of 113]
-0.5647436976432800293 -0.67159938812255859375 -0.78761625289916992188 -0.89826720952987670898 -0.8958454132080078125 -0.95454925298690795898 -1.0163668394088745117 -0.9553311467170715332 -0.83050936460494995117 -0.74555349349975585938 -0.72194463014602661133 -0.70805400609970092773 -0.7263972163200378418 -0.75927454233169555664 -0.75768655538558959961 -0.7403812408447265625 -0.69777184724807739258 -0.64262801408767700195 -0.58353668451309204102 -0.58790278434753417969 -0.6632130742073059082 -0.69796556234359741211 -0.69096320867538452148 -0.68020707368850708008 -0.67353677749633789063 -9999 -9999 -9999 -9999 -9999 -9999 -9999 -9999 -9999 -0.88020765781402587891 -0.91026538610458374023 -0.85579270124435424805 -0.79657685756683349609 -0.76600366830825805664 -0.73262119293212890625
-0.57072204351425170898 -0.66661047935485839844 -0.73174935579299926758 -0.80203276872634887695 -0.82543748617172241211 -0.862518310546875 -0.9193089604377746582 -0.91438239812850952148 -0.82369726896286010742 -0.74100053310394287109 -0.71093595027923583984 -0.70909881591796875 -0.72653907537460327148 -0.73058342933654785156 -0.724117279052734375 -0.7178103327751159668 -0.7149975895881652832 -0.67530816793441772461 -0.55673801898956298828 -0.51969867944717407227 -0.59886306524276733398 -0.65488219261169433594 -0.65526622533798217773 -0.65568482875823974609 -0.66287404298782348633 -9999 -9999 -9999 -9999 -9999 -9999 -9999 -9999 -9999 -0.87124365568161010742 -0.86939269304275512695 -0.81611710786819458008 -0.73081868886947631836 -0.71580713987350463867 -0.70934098958969116211
-0.54974943399429321289 -0.62631213665008544922 -0.66666239500045776367 -0.72341150045394897461 -0.75525444746017456055 -0.77860033512115478516 -0.85097336769104003906 -0.87103605270385742188 -0.81393402814865112305 -0.74895781278610229492 -0.71768230199813842773 -0.71264845132827758789 -0.72842115163803100586 -0.72879481315612792969 -0.72235631942749023438 -0.70398890972137451172 -0.69029200077056884766 -0.65787136554718017578 -0.53169685602188110352 -0.45515486598014831543 -0.52703320980072021484 -0.58663654327392578125 -0.59529960155487060547 -0.59207516908645629883 -0.60590696334838867188 -9999 -9999 -9999 -9999 -9999 -9999 -9999 -9999 -9999 -0.84676986932754516602 -0.84612292051315307617 -0.79707503318786621094 -0.69376897811889648438 -0.66476994752883911133 -0.66868287324905395508
-0.49644961953163146973 -0.55975484848022460938 -0.61309617757797241211 -0.6950905919075012207 -0.74951136112213134766 -0.78505611419677734375 -0.823596954345703125 -0.82462793588638305664 -0.79397863149642944336 -0.75601208209991455078 -0.73072528839111328125 -0.70824772119522094727 -0.71491110324859619141 -0.74305558204650878906 -0.74106627702713012695 -0.70287483930587768555 -0.66781795024871826172 -0.62501823902130126953 -0.49700316786766052246 -0.40456053614616394043 -0.4469623565673828125 -0.485530853271484375 -0.46547165513038635254 -0.45458748936653137207 -0.46950563788414001465 -9999 -9999 -9999 -9999 -9999 -9999 -9999 -9999 -9999 -0.80615669488906860352 -0.80900400876998901367 -0.77599519491195678711 -0.66829884052276611328 -0.60946351289749145508 -0.60425323247909545898
-0.43408542871475219727 -0.46162447333335876465 -0.54134935140609741211 -0.67093855142593383789 -0.74012869596481323242 -0.76078295707702636719 -0.7684046626091003418 -0.74890935420989990234 -0.7298984527587890625 -0.7153504490852355957 -0.69341266155242919922 -0.67085552215576171875 -0.68456971645355224609 -0.74807214736938476563 -0.76831471920013427734 -0.72544580698013305664 -0.67069292068481445313 -0.61207902431488037109 -0.48775199055671691895 -0.38269534707069396973 -0.37905576825141906738 -0.39758580923080444336 -0.3836294710636138916 -0.38861832022666931152 -0.4018135368824005127 -9999 -9999 -9999 -9999 -9999 -9999 -9999 -0.71408766508102416992 -0.72312438488006591797 -0.72939330339431762695 -0.78349924087524414063 -0.75941640138626098633 -0.648578643798828125 -0.58644974231719970703 -0.56440466642379760742
-0.35787561535835266113 -0.39780724048614501953 -0.48734372854232788086 -0.60827338695526123047 -0.6673024296760559082 -0.68235552310943603516 -0.6779028773307800293 -0.65655666589736938477 -0.64522969722747802734 -0.64115762710571289063 -0.63500285148620605469 -0.62537109851837158203 -0.65100044012069702148 -0.73858219385147094727 -0.78650915622711181641 -0.74424916505813598633 -0.66725057363510131836 -0.60482752323150634766 -0.50338971614837646484 -0.39704608917236328125 -0.35339877009391784668 -0.35167586803436279297 -0.36223480105400085449 -0.37412226200103759766 -0.39261770248413085938 -9999 -9999 -9999 -9999 -9999 -9999 -0.61041837930679321289 -0.67060297727584838867 -0.71577948331832885742 -0.74225986003875732422 -0.76859837770462036133 -0.73196041584014892578 -0.62591773271560668945 -0.58390337228775024414 -0.55359661579132080078
-0.28611493110656738281 -0.34668007493019104004 -0.44029209017753601074 -0.53022992610931396484 -0.58339136838912963867 -0.61458384990692138672 -0.60654354095458984375 -0.59336906671524047852 -0.589508056640625 -0.59629595279693603516 -0.59741693735122680664 -0.57772439718246459961 -0.6004683375358581543 -0.67256116867065429688 -0.72824817895889282227 -0.7064037322998046875 -0.62988257408142089844 -0.57948887348175048828 -0.51570618152618408203 -0.41217872500419616699 -0.35257536172866821289 -0.33674389123916625977 -0.35721826553344726563 -0.37928411364555358887 -9999 -9999 -9999 -9999 -9999 -9999 -9999 -0.4985046684741973877 -0.55896604061126708984 -0.6745885014533996582 -0.75181549787521362305 -0.7649103999137878418 -0.7135410308837890625 -0.61646592617034912109 -0.57811188697814941406 -0.54138392210006713867
-0.2569567561149597168 -0.33068251609802246094 -0.3996200859546661377 -0.44645723700523376465 -0.50511956214904785156 -0.52506810426712036133 -0.49687862396240234375 -0.52279162406921386719 -0.53254789113998413086 -0.5436534881591796875 -0.53241646289825439453 -0.5053202509880065918 -0.51834249496459960938 -0.56690251827239990234 -0.62689340114593505859 -0.63455313444137573242 -0.55475211143493652344 -0.49946644902229309082 -0.46443372964859008789 -0.3947073519229888916 -0.34450739622116088867 -0.32280829548835754395 -0.3560765683650970459 -0.41386705636978149414 -0.47849386930465698242 -0.49112862348556518555 -9999 -9999 -9999 -9999 -9999 -0.44900357723236083984 -0.47577455639839172363 -0.58789587020874023438 -0.71590745449066162109 -0.72503411769866943359 -0.66119611263275146484 -0.59675955772399902344 -0.57361429929733276367 -0.55249643325805664063
-0.27119678258895874023 -0.33984375 -0.37656480073928833008 -0.40451899170875549316 -0.42933183908462524414 -0.4316152036190032959 -0.42232942581176757813 -0.45807483792304992676 -0.47062656283378601074 -0.4792550206184387207 -0.45327281951904296875 -0.43205115199089050293 -0.44641572237014770508 -0.47980856895446777344 -0.54870462417602539063 -0.576831817626953125 -0.49213886260986328125 -0.43609896302223205566 -0.39645794034004211426 -0.35084554553031921387 -0.31617954373359680176 -0.31177884340286254883 -0.37994143366813659668 -0.44823551177978515625 -0.49967405200004577637 -0.52512341737747192383 -0.54170221090316772461 -9999 -9999 -9999 -9999 -9999 -0.44932878017425537109 -0.50945109128952026367 -0.65529733896255493164 -0.68971771001815795898 -0.59459382295608520508 -0.54069197177886962891 -0.54990857839584350586 -0.55484902858734130859
-0.29247382283210754395 -0.33673003315925598145 -0.35029199719429016113 -0.36514785885810852051 -0.37113308906555175781 -0.36987376213073730469 -0.37617731094360351563 -0.39964777231216430664 -0.38994684815406799316 -0.3925139307975769043 -0.37017130851745605469 -0.34960696101188659668 -0.35806936025619506836 -0.38523474335670471191 -0.43799486756324768066 -0.45841389894485473633 -0.41019287705421447754 -0.3814983069896697998 -0.35912108421325683594 -0.30720514059066772461 -0.28309115767478942871 -0.35059642791748046875 -0.45800566673278808594 -0.50985932350158691406 -0.54232496023178100586 -0.56106257438659667969 -0.54982554912567138672 -0.44469973444938659668 -9999 -9999 -9999 -9999 -0.36523088812828063965 -0.40905117988586425781 -0.54973560571670532227 -0.62714248895645141602 -0.55451685190200805664 -0.50061506032943725586 -0.50437921285629272461 -0.50686323642730712891
-0.26806232333183288574 -0.30048644542694091797 -0.30624333024024963379 -0.31575745344161987305 -0.32500171661376953125 -0.32862055301666259766 -0.33017048239707946777 -0.33079323172569274902 -0.30833992362022399902 -0.29300659894943237305 -0.28711822628974914551 -0.28011584281921386719 -0.28410831093788146973 -0.29048103094100952148 -0.30316424369812011719 -0.29536610841751098633 -0.29146358370780944824 -0.29861819744110107422 -0.2880592644214630127 -0.2392431795597076416 -0.26941850781440734863 -0.4170430600643157959 -0.52882528305053710938 -0.55221271514892578125 -0.55991399288177490234 -0.52649348974227905273 -0.4646205604076385498 -0.36181962490081787109 -0.32530617713928222656 -9999 -9999 -9999 -0.34169813990592956543 -0.36861443519592285156 -0.46284919977188110352 -0.53998625278472900391 -0.50263553857803344727 -0.4552586674690246582 -0.46980315446853637695 -0.47755977511405944824
-0.23267671465873718262 -0.25767636299133300781 -0.26872658729553222656 -0.28612875938415527344 -0.29782938957214355469 -0.30641633272171020508 -0.29901260137557983398 -0.29690220952033996582 -0.28555446863174438477 -0.26497629284858703613 -0.25236922502517700195 -0.23515383899211883545 -0.24801693856716156006 -0.24136742949485778809 -0.22855968773365020752 -0.21603564918041229248 -0.21953685581684112549 -0.23132744431495666504 -0.20586419105529785156 -0.19967828691005706787 -0.29959383606910705566 -0.47156068682670593262 -0.54191672801971435547 -0.54991549253463745117 -0.53534334897994995117 -0.44600057601928710938 -0.37585210800170898438 -0.32873126864433288574 -0.31480950117111206055 -9999 -9999 -9999 -0.33950471878051757813 -0.3563741147518157959 -0.4140192866325378418 -0.46211576461791992188 -0.43800869584083557129 -0.38979461789131164551 -0.41309210658073425293 -0.43809866905212402344
-0.20810607075691223145 -0.22685752809047698975 -0.24705514311790466309 -0.26876810193061828613 -0.28358244895935058594 -0.28796932101249694824 -0.28144437074661254883 -0.26845672726631164551 -0.25834754109382629395 -0.23340325057506561279 -0.2025083005428314209 -0.18040095269680023193 -0.18626856803894042969 -0.17912086844444274902 -0.16474936902523040771 -0.16433420777320861816 -0.16826440393924713135 -0.15866725146770477295 -0.13325935602188110352 -0.20473633706569671631 -0.3338031470775604248 -0.48072192072868347168 -0.50518184900283813477 -0.48736450076103210449 -0.44956403970718383789 -0.36905729770660400391 -0.31668466329574584961 -0.29471570253372192383 -0.30075630545616149902 -9999 -9999 -9999 -0.33843219280242919922 -0.34982147812843322754 -0.39487341046333312988 -0.43158754706382751465 -0.37176966667175292969 -0.32172888517379760742 -0.32639253139495849609 -0.34533080458641052246
-0.17935612797737121582 -0.20124205946922302246 -0.2235708385705947876 -0.24925549328327178955 -0.25744110345840454102 -0.25425127148628234863 -0.24702747166156768799 -0.22840747237205505371 -0.1994015127420425415 -0.17160645127296447754 -0.12539204955101013184 -0.11113124340772628784 -0.10906235873699188232 -0.10323625802993774414 -0.096870444715023040771 -0.099264547228813171387 -0.087217941880226135254 -0.049583543092012405396 -0.066210761666297912598 -0.19733954966068267822 -0.31860822439193725586 -0.43617507815361022949 -0.4427554011344909668 -0.38790562748908996582 -0.33967769145965576172 -0.30419522523880004883 -0.27756258845329284668 -0.27031111717224121094 -0.27369466423988342285 -9999 -9999 -9999 -9999 -9999 -9999 -9999 -0.36162590980529785156 -0.32067021727561950684 -0.27368775010108947754 -0.26704517006874084473
-0.14662064611911773682 -0.18542440235614776611 -0.21332326531410217285 -0.23072545230388641357 -0.2348286360502243042 -0.23350012302398681641 -0.22076849639415740967 -0.19160339236259460449 -0.15109054744243621826 -0.11785686016082763672 -0.092698074877262115479 -0.078582577407360076904 -0.063885860145092010498 -0.050144009292125701904 -0.043383795768022537231 -0.042546555399894714355 -0.021103458479046821594 -0.0025318986736238002777 -0.069365993142127990723 -0.19754020869731903076 -0.2984867393970489502 -0.38877746462821960449 -0.38728979229927062988 -0.33147823810577392578 -0.27791547775268554688 -0.2599182426929473877 -0.26287278532981872559 -0.26417362689971923828 -9999 -9999 -9999 -9999 -9999 -9999 -9999 -9999 -0.37457200884819030762 -0.33467498421669006348 -0.26038181781768798828 -0.22483707964420318604
-0.12571725249290466309 -0.17130199074745178223 -0.1924060434103012085 -0.20387141406536102295 -0.20607177913188934326 -0.20290270447731018066 -0.17724572122097015381 -0.13296182453632354736 -0.0950506553053855896 -0.073925852775573730469 -0.068950831890106201172 -0.048732463270425796509 -0.020072475075721740723 0.0036470894701778888702 0.0259274262934923172 0.029338670894503593445 0.032556172460317611694 0.0075565273873507976532 -0.092165283858776092529 -0.22372998297214508057 -0.30555832386016845703 -0.34318581223487854004 -0.31804776191711425781 -0.27148047089576721191 -0.22756330668926239014 -0.21634702384471893311 -0.21687290072441101074 -9999 -9999 -9999 -9999 -9999 -9999 -9999 -9999 -9999 -0.34420987963676452637 -0.3223654627799987793 -0.27037337422370910645 -0.21034102141857147217
-0.071808524429798126221 -0.11196848750114440918 -0.11973200738430023193 -0.12764084339141845703 -0.13139112293720245361 -0.13287879526615142822 -0.11093750596046447754 -0.076486013829708099365 -0.03249964490532875061 -0.012987051159143447876 -0.024487026035785675049 -0.019733427092432975769 0.00069252296816557645798 0.027788734063506126404 0.075802169740200042725 0.093640275299549102783 0.050629541277885437012 -0.0068149822764098644257 -0.10584485530853271484 -0.24867427349090576172 -0.31135675311088562012 -0.29367086291313171387 -0.23482172191143035889 -0.20753867924213409424 -0.19215002655982971191 -0.19307030737400054932 -0.20457719266414642334 -0.20634163916110992432 -0.21034793555736541748 -0.21640238165855407715 -0.22752870619297027588 -0.24131207168102264404 -0.26201480627059936523 -0.27932703495025634766 -9999 -9999 -0.32900804281234741211 -0.3009777069091796875 -0.28058636188507080078 -0.1986888200044631958
-0.0211103782057762146 -0.05980343744158744812 -0.067421652376651763916 -0.069296799600124359131 -0.068521827459335327148 -0.072998657822608947754 -0.073199316859245300293 -0.050413865596055984497 -0.0084410319104790687561 0.0043321060948073863983 -0.0030439312104135751724 0.008587512187659740448 0.027491202577948570251 0.063319645822048187256 0.10637881606817245483 0.12124852091073989868 0.051023945212364196777 -0.015955455601215362549 -0.11553888022899627686 -0.2472973167896270752 -0.2919133603572845459 -0.26040259003639221191 -0.20843820273876190186 -0.18996350467205047607 -0.18064312636852264404 -0.18584649264812469482 -9999 -0.20116594433784484863 -0.2035738825798034668 -0.20858350396156311035 -0.2137107551097869873 -0.23363158106803894043 -0.25551751255989074707 -0.26887881755828857422 -9999 -9999 -9999 -0.30889347195625305176 -0.30066633224487304688 -0.19580344855785369873
