INPUT/RASTER/ASCII/BIO08.asc
ncols        113
nrows        135
xllcorner    473009.983799999987
yllcorner    4429001.174800000153
cellsize     100.000000000000
NODATA_value  -9999
[rows 54 to 71 of 135, columns 40 to 79 of 113]
-0.61963009834289550781 -0.70253705978393554688 -0.7855561375617980957 -0.87316280603408813477 -0.87450516223907470703 -0.93113750219345092773 -0.98780524730682373047 -0.91984409093856811523 -0.79442155361175537109 -0.71776312589645385742 -0.70006769895553588867 -0.69060045480728149414 -0.71116942167282104492 -0.74492281675338745117 -0.74641859531402587891 -0.73192709684371948242 -0.69221425056457519531 -0.6431019902229309082 -0.59271228313446044922 -0.60071623325347900391 -0.67261594533920288086 -0.70767927169799804688 -0.70506834983825683594 -0.69740957021713256836 -0.69236469268798828125 -9999 -9999 -9999 -9999 -9999 -9999 -9999 -9999 -9999 -0.92100059986114501953 -0.94923120737075805664 -0.90164422988891601563 -0.85101556777954101563 -0.82632517814636230469 -0.79805618524551391602
-0.59040230512619018555 -0.65777635574340820313 -0.71697837114334106445 -0.78496313095092773438 -0.81016981601715087891 -0.84682917594909667969 -0.88585758209228515625 -0.86516475677490234375 -0.78483629226684570313 -0.71366232633590698242 -0.69009304046630859375 -0.69161242246627807617 -0.7115204930305480957 -0.7190729975700378418 -0.7141520380973815918 -0.7068532109260559082 -0.7068119049072265625 -0.67357772588729858398 -0.56886273622512817383 -0.53882068395614624023 -0.61400991678237915039 -0.66831749677658081055 -0.67256581783294677734 -0.6756045222282409668 -0.68364387750625610352 -9999 -9999 -9999 -9999 -9999 -9999 -9999 -9999 -9999 -0.91202014684677124023 -0.91160416603088378906 -0.86566925048828125 -0.79121762514114379883 -0.78057914972305297852 -0.77732503414154052734
-0.54588353633880615234 -0.61693650484085083008 -0.65712440013885498047 -0.71326404809951782227 -0.74615013599395751953 -0.76347672939300537109 -0.80867403745651245117 -0.82464945316314697266 -0.77592074871063232422 -0.72091984748840332031 -0.69627082347869873047 -0.69490486383438110352 -0.71326696872711181641 -0.71532034873962402344 -0.70772647857666015625 -0.69303441047668457031 -0.68445813655853271484 -0.65801239013671875 -0.54650604724884033203 -0.48046544194221496582 -0.54888093471527099609 -0.60661077499389648438 -0.61803990602493286133 -0.61766231060028076172 -0.63162273168563842773 -9999 -9999 -9999 -9999 -9999 -9999 -9999 -9999 -9999 -0.88950699567794799805 -0.89019441604614257813 -0.84835445880889892578 -0.75756448507308959961 -0.73426663875579833984 -0.74049454927444458008
-0.49608388543128967285 -0.55676096677780151367 -0.60828649997711181641 -0.68627840280532836914 -0.73217493295669555664 -0.74921244382858276367 -0.7774283289909362793 -0.78217816352844238281 -0.75753498077392578125 -0.72713005542755126953 -0.70794481039047241211 -0.6905975341796875 -0.69877260923385620117 -0.72339510917663574219 -0.72297912836074829102 -0.69206082820892333984 -0.66409575939178466797 -0.62822109460830688477 -0.5151157379150390625 -0.43468102812767028809 -0.47622007131576538086 -0.51501542329788208008 -0.50047969818115234375 -0.49309530854225158691 -0.50796735286712646484 -9999 -9999 -9999 -9999 -9999 -9999 -9999 -9999 -9999 -0.85240805149078369141 -0.8563938140869140625 -0.82910430431365966797 -0.73439645767211914063 -0.6839625239372253418 -0.68187963962554931641
-0.43945741653442382813 -0.46809223294258117676 -0.54356169700622558594 -0.65812450647354125977 -0.69971960783004760742 -0.71570974588394165039 -0.72659605741500854492 -0.71289229393005371094 -0.69886696338653564453 -0.68978917598724365234 -0.673595428466796875 -0.65410923957824707031 -0.66549116373062133789 -0.72600895166397094727 -0.74757802486419677734 -0.71246159076690673828 -0.66665065288543701172 -0.61638778448104858398 -0.50672823190689086914 -0.41488212347030639648 -0.41451039910316467285 -0.43507635593414306641 -0.42627289891242980957 -0.4334271848201751709 -0.44681525230407714844 -9999 -9999 -9999 -9999 -9999 -9999 -9999 -0.76024031639099121094 -0.77002918720245361328 -0.77785015106201171875 -0.83367121219635009766 -0.81391656398773193359 -0.71636474132537841797 -0.66293925046920776367 -0.64558905363082885742
-0.36974087357521057129 -0.40969562530517578125 -0.49160838127136230469 -0.5838292241096496582 -0.62788480520248413086 -0.64422899484634399414 -0.64439421892166137695 -0.62864005565643310547 -0.62177193164825439453 -0.6222617030143737793 -0.6183821558952331543 -0.60819798707962036133 -0.63362592458724975586 -0.71722322702407836914 -0.76405793428421020508 -0.72951680421829223633 -0.66348797082901000977 -0.60974389314651489258 -0.52090996503829956055 -0.42795157432556152344 -0.39110633730888366699 -0.39324226975440979004 -0.4068781733512878418 -0.4198207855224609375 -0.43828913569450378418 -9999 -9999 -9999 -9999 -9999 -9999 -0.66386264562606811523 -0.7198607325553894043 -0.76379829645156860352 -0.7914034724235534668 -0.81957507133483886719 -0.78884267807006835938 -0.69565421342849731445 -0.66058200597763061523 -0.6351216435432434082
-0.3037681281566619873 -0.35958325862884521484 -0.43302300572395324707 -0.50043839216232299805 -0.55121457576751708984 -0.58268749713897705078 -0.57962220907211303711 -0.57121998071670532227 -0.57090133428573608398 -0.57883447408676147461 -0.57899087667465209961 -0.56284725666046142578 -0.58762317895889282227 -0.65722173452377319336 -0.71112513542175292969 -0.69516152143478393555 -0.62954282760620117188 -0.58674991130828857422 -0.53228300809860229492 -0.44191789627075195313 -0.39049857854843139648 -0.37977454066276550293 -0.40241450071334838867 -0.42427560687065124512 -9999 -9999 -9999 -9999 -9999 -9999 -9999 -0.56189727783203125 -0.61853557825088500977 -0.72707992792129516602 -0.80081468820571899414 -0.81570148468017578125 -0.77184945344924926758 -0.68683898448944091797 -0.65481728315353393555 -0.61802518367767333984
-0.27401813864707946777 -0.32324841618537902832 -0.37791296839714050293 -0.4228388667106628418 -0.48002585768699645996 -0.50129097700119018555 -0.47948595881462097168 -0.50658077001571655273 -0.51665574312210083008 -0.52577483654022216797 -0.5182812809944152832 -0.4967683255672454834 -0.51261985301971435547 -0.56078505516052246094 -0.61861222982406616211 -0.62954282760620117188 -0.56075263023376464844 -0.51356095075607299805 -0.48555159568786621094 -0.42601919174194335938 -0.38326171040534973145 -0.36727154254913330078 -0.4016208946704864502 -0.45696991682052612305 -0.51989507675170898438 -0.53359293937683105469 -9999 -9999 -9999 -9999 -9999 -0.51695370674133300781 -0.54347026348114013672 -0.64869856834411621094 -0.76877534389495849609 -0.78005695343017578125 -0.72442764043807983398 -0.66888099908828735352 -0.6490319371223449707 -0.61998999118804931641
-0.27337795495986938477 -0.3196786344051361084 -0.35447940230369567871 -0.38439458608627319336 -0.41081377863883972168 -0.41612416505813598633 -0.4115867316722869873 -0.44575908780097961426 -0.45570427179336547852 -0.46592381596565246582 -0.44609245657920837402 -0.43008753657341003418 -0.44726073741912841797 -0.48158651590347290039 -0.54737335443496704102 -0.57680475711822509766 -0.50346237421035766602 -0.45556560158729553223 -0.42337873578071594238 -0.38583427667617797852 -0.35724669694900512695 -0.35707262158393859863 -0.42331087589263916016 -0.48851066827774047852 -0.53903901576995849609 -0.56515431404113769531 -0.58172571659088134766 -9999 -9999 -9999 -9999 -9999 -0.52166521549224853516 -0.5777104496955871582 -0.71371543407440185547 -0.74820053577423095703 -0.6643848419189453125 -0.61743217706680297852 -0.61797499656677246094 -0.61570036411285400391
-0.27503007650375366211 -0.31453052163124084473 -0.3304882347583770752 -0.3483842313289642334 -0.35753285884857177734 -0.35959506034851074219 -0.36730396747589111328 -0.38737726211547851563 -0.38047668337821960449 -0.38697898387908935547 -0.37046661972999572754 -0.35506647825241088867 -0.36690863966941833496 -0.39568802714347839355 -0.44687131047248840332 -0.46926641464233398438 -0.42901661992073059082 -0.40588691830635070801 -0.38934800028800964355 -0.3459237515926361084 -0.32693028450012207031 -0.39228346943855285645 -0.49424588680267333984 -0.54443496465682983398 -0.57768392562866210938 -0.59841507673263549805 -0.58999812602996826172 -0.49628448486328125 -9999 -9999 -9999 -9999 -0.44587120413780212402 -0.48685854673385620117 -0.61801630258560180664 -0.69148850440979003906 -0.62776678800582885742 -0.57368046045303344727 -0.56825798749923706055 -0.57182770967483520508
-0.24815654754638671875 -0.28123438358306884766 -0.29011452198028564453 -0.30326953530311584473 -0.31507924199104309082 -0.31974944472312927246 -0.32031294703483581543 -0.32335460186004638672 -0.30641445517539978027 -0.29666990041732788086 -0.2951564490795135498 -0.29211771488189697266 -0.29982957243919372559 -0.30958595871925354004 -0.32431343197822570801 -0.32112130522727966309 -0.32136321067810058594 -0.33093667030334472656 -0.32514539361000061035 -0.28433504700660705566 -0.31469276547431945801 -0.45293694734573364258 -0.55878186225891113281 -0.58295297622680664063 -0.59358263015747070313 -0.5669657588005065918 -0.51312726736068725586 -0.4230689704418182373 -0.39205038547515869141 -9999 -9999 -9999 -0.42489221692085266113 -0.45051777362823486328 -0.53946387767791748047 -0.61268824338912963867 -0.57758653163909912109 -0.5236861109733581543 -0.5353571772575378418 -0.54544687271118164063
-0.21564516425132751465 -0.24195814132690429688 -0.25564125180244445801 -0.27592694759368896484 -0.28860107064247131348 -0.29499417543411254883 -0.29076650738716125488 -0.29233899712562561035 -0.28551807999610900879 -0.27105611562728881836 -0.26343572139739990234 -0.25109201669692993164 -0.26695236563682556152 -0.26479873061180114746 -0.25640240311622619629 -0.24900916218757629395 -0.25602182745933532715 -0.26990553736686706543 -0.25064653158187866211 -0.24897965788841247559 -0.3429883122444152832 -0.50324112176895141602 -0.57110494375228881836 -0.58117401599884033203 -0.57145601511001586914 -0.49382105469703674316 -0.43266603350639343262 -0.3933455348014831543 -0.38259199261665344238 -9999 -9999 -9999 -0.42302176356315612793 -0.43952822685241699219 -0.49517226219177246094 -0.54139918088912963867 -0.50923591852188110352 -0.46029186248779296875 -0.48392897844314575195 -0.50954866409301757813
-0.193132057785987854 -0.21375997364521026611 -0.23549716174602508545 -0.25769755244255065918 -0.27017104625701904297 -0.27624556422233581543 -0.27460819482803344727 -0.26636233925819396973 -0.26063007116317749023 -0.24214695394039154053 -0.21786372363567352295 -0.20109175145626068115 -0.21060323715209960938 -0.20778283476829528809 -0.19808842241764068604 -0.20184110105037689209 -0.20929630100727081299 -0.20373514294624328613 -0.18453218042850494385 -0.25368231534957885742 -0.37434023618698120117 -0.51203864812850952148 -0.5383103489875793457 -0.52488976716995239258 -0.49396562576293945313 -0.42427855730056762695 -0.37925824522972106934 -0.36264559626579284668 -0.37000933289527893066 -9999 -9999 -9999 -0.42204231023788452148 -0.43358942866325378418 -0.47774827480316162109 -0.51318627595901489258 -0.43697923421859741211 -0.39312133193016052246 -0.40019005537033081055 -0.4204108119010925293
-0.16620248556137084961 -0.18986026942729949951 -0.21167711913585662842 -0.23459145426750183105 -0.2444451749324798584 -0.24549545347690582275 -0.24341554939746856689 -0.23010122776031494141 -0.20727245509624481201 -0.18622855842113494873 -0.14797605574131011963 -0.1383495032787322998 -0.14061821997165679932 -0.13899558782577514648 -0.13661476969718933105 -0.14293412864208221436 -0.13583001494407653809 -0.10469047725200653076 -0.12382557988166809082 -0.24724787473678588867 -0.36075448989868164063 -0.47170624136924743652 -0.48162782192230224609 -0.43460136651992797852 -0.39433091878890991211 -0.3656902015209197998 -0.34401202201843261719 -0.34012660384178161621 -0.3445873260498046875 -9999 -9999 -9999 -9999 -9999 -9999 -9999 -0.42593657970428466797 -0.39064019918441772461 -0.35068541765213012695 -0.34767913818359375
-0.13366749882698059082 -0.17121490836143493652 -0.19614128768444061279 -0.21489286422729492188 -0.22243066132068634033 -0.22594437003135681152 -0.21893170475959777832 -0.19640089571475982666 -0.16326113045215606689 -0.13726972043514251709 -0.11827327311038970947 -0.10880307853221893311 -0.099554151296615600586 -0.090721204876899719238 -0.087980456650257110596 -0.091361403465270996094 -0.075689852237701416016 -0.061941843479871749878 -0.12689970433712005615 -0.24778482317924499512 -0.34278178215026855469 -0.42889565229415893555 -0.43131187558174133301 -0.38342690467834472656 -0.33846268057823181152 -0.32528996467590332031 -0.33034661412239074707 -0.33399602770805358887 -9999 -9999 -9999 -9999 -9999 -9999 -9999 -9999 -0.43815046548843383789 -0.40357097983360290527 -0.33861017227172851563 -0.30796924233436584473
-0.11224303394556045532 -0.1526934504508972168 -0.17417101562023162842 -0.18915222585201263428 -0.19472518563270568848 -0.19591116905212402344 -0.17718614637851715088 -0.14119350910186767578 -0.1105348542332649231 -0.095594964921474456787 -0.095645114779472351074 -0.08109760284423828125 -0.059133239090442657471 -0.041207723319530487061 -0.024320686236023902893 -0.025365063920617103577 -0.026329783722758293152 -0.052327089011669158936 -0.14739191532135009766 -0.27191758155822753906 -0.34953778982162475586 -0.38759261369705200195 -0.36845457553863525391 -0.32904851436614990234 -0.29295557737350463867 -0.28597536683082580566 -0.28756257891654968262 -9999 -9999 -9999 -9999 -9999 -9999 -9999 -9999 -9999 -0.41180208325386047363 -0.39298561215400695801 -0.34740772843360900879 -0.28698140382766723633
-0.058292426168918609619 -0.096845850348472595215 -0.10813633352518081665 -0.11995784938335418701 -0.12689085304737091064 -0.13213634490966796875 -0.11665655672550201416 -0.088959924876689910889 -0.052507054060697555542 -0.039027515798807144165 -0.053185604512691497803 -0.052610311657190322876 -0.038186702877283096313 -0.017187064513564109802 0.023174844682216644287 0.035291384905576705933 -0.0078555298969149589539 -0.063443504273891448975 -0.15787403285503387451 -0.29271367192268371582 -0.35290986299514770508 -0.34068417549133300781 -0.29091107845306396484 -0.26904112100601196289 -0.25874781608581542969 -0.26352423429489135742 -0.27652287483215332031 -0.28429964184761047363 -0.28990212082862854004 -0.29768773913383483887 -0.31130594015121459961 -0.32575312256813049316 -0.32957661151885986328 -0.3364919126033782959 -9999 -9999 -0.3981603085994720459 -0.37263798713684082031 -0.34829574823379516602 -0.26487246155738830566
-0.010788044892251491547 -0.049394574016332626343 -0.060528691858053207397 -0.066783152520656585693 -0.069547504186630249023 -0.07752488553524017334 -0.082174427807331085205 -0.065083824098110198975 -0.030477788299322128296 -0.023155352100729942322 -0.033307045698165893555 -0.026503847911953926086 -0.013478642329573631287 0.015489531680941581726 0.051334660500288009644 0.06073404848575592041 -0.00723598431795835495 -0.071521200239658355713 -0.16633525490760803223 -0.29048329591751098633 -0.33415830135345458984 -0.30939123034477233887 -0.2658519446849822998 -0.2517941594123840332 -0.24626545608043670654 -0.25357609987258911133 -9999 -0.27917808294296264648 -0.28316971659660339355 -0.29033285379409790039 -0.29792669415473937988 -0.3092466890811920166 -0.3169555962085723877 -0.3275527656078338623 -9999 -9999 -9999 -0.3671004176139831543 -0.34827509522438049316 -0.25183251500129699707
