INPUT/RASTER/ASCII/BIO08.asc
ncols        113
nrows        135
xllcorner    473009.983799999987
yllcorner    4429001.174800000153
cellsize     100.000000000000
NODATA_value  -9999
[rows 0 to 17 of 135, columns 0 to 39 of 113]
-9999.0 -9999 -9999 -9999 -9999 -9999 -9999 -9999 -9999 -9999 -9999 -9999 -9999 -9999 -9999 -9999 -9999 -9999 -9999 -9999 -9999 -9999 -2.1945853233337402344 -2.2206563949584960938 -2.2295572757720947266 -2.26863861083984375 -2.2671163082122802734 -2.2782063484191894531 -2.3066256046295166016 -2.3869748115539550781 -2.4286465644836425781 -2.5270748138427734375 -2.55051422119140625 -2.5825712680816650391 -9999 -9999 -9999 -9999 -9999 -9999
-9999 -9999 -9999 -9999 -9999 -9999 -9999 -9999 -9999 -9999 -9999 -9999 -9999 -9999 -9999 -9999 -9999 -9999 -9999 -9999 -2.0583679676055908203 -2.0648672580718994141 -2.1452841758728027344 -2.2075161933898925781 -2.2423906326293945313 -2.2589001655578613281 -2.2582421302795410156 -2.2695591449737548828 -2.2959253787994384766 -2.3503096103668212891 -2.4098508358001708984 -2.4561545848846435547 -2.5170116424560546875 -2.5997445583343505859 -2.67034912109375 -9999 -9999 -9999 -9999 -9999
-9999 -9999 -9999 -9999 -9999 -9999 -9999 -9999 -9999 -9999 -9999 -9999 -9999 -9999 -9999 -9999 -9999 -9999 -9999 -9999 -2.0681273937225341797 -2.0801553726196289063 -2.1324064731597900391 -2.1832094192504882813 -2.21712493896484375 -2.2323451042175292969 -2.2370359897613525391 -2.2469811439514160156 -2.2676119804382324219 -2.3211939334869384766 -2.3863198757171630859 -2.4350485801696777344 -2.4932947158813476563 -2.5770485401153564453 -2.6079518795013427734 -2.5857927799224853516 -2.5539188385009765625 -9999 -9999 -9999
-9999 -9999 -9999 -9999 -9999 -9999 -9999 -9999 -9999 -9999 -9999 -9999 -9999 -9999 -9999 -9999 -9999 -9999 -9999 -9999 -2.0543911457061767578 -2.0831615924835205078 -2.1350500583648681641 -2.1692872047424316406 -2.1877439022064208984 -2.1975858211517333984 -2.2077078819274902344 -2.2206711769104003906 -2.2461757659912109375 -2.3090212345123291016 -2.3676242828369140625 -2.40430450439453125 -2.4408309459686279297 -2.5029685497283935547 -2.5364651679992675781 -2.5530986785888671875 -2.5470123291015625 -2.5403594970703125 -9999 -9999
-9999 -9999 -9999 -9999 -9999 -9999 -9999 -9999 -9999 -9999 -9999 -9999 -9999 -9999 -9999 -9999 -9999 -9999 -9999 -9999 -2.0627284049987792969 -2.0833356380462646484 -2.1224701404571533203 -2.1490988731384277344 -2.1626818180084228516 -2.1690099239349365234 -2.1721754074096679688 -2.1818668842315673828 -2.2069821357727050781 -2.2680604457855224609 -2.3248286247253417969 -2.3492534160614013672 -2.3707427978515625 -2.4192414283752441406 -2.4701030254364013672 -2.5246407985687255859 -2.5384182929992675781 -2.5444455146789550781 -2.6031136512756347656 -2.6496443748474121094
-9999 -9999 -9999 -9999 -9999 -9999 -9999 -9999 -9999 -9999 -9999 -9999 -9999 -9999 -9999 -9999 -9999 -9999 -9999 -1.9800957441329956055 -2.0591881275177001953 -2.0866458415985107422 -2.1138203144073486328 -2.1345307826995849609 -2.1409032344818115234 -2.1446528434753417969 -2.1482787132263183594 -2.1581885814666748047 -2.1814746856689453125 -2.2202670574188232422 -2.26611328125 -2.2884168624877929688 -2.3122723102569580078 -2.3623316287994384766 -2.424652099609375 -2.4920380115509033203 -2.5196313858032226563 -2.5248827934265136719 -2.5388607978820800781 -2.6050519943237304688
-9999 -9999 -9999 -9999 -9999 -9999 -9999 -9999 -9999 -9999 -9999 -9999 -9999 -9999 -9999 -9999 -9999 -9999 -9999 -1.7979524135589599609 -1.9606981277465820313 -2.0448706150054931641 -2.082996368408203125 -2.1078815460205078125 -2.1121416091918945313 -2.1234762668609619141 -2.1370325088500976563 -2.1501402854919433594 -2.1637585163116455078 -2.1825277805328369141 -2.2064836025238037109 -2.2219545841217041016 -2.2499904632568359375 -2.3131160736083984375 -2.3785843849182128906 -2.4526820182800292969 -2.4894123077392578125 -2.4914243221282958984 -2.4768886566162109375 -2.4840133190155029297
-9999 -9999 -9999 -9999 -9999 -9999 -9999 -9999 -9999 -9999 -9999 -9999 -9999 -9999 -9999 -9999 -9999 -9999 -1.6758694648742675781 -1.7805166244506835938 -1.877956390380859375 -1.9389107227325439453 -1.9617189168930053711 -1.9936313629150390625 -2.0269010066986083984 -2.0573382377624511719 -2.1099584102630615234 -2.1437649726867675781 -2.1476237773895263672 -2.15302276611328125 -2.1686530113220214844 -2.1834895610809326172 -2.2105784416198730469 -2.266361236572265625 -2.3336024284362792969 -2.4089038372039794922 -2.4493718147277832031 -2.4567151069641113281 -2.4392526149749755859 -2.4110398292541503906
-9999 -9999 -9999 -9999 -9999 -9999 -9999 -9999 -9999 -9999 -9999 -9999 -9999 -9999 -9999 -9999 -9999 -9999 -1.6385138034820556641 -1.717898249626159668 -1.8375059366226196289 -1.8791866302490234375 -1.8878779411315917969 -1.9170820713043212891 -1.9423182010650634766 -1.9710946083068847656 -2.028957366943359375 -2.0850260257720947266 -2.1070110797882080078 -2.1279931068420410156 -2.1473257541656494141 -2.1642985343933105469 -2.2005212306976318359 -2.2610538005828857422 -2.3165678977966308594 -2.3556051254272460938 -2.3922822475433349609 -2.4155771732330322266 -2.4154031276702880859 -2.3876061439514160156
-9999 -9999 -9999 -9999 -9999 -9999 -9999 -9999 -9999 -9999 -9999 -9999 -9999 -9999 -9999 -9999 -9999 -1.5572295188903808594 -1.5830969810485839844 -1.6812064647674560547 -1.8063722848892211914 -1.8405977487564086914 -1.8512716293334960938 -1.8777763843536376953 -1.8966252803802490234 -1.9215605258941650391 -1.9513193368911743164 -1.9841434955596923828 -2.0100846290588378906 -2.0614361763000488281 -2.1024441719055175781 -2.136684417724609375 -2.1890537738800048828 -2.2599532604217529297 -2.2981939315795898438 -2.3060946464538574219 -2.3162257671356201172 -2.3345170021057128906 -2.3537023067474365234 -2.3598890304565429688
-9999 -9999 -9999 -9999 -9999 -9999 -9999 -9999 -9999 -9999 -9999 -9999 -9999 -9999 -9999 -9999 -9999 -1.5348933935165405273 -1.5408173799514770508 -1.655566096305847168 -1.7845288515090942383 -1.8041950464248657227 -1.8193089962005615234 -1.8408042192459106445 -1.8576765060424804688 -1.883726954460144043 -1.9141968488693237305 -1.9356714487075805664 -1.9515523910522460938 -1.9789835214614868164 -2.0158228874206542969 -2.0659589767456054688 -2.1506979465484619141 -2.2356905937194824219 -2.2765009403228759766 -2.2815253734588623047 -2.2684292793273925781 -2.2685000896453857422 -2.2853929996490478516 -2.3050236701965332031
-9999 -9999 -9999 -9999 -9999 -9999 -9999 -9999 -9999 -9999 -9999 -9999 -9999 -9999 -9999 -9999 -9999 -1.5380442142486572266 -1.5409353971481323242 -1.6584100723266601563 -1.7769733667373657227 -1.7805460691452026367 -1.7930608987808227539 -1.8276020288467407227 -1.8442884683609008789 -1.8630311489105224609 -1.8916895389556884766 -1.9151408672332763672 -1.9387012720108032227 -1.9708645343780517578 -1.9995878934860229492 -2.032459259033203125 -2.0967798233032226563 -2.1679744720458984375 -2.2296841144561767578 -2.2639243602752685547 -2.2423081398010253906 -2.2289376258850097656 -2.2456564903259277344 -2.2621304988861083984
-9999 -9999 -9999 -9999 -9999 -9999 -9999 -9999 -9999 -9999 -9999 -9999 -9999 -9999 -9999 -9999 -9999 -1.5390207767486572266 -1.5401211977005004883 -1.6440042257308959961 -1.7582277059555053711 -1.7658569812774658203 -1.7885706424713134766 -1.8280593156814575195 -1.8386859893798828125 -1.8463654518127441406 -1.8787233829498291016 -1.9140256643295288086 -1.9425306320190429688 -1.9763666391372680664 -2.0025942325592041016 -2.0227942466735839844 -2.0486941337585449219 -2.0701069831848144531 -2.1204905509948730469 -2.1696944236755371094 -2.1796011924743652344 -2.1792294979095458984 -2.2092301845550537109 -2.2310647964477539063
-9999 -9999 -9999 -9999 -9999 -9999 -9999 -9999 -9999 -9999 -9999 -9999 -9999 -9999 -9999 -9999 -9999 -1.533648371696472168 -1.5021312236785888672 -1.5859941244125366211 -1.7049911022186279297 -1.7393168210983276367 -1.7758611440658569336 -1.8095142841339111328 -1.826672673225402832 -1.8422380685806274414 -1.8863202333450317383 -1.9388842582702636719 -1.9674746990203857422 -1.9892621040344238281 -1.9948852062225341797 -1.9943246841430664063 -1.9880613088607788086 -1.9925545454025268555 -2.0103473663330078125 -2.0232398509979248047 -2.0369582176208496094 -2.0751311779022216797 -2.1582562923431396484 -2.2056221961975097656
-9999 -9999 -9999 -9999 -9999 -9999 -9999 -9999 -9999 -9999 -9999 -9999 -9999 -9999 -9999 -9999 -9999 -1.5522141456604003906 -1.5395429134368896484 -1.6253116130828857422 -1.7142281532287597656 -1.7305192947387695313 -1.7519496679306030273 -1.7916094064712524414 -1.8321660757064819336 -1.8754987716674804688 -1.9269948005676269531 -1.9731509685516357422 -1.9838070869445800781 -1.980355381965637207 -1.9715754985809326172 -1.9614474773406982422 -1.9414744377136230469 -1.9352790117263793945 -1.9486169815063476563 -1.9509652853012084961 -1.9448112249374389648 -1.9763077497482299805 -2.0794060230255126953 -2.1732199192047119141
-9999 -9999 -9999 -9999 -9999 -9999 -9999 -9999 -9999 -9999 -9999 -9999 -9999 -9999 -9999 -1.455326080322265625 -1.5400415658950805664 -1.5894310474395751953 -1.6290643215179443359 -1.6643341779708862305 -1.688750147819519043 -1.7050529718399047852 -1.7465566396713256836 -1.8120101690292358398 -1.8648662567138671875 -1.920483708381652832 -1.9703482389450073242 -1.9983516931533813477 -1.9856303930282592773 -1.9586889743804931641 -1.9363558292388916016 -1.9198611974716186523 -1.8873262405395507813 -1.8703535795211791992 -1.8892822265625 -1.8935570716857910156 -1.8926188945770263672 -1.9170172214508056641 -1.993250727653503418 -2.0706083774566650391
-9999 -9999 -9999 -9999 -9999 -9999 -9999 -9999 -9999 -9999 -9999 -9999 -9999 -9999 -1.3701090812683105469 -1.4317390918731689453 -1.5431598424911499023 -1.6211606264114379883 -1.6409890651702880859 -1.6400302648544311523 -1.6554126739501953125 -1.7099415063858032227 -1.8017433881759643555 -1.8847919702529907227 -1.9126390218734741211 -1.9363470077514648438 -1.9676989316940307617 -1.9793405532836914063 -1.9611554145812988281 -1.9338423013687133789 -1.9073759317398071289 -1.8801512718200683594 -1.8446483612060546875 -1.8180049657821655273 -1.8174356222152709961 -1.8240941762924194336 -1.838090062141418457 -1.8742036819458007813 -1.945652008056640625 -1.9923155307769775391
-9999 -9999 -9999 -9999 -9999 -9999 -9999 -9999 -9999 -9999 -9999 -9999 -9999 -9999 -1.3744635581970214844 -1.4240950345993041992 -1.5521107912063598633 -1.5974851846694946289 -1.6035153865814208984 -1.6280877590179443359 -1.6858648061752319336 -1.7628949880599975586 -1.8454302549362182617 -1.8929079771041870117 -1.8999207019805908203 -1.9128957986831665039 -1.9235253334045410156 -1.9310837984085083008 -1.9257527589797973633 -1.9206459522247314453 -1.8988969326019287109 -1.8686070442199707031 -1.8270562887191772461 -1.8050388097763061523 -1.7995631694793701172 -1.7989170551300048828 -1.8083636760711669922 -1.8544372320175170898 -1.9188522100448608398 -1.9520068168640136719
