INPUT/RASTER/ASCII/BIO06.asc
ncols        113
nrows        135
xllcorner    473009.983799999987
yllcorner    4429001.174800000153
cellsize     100.000000000000
NODATA_value  -9999
[rows 36 to 53 of 135, columns 40 to 79 of 113]
-0.18982008099555969238 -0.22408506274223327637 -0.2537383735179901123 -0.2877846062183380127 -0.34327459335327148438 -0.38580626249313354492 -0.3479874730110168457 -0.14445123076438903809 -0.051429737359285354614 -0.15140706300735473633 -0.32313680648803710938 -0.49073642492294311523 -0.61065733432769775391 -0.68202447891235351563 -9999 -9999 -9999 -9999 -9999 -9999 -9999 -9999 -1.7666456699371337891 -1.7676904201507568359 -1.7641577720642089844 -1.7675124406814575195 -9999 -9999 -9999 -9999 -9999 -9999 -9999 -9999 -9999 -9999 -9999 -9999 -9999 -9999
-0.14259514212608337402 -0.17367684841156005859 -0.19440561532974243164 -0.22488658130168914795 -0.25630620121955871582 -0.2220722585916519165 0.047657910734415054321 0.10451752692461013794 0.054125647991895675659 -0.058888368308544158936 -0.23128902912139892578 -0.36545461416244506836 -0.49217462539672851563 -0.61111932992935180664 -0.65882420539855957031 -0.68474084138870239258 -0.68800574541091918945 -9999 -9999 -9999 -9999 -1.6983964443206787109 -1.7432706356048583984 -1.7585748434066772461 -1.7660677433013916016 -1.7706027030944824219 -9999 -9999 -9999 -9999 -9999 -9999 -9999 -9999 -9999 -9999 -9999 -9999 -9999 -9999
-0.10070012509822845459 -0.13485735654830932617 -0.15903221070766448975 -0.18658621609210968018 -0.12430688738822937012 0.10484238713979721069 0.22585538029670715332 0.17605280876159667969 0.068765394389629364014 -0.1237567514181137085 -0.20131084322929382324 -0.25330740213394165039 -0.32888627052307128906 -0.47123038768768310547 -0.59859359264373779297 -0.65170019865036010742 -0.64481455087661743164 -0.58206999301910400391 -9999 -9999 -9999 -1.6497333049774169922 -1.6836179494857788086 -1.6986445188522338867 -1.7053506374359130859 -1.7105696201324462891 -9999 -9999 -9999 -9999 -9999 -9999 -9999 -9999 -9999 -9999 -9999 -9999 -9999 -1.9791929721832275391
-0.062500968575477600098 -0.091597624123096466064 -0.11561086028814315796 -0.065759323537349700928 0.18226425349712371826 0.30456361174583435059 0.23730696737766265869 0.10005933046340942383 -0.016869289800524711609 -0.073048181831836700439 -0.12531083822250366211 -0.17305815219879150391 -0.21693658828735351563 -0.29519098997116088867 -0.38023146986961364746 -0.48936682939529418945 -0.5365574955940246582 -0.5042775273323059082 -0.74953085184097290039 -9999 -1.4931510686874389648 -1.5419708490371704102 -1.5741496086120605469 -1.5871161222457885742 -1.5947983264923095703 -1.5833402872085571289 -9999 -9999 -9999 -9999 -9999 -9999 -9999 -9999 -9999 -9999 -9999 -9999 -9999 -1.9663717746734619141
-0.044149041175842285156 -0.067406453192234039307 -0.0090351970866322517395 0.28612354397773742676 0.35602638125419616699 0.24082814157009124756 0.10360499471426010132 0.045094974339008331299 0.013794516213238239288 -0.016647277399897575378 -0.057411007583141326904 -0.093817748129367828369 -0.14047296345233917236 -0.19679224491119384766 -0.25661802291870117188 -0.32651269435882568359 -0.4363581240177154541 -0.72938323020935058594 -1.2817692756652832031 -1.407101750373840332 -1.4568340778350830078 -1.4842460155487060547 -1.4976598024368286133 -1.5118032693862915039 -1.5243959426879882813 -1.5310825109481811523 -9999 -9999 -9999 -9999 -9999 -9999 -9999 -9999 -9999 -9999 -9999 -9999 -9999 -1.8590565919876098633
-0.0010900974739342927933 0.039469577372074127197 0.26657176017761230469 0.38218790292739868164 0.2538452446460723877 0.14661659300327301025 0.10734328627586364746 0.070644341409206390381 0.046520099043846130371 0.015751816332340240479 -0.019032277166843414307 -0.041416332125663757324 -0.064420714974403381348 -0.12502679228782653809 -0.20335629582405090332 -0.26721581816673278809 -0.42604598402976989746 -1.1464022397994995117 -1.373701930046081543 -1.375559687614440918 -1.4052913188934326172 -1.418066859245300293 -1.430184483528137207 -1.4470132589340209961 -1.4578658342361450195 -1.4631075859069824219 -9999 -9999 -9999 -9999 -9999 -9999 -9999 -9999 -9999 -9999 -9999 -9999 -9999 -1.7562191486358642578
0.16455878317356109619 0.37576749920845031738 0.40373286604881286621 0.26976156234741210938 0.16942834854125976563 0.16130042076110839844 0.14769564568996429443 0.11561324447393417358 0.089936546981334686279 0.05322290956974029541 0.02438907139003276825 0.0097852367907762527466 -0.00097092910436913371086 -0.050148271024227142334 -0.12258302420377731323 -0.22901339828968048096 -0.77588176727294921875 -1.2435603141784667969 -1.2834115028381347656 -1.2866454124450683594 -1.298550724983215332 -1.3170415163040161133 -1.3474245071411132813 -1.3862717151641845703 -1.4163005352020263672 -1.4350638389587402344 -9999 -9999 -9999 -9999 -9999 -9999 -9999 -9999 -9999 -9999 -9999 -9999 -9999 -9999
0.4417018592357635498 0.39613875746726989746 0.28570562601089477539 0.24905075132846832275 0.22363361716270446777 0.204021453857421875 0.17474685609340667725 0.14732834696769714355 0.12956246733665466309 0.10273000597953796387 0.078138887882232666016 0.065887399017810821533 0.048315785825252532959 0.001631184830330312252 -0.044395539909601211548 -0.34318318963050842285 -1.066188812255859375 -1.1764374971389770508 -1.182356715202331543 -1.1936368942260742188 -1.2130761146545410156 -1.2290935516357421875 -1.2542185783386230469 -1.287600398063659668 -1.3290382623672485352 -9999 -9999 -9999 -9999 -9999 -9999 -9999 -9999 -9999 -9999 -9999 -9999 -9999 -9999 -1.4992775917053222656
0.41822406649589538574 0.31017595529556274414 0.29813015460968017578 0.27978637814521789551 0.26505684852600097656 0.24952580034732818604 0.20775158703327178955 0.16974015533924102783 0.14296318590641021729 0.12696361541748046875 0.12353875488042831421 0.10600305348634719849 0.079080805182456970215 0.031857497990131378174 -0.10303451865911483765 -0.70046943426132202148 -1.0696578025817871094 -1.1153792142868041992 -1.1333752870559692383 -1.1483790874481201172 -1.1639950275421142578 -1.176138758659362793 -1.2012082338333129883 -1.2212660312652587891 -9999 -9999 -9999 -9999 -9999 -9999 -9999 -9999 -9999 -9999 -9999 -9999 -9999 -9999 -9999 -1.4854753017425537109
0.34944272041320800781 0.32568576931953430176 0.31112113595008850098 0.2956994473934173584 0.28442251682281494141 0.2721334993839263916 0.19935429096221923828 0.20775485038757324219 0.18344451487064361572 0.14990270137786865234 0.14759932458400726318 0.14019620418548583984 0.11967965960502624512 -0.03531099855899810791 -0.58285027742385864258 -0.95005524158477783203 -1.012305140495300293 -1.0337848663330078125 -1.0542654991149902344 -1.0687322616577148438 -1.0776959657669067383 -1.0971448421478271484 -1.1263329982757568359 -1.1223399639129638672 -1.0780452489852905273 -9999 -9999 -9999 -9999 -9999 -9999 -9999 -9999 -9999 -9999 -9999 -9999 -9999 -9999 -9999
0.35874438285827636719 0.34263053536415100098 0.32483366131782531738 0.30895325541496276855 0.30100652575492858887 -9999 0.27706509828567504883 0.25703829526901245117 0.24267606437206268311 0.20911304652690887451 0.17280098795890808105 0.15497469902038574219 0.12907436490058898926 -0.27951464056968688965 -0.86986637115478515625 -0.93846815824508666992 -0.9594923853874206543 -0.97519326210021972656 -0.99790215492248535156 -1.0136551856994628906 -1.0188839435577392578 -1.0296629667282104492 -1.0492359399795532227 -1.0676400661468505859 -1.0780452489852905273 -9999 -9999 -9999 -9999 -9999 -9999 -9999 -9999 -9999 -9999 -9999 -9999 -9999 -9999 -9999
0.37816882133483886719 0.35325446724891662598 0.33156585693359375 0.31488716602325439453 0.3077844083309173584 0.30459624528884887695 0.27706509828567504883 0.27263629436492919922 0.26480871438980102539 0.24289643764495849609 0.20465484261512756348 0.18970166146755218506 -0.04362176358699798584 -0.6724452972412109375 -0.8521201014518737793 -0.89481174945831298828 -0.91444021463394165039 -0.92959254980087280273 -0.9574730992317199707 -0.9784336090087890625 -0.98631834983825683594 -1.0030117034912109375 -1.022929072380065918 -1.042392730712890625 -9999 -9999 -9999 -9999 -9999 -9999 -9999 -9999 -9999 -9999 -9999 -9999 -9999 -9999 -9999 -9999
0.38847115635871887207 0.36404329538345336914 0.34419116377830505371 0.32331058382987976074 0.30730774998664855957 0.30095916986465454102 0.29548722505569458008 -9999 -9999 -9999 0.23490563035011291504 0.097218878567218780518 -0.40114307403564453125 -0.79079413414001464844 -0.82089310884475708008 -0.84344691038131713867 -0.8658587336540222168 -0.88510036468505859375 -0.91576743125915527344 -0.93688470125198364258 -0.94388788938522338867 -0.9605910181999206543 -0.99581098556518554688 -9999 -9999 -9999 -9999 -9999 -9999 -9999 -9999 -9999 -9999 -9999 -9999 -9999 -9999 -1.2065006494522094727 -1.2020456790924072266 -1.2232167720794677734
0.39629545807838439941 0.37241607904434204102 0.35883578658103942871 0.33844658732414245605 0.31447252631187438965 0.3018798828125 0.29743635654449462891 -9999 -9999 0.2588062286376953125 0.17761015892028808594 -0.24750082194805145264 -0.71211361885070800781 -0.75139677524566650391 -0.77634698152542114258 -0.81452167034149169922 -0.84094440937042236328 -0.86192452907562255859 -0.8909689784049987793 -0.90819942951202392578 -0.91436350345611572266 -0.91784715652465820313 -9999 -9999 -9999 -9999 -9999 -9999 -9999 -9999 -9999 -9999 -9999 -9999 -9999 -9999 -9999 -1.1930003166198730469 -1.1909874677658081055 -1.1950718164443969727
0.44120234251022338867 0.39060804247856140137 0.36319115757942199707 0.33755853772163391113 0.32469162344932556152 0.31240421533584594727 0.30915403366088867188 -9999 0.27460175752639770508 0.18563687801361083984 -0.17608144879341125488 -0.62552231550216674805 -0.71876257658004760742 -0.72450715303421020508 -0.73988968133926391602 -0.77868300676345825195 -0.82954668998718261719 -0.85550415515899658203 -0.87293863296508789063 -0.8856455683708190918 -0.89839822053909301758 -0.90361714363098144531 -9999 -9999 -9999 -9999 -9999 -9999 -9999 -9999 -9999 -9999 -9999 -9999 -9999 -9999 -9999 -1.13625335693359375 -1.1374710798263549805 -1.1549659967422485352
0.4858023226261138916 0.43432974815368652344 0.38604700565338134766 0.34314966201782226563 0.32083904743194580078 0.31817001104354858398 0.31793984770774841309 0.29771223664283752441 0.23254676163196563721 -0.074486359953880310059 -0.57758730649948120117 -0.70486235618591308594 -0.71260339021682739258 -0.72400760650634765625 -0.73748672008514404297 -0.74115967750549316406 -0.77125543355941772461 -0.80533266067504882813 -0.82601243257522583008 -0.84006780385971069336 -0.85065418481826782227 -0.84177696704864501953 -9999 -9999 -9999 -9999 -9999 -9999 -9999 -9999 -9999 -9999 -9999 -9999 -9999 -9999 -9999 -1.0825182199478149414 -1.0836658477783203125 -1.0861765146255493164
0.50097584724426269531 0.46362066268920898438 0.42436370253562927246 0.37426403164863586426 0.32923796772956848145 0.31478431820869445801 0.29013770818710327148 0.28632432222366333008 0.101242847740650177 -0.47962602972984313965 -0.68613982200622558594 -0.69464159011840820313 -0.70482969284057617188 -0.72738516330718994141 -0.73869144916534423828 -0.73175358772277832031 -0.72912371158599853516 -0.75225865840911865234 -0.77464926242828369141 -0.79481643438339233398 -0.80475312471389770508 -0.79761117696762084961 -0.7725728154182434082 -9999 -9999 -9999 -9999 -9999 -9999 -9999 -9999 -9999 -9999 -9999 -9999 -9999 -1.0145611763000488281 -1.0300334692001342773 -1.0437966585159301758 -1.0513712167739868164
0.50358122587203979492 0.46446955204010009766 0.42498239874839782715 0.38863113522529602051 0.36971440911293029785 0.32656729221343994141 0.27891141176223754883 0.25921270251274108887 -0.24237984418869018555 -0.62218892574310302734 -0.63794034719467163086 -0.65377175807952880859 -0.66960322856903076172 -0.70618295669555664063 -0.72197359800338745117 -0.72608244419097900391 -0.71450519561767578125 -0.7168477177619934082 -0.72893595695495605469 -0.75195342302322387695 -0.77061551809310913086 -0.77087014913558959961 -0.7676607966423034668 -0.76892101764678955078 -9999 -9999 -9999 -9999 -9999 -9999 -9999 -9999 -9999 -9999 -9999 -0.98534047603607177734 -0.98012971878051757813 -0.98999947309494018555 -0.99390429258346557617 -1.0037577152252197266
