INPUT/RASTER/ASCII/BIO06.asc
ncols        113
nrows        135
xllcorner    473009.983799999987
yllcorner    4429001.174800000153
cellsize     100.000000000000
NODATA_value  -9999
[rows 18 to 35 of 135, columns 0 to 39 of 113]
-9999 -9999 -9999 -9999 -9999 -9999 -9999 -9999 -9999 -9999 -9999 -9999 -9999 -9999 -1.7353957891464233398 -1.7292593717575073242 -1.7513431310653686523 -1.792583465576171875 -1.8432496786117553711 -1.9006348848342895508 -1.9297102689743041992 -1.94654083251953125 -1.9684367179870605469 -1.9913709163665771484 -2.0092706680297851563 -2.0291326045989990234 -2.0502645969390869141 -2.0672893524169921875 -2.0888440608978271484 -2.1175734996795654297 -2.1442050933837890625 -2.1707682609558105469 -2.2009749412536621094 -2.2180078029632568359 -2.1885848045349121094 -2.2267365455627441406 -2.2746634483337402344 -2.2940959930419921875 -2.3202199935913085938 -2.2745344638824462891
-9999 -9999 -9999 -9999 -9999 -9999 -9999 -9999 -9999 -9999 -9999 -9999 -9999 -9999 -1.5531481504440307617 -1.5735733509063720703 -1.6647288799285888672 -1.7193977832794189453 -1.7782000303268432617 -1.8323204517364501953 -1.9057134389877319336 -1.9442292451858520508 -1.969279170036315918 -1.9925251007080078125 -1.9750922918319702148 -1.9176727533340454102 -1.9376064538955688477 -1.9549299478530883789 -1.9679894447326660156 -1.796984553337097168 -1.7069211006164550781 -1.7330499887466430664 -1.7734953165054321289 -1.7977403402328491211 -1.6387486457824707031 -1.5226263999938964844 -9999 -9999 -9999 -9999
-9999 -9999 -9999 -9999 -9999 -9999 -9999 -9999 -9999 -9999 -9999 -9999 -0.48596808314323425293 -0.95559900999069213867 -1.0430326461791992188 -1.2134907245635986328 -1.2811276912689208984 -1.3369556665420532227 -1.4057761430740356445 -1.3119971752166748047 -1.297442317008972168 -1.3772197961807250977 -1.4385343790054321289 -1.4936261177062988281 -1.4392101764678955078 -1.2808208465576171875 -1.2981426715850830078 -1.3145095109939575195 -1.3305956125259399414 -1.2833837270736694336 -1.2611155509948730469 -1.2781175374984741211 -1.3003056049346923828 -1.3290529251098632813 -1.3477885723114013672 -1.3559865951538085938 -9999 -9999 -9999 -9999
-9999 -9999 -9999 -9999 -9999 -9999 -9999 -9999 -9999 -9999 -9999 -0.34445977210998535156 -0.45320820808410644531 -0.58187896013259887695 -0.66288405656814575195 -0.5936978459358215332 -0.62385886907577514648 -0.65014123916625976563 -0.67315703630447387695 -0.68063849210739135742 -0.7298615574836730957 -0.79075330495834350586 -0.87621659040451049805 -0.97585272789001464844 -1.0429509878158569336 -1.1261925697326660156 -1.1750025749206542969 -1.2034806013107299805 -1.2231384515762329102 -1.2408748865127563477 -1.2559766769409179688 -1.2724431753158569336 -1.2922854423522949219 -1.3091894388198852539 -1.323492884635925293 -1.3317351341247558594 -9999 -9999 -9999 -9999
-9999 -9999 -9999 -9999 -9999 -9999 -9999 -9999 -9999 -9999 -9999 -0.24799545109272003174 -0.32802104949951171875 -0.4188518226146697998 -0.49571374058723449707 -0.52232748270034790039 -0.54836821556091308594 -0.57222306728363037109 -0.5928294062614440918 -0.61609172821044921875 -0.64397871494293212891 -0.66609019041061401367 -0.69739389419555664063 -0.73548370599746704102 -0.78052282333374023438 -0.90275686979293823242 -1.0257059335708618164 -1.1279262304306030273 -1.1973278522491455078 -1.236960291862487793 -1.2557710409164428711 -1.27222442626953125 -1.2918103933334350586 -1.3070280551910400391 -1.3233948945999145508 -1.3347420692443847656 -1.3415280580520629883 -9999 -9999 -9999
-9999 -9999 -9999 -9999 -9999 -9999 -9999 -9999 -9999 -9999 -9999 -0.15490703284740447998 -0.20312611758708953857 -0.31933319568634033203 -0.42561829090118408203 -0.49181711673736572266 -0.53891962766647338867 -0.56224721670150756836 -0.58036243915557861328 -0.60388594865798950195 -0.62843137979507446289 -0.64694654941558837891 -0.67066264152526855469 -0.69679808616638183594 -0.71716934442520141602 -0.75224232673645019531 -0.81301820278167724609 -0.90852427482604980469 -1.0313525199890136719 -1.162613987922668457 -1.2353067398071289063 -1.2676682472229003906 -1.2903003692626953125 -1.3061350584030151367 -1.3232887983322143555 -1.3383464813232421875 -1.3472172021865844727 -9999 -9999 -9999
-9999 -9999 -9999 -9999 -9999 -9999 -9999 -9999 -9999 -9999 0.0055229286663234233856 -0.066637575626373291016 -0.11734941601753234863 -0.20156714320182800293 -0.29853424429893493652 -0.39501324295997619629 -0.50432163476943969727 -0.55337160825729370117 -0.57546347379684448242 -0.59863275289535522461 -0.620944976806640625 -0.63875657320022583008 -0.65991955995559692383 -0.6831524968147277832 -0.70184230804443359375 -0.72822582721710205078 -0.7557455897331237793 -0.78218787908554077148 -0.83360004425048828125 -0.95701110363006591797 -1.0868344306945800781 -1.1821837425231933594 -1.2497277259826660156 -1.2947798967361450195 -1.3213837146759033203 -1.3389815092086791992 -1.3492610454559326172 -1.3563801050186157227 -1.3721967935562133789 -1.3799035549163818359
-9999 -9999 -9999 -9999 -9999 -9999 -9999 -9999 -9999 -9999 0.029810413718223571777 -0.00028203823603689670563 -0.03745765984058380127 -0.099069319665431976318 -0.17323772609233856201 -0.24466852843761444092 -0.36366218328475952148 -0.48529222607612609863 -0.55473470687866210938 -0.59676033258438110352 -0.61808818578720092773 -0.63375312089920043945 -0.65318244695663452148 -0.6747258305549621582 -0.69201666116714477539 -0.71333634853363037109 -0.73741161823272705078 -0.75658136606216430664 -0.77950251102447509766 -0.81858485937118530273 -0.86326807737350463867 -0.93104219436645507813 -1.0618890523910522461 -1.1885519027709960938 -1.2987058162689208984 -1.3357068300247192383 -1.3488218784332275391 -1.3597298860549926758 -1.3746323585510253906 -1.3898158073425292969
-9999 -9999 -9999 -9999 -9999 -9999 -9999 -9999 -9999 -9999 0.0679720267653465271 0.047052275389432907104 0.0020833713933825492859 -0.04025729745626449585 -0.098914235830307006836 -0.15924115478992462158 -0.24759060144424438477 -0.35109728574752807617 -0.4602260887622833252 -0.58016979694366455078 -0.61666959524154663086 -0.63271164894104003906 -0.65227973461151123047 -0.67142498493194580078 -0.68690222501754760742 -0.70774030685424804688 -0.72883641719818115234 -0.7458235621452331543 -0.76675474643707275391 -0.79223722219467163086 -0.81530851125717163086 -0.83942461013793945313 -0.88223868608474731445 -0.97449779510498046875 -1.1608346700668334961 -1.2857621908187866211 -1.3269144296646118164 -1.3538970947265625 -1.3747237920761108398 -1.3900818824768066406
-9999 -9999 -9999 -9999 -9999 -9999 -9999 -9999 -9999 0.23925119638442993164 0.13513399660587310791 0.082761965692043304443 0.04040823131799697876 -0.014148008078336715698 -0.053945332765579223633 -0.094255246222019195557 -0.17181096971035003662 -0.24639238417148590088 -0.32882422208786010742 -0.4782613217830657959 -0.58537238836288452148 -0.62361729145050048828 -0.64777582883834838867 -0.66703373193740844727 -0.68199670314788818359 -0.70087265968322753906 -0.7203477025032043457 -0.73708349466323852539 -0.758365631103515625 -0.78126394748687744141 -0.79946565628051757813 -0.82085555791854858398 -0.84565728902816772461 -0.87251913547515869141 -0.94597905874252319336 -1.0609242916107177734 -1.1133126020431518555 -1.200341343879699707 -1.2526710033416748047 -1.3030824661254882813
-9999 -9999 -9999 -9999 -9999 -9999 -9999 0.34749522805213928223 0.31201571226119995117 0.26864659786224365234 0.21521838009357452393 0.16480527818202972412 0.10455997288227081299 0.034092310816049575806 -0.010093020275235176086 -0.05419836193323135376 -0.10572805255651473999 -0.15030190348625183105 -0.18997515738010406494 -0.26295351982116699219 -0.37636259198188781738 -0.45769742131233215332 -0.51455378532409667969 -0.53917264938354492188 -0.55587744712829589844 -0.57534593343734741211 -0.595302581787109375 -0.62371689081192016602 -0.69691562652587890625 -0.73813641071319580078 -0.7586529850959777832 -0.79532253742218017578 -0.82320630550384521484 -0.84282171726226806641 -0.8680674433708190918 -0.89973682165145874023 -0.92613834142684936523 -0.95970135927200317383 -0.99711859226226806641 -1.0323238372802734375
-9999 -9999 -9999 -9999 -9999 -9999 0.48773184418678283691 0.39752468466758728027 0.35045158863067626953 0.30343395471572875977 0.24409955739974975586 0.20671825110912322998 0.17456237971782684326 0.10034010559320449829 0.022599913179874420166 -0.016487298533320426941 -0.064868010580539703369 -0.096747986972332000732 -0.12025026232004165649 -0.14694070816040039063 -0.17827871441841125488 -0.20778185129165649414 -0.24571982026100158691 -0.27105370163917541504 -0.28814375400543212891 -0.30851826071739196777 -0.3416633903980255127 -0.39078685641288757324 -0.46646854281425476074 -0.49655771255493164063 -0.54724508523941040039 -0.64232832193374633789 -0.70422405004501342773 -0.77126848697662353516 -0.81293821334838867188 -0.85824173688888549805 -0.88374871015548706055 -0.9057915806770324707 -0.93188452720642089844 -0.95130735635757446289
-9999 -9999 -9999 -9999 -9999 -9999 0.50751054286956787109 0.45268329977989196777 0.38909965753555297852 0.33825886249542236328 0.28609576821327209473 0.23202601075172424316 0.19197891652584075928 0.15439519286155700684 0.096213288605213165283 0.03704540058970451355 0.0042153419926762580872 -0.021244237199425697327 -0.040657248347997665405 -0.063913024961948394775 -0.085665330290794372559 -0.10305411368608474731 -0.1257352679967880249 -0.1477079540491104126 -0.16344143450260162354 -0.18708737194538116455 -0.23266680538654327393 -0.25957927107810974121 -0.28213471174240112305 -0.32460924983024597168 -0.35535794496536254883 -0.39556175470352172852 -0.46508097648620605469 -0.52185404300689697266 -0.56469589471817016602 -0.65411621332168579102 -0.71598577499389648438 -0.78842383623123168945 -0.85332322120666503906 -0.8876845240592956543
-9999 -9999 -9999 -9999 -9999 0.62265324592590332031 0.56720244884490966797 0.51735907793045043945 0.45925226807594299316 0.40053001046180725098 0.34157761931419372559 0.28071033954620361328 0.23831418156623840332 0.1924441605806350708 0.16249863803386688232 0.13813768327236175537 0.11348290741443634033 0.089587204158306121826 0.068593993782997131348 0.042585909366607666016 0.019253404811024665833 0.0015071191592141985893 -0.018322164192795753479 -0.036295361816883087158 -0.052356965839862823486 -0.080239087343215942383 -0.1198192983865737915 -0.13921599090099334717 -0.16727115213871002197 -0.20790427923202514648 -0.22217509150505065918 -0.26257315278053283691 -0.29757273197174072266 -0.33361381292343139648 -0.36307287216186523438 -0.41494211554527282715 -0.46224704384803771973 -0.52598905563354492188 -0.6045373082160949707 -0.69037604331970214844
-9999 -9999 -9999 -9999 0.66433769464492797852 0.64896500110626220703 0.62442117929458618164 0.5794849395751953125 0.51606124639511108398 0.47294193506240844727 0.4144547581672668457 0.34634107351303100586 0.29320508241653442383 0.24668698012828826904 0.21993777155876159668 0.20007583498954772949 0.17246632277965545654 0.14940807223320007324 0.12828263640403747559 0.10043968260288238525 0.077366739511489868164 0.061104342341423034668 0.042897708714008331299 0.025724409148097038269 0.0081413667649030685425 -0.025656729936599731445 -0.053633537143468856812 -0.071670398116111755371 -0.10036057978868484497 -0.11952872574329376221 -0.13047425448894500732 -0.1620489656925201416 -0.1952724456787109375 -0.23618799448013305664 -0.27357092499732971191 -0.32514795660972595215 -0.36021772027015686035 -0.39206179976463317871 -0.44340538978576660156 -0.48738992214202880859
-9999 -9999 -9999 0.74752044677734375 0.71796178817749023438 0.68815827369689941406 0.65011584758758544922 0.60676795244216918945 0.56728893518447875977 0.53597217798233032227 0.49559205770492553711 0.45888659358024597168 0.39614856243133544922 0.31673347949981689453 0.272556304931640625 0.24276584386825561523 0.2110360562801361084 0.18732482194900512695 0.16750696301460266113 0.14049820601940155029 0.11824310570955276489 0.1028736606240272522 0.084369920194149017334 0.065851487219333648682 0.042665902525186538696 0.013102361001074314117 -0.0043043773621320724487 -0.024840509518980979919 -0.050195612013339996338 -0.063966900110244750977 -0.077966727316379547119 -0.098782010376453399658 -0.12706245481967926025 -0.15166498720645904541 -0.18417672812938690186 -0.23046791553497314453 -0.26350039243698120117 -0.30284714698791503906 -0.34787645936012268066 -0.37973684072494506836
-9999 -9999 -9999 0.74752044677734375 0.72803723812103271484 0.70997101068496704102 0.67638677358627319336 0.6303355097770690918 0.58996522426605224609 0.56443220376968383789 0.53472822904586791992 0.51099419593811035156 0.48178160190582275391 0.43590831756591796875 0.39620569348335266113 0.35669893026351928711 0.29768612980842590332 0.24846470355987548828 0.21810454130172729492 0.19003631174564361572 0.16851907968521118164 0.1522664874792098999 0.13159975409507751465 0.11121707409620285034 0.08641700446605682373 0.063775017857551574707 0.049130376428365707397 0.024261740967631340027 0.0047246641479432582855 -0.012353952974081039429 -0.020669616758823394775 -0.04557253420352935791 -0.070983141660690307617 -0.093234963715076446533 -0.12008702009916305542 -0.14989052712917327881 -0.17060296237468719482 -0.2016601860523223877 -0.23497018218040466309 -0.2632408440113067627
-9999 -9999 -9999 -9999 -9999 -9999 0.69059228897094726563 0.64766389131546020508 0.6059468388557434082 0.58717209100723266602 0.57092607021331787109 0.54336875677108764648 0.51171243190765380859 0.47397363185882568359 0.44737786054611206055 0.41591089963912963867 0.37383958697319030762 0.33120995759963989258 0.28154289722442626953 0.22174814343452453613 0.18535609543323516846 0.16496035456657409668 0.14340558648109436035 0.12339510023593902588 0.10752285271883010864 0.089010953903198242188 0.073612123727798461914 0.059341304004192352295 0.046862911432981491089 0.032492518424987792969 0.022048147395253181458 -0.0067089656367897987366 -0.034860443323850631714 -0.058924283832311630249 -0.08457485586404800415 -0.10707318782806396484 -0.12733180820941925049 -0.15428669750690460205 -0.18229615688323974609 -0.20589801669120788574
