INPUT/RASTER/ASCII/BIO05.asc
ncols        113
nrows        135
xllcorner    473009.983799999987
yllcorner    4429001.174800000153
cellsize     100.000000000000
NODATA_value  -9999
[rows 0 to 17 of 135, columns 0 to 39 of 113]
-9999.0 -9999 -9999 -9999 -9999 -9999 -9999 -9999 -9999 -9999 -9999 -9999 -9999 -9999 -9999 -9999 -9999 -9999 -9999 -9999 -9999 -9999 -1.4452116489410400391 -1.4607408046722412109 -1.4681342840194702148 -1.4855380058288574219 -1.4566824436187744141 -1.4408011436462402344 -1.4489178657531738281 -1.4766792058944702148 -1.4984505176544189453 -1.5257645845413208008 -1.5379110574722290039 -1.5589069128036499023 -9999 -9999 -9999 -9999 -9999 -9999
-9999 -9999 -9999 -9999 -9999 -9999 -9999 -9999 -9999 -9999 -9999 -9999 -9999 -9999 -9999 -9999 -9999 -9999 -9999 -9999 -1.359724879264831543 -1.3663952350616455078 -1.4310764074325561523 -1.4636477231979370117 -1.4818222522735595703 -1.4781208038330078125 -1.4496695995330810547 -1.4352394342422485352 -1.4423712491989135742 -1.4651939868927001953 -1.495938420295715332 -1.521582484245300293 -1.5522174835205078125 -1.6013123989105224609 -1.632275700569152832 -9999 -9999 -9999 -9999 -9999
-9999 -9999 -9999 -9999 -9999 -9999 -9999 -9999 -9999 -9999 -9999 -9999 -9999 -9999 -9999 -9999 -9999 -9999 -9999 -9999 -1.3778851032257080078 -1.39075469970703125 -1.4391788244247436523 -1.4704227447509765625 -1.4761557579040527344 -1.4650560617446899414 -1.4356200695037841797 -1.4216513633728027344 -1.4246344566345214844 -1.4617161750793457031 -1.5071333646774291992 -1.5333007574081420898 -1.5649871826171875 -1.6181927919387817383 -1.6266806125640869141 -1.5807828903198242188 -1.5573415756225585938 -9999 -9999 -9999
-9999 -9999 -9999 -9999 -9999 -9999 -9999 -9999 -9999 -9999 -9999 -9999 -9999 -9999 -9999 -9999 -9999 -9999 -9999 -9999 -1.3751921653747558594 -1.404856562614440918 -1.4533948898315429688 -1.4721498489379882813 -1.4714741706848144531 -1.45851898193359375 -1.4320183992385864258 -1.4161895513534545898 -1.4204143285751342773 -1.4694521427154541016 -1.5151120424270629883 -1.5352419614791870117 -1.5448858737945556641 -1.5795553922653198242 -1.5894038677215576172 -1.5701208114624023438 -1.5547438859939575195 -1.5393192768096923828 -9999 -9999
-9999 -9999 -9999 -9999 -9999 -9999 -9999 -9999 -9999 -9999 -9999 -9999 -9999 -9999 -9999 -9999 -9999 -9999 -9999 -9999 -1.3961213827133178711 -1.4169840812683105469 -1.4479663372039794922 -1.4570678472518920898 -1.451739192008972168 -1.4397640228271484375 -1.4179356098175048828 -1.4070689678192138672 -1.4128781557083129883 -1.4512871503829956055 -1.4865133762359619141 -1.4926841259002685547 -1.4892348051071166992 -1.5158257484436035156 -1.5498291254043579102 -1.5695641040802001953 -1.5491868257522583008 -1.5288095474243164063 -1.4953389167785644531 -1.4749759435653686523
-9999 -9999 -9999 -9999 -9999 -9999 -9999 -9999 -9999 -9999 -9999 -9999 -9999 -9999 -9999 -9999 -9999 -9999 -9999 -1.3510657548904418945 -1.4084534645080566406 -1.4325132369995117188 -1.4454162120819091797 -1.4465199708938598633 -1.4317139387130737305 -1.4164178371429443359 -1.3962355852127075195 -1.3871626853942871094 -1.3969492912292480469 -1.4202477931976318359 -1.4455018043518066406 -1.4417812824249267578 -1.4345209598541259766 -1.4655936956405639648 -1.5204597711563110352 -1.5668760538101196289 -1.5524934530258178711 -1.5235855579376220703 -1.4812656641006469727 -1.4520817995071411133
-9999 -9999 -9999 -9999 -9999 -9999 -9999 -9999 -9999 -9999 -9999 -9999 -9999 -9999 -9999 -9999 -9999 -9999 -9999 -1.2454681396484375 -1.3727657794952392578 -1.4359340667724609375 -1.4392644166946411133 -1.4348635673522949219 -1.4130017757415771484 -1.4008172750473022461 -1.3913018703460693359 -1.3862063884735107422 -1.3834183216094970703 -1.3831375837326049805 -1.3910068273544311523 -1.388637542724609375 -1.3870722055435180664 -1.4313428401947021484 -1.4876599311828613281 -1.5475454330444335938 -1.5568182468414306641 -1.5249272584915161133 -1.4580098390579223633 -1.3928956985473632813
-9999 -9999 -9999 -9999 -9999 -9999 -9999 -9999 -9999 -9999 -9999 -9999 -9999 -9999 -9999 -9999 -9999 -9999 -1.1847548484802246094 -1.2749136686325073242 -1.374093174934387207 -1.4194104671478271484 -1.4056082963943481445 -1.3963593244552612305 -1.3850026130676269531 -1.3748544454574584961 -1.3886423110961914063 -1.394213557243347168 -1.3732130527496337891 -1.3544437885284423828 -1.3515844345092773438 -1.3518033027648925781 -1.3625034093856811523 -1.4089910984039306641 -1.4668830633163452148 -1.5220106840133666992 -1.5372830629348754883 -1.5196033716201782227 -1.4559022188186645508 -1.364720463752746582
-9999 -9999 -9999 -9999 -9999 -9999 -9999 -9999 -9999 -9999 -9999 -9999 -9999 -9999 -9999 -9999 -9999 -9999 -1.1589490175247192383 -1.2409340143203735352 -1.361789703369140625 -1.3857020139694213867 -1.3697446584701538086 -1.3751398324966430664 -1.3741359710693359375 -1.3656767606735229492 -1.3759201765060424805 -1.3773902654647827148 -1.3552954196929931641 -1.3364785909652709961 -1.3315448760986328125 -1.3344517946243286133 -1.3578503131866455078 -1.4143197536468505859 -1.4659076929092407227 -1.4840440750122070313 -1.4901007413864135742 -1.4910618066787719727 -1.452904820442199707 -1.3771952390670776367
-9999 -9999 -9999 -9999 -9999 -9999 -9999 -9999 -9999 -9999 -9999 -9999 -9999 -9999 -9999 -9999 -9999 -1.0943771600723266602 -1.1162151098251342773 -1.2191389799118041992 -1.3534208536148071289 -1.3694829940795898438 -1.3551955223083496094 -1.3532924652099609375 -1.3526595830917358398 -1.3558663129806518555 -1.3538823127746582031 -1.3446713685989379883 -1.3310167789459228516 -1.3242322206497192383 -1.3218295574188232422 -1.3265920877456665039 -1.3567131757736206055 -1.4215847253799438477 -1.4516773223876953125 -1.437618255615234375 -1.4244774580001831055 -1.4217464923858642578 -1.4067215919494628906 -1.374640345573425293
-9999 -9999 -9999 -9999 -9999 -9999 -9999 -9999 -9999 -9999 -9999 -9999 -9999 -9999 -9999 -9999 -9999 -1.114711761474609375 -1.1149971485137939453 -1.231894373893737793 -1.3627887964248657227 -1.3564087152481079102 -1.3464032411575317383 -1.3423305749893188477 -1.3397756814956665039 -1.3433725833892822266 -1.3450710773468017578 -1.3402562141418457031 -1.3317351341247558594 -1.3292849063873291016 -1.3308311700820922852 -1.3401896953582763672 -1.3708531856536865234 -1.4179879426956176758 -1.4380464553833007813 -1.4154806137084960938 -1.3753111362457275391 -1.3569701910018920898 -1.3494386672973632813 -1.3363643884658813477
-9999 -9999 -9999 -9999 -9999 -9999 -9999 -9999 -9999 -9999 -9999 -9999 -9999 -9999 -9999 -9999 -9999 -1.1463505029678344727 -1.144894719123840332 -1.2803375720977783203 -1.4037575721740722656 -1.3763197660446166992 -1.3502331972122192383 -1.3518841266632080078 -1.3453518152236938477 -1.3403942584991455078 -1.3442051410675048828 -1.3447760343551635742 -1.3446713685989379883 -1.3506661653518676758 -1.3553334474563598633 -1.366909027099609375 -1.3938947916030883789 -1.4169554710388183594 -1.4314142465591430664 -1.4136679172515869141 -1.3492007255554199219 -1.3130801916122436523 -1.3101683855056762695 -1.3057295083999633789
-9999 -9999 -9999 -9999 -9999 -9999 -9999 -9999 -9999 -9999 -9999 -9999 -9999 -9999 -9999 -9999 -9999 -1.1545909643173217773 -1.1510559320449829102 -1.2711788415908813477 -1.3964544534683227539 -1.3854640722274780273 -1.3892227411270141602 -1.403957366943359375 -1.3783704042434692383 -1.3501999378204345703 -1.3547054529190063477 -1.3737077713012695313 -1.3799023628234863281 -1.3905929327011108398 -1.3893369436264038086 -1.3866869211196899414 -1.3832708597183227539 -1.373265385627746582 -1.3897080421447753906 -1.3751113414764404297 -1.3106632232666015625 -1.2722684144973754883 -1.2725681066513061523 -1.2780966758728027344
-9999 -9999 -9999 -9999 -9999 -9999 -9999 -9999 -9999 -9999 -9999 -9999 -9999 -9999 -9999 -9999 -9999 -1.1501615047454833984 -1.1046396493911743164 -1.203776240348815918 -1.3368307352066040039 -1.3623273372650146484 -1.385283350944519043 -1.4028820991516113281 -1.4043951034545898438 -1.3960500955581665039 -1.4227123260498046875 -1.4635573625564575195 -1.4597797393798828125 -1.4423712491989135742 -1.415518641471862793 -1.3836942911148071289 -1.3393903970718383789 -1.3091788291931152344 -1.3039880990982055664 -1.2776446342468261719 -1.2353436946868896484 -1.2206043004989624023 -1.2401490211486816406 -1.2572007179260253906
-9999 -9999 -9999 -9999 -9999 -9999 -9999 -9999 -9999 -9999 -9999 -9999 -9999 -9999 -9999 -9999 -9999 -1.2321465015411376953 -1.1833418607711791992 -1.2763363122940063477 -1.3625509738922119141 -1.3611426353454589844 -1.3627887964248657227 -1.3874719142913818359 -1.4192962646484375 -1.4518200159072875977 -1.492089390754699707 -1.5280339717864990234 -1.5193321704864501953 -1.4828356504440307617 -1.4347018003463745117 -1.3825143575668334961 -1.3078562021255493164 -1.2656742334365844727 -1.2501355409622192383 -1.2124971151351928711 -1.1722658872604370117 -1.171756744384765625 -1.2200429439544677734 -1.2571626901626586914
-9999 -9999 -9999 -9999 -9999 -9999 -9999 -9999 -9999 -9999 -9999 -9999 -9999 -9999 -9999 -1.1715617179870605469 -1.2427419424057006836 -1.2899100780487060547 -1.3244891166687011719 -1.3473310470581054688 -1.3509182929992675781 -1.3503426313400268555 -1.3742358684539794922 -1.4280314445495605469 -1.4731156826019287109 -1.5178048610687255859 -1.5542633533477783203 -1.5672280788421630859 -1.5308982133865356445 -1.4724733829498291016 -1.4237400293350219727 -1.3771333694458007813 -1.2939113378524780273 -1.2247434854507446289 -1.2153803110122680664 -1.1780987977981567383 -1.1284282207489013672 -1.1334000825881958008 -1.1885895729064941406 -1.2338021993637084961
-9999 -9999 -9999 -9999 -9999 -9999 -9999 -9999 -9999 -9999 -9999 -9999 -9999 -9999 -1.127419590950012207 -1.1757247447967529297 -1.2774114608764648438 -1.3446524143218994141 -1.3499858379364013672 -1.3251695632934570313 -1.3192557096481323242 -1.3708484172821044922 -1.4640663862228393555 -1.5433063507080078125 -1.5570418834686279297 -1.5585927963256835938 -1.5664954185485839844 -1.5541682243347167969 -1.5095740556716918945 -1.4501833915710449219 -1.3961261510848999023 -1.3399469852447509766 -1.2694898843765258789 -1.2102895975112915039 -1.1882994174957275391 -1.1618845462799072266 -1.1219530105590820313 -1.1251311302185058594 -1.1650674343109130859 -1.1910636425018310547
-9999 -9999 -9999 -9999 -9999 -9999 -9999 -9999 -9999 -9999 -9999 -9999 -9999 -9999 -1.1377201080322265625 -1.1919771432876586914 -1.3266301155090332031 -1.335860133171081543 -1.3126900196075439453 -1.3163106441497802734 -1.3660526275634765625 -1.4462915658950805664 -1.5272204875946044922 -1.5615046024322509766 -1.5500764846801757813 -1.5435346364974975586 -1.5306602716445922852 -1.5151834487915039063 -1.480580449104309082 -1.4431657791137695313 -1.3930717706680297852 -1.3328722715377807617 -1.2545982599258422852 -1.204095005989074707 -1.1775374412536621094 -1.151793360710144043 -1.1379103660583496094 -1.1667422056198120117 -1.1960211992263793945 -1.1824426651000976563
