INPUT/RASTER/ASCII/BIO02.asc
ncols        113
nrows        135
xllcorner    473009.983799999987
yllcorner    4429001.174800000153
cellsize     100.000000000000
NODATA_value  -9999
[rows 36 to 53 of 135, columns 0 to 39 of 113]
-9999 -9999 -9999 -9999 -9999 -9999 -9999 -9999 -9999 -1.7693564891815185547 -1.7643041610717773438 -1.7526299953460693359 -1.7362426519393920898 -1.7204859256744384766 -1.7189851999282836914 -1.7295331954956054688 -1.7458399534225463867 -1.7473714351654052734 -1.738831639289855957 -1.7381346225738525391 -1.7394859790802001953 -1.7275416851043701172 -1.7114672660827636719 -1.7065904140472412109 -1.698406219482421875 -1.6851555109024047852 -1.662411808967590332 -1.6228399276733398438 -1.5395421981811523438 -1.4586557149887084961 -1.4266847372055053711 -1.4096169471740722656 -1.3899767398834228516 -1.3767806291580200195 -1.3511800765991210938 -1.3157761096954345703 -1.2808510065078735352 -1.2366321086883544922 -1.1754688024520874023 -1.1353563070297241211
-9999 -9999 -9999 -9999 -9999 -9999 -9999 -9999 -9999 -9999 -1.7903409004211425781 -1.7995706796646118164 -1.820391535758972168 -1.7728914022445678711 -1.6987807750701904297 -1.6351730823516845703 -1.6207487583160400391 -1.6917299032211303711 -1.7233049869537353516 -1.7499201297760009766 -1.774285435676574707 -1.7764855623245239258 -1.7586092948913574219 -1.7450622320175170898 -1.7360388040542602539 -1.7222428321838378906 -1.6952956914901733398 -1.6426341533660888672 -1.5444024801254272461 -1.4624348878860473633 -1.4359405040740966797 -1.4222844839096069336 -1.4061127901077270508 -1.3908777236938476563 -1.3635085821151733398 -1.3298376798629760742 -1.2950950860977172852 -1.2358877658843994141 -1.1603522300720214844 -1.1329001188278198242
-9999 -9999 -9999 -9999 -9999 -9999 -9999 -9999 -9999 -9999 -9999 -1.8437491655349731445 -1.8745039701461791992 -1.7596857547760009766 -1.6472265720367431641 -1.5660603046417236328 -1.569434046745300293 -1.6444242000579833984 -1.7000728845596313477 -1.7522009611129760742 -1.7769834995269775391 -1.7837712764739990234 -1.7776687145233154297 -1.7684650421142578125 -1.7552498579025268555 -1.7323900461196899414 -1.6894633769989013672 -1.6217327117919921875 -1.5323632955551147461 -1.484946131706237793 -1.470322728157043457 -1.4492055177688598633 -1.4257719516754150391 -1.3972363471984863281 -1.3646513223648071289 -1.3277726173400878906 -1.2946114540100097656 -1.2389153242111206055 -1.1740652322769165039 -1.140017390251159668
-9999 -9999 -9999 -9999 -9999 -9999 -9999 -9999 -9999 -9999 -9999 -9999 -9999 -1.6771917343139648438 -1.6143617630004882813 -1.7141629457473754883 -1.779425501823425293 -1.7595647573471069336 -1.7639816999435424805 -1.7833919525146484375 -1.7787925004959106445 -1.7732138633728027344 -1.7752931118011474609 -1.7713479995727539063 -1.7434548139572143555 -1.6807551383972167969 -1.6233733892440795898 -1.5673121213912963867 -1.5212179422378540039 -1.5122845172882080078 -1.5029883384704589844 -1.4816696643829345703 -1.4595234394073486328 -1.4274030923843383789 -1.3862996101379394531 -1.3396031856536865234 -1.3020867109298706055 -1.2481734752655029297 -1.1866095066070556641 -1.134633183479309082
-9999 -9999 -9999 -9999 -9999 -9999 -9999 -9999 -9999 -9999 -9999 -9999 -9999 -9999 -9999 -1.8937599658966064453 -1.9390480518341064453 -1.9395033121109008789 -1.9185544252395629883 -1.8893455266952514648 -1.8560729026794433594 -1.8156497478485107422 -1.76880645751953125 -1.7319111824035644531 -1.6954094171524047852 -1.6283876895904541016 -1.5698630809783935547 -1.5281786918640136719 -1.5137497186660766602 -1.5236693620681762695 -1.513142704963684082 -1.495434880256652832 -1.4772882461547851563 -1.4546228647232055664 -1.4160680770874023438 -1.3675721883773803711 -1.3328130245208740234 -1.2805309295654296875 -1.2055786848068237305 -1.1374307870864868164
-9999 -9999 -9999 -9999 -9999 -9999 -9999 -9999 -9999 -9999 -9999 -9999 -9999 -9999 -9999 -1.937514185905456543 -1.9595180749893188477 -1.9751420021057128906 -1.9650943279266357422 -1.9518270492553710938 -1.9392021894454956055 -1.8943716287612915039 -1.8162709474563598633 -1.7333763837814331055 -1.6756768226623535156 -1.6140985488891601563 -1.5568068027496337891 -1.5176497697830200195 -1.4963285923004150391 -1.508258819580078125 -1.5084295272827148438 -1.4956102371215820313 -1.4809820652008056641 -1.4612518548965454102 -1.4211345911026000977 -1.3780727386474609375 -1.3479130268096923828 -1.2980539798736572266 -1.2243202924728393555 -1.1501717567443847656
-9999 -9999 -9999 -9999 -9999 -9999 -9999 -9999 -9999 -9999 -9999 -9999 -9999 -9999 -9999 -1.9394251108169555664 -1.9584321975708007813 -1.9756019115447998047 -1.9854433536529541016 -1.9844073057174682617 -1.9723182916641235352 -1.9431117773056030273 -1.8803504705429077148 -1.7778251171112060547 -1.6921399831771850586 -1.6220242977142333984 -1.5597798824310302734 -1.5188850164413452148 -1.488063812255859375 -1.4875659942626953125 -1.4875303506851196289 -1.4842301607131958008 -1.480448603630065918 -1.4602679014205932617 -1.4198116064071655273 -1.3807470798492431641 -1.3474744558334350586 -1.2919276952743530273 -1.2123901844024658203 -1.1354701519012451172
-9999 -9999 -9999 -9999 -9999 -9999 -9999 -9999 -9999 -9999 -9999 -9999 -9999 -9999 -9999 -9999 -1.9839071035385131836 -1.9910718202590942383 -1.9988908767700195313 -1.9952183961868286133 -1.9738925695419311523 -1.9299131631851196289 -1.8805567026138305664 -1.8254604339599609375 -1.7526395320892333984 -1.6762197017669677734 -1.5937495231628417969 -1.5298786163330078125 -1.4940620660781860352 -1.4929596185684204102 -1.4751758575439453125 -1.458648681640625 -1.4518703222274780273 -1.4394565820693969727 -1.4079786539077758789 -1.3699240684509277344 -1.3326020240783691406 -1.2707700729370117188 -1.1916712522506713867 -1.1255385875701904297
-9999 -9999 -9999 -9999 -9999 -9999 -9999 -9999 -9999 -9999 -9999 -9999 -9999 -9999 -9999 -1.8771877288818359375 -1.9273123741149902344 -1.9740253686904907227 -1.9971055984497070313 -1.9752107858657836914 -1.9305295944213867188 -1.8833281993865966797 -1.8509234189987182617 -1.8260222673416137695 -1.7782636880874633789 -1.7144426107406616211 -1.6366738080978393555 -1.5620914697647094727 -1.5055844783782958984 -1.4900648593902587891 -1.4714299440383911133 -1.4472329616546630859 -1.4296981096267700195 -1.4088914394378662109 -1.3708913326263427734 -1.3278270959854125977 -1.2906355857849121094 -1.2340811491012573242 -1.1608406305313110352 -1.1155453920364379883
-9999 -9999 -9999 -9999 -9999 -9999 -9999 -9999 -9999 -9999 -1.7248057126998901367 -1.7853858470916748047 -1.8329522609710693359 -1.7742736339569091797 -1.7835626602172851563 -1.8513288497924804688 -1.9083384275436401367 -1.9601273536682128906 -1.9799050092697143555 -1.9481403827667236328 -1.8992722034454345703 -1.8490362167358398438 -1.8059482574462890625 -1.7887381315231323242 -1.7843900918960571289 -1.7216880321502685547 -1.6679904460906982422 -1.6242197751998901367 -1.5542367696762084961 -1.5118482112884521484 -1.4783812761306762695 -1.4333112239837646484 -1.4034148454666137695 -1.3703769445419311523 -1.3293112516403198242 -1.2784303426742553711 -1.2308306694030761719 -1.1731430292129516602 -1.1016782522201538086 -1.0354388952255249023
-9999 -9999 -9999 -9999 -9999 -9999 -1.7463307380676269531 -1.7268612384796142578 -1.6763596534729003906 -1.6814996004104614258 -1.7794231176376342773 -1.8444960117340087891 -1.8965126276016235352 -1.8371202945709228516 -1.8259084224700927734 -1.8668437004089355469 -1.9091848134994506836 -1.9499279260635375977 -1.9517914056777954102 -1.9089215993881225586 -1.8707104921340942383 -1.8277316093444824219 -1.7818579673767089844 -1.7691098451614379883 -1.7689297199249267578 -1.742186427116394043 -1.7067563533782958984 -1.6703708171844482422 -1.6250329017639160156 -1.5615200996398925781 -1.4940716028213500977 -1.4329059123992919922 -1.4052119255065917969 -1.3705666065216064453 -1.3130519390106201172 -1.2430832386016845703 -1.1960098743438720703 -1.1248083114624023438 -1.0276387929916381836 -0.9759209752082824707
-9999 -9999 -9999 -9999 -9999 -1.5698347091674804688 -1.6069386005401611328 -1.7457450628280639648 -1.7876380681991577148 -1.8523601293563842773 -1.8955974578857421875 -1.9177008867263793945 -1.9365230798721313477 -1.9086679220199584961 -1.8569548130035400391 -1.8732757568359375 -1.9115604162216186523 -1.9447144269943237305 -1.9361106157302856445 -1.8740391731262207031 -1.8433864116668701172 -1.8127881288528442383 -1.7709757089614868164 -1.7857698202133178711 -1.8006327152252197266 -1.778742671012878418 -1.7410531044006347656 -1.7008861303329467773 -1.6615440845489501953 -1.6084487438201904297 -1.533804774284362793 -1.4432665109634399414 -1.4007925987243652344 -1.3791608810424804688 -1.3334840536117553711 -1.2661540508270263672 -1.2241377830505371094 -1.1143671274185180664 -1.0353062152862548828 -0.98709481954574584961
-9999 -9999 -9999 -9999 -1.4878410100936889648 -1.5330721139907836914 -1.6101866960525512695 -1.7050849199295043945 -1.8012397289276123047 -1.9118994474411010742 -1.9454541206359863281 -1.9391168355941772461 -1.9481639862060546875 -1.9498449563980102539 -1.9240121841430664063 -1.8844236135482788086 -1.9102683067321777344 -1.9399015903472900391 -1.9277983903884887695 -1.8503520488739013672 -1.8045684099197387695 -1.7780764102935791016 -1.7550436258316040039 -1.7981599569320678711 -1.8299721479415893555 -1.8068349361419677734 -1.7594225406646728516 -1.7206757068634033203 -1.6875997781753540039 -1.6472928524017333984 -1.5821465253829956055 -1.5026967525482177734 -1.4345251321792602539 -1.3895286321640014648 -1.3376353979110717773 -1.2764649391174316406 -1.2294366359710693359 -1.116939544677734375 -1.0201919078826904297 -0.97511959075927734375
-9999 -9999 -9999 -9999 -1.3768327236175537109 -1.4337238073348999023 -1.558897852897644043 -1.6312090158462524414 -1.6922893524169921875 -1.8203014135360717773 -1.8849546909332275391 -1.8964035511016845703 -1.9225137233734130859 -1.936539769172668457 -1.9540770053863525391 -1.9367412328720092773 -1.899753570556640625 -1.9013917446136474609 -1.8859053850173950195 -1.7906609773635864258 -1.7140586376190185547 -1.6802335977554321289 -1.7113296985626220703 -1.7836076021194458008 -1.8247373104095458984 -1.803212285041809082 -1.7587682008743286133 -1.7268422842025756836 -1.6985555887222290039 -1.6701171398162841797 -1.6245326995849609375 -1.5498032569885253906 -1.4917861223220825195 -1.4323060512542724609 -1.353247523307800293 -1.2656395435333251953 -1.1856327056884765625 -1.081168055534362793 -1.01531982421875 -0.99686038494110107422
-9999 -9999 -9999 -9999 -1.3075159788131713867 -1.3975350856781005859 -1.4934314489364624023 -1.5759989023208618164 -1.6097930669784545898 -1.6780405044555664063 -1.7951182126998901367 -1.838187098503112793 -1.8601863384246826172 -1.8879798650741577148 -1.9318099021911621094 -1.9776835441589355469 -1.9618035554885864258 -1.9057968854904174805 -1.8606486320495605469 -1.7708263397216796875 -1.6944397687911987305 -1.6297557353973388672 -1.6437295675277709961 -1.7127759456634521484 -1.7704683542251586914 -1.7720141410827636719 -1.7352895736694335938 -1.7046936750411987305 -1.685074925422668457 -1.6556904315948486328 -1.6217777729034423828 -1.5614086389541625977 -1.4682506322860717773 -1.4448360204696655273 -1.3811928033828735352 -1.2742125988006591797 -1.1772327423095703125 -1.0659376382827758789 -1.0118252038955688477 -1.0038567781448364258
-9999 -9999 -9999 -9999 -9999 -1.3802040815353393555 -1.4679874181747436523 -1.5556522607803344727 -1.574737548828125 -1.6180815696716308594 -1.7016922235488891602 -1.7720592021942138672 -1.7916637659072875977 -1.8329356908798217773 -1.9039713144302368164 -1.9732903242111206055 -2.0061054229736328125 -1.9902372360229492188 -1.8910809755325317383 -1.8000400066375732422 -1.7288764715194702148 -1.6549341678619384766 -1.5757215023040771484 -1.5774996280670166016 -1.6574212312698364258 -1.7197248935699462891 -1.6962107419967651367 -1.6552851200103759766 -1.6560034751892089844 -1.6374704837799072266 -1.6007150411605834961 -1.5467069149017333984 -1.4677550792694091797 -1.4363269805908203125 -1.4074192047119140625 -1.32684326171875 -1.2156074047088623047 -1.078699946403503418 -0.97464543581008911133 -0.95881998538970947266
-9999 -9999 -9999 -9999 -1.2686861753463745117 -1.3691488504409790039 -1.4390842914581298828 -1.5156203508377075195 -1.5532766580581665039 -1.5834172964096069336 -1.5868929624557495117 -1.612239837646484375 -1.6839653253555297852 -1.804241180419921875 -1.8831883668899536133 -1.9419120550155639648 -1.966462254524230957 -1.9730888605117797852 -1.9355368614196777344 -1.8395599126815795898 -1.7740530967712402344 -1.6996628046035766602 -1.5752544403076171875 -1.4999157190322875977 -1.5421264171600341797 -1.6426199674606323242 -1.6190868616104125977 -1.5862220525741577148 -1.6070072650909423828 -1.5858616828918457031 -1.546194911003112793 -1.5287430286407470703 -1.4729187488555908203 -1.4018571376800537109 -1.4005721807479858398 -1.3797204494476318359 -1.309886932373046875 -1.1412787437438964844 -0.9626916050910949707 -0.9117323756217956543
-9999 -9999 -9999 -9999 -1.2439415454864501953 -1.30521392822265625 -1.4043228626251220703 -1.4522259235382080078 -1.4804178476333618164 -1.4798417091369628906 -1.4627194404602050781 -1.4671576023101806641 -1.5611383914947509766 -1.7505176067352294922 -1.8366081714630126953 -1.8936153650283813477 -1.9110981225967407227 -1.9013041257858276367 -1.909689784049987793 -1.88871002197265625 -1.7911350727081298828 -1.6621226072311401367 -1.5479208230972290039 -1.4770582914352416992 -1.4645733833312988281 -1.5149849653244018555 -1.5033795833587646484 -1.5292503833770751953 -1.5418514013290405273 -1.5077822208404541016 -1.5219504833221435547 -1.5091526508331298828 -1.4489139318466186523 -1.3616403341293334961 -1.3755974769592285156 -1.3964112997055053711 -1.3446958065032958984 -1.1878304481506347656 -1.0043238401412963867 -0.90787738561630249023
