INPUT/RASTER/ASCII/BIO06.asc
ncols        113
nrows        135
xllcorner    473009.983799999987
yllcorner    4429001.174800000153
cellsize     100.000000000000
NODATA_value  -9999
[rows 36 to 53 of 135, columns 0 to 39 of 113]
-9999 -9999 -9999 -9999 -9999 -9999 -9999 -9999 -9999 0.59841966629028320313 0.62970864772796630859 0.61206358671188354492 0.56584751605987548828 0.51463943719863891602 0.4794635474681854248 0.44222751259803771973 0.39997172355651855469 0.36885574460029602051 0.34172779321670532227 0.29238232970237731934 0.23935078084468841553 0.1919479072093963623 0.15759803354740142822 0.13665217161178588867 0.11735832691192626953 0.092933714389801025391 0.078125827014446258545 0.068515636026859283447 0.062227465212345123291 0.055106747895479202271 0.044561166316270828247 0.026189655065536499023 0.0034138124901801347733 -0.018691096454858779907 -0.046050839126110076904 -0.071304731070995330811 -0.089127741754055023193 -0.11020910739898681641 -0.13610129058361053467 -0.15925748646259307861
-9999 -9999 -9999 -9999 -9999 -9999 -9999 -9999 -9999 -9999 0.69742733240127563477 0.7100232243537902832 0.71151530742645263672 0.64540463685989379883 0.59657007455825805664 0.53744465112686157227 0.47022390365600585938 0.41608721017837524414 0.38210791349411010742 0.3388220369815826416 0.29993888735771179199 0.2670402824878692627 0.22824363410472869873 0.19842870533466339111 0.17109180986881256104 0.13596817851066589355 0.12154227495193481445 0.10471505671739578247 0.089812479913234710693 0.073032602667808532715 0.056549828499555587769 0.036423441022634506226 0.018086208030581474304 0.0041402494534850120544 -0.012429045513272285461 -0.027116134762763977051 -0.03936925157904624939 -0.057722806930541992188 -0.088252753019332885742 -0.11000178754329681396
-9999 -9999 -9999 -9999 -9999 -9999 -9999 -9999 -9999 -9999 -9999 0.79412508010864257813 0.79993331432342529297 0.7745373845100402832 0.76239526271820068359 0.69281399250030517578 0.59407407045364379883 0.5105876922607421875 0.44026041030883789063 0.37520429491996765137 0.33301872014999389648 0.29976257681846618652 0.2616679072380065918 0.23325687646865844727 0.20768791437149047852 0.18435214459896087646 0.17358128726482391357 0.16101311147212982178 0.14868326485157012939 0.12125170230865478516 0.10066169500350952148 0.072107009589672088623 0.046129945665597915649 0.023003127425909042358 -0.00043548786197789013386 -0.015950225293636322021 -0.025611022487282752991 -0.035162445157766342163 -0.051085293292999267578 -0.067164853215217590332
-9999 -9999 -9999 -9999 -9999 -9999 -9999 -9999 -9999 -9999 -9999 -9999 -9999 0.82449012994766235352 0.81970542669296264648 0.77804714441299438477 0.70583438873291015625 0.62293243408203125 0.54777634143829345703 0.4523257911205291748 0.38062074780464172363 0.33673089742660522461 0.29089516401290893555 0.25569969415664672852 0.23123264312744140625 0.21317781507968902588 0.20325420796871185303 0.1942072063684463501 0.18095992505550384521 0.157470703125 0.1430807262659072876 0.12160267680883407593 0.099594078958034515381 0.072067826986312866211 0.041684802621603012085 0.018133549019694328308 -0.0020303844939917325974 -0.02176335453987121582 -0.036935277283191680908 -0.046398550271987915039
-9999 -9999 -9999 -9999 -9999 -9999 -9999 -9999 -9999 -9999 -9999 -9999 -9999 -9999 -9999 0.7737064361572265625 0.74944508075714111328 0.71113491058349609375 0.67392826080322265625 0.60426217317581176758 0.52129161357879638672 0.43987190723419189453 0.36296916007995605469 0.30976945161819458008 0.27871713042259216309 0.24979025125503540039 0.22847707569599151611 0.21429930627346038818 0.19422678649425506592 0.17175458371639251709 0.15826080739498138428 0.14322111010551452637 0.1271937936544418335 0.1134176105260848999 0.096316136419773101807 0.079376272857189178467 0.061969537287950515747 0.034227803349494934082 0.00012607246753759682178 -0.023599851876497268677
-9999 -9999 -9999 -9999 -9999 -9999 -9999 -9999 -9999 -9999 -9999 -9999 -9999 -9999 -9999 0.80217134952545166016 0.78961133956909179688 0.75556021928787231445 0.71719944477081298828 0.67605370283126831055 0.63960617780685424805 0.56878751516342163086 0.47287824749946594238 0.40078794956207275391 0.33823928236961364746 0.28459393978118896484 0.25455862283706665039 0.23341195285320281982 0.21195839345455169678 0.18920376896858215332 0.17243041098117828369 0.15147800743579864502 0.13285019993782043457 0.12173000723123550415 0.11052002012729644775 0.09853789210319519043 0.087985776364803314209 0.072764880955219268799 0.050165344029664993286 0.029923051595687866211
-9999 -9999 -9999 -9999 -9999 -9999 -9999 -9999 -9999 -9999 -9999 -9999 -9999 -9999 -9999 0.81316095590591430664 0.8009045720100402832 0.78675454854965209961 0.75680088996887207031 0.71035462617874145508 0.67261582612991333008 0.64044034481048583984 0.58850252628326416016 0.51402723789215087891 0.43536472320556640625 0.35134777426719665527 0.2958920598030090332 0.2632236182689666748 0.22685769200325012207 0.20264530181884765625 0.18592745065689086914 0.16618795692920684814 0.14706552028656005859 0.13502298295497894287 0.11935970187187194824 0.10546108335256576538 0.097662903368473052979 0.088113106787204742432 0.078086644411087036133 0.074656881392002105713
-9999 -9999 -9999 -9999 -9999 -9999 -9999 -9999 -9999 -9999 -9999 -9999 -9999 -9999 -9999 -9999 0.82411956787109375 0.81507420539855957031 0.78262120485305786133 0.74841010570526123047 0.72288036346435546875 0.69913810491561889648 0.65997415781021118164 0.62081187963485717773 0.58535033464431762695 0.49312055110931396484 0.39687171578407287598 0.33272650837898254395 0.26743859052658081055 0.2328373342752456665 0.20976439118385314941 0.18529079854488372803 0.16216887533664703369 0.14833556115627288818 0.13511604070663452148 0.12368240952491760254 0.11555447429418563843 0.10271857678890228271 0.093007177114486694336 0.16193871200084686279
-9999 -9999 -9999 -9999 -9999 -9999 -9999 -9999 -9999 -9999 -9999 -9999 -9999 -9999 -9999 0.8751252293586730957 0.85488295555114746094 0.83475005626678466797 0.8053105473518371582 0.77611595392227172852 0.75957930088043212891 0.7396602630615234375 0.70871561765670776367 0.67746579647064208984 0.63543200492858886719 0.59228163957595825195 0.51511442661285400391 0.4294618070125579834 0.33748671412467956543 0.27452665567398071289 0.2441256791353225708 0.21866120398044586182 0.19547560811042785645 0.17510762810707092285 0.15296517312526702881 0.13541640341281890869 0.12785004079341888428 0.12241073697805404663 0.1826527714729309082 0.40009579062461853027
-9999 -9999 -9999 -9999 -9999 -9999 -9999 -9999 -9999 -9999 1.9907579421997070313 1.975987553596496582 1.9577744007110595703 0.96047264337539672852 0.95017844438552856445 0.90668201446533203125 0.86417478322982788086 0.83918213844299316406 0.81349396705627441406 0.79681533575057983398 0.78476136922836303711 0.76690572500228881836 0.74305570125579833984 0.71407169103622436523 0.67858892679214477539 0.64133167266845703125 0.59734547138214111328 0.54247421026229858398 0.4365253746509552002 0.35313695669174194336 0.30586302280426025391 0.26443815231323242188 0.23908305168151855469 0.21467640995979309082 0.18926090002059936523 0.16437757015228271484 0.1545127183198928833 0.22791062295436859131 0.43058165907859802246 0.42812809348106384277
-9999 -9999 -9999 -9999 -9999 -9999 2.1259126663208007813 2.11347198486328125 2.0740892887115478516 2.0345466136932373047 1.9937175512313842773 1.9680261611938476563 1.8743516206741333008 1.2402096986770629883 0.96891397237777709961 0.92566895484924316406 0.87513178586959838867 0.8415393829345703125 0.818603515625 0.80611211061477661133 0.79780292510986328125 0.78621584177017211914 0.76917809247970581055 0.74373155832290649414 0.71475243568420410156 0.68370664119720458984 0.65141528844833374023 0.6128520965576171875 0.5526491999626159668 0.47312313318252563477 0.40023618936538696289 0.33734631538391113281 0.31224098801612854004 0.27909260988235473633 0.2298336327075958252 0.20127405226230621338 0.25940859317779541016 0.41818979382514953613 0.40737158060073852539 0.37632578611373901367
-9999 -9999 -9999 -9999 -9999 1.4128633737564086914 1.4084345102310180664 1.9411805868148803711 2.0974087715148925781 2.0488483905792236328 2.0009083747863769531 1.9694528579711914063 1.9308309555053710938 1.6250466108322143555 1.0903383493423461914 0.950542449951171875 0.901828765869140625 0.86281824111938476563 0.8283932805061340332 0.81331604719161987305 0.80269211530685424805 0.79074424505233764648 0.77900701761245727539 0.75762689113616943359 0.72898566722869873047 0.69928503036499023438 0.68113064765930175781 0.65256452560424804688 0.60881668329238891602 0.56550467014312744141 0.50864672660827636719 0.39549720287322998047 0.33525189757347106934 0.31696036458015441895 0.29126900434494018555 0.28675037622451782227 0.42101228237152099609 0.4155648350715637207 0.40249222517013549805 0.39543190598487854004
-9999 -9999 -9999 -9999 1.4343805313110351563 1.4252324104309082031 1.4034783840179443359 1.5543715953826904297 1.9252120256423950195 2.0633869171142578125 2.0337581634521484375 2.0011858940124511719 1.9598916769027709961 1.8988187313079833984 1.6370712518692016602 1.0935754776000976563 0.92242854833602905273 0.88900917768478393555 0.85655456781387329102 0.83273720741271972656 0.81354135274887084961 0.79728543758392333984 0.78144913911819458008 0.75524026155471801758 0.73084342479705810547 0.70955634117126464844 0.69199287891387939453 0.67298638820648193359 0.64172017574310302734 0.60774254798889160156 0.56618869304656982422 0.50111299753189086914 0.39958158135414123535 0.33947503566741943359 0.34019818902015686035 0.43719142675399780273 0.47789311408996582031 0.44246748089790344238 0.42469018697738647461 0.41283699870109558105
-9999 -9999 -9999 -9999 1.4354890584945678711 1.4280467033386230469 1.404242396354675293 1.3805344104766845703 1.4899538755416870117 1.8389815092086791992 2.0543203353881835938 2.0407352447509765625 2.0076944828033447266 1.9673911333084106445 1.9269261360168457031 1.6135754585266113281 1.1001819372177124023 0.9107043147087097168 0.88527411222457885742 0.87376868724822998047 0.85817068815231323242 0.83173489570617675781 0.79303950071334838867 0.75755667686462402344 0.73199427127838134766 0.7174002528190612793 0.70956450700759887695 0.69432401657104492188 0.66713893413543701172 0.64183610677719116211 0.61632752418518066406 0.57607638835906982422 0.51677626371383666992 0.45788100361824035645 0.46312603354454040527 0.49080410599708557129 0.50172513723373413086 0.50636947154998779297 0.49149626493453979492 0.45419985055923461914
-9999 -9999 -9999 -9999 1.4349960088729858398 1.4516566991806030273 1.4259538650512695313 1.3832654953002929688 1.3583675622940063477 1.4470711946487426758 1.9173665046691894531 2.0548117160797119141 2.0329272747039794922 2.0052587985992431641 1.9773702621459960938 1.9275382757186889648 1.6093099117279052734 1.0844893455505371094 0.91022437810897827148 0.89136642217636108398 0.88536554574966430664 0.86947047710418701172 0.82599848508834838867 0.78208577632904052734 0.74400418996810913086 0.72435116767883300781 0.71738392114639282227 0.70768886804580688477 0.68696010112762451172 0.66437035799026489258 0.64566904306411743164 0.61680746078491210938 0.60574442148208618164 0.62255370616912841797 0.56712245941162109375 0.51575112342834472656 0.50852751731872558594 0.51802182197570800781 0.51645630598068237305 0.49669724702835083008
-9999 -9999 -9999 -9999 -9999 1.5033365488052368164 1.4790883064270019531 1.4289021492004394531 1.3852734565734863281 1.3477631807327270508 1.5175763368606567383 1.904491424560546875 2.0367307662963867188 2.0164639949798583984 1.9891809225082397461 1.9517408609390258789 1.904491424560546875 1.6623805761337280273 1.0769065618515014648 0.91192376613616943359 0.88862556219100952148 0.87653076648712158203 0.86163473129272460938 0.83208262920379638672 0.77953100204467773438 0.73724585771560668945 0.72536981105804443359 0.71772181987762451172 0.70002943277359008789 0.68561494350433349609 0.66624438762664794922 0.66244733333587646484 0.73073238134384155273 0.72914731502532958984 0.66648435592651367188 0.59961783885955810547 0.54281699657440185547 0.52176338434219360352 0.52237558364868164063 0.51002448797225952148
-9999 -9999 -9999 -9999 1.5263540744781494141 1.516768336296081543 1.5003067255020141602 1.4688887596130371094 1.4396305084228515625 1.3972343206405639648 1.3554128408432006836 1.4861012697219848633 1.8470654487609863281 2.0084145069122314453 1.9903758764266967773 1.9601594209671020508 1.9338591098785400391 1.9032557010650634766 1.6410837173461914063 1.1155546903610229492 0.92056262493133544922 0.8925825953483581543 0.87634629011154174805 0.86494368314743041992 0.82969272136688232422 0.77616000175476074219 0.7473392486572265625 0.73121398687362670898 0.70988446474075317383 0.69819945096969604492 0.71157079935073852539 0.76362937688827514648 0.78938120603561401367 0.78353047370910644531 0.73246932029724121094 0.68274509906768798828 0.62392330169677734375 0.54532444477081298828 0.53073364496231079102 0.52284735441207885742
-9999 -9999 -9999 -9999 1.5252537727355957031 1.5194177627563476563 1.502140045166015625 1.4791095256805419922 1.4610726833343505859 1.4386396408081054688 1.4118218421936035156 1.3930128812789916992 1.4653431177139282227 1.879635930061340332 1.9992237091064453125 1.9662630558013916016 1.9438202381134033203 1.9317401647567749023 1.9002553224563598633 1.5956985950469970703 1.0757328271865844727 0.94248801469802856445 0.9074198603630065918 0.88461464643478393555 0.85635864734649658203 0.82085138559341430664 0.79233264923095703125 0.75377762317657470703 0.72165274620056152344 0.72535842657089233398 0.78761976957321166992 0.81593120098114013672 0.81689274311065673828 0.81665116548538208008 0.77484917640686035156 0.73095929622650146484 0.68475955724716186523 0.60675162076950073242 0.55407434701919555664 0.53717041015625
