INPUT/RASTER/ASCII/BIO05.asc
ncols        113
nrows        135
xllcorner    473009.983799999987
yllcorner    4429001.174800000153
cellsize     100.000000000000
NODATA_value  -9999
[rows 72 to 89 of 135, columns 40 to 79 of 113]
-0.31184622645378112793 -0.33032995462417602539 -0.31523847579956054688 -0.30063703656196594238 -0.28456068038940429688 -0.26898390054702758789 -0.25571462512016296387 -0.22365708649158477783 -0.18092799186706542969 -0.14509283006191253662 -0.11542368680238723755 -0.056190051138401031494 0.0016543256351724267006 0.048108719289302825928 0.050430487841367721558 0.03765600547194480896 -0.021197009831666946411 -0.078665524721145629883 -0.17932464182376861572 -0.26677632331848144531 -0.27083942294120788574 -0.22736334800720214844 -0.17903918027877807617 -0.15568828582763671875 -0.14449335634708404541 -9999 -9999 -0.081049144268035888672 -0.073317848145961761475 -0.060633763670921325684 -0.038163043558597564697 -0.022981155663728713989 -0.01355610974133014679 -0.010958394035696983337 -9999 -9999 -9999 0.05547842755913734436 0.08668432384729385376 0.24103432893753051758
-0.29058396816253662109 -0.25600007176399230957 -0.23539438843727111816 -0.2246895134449005127 -0.21946553885936737061 -0.20274214446544647217 -0.17989081144332885742 -0.16188283264636993408 -0.14809972047805786133 -0.1029917597770690918 -0.024965126067399978638 0.019652785733342170715 0.031275898218154907227 0.010422806255519390106 -0.021434897556900978088 -0.042640060186386108398 -0.0658624991774559021 -0.11632289737462997437 -0.21430340409278869629 -0.28649231791496276855 -0.28218656778335571289 -0.22804370522499084473 -0.17211669683456420898 -0.13385510444641113281 -0.12446811050176620483 -9999 -0.10007051378488540649 -0.086296916007995605469 -0.071961902081966400146 -0.055167142301797866821 -0.03271069750189781189 -0.015273647382855415344 -0.002170882420614361763 0.006559536326676607132 0.018258772790431976318 0.034187626093626022339 -9999 0.083025634288787841797 0.10616243630647659302 0.26117375493049621582
-0.39009645581245422363 -0.25231760740280151367 -0.19307921826839447021 -0.18221732974052429199 -0.1769886016845703125 -0.158818855881690979 -0.13639096915721893311 -0.12448714673519134521 -0.11811179667711257935 -0.044233899563550949097 0.080789506435394287109 0.057567067444324493408 -0.062760464847087860107 -0.12103303521871566772 -0.10649819672107696533 -0.082581132650375366211 -0.098429106175899505615 -0.14465036988258361816 -0.23675033450126647949 -0.30587527155876159668 -0.32116183638572692871 -0.26656222343444824219 -0.18613769114017486572 -0.15389461815357208252 -0.12550054490566253662 -0.11482896655797958374 -0.10962402075529098511 -0.094489708542823791504 -0.074659526348114013672 -0.054934013634920120239 -0.024370411410927772522 0.0040997946634888648987 0.018406262621283531189 0.015970310196280479431 0.02994373813271522522 0.050497096031904220581 0.057381518185138702393 0.077863506972789764404 0.11631065607070922852 0.27141714096069335938
-0.44585219025611877441 -0.38829803466796875 -0.20151466131210327148 -0.1559689939022064209 -0.14787609875202178955 -0.12257929891347885132 -0.093856930732727050781 -0.077556982636451721191 -0.030931308865547180176 0.11112473905086517334 0.2331317514181137085 0.076555132865905761719 -0.12550054490566253662 -0.17012797296047210693 -0.14551150798797607422 -0.11872554570436477661 -0.13163800537586212158 -0.17866808176040649414 -0.25687551498413085938 -0.30690294504165649414 -0.32288414239883422852 -0.30586576461791992188 -0.25353083014488220215 -0.20948860049247741699 -0.15995596349239349365 -0.13715696334838867188 -0.12923058867454528809 -0.1108182072639465332 -0.084289155900478363037 -0.060786012560129165649 -0.014897787012159824371 0.056215874850749969482 0.08486687391996383667 0.10034850239753723145 0.095100730657577514648 0.08038034290075302124 0.070660315454006195068 0.076531343162059783936 0.10758023709058761597 0.24440279603004455566
-0.40644875168800354004 -0.41438463330268859863 -0.32841736078262329102 -0.16512283682823181152 -0.10517079383134841919 -0.062232356518507003784 0.0054652607068419456482 0.066459253430366516113 0.20207810401916503906 0.30290374159812927246 0.25451293587684631348 0.060003023594617843628 -0.11771214753389358521 -0.17029449343681335449 -0.16272495687007904053 -0.15048334002494812012 -0.18544782698154449463 -0.23793977499008178711 -0.27411746978759765625 -0.29892900586128234863 -0.31152269244194030762 -0.31452956795692443848 -0.30093199014663696289 -0.27505475282669067383 -0.22901427745819091797 -0.18978211283683776855 -0.16026996076107025146 -0.12609525024890899658 -0.095593504607677459717 -0.066657036542892456055 -0.009702355600893497467 0.077402010560035705566 0.15695111453533172607 0.25717252492904663086 0.23836524784564971924 0.14974792301654815674 0.086332254111766815186 0.07654561847448348999 0.095971398055553436279 0.19996567070484161377
-0.36314871907234191895 -0.36605569720268249512 -0.36503279209136962891 -0.2663052976131439209 -0.089370399713516235352 0.0067117833532392978668 0.15657524764537811279 0.24046339094638824463 0.34469556808471679688 0.3085606694221496582 0.1823002547025680542 0.022340899333357810974 -0.10495669394731521606 -0.15373285114765167236 -0.15990838408470153809 -0.15784353017807006836 -0.19798442721366882324 -0.25231283903121948242 -0.27117246389389038086 -0.28082111477851867676 -0.29009389877319335938 -0.3026638031005859375 -0.29899561405181884766 -0.28750571608543395996 -0.25784131884574890137 -0.21557848155498504639 -0.17798297107219696045 -0.13401685655117034912 -0.10079845041036605835 -0.069188147783279418945 -0.0039645433425903320313 0.074242882430553436279 0.15931570529937744141 0.34302559494972229004 0.38377073407173156738 0.27347722649574279785 0.1398328244686126709 0.092293679714202880859 0.090690322220325469971 0.1698017120361328125
-0.32157576084136962891 -0.3143202364444732666 -0.32273188233375549316 -0.3143107295036315918 -0.21010233461856842041 0.058499582111835479736 0.31112506985664367676 0.3822434842586517334 0.35501506924629211426 0.23613862693309783936 0.11424580216407775879 -0.011557866819202899933 -0.099532894790172576904 -0.12795075774192810059 -0.13529193401336669922 -0.14671045541763305664 -0.17918190360069274902 -0.2167488783597946167 -0.24859230220317840576 -0.2622089087963104248 -0.26752802729606628418 -0.28330940008163452148 -0.28382322192192077637 -0.28026920557022094727 -0.2630462646484375 -0.22171118855476379395 -0.1751330941915512085 -0.11773593723773956299 -0.077537946403026580811 -0.052174534648656845093 0.023582663387060165405 0.18011170625686645508 0.33286309242248535156 0.5158831477165222168 0.53420990705490112305 0.41947266459465026855 0.2488988339900970459 0.13158294558525085449 0.11112949997186660767 0.19802452623844146729
-0.25543391704559326172 -0.2351993173360824585 -0.25308358669281005859 -0.25826951861381530762 -0.22821974754333496094 -0.0057819928042590618134 0.34326824545860290527 0.34313502907752990723 0.20819653570652008057 0.1095927506685256958 0.034534938633441925049 -0.040456268936395645142 -0.10055104643106460571 -0.1111750379204750061 -0.1106612086296081543 -0.1291354447603225708 -0.13415482640266418457 -0.17394842207431793213 -0.24390119314193725586 -0.26940733194351196289 -0.26302248239517211914 -0.26536804437637329102 -0.26743289828300476074 -0.26476380228996276855 -0.25128042697906494141 -0.20562532544136047363 -0.1285692751407623291 -0.028447778895497322083 0.014076736755669116974 0.02994373813271522522 0.11842308193445205688 0.3314119875431060791 0.51551204919815063477 0.63750952482223510742 0.61079019308090209961 0.49768009781837463379 0.31603980064392089844 0.16073350608348846436 0.12745323777198791504 0.23105262219905853271
-0.17104144394397735596 -0.14347997307777404785 -0.17284938693046569824 -0.19750389456748962402 -0.17945785820484161377 -0.023261861875653266907 0.21942950785160064697 0.27827775478363037109 0.12691086530685424805 0.010551264509558677673 -0.037444628775119781494 -0.072052292525768280029 -0.12919253110885620117 -0.14854693412780761719 -0.15383753180503845215 -0.15901868045330047607 -0.13169033825397491455 -0.1747144162654876709 -0.2397619783878326416 -0.25419214367866516113 -0.26421666145324707031 -0.26613879203796386719 -0.26171410083770751953 -0.25528165698051452637 -0.23190222680568695068 -0.17313484847545623779 -0.070077843964099884033 0.064180299639701843262 0.13657379150390625 0.1702441871166229248 0.240801200270652771 0.41765996813774108887 0.56536346673965454102 0.64747220277786254883 0.63511162996292114258 0.51109689474105834961 0.28302597999572753906 0.1510753333568572998 0.14622245728969573975 0.26953306794166564941
-0.03899564594030380249 -0.059425301849842071533 -0.12912116944789886475 -0.14103449881076812744 -0.097981877624988555908 0.041500244289636611938 0.14429081976413726807 0.10757547616958618164 0.069366216659545898438 -0.024822393432259559631 -0.08132985234260559082 -0.10865820199251174927 -0.15281938016414642334 -0.18082332611083984375 -0.21348507702350616455 -0.23245887458324432373 -0.19128079712390899658 -0.18312606215476989746 -0.12734653055667877197 -0.15364246070384979248 -0.22605022788047790527 -0.26484945416450500488 -0.25528642535209655762 -0.23743544518947601318 -0.17951019108295440674 -0.098743110895156860352 -0.0060151214711368083954 0.12411332130432128906 0.20972850918769836426 0.25404193997383117676 0.3146457970142364502 0.38461759686470031738 0.44979837536811828613 0.60714572668075561523 0.65382850170135498047 0.56229948997497558594 0.36126193404197692871 0.25945621728897094727 0.23326021432876586914 0.31154850125312805176
0.062063116580247879028 0.085447318851947784424 -0.00029634014936164021492 -0.012847209349274635315 0.04374112933874130249 0.1324536055326461792 0.1421022564172744751 0.024377202615141868591 -0.099818356335163116455 -0.073627099394798278809 -0.096835263073444366455 -0.12823623418807983398 -0.15970855951309204102 -0.19104766845703125 -0.24168884754180908203 -0.22512722015380859375 -0.071157842874526977539 0.058057114481925964355 0.060621526092290878296 -0.079445794224739074707 -0.17291599512100219727 -0.23109816014766693115 -0.21998888254165649414 -0.18183195590972900391 -0.097629807889461517334 -0.0061435797251760959625 0.067924626171588897705 0.12655878067016601563 0.13617414236068725586 0.15503850579261779785 0.24861337244510650635 0.31312331557273864746 0.40257322788238525391 0.60274010896682739258 0.68915933370590209961 0.68922597169876098633 0.62386435270309448242 0.51545494794845581055 0.42679002881050109863 0.41145589947700500488
0.12502680718898773193 0.15297842025756835938 0.15320678055286407471 0.13397131860256195068 0.16138531267642974854 0.18378466367721557617 0.097013339400291442871 -0.034418717026710510254 -0.20444065332412719727 -0.25858828425407409668 -0.15698237717151641846 -0.14709582924842834473 -0.16863879561424255371 -0.19424009323120117188 -0.18539549410343170166 -0.018508898094296455383 0.20394313335418701172 0.25839525461196899414 0.024567512795329093933 -0.17860147356986999512 -0.2080993354320526123 -0.20018725097179412842 -0.16809642314910888672 -0.13665263354778289795 -0.065848223865032196045 0.022702485322952270508 0.05322802811861038208 0.065050967037677764893 0.10198515653610229492 0.15968205034732818604 0.26476109027862548828 0.35499602556228637695 0.44154849648475646973 0.59994256496429443359 0.7152506709098815918 0.78340983390808105469 0.80774080753326416016 0.70322316884994506836 0.57839959859848022461 0.51369458436965942383
0.19725376367568969727 0.212683066725730896 0.2395213693380355835 0.26175895333290100098 0.22830742597579956055 0.15257877111434936523 0.018677452579140663147 -0.10459510982036590576 -0.25801736116409301758 -0.37544268369674682617 -0.33062016963958740234 -0.18483884632587432861 -0.16834858059883117676 -0.16193041205406188965 -0.0054679834283888339996 0.29013878107070922852 0.48279795050621032715 0.36944997310638427734 -0.013960516080260276794 -0.25783655047416687012 -0.25230810046195983887 -0.2017002105712890625 -0.13980224728584289551 -0.06315059959888458252 0.051034715026617050171 0.13808675110340118408 0.15280713140964508057 0.20317713916301727295 0.32844793796539306641 0.40160265564918518066 0.42995867133140563965 0.44377511739730834961 0.50154334306716918945 0.60324442386627197266 0.73634642362594604492 0.84860962629318237305 0.93981516361236572266 0.84722989797592163086 0.68137574195861816406 0.57589703798294067383
0.21521416306495666504 0.26334327459335327148 0.29040995240211486816 0.30695730447769165039 0.25604969263076782227 0.11376051604747772217 -0.016420258209109306335 -0.12518176436424255371 -0.24532374739646911621 -0.34065896272659301758 -0.36737835407257080078 -0.33039182424545288086 -0.18569998443126678467 -0.11189345270395278931 0.103921547532081604 0.49532976746559143066 0.68387830257415771484 0.53846329450607299805 0.16337879002094268799 -0.11954387277364730835 -0.20193809270858764648 -0.22248193621635437012 -0.19823183119297027588 -0.067128054797649383545 0.19282908737659454346 0.37660560011863708496 0.43129083514213562012 0.45748686790466308594 0.55223214626312255859 0.62311267852783203125 0.64734852313995361328 0.62536782026290893555 0.64306652545928955078 0.69599145650863647461 0.80042344331741333008 0.9052836298942565918 0.98798233270645141602 0.89069640636444091797 0.68426841497421264648 0.58225333690643310547
0.19875721633434295654 0.25973692536354064941 0.29455870389938354492 0.29219409823417663574 0.23489686846733093262 0.11578255146741867065 -0.038182076066732406616 -0.14425072073936462402 -0.23411932587623596191 -0.29958081245422363281 -0.33857986330986022949 -0.37299245595932006836 -0.30791634321212768555 -0.13128592073917388916 0.11670079082250595093 0.52509409189224243164 0.71918058395385742188 0.66545635461807250977 0.35656130313873291016 0.03800331801176071167 -0.047069501131772994995 -0.14079661667346954346 -0.24305431544780731201 -0.18752220273017883301 0.11325620114803314209 0.38942766189575195313 0.53629374504089355469 0.58269107341766357422 0.61214137077331542969 0.69829416275024414063 0.77956557273864746094 0.78367626667022705078 0.80373477935791015625 0.83900856971740722656 0.89632004499435424805 0.96203368902206420898 0.99694585800170898438 0.85660260915756225586 0.64658725261688232422 0.57491695880889892578
0.21612289547920227051 0.26755386590957641602 0.28097063302993774414 0.24457406997680664063 0.15786935389041900635 0.024286806583404541016 -0.10503282397985458374 -0.20240910351276397705 -0.23812057077884674072 -0.26988312602043151855 -0.31365415453910827637 -0.35767260193824768066 -0.38809347152709960938 -0.28418958187103271484 0.14080816507339477539 0.60021853446960449219 0.7536169886589050293 0.71105438470840454102 0.49279865622520446777 0.27668869495391845703 0.24571116268634796143 0.099592022597789764404 -0.095055878162384033203 -0.18666580319404602051 -0.026349622756242752075 0.23588171601295471191 0.48681345582008361816 0.68014824390411376953 0.7357088923454284668 0.80449604988098144531 0.8953399658203125 0.91507500410079956055 0.936237335205078125 0.96092993021011352539 1.015101313591003418 1.0418301820755004883 1.0093444585800170898 0.80525726079940795898 0.60233092308044433594 0.57858991622924804688
0.24923662841320037842 0.28037592768669128418 0.25653022527694702148 0.18582572042942047119 0.10019149631261825562 -0.042359355837106704712 -0.15982274711132049561 -0.19747534394264221191 -0.2173150479793548584 -0.25967302918434143066 -0.3023878633975982666 -0.34374198317527770996 -0.35377600789070129395 -0.22965182363986968994 0.18564017117023468018 0.73943895101547241211 0.91262954473495483398 0.76047760248184204102 0.64886146783828735352 0.66199278831481933594 0.6553509831428527832 0.48448216915130615234 0.27690279483795166016 0.019162740558385848999 -0.095907509326934814453 0.048927046358585357666 0.37947925925254821777 0.75350278615951538086 0.88294136524200439453 0.91327655315399169922 0.97010278701782226563 0.99886798858642578125 1.0008947849273681641 1.0253304243087768555 1.0783694982528686523 1.0783028602600097656 1.004053950309753418 0.78822463750839233398 0.60284477472305297852 0.60369163751602172852
0.27384832501411437988 0.28660854697227478027 0.22794583439826965332 0.13719229400157928467 0.073710016906261444092 -0.042640060186386108398 -0.15029777586460113525 -0.16844849288463592529 -0.10585115104913711548 -0.1795292198657989502 -0.288181304931640625 -0.34278091788291931152 -0.28589284420013427734 -0.055557273328304290771 0.31037336587905883789 0.72708791494369506836 0.97951358556747436523 0.80235505104064941406 0.70517385005950927734 0.80334466695785522461 0.84908539056777954102 0.72369086742401123047 0.57008308172225952148 0.29713261127471923828 0.032417751848697662354 0.041628699749708175659 0.31706270575523376465 0.69904589653015136719 0.91533190011978149414 0.99355834722518920898 1.0635825395584106445 1.0890363454818725586 1.0590436458587646484 1.0350362062454223633 1.0302023887634277344 1.0220285654067993164 0.97549808025360107422 0.80102288722991943359 0.66636037826538085938 0.6885884404182434082
