INPUT/RASTER/ASCII/BIO06.asc
ncols        113
nrows        135
xllcorner    473009.983799999987
yllcorner    4429001.174800000153
cellsize     100.000000000000
NODATA_value  -9999
[rows 72 to 89 of 135, columns 0 to 39 of 113]
-9999 -9999 -9999 1.6365211009979248047 1.6664143800735473633 1.7149648666381835938 1.7100772857666015625 1.6987024545669555664 1.6836007833480834961 1.6828970909118652344 1.6778806447982788086 1.6618140935897827148 1.6314344406127929688 1.6013631820678710938 1.5726354122161865234 1.5428825616836547852 1.5200120210647583008 1.4990693330764770508 1.4768583774566650391 1.4638820886611938477 1.4521334171295166016 1.4374071359634399414 1.4219413995742797852 1.3973813056945800781 1.3401902914047241211 1.300900578498840332 1.2875113487243652344 1.2734918594360351563 1.2602380514144897461 1.228725433349609375 0.92924237251281738281 0.39764222502708435059 0.29412412643432617188 0.28240972757339477539 0.2665081024169921875 0.23435387015342712402 0.16991645097732543945 0.13367295265197753906 0.12693586945533752441 0.12189324945211410522
-9999 -9999 -9999 1.632221221923828125 1.6447387933731079102 1.6870484352111816406 1.6991170644760131836 1.6928811073303222656 1.6842797994613647461 1.683194279670715332 1.6768000125885009766 1.6663948297500610352 1.6477637290954589844 1.6232150793075561523 1.5972918272018432617 1.5635834932327270508 1.5381044149398803711 1.5136504173278808594 1.4845194816589355469 1.4656745195388793945 1.4492309093475341797 1.4344083070755004883 1.4216965436935424805 1.4088605642318725586 1.3781543970108032227 1.3276188373565673828 1.2944148778915405273 1.2726380825042724609 1.2410047054290771484 0.96889436244964599609 0.54721319675445556641 0.34664145112037658691 0.30753955245018005371 0.29380908608436584473 0.28413522243499755859 0.26695212721824645996 0.2178204953670501709 0.15333083271980285645 0.13761366903781890869 0.13506543636322021484
-9999 -9999 1.6563045978546142578 1.6400618553161621094 1.6456840038299560547 1.6873439550399780273 1.7094683647155761719 1.7035557031631469727 1.6930673122406005859 1.6810590028762817383 1.6716169118881225586 1.6611334085464477539 1.6470192670822143555 1.6337279081344604492 1.6161890029907226563 1.5872735977172851563 1.5604916810989379883 1.5304237604141235352 1.497020721435546875 1.4753320217132568359 1.4524075984954833984 1.4314845800399780273 1.4186111688613891602 1.4077636003494262695 1.3932119607925415039 1.3695056438446044922 1.3336114883422851563 1.2210382223129272461 0.88565778732299804688 0.53634113073348999023 0.43959438800811767578 0.39550536870956420898 0.34989979863166809082 0.30817946791648864746 0.28618392348289489746 0.2693207859992980957 0.24150887131690979004 0.19161814451217651367 0.1599813997745513916 0.15963695943355560303
-9999 -9999 1.6703534126281738281 1.6703975200653076172 1.6928273439407348633 1.7099728584289550781 1.7096104621887207031 1.7009079456329345703 1.6891754865646362305 1.6777696609497070313 1.6682459115982055664 1.6573885679244995117 1.643179774284362793 1.6291767358779907227 1.6128000020980834961 1.5956920385360717773 1.5789937973022460938 1.5501828193664550781 1.5131378173828125 1.4888470172882080078 1.4637286663055419922 1.4366301298141479492 1.4163339138031005859 1.4048382043838500977 1.3914979696273803711 1.3782914876937866211 1.2979360818862915039 0.84920203685760498047 0.49677067995071411133 0.46657702326774597168 0.449573516845703125 0.42699190974235534668 0.39960443973541259766 0.33817559480667114258 0.28860810399055480957 0.27306726574897766113 0.25419130921363830566 0.22582925856113433838 0.19186465442180633545 0.17700941860675811768
-9999 -9999 1.6848740577697753906 1.6965051889419555664 1.7180371284484863281 1.7235956192016601563 1.7152553796768188477 1.7017354965209960938 1.6882026195526123047 1.6741750240325927734 1.6627429723739624023 1.6521158218383789063 1.6368867158889770508 1.6220804452896118164 1.6025956869125366211 1.5878416299819946289 1.581610560417175293 1.5656877756118774414 1.5375118255615234375 1.5092313289642333984 1.4811370372772216797 1.4497206211090087891 1.4235656261444091797 1.4059499502182006836 1.3847886323928833008 1.2861890792846679688 0.88272428512573242188 0.60179227590560913086 0.52412229776382446289 0.48758167028427124023 0.45635139942169189453 0.43840759992599487305 0.42617407441139221191 0.38501855731010437012 0.31465700268745422363 0.28396219015121459961 0.26416391134262084961 0.2472403794527053833 0.22843790054321289063 0.19288329780101776123
-9999 -9999 1.709154963493347168 1.7080873250961303711 1.7093622684478759766 1.7405387163162231445 1.729740142822265625 1.709217071533203125 1.6918886899948120117 1.6755365133285522461 1.6650512218475341797 1.649125218391418457 1.6286183595657348633 1.6115952730178833008 1.5925838947296142578 1.5786803960800170898 1.5738434791564941406 1.5657758712768554688 1.5520830154418945313 1.5340526103973388672 1.5037088394165039063 1.4671387672424316406 1.4395129680633544922 1.410448908805847168 1.2581746578216552734 0.82819902896881103516 0.61606305837631225586 0.58971548080444335938 0.56999063491821289063 0.52381372451782226563 0.4646752476692199707 0.4412937462329864502 0.43162968754768371582 0.41703891754150390625 0.36558759212493896484 0.30338171124458312988 0.27090916037559509277 0.25867563486099243164 0.25049382448196411133 0.2151775658130645752
-9999 -9999 -9999 1.6723711490631103516 1.6945691108703613281 1.7632770538330078125 1.7527868747711181641 1.7302755117416381836 1.7050216197967529297 1.6808158159255981445 1.6699258089065551758 1.6521158218383789063 1.6265321969985961914 1.6052043437957763672 1.5860687494277954102 1.5720396041870117188 1.5669529438018798828 1.5603692531585693359 1.5487658977508544922 1.5382381677627563477 1.5188529491424560547 1.4865028858184814453 1.4539682865142822266 1.2806028127670288086 0.79866325855255126953 0.62022417783737182617 0.60297745466232299805 0.59019052982330322266 0.57945883274078369141 0.55466693639755249023 0.48919779062271118164 0.44599193334579467773 0.43411752581596374512 0.42489424347877502441 0.39622363448143005371 0.3384367823600769043 0.28404378890991210938 0.26935508847236633301 0.26273551583290100098 0.23479136824607849121
-9999 -9999 -9999 1.6199028491973876953 1.6738158464431762695 1.7531101703643798828 1.7602863311767578125 1.7492722272872924805 1.7277028560638427734 1.7042853832244873047 1.6881095170974731445 1.6612819433212280273 1.6310850381851196289 1.6096101999282836914 1.5853424072265625 1.5654771327972412109 1.5586551427841186523 1.5514234304428100586 1.5412762165069580078 1.5326650142669677734 1.5207809209823608398 1.4399765729904174805 1.2441307306289672852 0.86338144540786743164 0.65955954790115356445 0.63182431459426879883 0.60921496152877807617 0.5876700282096862793 0.57826876640319824219 0.5650933384895324707 0.52777403593063354492 0.47573176026344299316 0.44411462545394897461 0.42582145333290100098 0.40994757413864135742 0.38219115138053894043 0.31986939907073974609 0.28001493215560913086 0.26713168621063232422 0.24626907706260681152
-9999 -9999 -9999 1.5991479158401489258 1.6363806724548339844 1.719449162483215332 1.7455797195434570313 1.7400130033493041992 1.734434962272644043 1.7281582355499267578 1.7172486782073974609 1.6904504299163818359 1.6529108285903930664 1.6213181018829345703 1.5901547670364379883 1.5678377151489257813 1.5558996200561523438 1.5452691316604614258 1.5351758003234863281 1.5266250371932983398 1.4721161127090454102 1.0650861263275146484 0.77558869123458862305 0.69895201921463012695 0.67353975772857666016 0.65169930458068847656 0.62139952182769775391 0.59259998798370361328 0.57765823602676391602 0.56684166193008422852 0.54836565256118774414 0.51601231098175048828 0.46492174267768859863 0.4266833961009979248 0.41123068332672119141 0.40043696761131286621 0.36181011795997619629 0.29186645150184631348 0.26788914203643798828 0.25161531567573547363
-9999 -9999 1.6782120466232299805 1.6330015659332275391 1.6235448122024536133 1.7138711214065551758 1.7345410585403442383 1.7252541780471801758 1.723476409912109375 1.7251839637756347656 1.7218749523162841797 1.7078588008880615234 1.6741472482681274414 1.6408944129943847656 1.6066718101501464844 1.5779588222503662109 1.5666166543960571289 1.5494661331176757813 1.5317084789276123047 1.4982008934020996094 1.185057520866394043 0.77184545993804931641 0.72761446237564086914 0.71349543333053588867 0.69777500629425048828 0.67103558778762817383 0.63516753911972045898 0.60265582799911499023 0.58016729354858398438 0.56699347496032714844 0.5516338348388671875 0.52942770719528198242 0.49386656284332275391 0.43692696094512939453 0.41157349944114685059 0.40354678034782409668 0.38605189323425292969 0.32296124100685119629 0.27557632327079772949 0.25656324625015258789
-9999 -9999 1.6990616321563720703 1.7038707733154296875 1.6921498775482177734 1.7252051830291748047 1.7193887233734130859 1.7053986787796020508 1.7133862972259521484 1.7159801721572875977 1.7112575769424438477 1.7014710903167724609 1.6757290363311767578 1.6437397003173828125 1.6299047470092773438 1.6074701547622680664 1.5855888128280639648 1.5559715032577514648 1.3732097148895263672 1.1069484949111938477 0.81711310148239135742 0.74102008342742919922 0.7295684814453125 0.71864092350006103516 0.71361458301544189453 0.69154071807861328125 0.65609055757522583008 0.61731028556823730469 0.59403818845748901367 0.57161980867385864258 0.54693078994750976563 0.52899187803268432617 0.5130608677864074707 0.46765607595443725586 0.41817674040794372559 0.40360718965530395508 0.39517071843147277832 0.36698168516159057617 0.31312087178230285645 0.26569023728370666504
-9999 -9999 1.7011723518371582031 1.7236232757568359375 1.716878056526184082 1.712472081184387207 1.7021861076354980469 1.7039000988006591797 1.7193332910537719727 1.7075241804122924805 1.6829346418380737305 1.668549656867980957 1.6414608955383300781 1.624514460563659668 1.6483236551284790039 1.6412960290908813477 1.6050068140029907227 1.3445651531219482422 0.94224637746810913086 0.79902565479278564453 0.76520305871963500977 0.74408090114593505859 0.73136740922927856445 0.72012150287628173828 0.71647953987121582031 0.70589154958724975586 0.68396455049514770508 0.64047789573669433594 0.61080664396286010742 0.58148139715194702148 0.54777634143829345703 0.52807766199111938477 0.51583760976791381836 0.49319890141487121582 0.43921729922294616699 0.40661904215812683105 0.39482462406158447266 0.38639143109321594238 0.3497104346752166748 0.2829761803150177002
-9999 -9999 1.6741586923599243164 1.7043490409851074219 1.6988183259963989258 1.6857359409332275391 1.6662168502807617188 1.6819437742233276367 1.7092970609664916992 1.6821788549423217773 1.6470519304275512695 1.6254498958587646484 1.618250727653503418 1.6369439363479614258 1.6511281728744506836 1.5984084606170654297 1.4034490585327148438 0.96727663278579711914 0.83178061246871948242 0.80095684528350830078 0.77580744028091430664 0.75185948610305786133 0.73490327596664428711 0.7225799560546875 0.71569108963012695313 0.70310330390930175781 0.68866926431655883789 0.65358805656433105469 0.62329643964767456055 0.59350109100341796875 0.5576934814453125 0.52885961532592773438 0.51473248004913330078 0.50024777650833129883 0.46934074163436889648 0.42289775609970092773 0.39396271109580993652 0.38610574603080749512 0.36817827820777893066 0.30547940731048583984
-9999 1.5360115766525268555 1.5964739322662353516 1.6738991737365722656 1.6731547117233276367 1.641753077507019043 1.6007362604141235352 1.6172844171524047852 1.6539473533630371094 1.6625226736068725586 1.6584774255752563477 1.6536568403244018555 1.6515558958053588867 1.6445314884185791016 1.5264209508895874023 1.2138947248458862305 0.95435911417007446289 0.88952338695526123047 0.85746055841445922852 0.82868713140487670898 0.79753357172012329102 0.76922702789306640625 0.75144159793853759766 0.72669047117233276367 0.69707632064819335938 0.68459141254425048828 0.6847693324089050293 0.67121517658233642578 0.64648205041885375977 0.61065644025802612305 0.57379752397537231445 0.54092991352081298828 0.51777207851409912109 0.50161415338516235352 0.48797836899757385254 0.45382276177406311035 0.40046471357345581055 0.38129004836082458496 0.37277358770370483398 0.34856283664703369141
-9999 1.4857062101364135742 1.5487674474716186523 1.6489325761795043945 1.6430116891860961914 1.600360870361328125 1.5718486309051513672 1.5844755172729492188 1.6366974115371704102 1.6889452934265136719 1.6991138458251953125 1.6917548179626464844 1.6599743366241455078 1.4918637275695800781 1.0629835128784179688 0.93524158000946044922 0.90667384862899780273 0.89134520292282104492 0.87656831741333007813 0.86192041635513305664 0.83143943548202514648 0.79117196798324584961 0.74891453981399536133 0.70565319061279296875 0.66466093063354492188 0.67240846157073974609 0.68576514720916748047 0.6732279658317565918 0.65860289335250854492 0.62761098146438598633 0.58929431438446044922 0.55627161264419555664 0.52836334705352783203 0.50440400838851928711 0.49140322208404541016 0.47490900754928588867 0.42026951909065246582 0.37893116474151611328 0.36897653341293334961 0.36022338271141052246
1.4533169269561767578 1.5316627025604248047 1.6040060520172119141 1.6379984617233276367 1.617184758186340332 1.5777481794357299805 1.5744441747665405273 1.612813115119934082 1.6723825931549072266 1.6972234249114990234 1.6973540782928466797 1.6558426618576049805 1.3241710662841796875 1.0771677494049072266 0.95450115203857421875 0.92679697275161743164 0.91043823957443237305 0.8929335474967956543 0.87456369400024414063 0.86173921823501586914 0.83580458164215087891 0.78627628087997436523 0.73235505819320678711 0.68711191415786743164 0.67782002687454223633 0.69377881288528442383 0.68599367141723632813 0.66646474599838256836 0.65389496088027954102 0.63592499494552612305 0.60059571266174316406 0.56725466251373291016 0.54102951288223266602 0.50955271720886230469 0.49057394266128540039 0.47851997613906860352 0.44277274608612060547 0.38452556729316711426 0.36704373359680175781 0.35858929157257080078
1.503968358039855957 1.5713278055191040039 1.6094323396682739258 1.6044452190399169922 1.5778657197952270508 1.5328756570816040039 1.5634905099868774414 1.620503544807434082 1.6780275106430053711 1.6646463871002197266 1.5985977649688720703 1.3483622074127197266 1.0138355493545532227 0.96751332283020019531 0.95038086175918579102 0.92681980133056640625 0.89440274238586425781 0.84218746423721313477 0.79790091514587402344 0.77791488170623779297 0.76170635223388671875 0.76692694425582885742 0.76035636663436889648 0.74124532938003540039 0.72801601886749267578 0.71474915742874145508 0.68863332271575927734 0.66478496789932250977 0.65092551708221435547 0.63811737298965454102 0.61597168445587158203 0.58611267805099487305 0.55691802501678466797 0.52094554901123046875 0.4915027916431427002 0.47663778066635131836 0.45680359005928039551 0.41497713327407836914 0.3741334378719329834 0.35663038492202758789
1.5808384418487548828 1.5818114280700683594 1.5745159387588500977 1.5530248880386352539 1.5008519887924194336 1.4525561332702636719 1.5443468093872070313 1.6222420930862426758 1.635148167610168457 1.3362169265747070313 1.1072309017181396484 1.0110049247741699219 0.97743856906890869141 0.96348774433135986328 0.9320354461669921875 0.88671231269836425781 0.83309149742126464844 0.75380206108093261719 0.70294171571731567383 0.68871331214904785156 0.71575307846069335938 0.76923519372940063477 0.80060750246047973633 0.79952681064605712891 0.76384979486465454102 0.73134946823120117188 0.6985308527946472168 0.67327207326889038086 0.65504252910614013672 0.64078319072723388672 0.62533044815063476563 0.60166817903518676758 0.57053750753402709961 0.53341412544250488281 0.49852719902992248535 0.47751602530479431152 0.46032151579856872559 0.44115173816680908203 0.39211478829383850098 0.36219862103462219238
