INPUT/RASTER/ASCII/BIO01.asc
ncols        113
nrows        135
xllcorner    473009.983799999987
yllcorner    4429001.174800000153
cellsize     100.000000000000
NODATA_value  -9999
[rows 0 to 17 of 135, columns 0 to 39 of 113]
-9999.0 -9999 -9999 -9999 -9999 -9999 -9999 -9999 -9999 -9999 -9999 -9999 -9999 -9999 -9999 -9999 -9999 -9999 -9999 -9999 -9999 -9999 -2.294185638427734375 -2.3197596073150634766 -2.3216314315795898438 -2.3353800773620605469 -2.3311557769775390625 -2.3400056362152099609 -2.3641507625579833984 -2.4258887767791748047 -2.4682145118713378906 -2.5742120742797851563 -2.5987794399261474609 -2.6329851150512695313 -9999 -9999 -9999 -9999 -9999 -9999
-9999 -9999 -9999 -9999 -9999 -9999 -9999 -9999 -9999 -9999 -9999 -9999 -9999 -9999 -9999 -9999 -9999 -9999 -9999 -9999 -2.1510379314422607422 -2.1578881740570068359 -2.2389588356018066406 -2.2962131500244140625 -2.3144214153289794922 -2.3255822658538818359 -2.3219876289367675781 -2.3305504322052001953 -2.3535227775573730469 -2.3950181007385253906 -2.4492070674896240234 -2.4970612525939941406 -2.5614736080169677734 -2.6508612632751464844 -2.7280814647674560547 -9999 -9999 -9999 -9999 -9999
-9999 -9999 -9999 -9999 -9999 -9999 -9999 -9999 -9999 -9999 -9999 -9999 -9999 -9999 -9999 -9999 -9999 -9999 -9999 -9999 -2.1625795364379882813 -2.1742179393768310547 -2.2178237438201904297 -2.2531435489654541016 -2.2839450836181640625 -2.2982127666473388672 -2.3003439903259277344 -2.3063948154449462891 -2.3249802589416503906 -2.3782351016998291016 -2.4384438991546630859 -2.4805240631103515625 -2.5371279716491699219 -2.6260728836059570313 -2.6586594581604003906 -2.6328780651092529297 -2.5960912704467773438 -9999 -9999 -9999
-9999 -9999 -9999 -9999 -9999 -9999 -9999 -9999 -9999 -9999 -9999 -9999 -9999 -9999 -9999 -9999 -9999 -9999 -9999 -9999 -2.1315393447875976563 -2.1607942581176757813 -2.20511627197265625 -2.2362914085388183594 -2.2536590099334716797 -2.2619760036468505859 -2.2692067623138427734 -2.2785997390747070313 -2.3037829399108886719 -2.3696794509887695313 -2.4308187961578369141 -2.4651250839233398438 -2.4964005947113037109 -2.5545785427093505859 -2.5834288597106933594 -2.5972502231597900391 -2.5885214805603027344 -2.5801386833190917969 -9999 -9999
-9999 -9999 -9999 -9999 -9999 -9999 -9999 -9999 -9999 -9999 -9999 -9999 -9999 -9999 -9999 -9999 -9999 -9999 -9999 -9999 -2.1310584545135498047 -2.1516537666320800781 -2.1913156509399414063 -2.2172424793243408203 -2.2292199134826660156 -2.2329077720642089844 -2.2307975292205810547 -2.2380559444427490234 -2.2630658149719238281 -2.327198028564453125 -2.3867735862731933594 -2.4112024307250976563 -2.4318289756774902344 -2.4805204868316650391 -2.5258493423461914063 -2.5707559585571289063 -2.5804049968719482422 -2.5946519374847412109 -2.6720762252807617188 -2.7228538990020751953
-9999 -9999 -9999 -9999 -9999 -9999 -9999 -9999 -9999 -9999 -9999 -9999 -9999 -9999 -9999 -9999 -9999 -9999 -9999 -2.0445005893707275391 -2.1282837390899658203 -2.1571130752563476563 -2.1842439174652099609 -2.2036769390106201172 -2.2076210975646972656 -2.2071816921234130859 -2.2063720226287841797 -2.2143466472625732422 -2.2372219562530517578 -2.2765898704528808594 -2.3240773677825927734 -2.3463230133056640625 -2.36965179443359375 -2.4215261936187744141 -2.4873397350311279297 -2.5561354160308837891 -2.5802390575408935547 -2.5878155231475830078 -2.6022460460662841797 -2.6738717555999755859
-9999 -9999 -9999 -9999 -9999 -9999 -9999 -9999 -9999 -9999 -9999 -9999 -9999 -9999 -9999 -9999 -9999 -9999 -9999 -1.8594285249710083008 -2.025859832763671875 -2.1133551597595214844 -2.1523146629333496094 -2.1765115261077880859 -2.1772382259368896484 -2.1853165626525878906 -2.1966228485107421875 -2.2081468105316162109 -2.2203977108001708984 -2.2377376556396484375 -2.2609555721282958984 -2.2754654884338378906 -2.3033919334411621094 -2.3744986057281494141 -2.4503314495086669922 -2.5367300510406494141 -2.5761876106262207031 -2.5690572261810302734 -2.5440263748168945313 -2.5427186489105224609
-9999 -9999 -9999 -9999 -9999 -9999 -9999 -9999 -9999 -9999 -9999 -9999 -9999 -9999 -9999 -9999 -9999 -9999 -1.737879633903503418 -1.8477520942687988281 -1.9502382278442382813 -2.0094816684722900391 -2.0248322486877441406 -2.0517902374267578125 -2.0833494663238525391 -2.1141335964202880859 -2.1692152023315429688 -2.2037634849548339844 -2.2054171562194824219 -2.2081019878387451172 -2.2221689224243164063 -2.2362775802612304688 -2.2691998481750488281 -2.3409397602081298828 -2.4170942306518554688 -2.4965770244598388672 -2.5381865501403808594 -2.5436425209045410156 -2.5200855731964111328 -2.4771509170532226563
-9999 -9999 -9999 -9999 -9999 -9999 -9999 -9999 -9999 -9999 -9999 -9999 -9999 -9999 -9999 -9999 -9999 -9999 -1.6984323263168334961 -1.7832671403884887695 -1.9113236665725708008 -1.9543483257293701172 -1.9584341049194335938 -1.9766978025436401367 -1.9940100908279418945 -2.0198781490325927734 -2.0807373523712158203 -2.1403961181640625 -2.1624515056610107422 -2.1826491355895996094 -2.2013382911682128906 -2.2261025905609130859 -2.2754724025726318359 -2.342624664306640625 -2.4003252983093261719 -2.4396998882293701172 -2.4771888256072998047 -2.5005140304565429688 -2.4973208904266357422 -2.4639902114868164063
-9999 -9999 -9999 -9999 -9999 -9999 -9999 -9999 -9999 -9999 -9999 -9999 -9999 -9999 -9999 -9999 -9999 -1.6135178804397583008 -1.6406314373016357422 -1.745404362678527832 -1.8792005777359008789 -1.9140603542327880859 -1.9217303991317749023 -1.9449379444122314453 -1.9599944353103637695 -1.975573420524597168 -1.9991649389266967773 -2.0303781032562255859 -2.0573983192443847656 -2.1163928508758544922 -2.1676721572875976563 -2.2118661403656005859 -2.2689507007598876953 -2.3430604934692382813 -2.3821964263916015625 -2.3877077102661132813 -2.3957550525665283203 -2.4142055511474609375 -2.4408552646636962891 -2.4520542621612548828
-9999 -9999 -9999 -9999 -9999 -9999 -9999 -9999 -9999 -9999 -9999 -9999 -9999 -9999 -9999 -9999 -9999 -1.5937008857727050781 -1.5994058847427368164 -1.7214807271957397461 -1.8586086034774780273 -1.8765435218811035156 -1.8876733779907226563 -1.9070682525634765625 -1.9229793548583984375 -1.9480447769165039063 -1.9748606681823730469 -1.9891837835311889648 -2.0078694820404052734 -2.0441303253173828125 -2.0841312408447265625 -2.1376006603240966797 -2.2278878688812255859 -2.318424224853515625 -2.3608052730560302734 -2.3631958961486816406 -2.3472018241882324219 -2.3552350997924804688 -2.3834695816040039063 -2.4053070545196533203
-9999 -9999 -9999 -9999 -9999 -9999 -9999 -9999 -9999 -9999 -9999 -9999 -9999 -9999 -9999 -9999 -9999 -1.6006133556365966797 -1.6031320095062255859 -1.7290539741516113281 -1.8548617362976074219 -1.8532841205596923828 -1.8615146875381469727 -1.8949387073516845703 -1.9102685451507568359 -1.9280512332916259766 -1.9616101980209350586 -1.9955080747604370117 -2.021808624267578125 -2.0459260940551757813 -2.0683827400207519531 -2.1013569831848144531 -2.1684920787811279297 -2.2444043159484863281 -2.3106503486633300781 -2.3503813743591308594 -2.3378572463989257813 -2.3278207778930664063 -2.3449461460113525391 -2.3598504066467285156
-9999 -9999 -9999 -9999 -9999 -9999 -9999 -9999 -9999 -9999 -9999 -9999 -9999 -9999 -9999 -9999 -9999 -1.6037096977233886719 -1.6043878793716430664 -1.7156891822814941406 -1.836110234260559082 -1.839514613151550293 -1.8609403371810913086 -1.9001939296722412109 -1.9088811874389648438 -1.9203292131423950195 -1.965201258659362793 -2.00615692138671875 -2.034633636474609375 -2.0661408901214599609 -2.0831174850463867188 -2.0977346897125244141 -2.1185550689697265625 -2.1415274143218994141 -2.202289581298828125 -2.2650308609008789063 -2.2796826362609863281 -2.2773542404174804688 -2.3071146011352539063 -2.3280594348907470703
-9999 -9999 -9999 -9999 -9999 -9999 -9999 -9999 -9999 -9999 -9999 -9999 -9999 -9999 -9999 -9999 -9999 -1.5987070798873901367 -1.5649647712707519531 -1.6547261476516723633 -1.7790774106979370117 -1.8132175207138061523 -1.8502707481384277344 -1.8891886472702026367 -1.9146276712417602539 -1.9371398687362670898 -1.9841188192367553711 -2.0386400222778320313 -2.0660750865936279297 -2.0852210521697998047 -2.0851414203643798828 -2.0786442756652832031 -2.0714204311370849609 -2.0799553394317626953 -2.0994160175323486328 -2.1108987331390380859 -2.1236026287078857422 -2.1639149188995361328 -2.2529773712158203125 -2.3024508953094482422
-9999 -9999 -9999 -9999 -9999 -9999 -9999 -9999 -9999 -9999 -9999 -9999 -9999 -9999 -9999 -9999 -9999 -1.626259922981262207 -1.608452916145324707 -1.6985499858856201172 -1.7906154394149780273 -1.8060145378112792969 -1.8340517282485961914 -1.8870886564254760742 -1.9336386919021606445 -1.9783896207809448242 -2.0314817428588867188 -2.0790975093841552734 -2.0878779888153076172 -2.0789105892181396484 -2.0622072219848632813 -2.055934906005859375 -2.0428433418273925781 -2.0347926616668701172 -2.040470123291015625 -2.0338308811187744141 -2.0233066082000732422 -2.0557756423950195313 -2.1666445732116699219 -2.2679164409637451172
-9999 -9999 -9999 -9999 -9999 -9999 -9999 -9999 -9999 -9999 -9999 -9999 -9999 -9999 -9999 -1.5294823646545410156 -1.6173547506332397461 -1.6685338020324707031 -1.708956599235534668 -1.7421454191207885742 -1.7681586742401123047 -1.7884185314178466797 -1.8441159725189208984 -1.9167103767395019531 -1.9719580411911010742 -2.0299146175384521484 -2.0812251567840576172 -2.1089198589324951172 -2.0928945541381835938 -2.0625739097595214844 -2.0422413349151611328 -2.0298349857330322266 -1.9925673007965087891 -1.9696123600006103516 -1.9862360954284667969 -1.9808424711227416992 -1.9709616899490356445 -1.9930032491683959961 -2.0728249549865722656 -2.1553833484649658203
-9999 -9999 -9999 -9999 -9999 -9999 -9999 -9999 -9999 -9999 -9999 -9999 -9999 -9999 -1.4242838621139526367 -1.5016872882843017578 -1.6238381862640380859 -1.7057322263717651367 -1.7228403091430664063 -1.7230236530303955078 -1.7502790689468383789 -1.812951207160949707 -1.9112061262130737305 -1.9988846778869628906 -2.0266695022583007813 -2.0496728420257568359 -2.0807788372039794922 -2.0924482345581054688 -2.0782947540283203125 -2.0544126033782958984 -2.0244760513305664063 -1.9918512105941772461 -1.949466705322265625 -1.9170217514038085938 -1.9136105775833129883 -1.9167588949203491211 -1.9264459609985351563 -1.9579740762710571289 -2.0242719650268554688 -2.0706868171691894531
-9999 -9999 -9999 -9999 -9999 -9999 -9999 -9999 -9999 -9999 -9999 -9999 -9999 -9999 -1.4301341772079467773 -1.4853748083114624023 -1.6280554533004760742 -1.6782312393188476563 -1.6867109537124633789 -1.7275316715240478516 -1.7922137975692749023 -1.8741114139556884766 -1.9612641334533691406 -2.0098104476928710938 -2.0147161483764648438 -2.0259809494018554688 -2.0374324321746826172 -2.0546894073486328125 -2.0532882213592529297 -2.0440819263458251953 -2.017421722412109375 -1.9812058210372924805 -1.9321820735931396484 -1.904957890510559082 -1.8962084054946899414 -1.8919287919998168945 -1.8990037441253662109 -1.9462180137634277344 -2.0078454017639160156 -2.0317792892456054688
