INPUT/RASTER/ASCII/BIO02.asc
ncols        113
nrows        135
xllcorner    473009.983799999987
yllcorner    4429001.174800000153
cellsize     100.000000000000
NODATA_value  -9999
[rows 72 to 89 of 135, columns 0 to 39 of 113]
-9999 -9999 -9999 -0.42114061117172241211 -0.56008940935134887695 -0.84564006328582763672 -0.89841765165328979492 -0.89562720060348510742 -0.87559109926223754883 -0.9940058588981628418 -1.0695792436599731445 -1.0792926549911499023 -1.1011567115783691406 -1.1166834831237792969 -1.0860022306442260742 -1.0797976255416870117 -1.1038618087768554688 -1.0973087549209594727 -1.066890716552734375 -1.055676579475402832 -1.0571559667587280273 -1.0414822101593017578 -0.96930867433547973633 -0.89607053995132446289 -0.84394013881683349609 -0.82443273067474365234 -0.82460343837738037109 -0.83441638946533203125 -0.83226603269577026367 -0.71298825740814208984 -0.51314878463745117188 -0.4927120208740234375 -0.54649490118026733398 -0.55244100093841552734 -0.52863287925720214844 -0.51803749799728393555 -0.54981881380081176758 -0.54380398988723754883 -0.49226394295692443848 -0.42251572012901306152
-9999 -9999 -9999 -0.40637728571891784668 -0.47120124101638793945 -0.70905977487564086914 -0.8458226323127746582 -0.87661290168762207031 -0.90674412250518798828 -1.0055780410766601563 -1.0331557989120483398 -1.0614259243011474609 -1.0876262187957763672 -1.0764998197555541992 -1.0306403636932373047 -1.0054641962051391602 -1.0283168554306030273 -1.0135179758071899414 -0.99102807044982910156 -0.99174404144287109375 -1.0067918300628662109 -0.98638355731964111328 -0.98450583219528198242 -0.98498713970184326172 -0.93187755346298217773 -0.90491384267807006836 -0.88144469261169433594 -0.82656174898147583008 -0.76903533935546875 -0.58902567625045776367 -0.44870656728744506836 -0.45655646920204162598 -0.44588762521743774414 -0.4438012540340423584 -0.43715101480484008789 -0.45996811985969543457 -0.51569271087646484375 -0.48352259397506713867 -0.43914252519607543945 -0.38230362534523010254
-9999 -9999 -0.4141489565372467041 -0.40935745835304260254 -0.46817603707313537598 -0.73026943206787109375 -0.94640380144119262695 -0.98859792947769165039 -0.99893963336944580078 -0.98590224981307983398 -1.0014265775680541992 -1.0246965885162353516 -1.040114283561706543 -1.0290116071701049805 -0.96704685688018798828 -0.92433589696884155273 -0.95594888925552368164 -0.94325292110443115234 -0.91544514894485473633 -0.93519437313079833984 -0.92433589696884155273 -0.9014523625373840332 -0.93404924869537353516 -0.94740194082260131836 -0.95546519756317138672 -0.96011918783187866211 -0.96115529537200927734 -0.91180825233459472656 -0.76132291555404663086 -0.48998078703880310059 -0.42135637998580932617 -0.4464091956615447998 -0.38154020905494689941 -0.31799176335334777832 -0.39951604604721069336 -0.45930665731430053711 -0.49197468161582946777 -0.4605395197868347168 -0.41960668563842773438 -0.36500349640846252441
-9999 -9999 -0.42023259401321411133 -0.46273729205131530762 -0.61545360088348388672 -0.8010323643684387207 -0.93476289510726928711 -0.96974962949752807617 -0.95533007383346557617 -0.96997720003128051758 -0.99393707513809204102 -1.0104619264602661133 -1.0180202722549438477 -0.97377294301986694336 -0.88713240623474121094 -0.86154377460479736328 -0.8990815281867980957 -0.89315199851989746094 -0.88001269102096557617 -0.89020740985870361328 -0.86044365167617797852 -0.86511665582656860352 -0.88127875328063964844 -0.89194285869598388672 -0.91449207067489624023 -0.91490936279296875 -0.88773459196090698242 -0.81877821683883666992 -0.67141056060791015625 -0.50863468647003173828 -0.49944287538528442383 -0.48282793164253234863 -0.39844441413879394531 -0.30394446849822998047 -0.34843832254409790039 -0.40811038017272949219 -0.44518110156059265137 -0.43137085437774658203 -0.38973626494407653809 -0.32775971293449401855
-9999 -9999 -0.41772422194480895996 -0.47411265969276428223 -0.6448948979377746582 -0.79610103368759155273 -0.87559580802917480469 -0.87451946735382080078 -0.87802118062973022461 -0.91879284381866455078 -0.95449793338775634766 -0.97748810052871704102 -0.95561695098876953125 -0.88679575920104980469 -0.79675298929214477539 -0.78416609764099121094 -0.83595746755599975586 -0.85476070642471313477 -0.84039336442947387695 -0.81982380151748657227 -0.82057058811187744141 -0.82737499475479125977 -0.83426469564437866211 -0.84833806753158569336 -0.86340248584747314453 -0.81829458475112915039 -0.64175826311111450195 -0.52042019367218017578 -0.52050793170928955078 -0.44656804203987121582 -0.46933776140213012695 -0.50439321994781494141 -0.48600724339485168457 -0.4275182187557220459 -0.41633963584899902344 -0.39273300766944885254 -0.39900630712509155273 -0.38153782486915588379 -0.33346161246299743652 -0.27035179734230041504
-9999 -9999 -0.43697792291641235352 -0.40669262409210205078 -0.45959353446960449219 -0.71525007486343383789 -0.76855880022048950195 -0.75125151872634887695 -0.78034192323684692383 -0.83677065372467041016 -0.89920008182525634766 -0.91060149669647216797 -0.87112909555435180664 -0.80248099565505981445 -0.73380678892135620117 -0.72736275196075439453 -0.77922761440277099609 -0.79588997364044189453 -0.76750850677490234375 -0.76859670877456665039 -0.77261292934417724609 -0.78551042079925537109 -0.79140436649322509766 -0.80383712053298950195 -0.76729035377502441406 -0.62438935041427612305 -0.34975889325141906738 -0.19700461626052856445 -0.26673150062561035156 -0.27731025218963623047 -0.4102204442024230957 -0.47248387336730957031 -0.46635520458221435547 -0.41929134726524353027 -0.42920628190040588379 -0.43211293220520019531 -0.44024261832237243652 -0.42455703020095825195 -0.33382198214530944824 -0.24861104786396026611
-9999 -9999 -9999 -0.23793034255504608154 -0.34550318121910095215 -0.68159341812133789063 -0.72118192911148071289 -0.71331310272216796875 -0.70726740360260009766 -0.75457781553268432617 -0.82658076286315917969 -0.82692927122116088867 -0.79763966798782348633 -0.74315029382705688477 -0.70026153326034545898 -0.69489389657974243164 -0.73155444860458374023 -0.72487097978591918945 -0.71541363000869750977 -0.7223294377326965332 -0.72883743047714233398 -0.73971253633499145508 -0.75000679492950439453 -0.722381591796875 -0.55267333984375 -0.33724313974380493164 -0.11924764513969421387 -0.001193232368677854538 -0.05173988640308380127 -0.17319411039352416992 -0.37762591242790222168 -0.43673610687255859375 -0.43280997872352600098 -0.38940197229385375977 -0.40013957023620605469 -0.4016545414924621582 -0.37057974934577941895 -0.34160313010215759277 -0.33751815557479858398 -0.35733377933502197266
-9999 -9999 -9999 -0.094652384519577026367 -0.27488014101982116699 -0.57375735044479370117 -0.65746992826461791992 -0.68133258819580078125 -0.67296350002288818359 -0.69392186403274536133 -0.75536495447158813477 -0.75454229116439819336 -0.71738147735595703125 -0.69043195247650146484 -0.6654478907585144043 -0.63719910383224487305 -0.63197851181030273438 -0.64099961519241333008 -0.67018008232116699219 -0.69449561834335327148 -0.69883191585540771484 -0.69340735673904418945 -0.67275482416152954102 -0.59610033035278320313 -0.35979470610618591309 -0.1230220496654510498 0.036655116826295852661 0.075610652565956115723 -0.065943688154220581055 -0.21276843547821044922 -0.36313998699188232422 -0.38991644978523254395 -0.36771574616432189941 -0.36521685123443603516 -0.3804543614387512207 -0.37499189376831054688 -0.2868766486644744873 -0.18101319670677185059 -0.21559450030326843262 -0.33006656169891357422
-9999 -9999 -9999 0.0017561127897351980209 -0.13245569169521331787 -0.4398205876350402832 -0.57922458648681640625 -0.58225452899932861328 -0.60705602169036865234 -0.66038370132446289063 -0.70586144924163818359 -0.71927338838577270508 -0.68338102102279663086 -0.64989030361175537109 -0.60182833671569824219 -0.54846036434173583984 -0.56347024440765380859 -0.60210567712783813477 -0.64245527982711791992 -0.66532218456268310547 -0.66397321224212646484 -0.63051331043243408203 -0.59645831584930419922 -0.54777753353118896484 -0.33613118529319763184 -0.067174158990383148193 0.10805107653141021729 0.099435389041900634766 -0.096082009375095367432 -0.17277920246124267578 -0.28143790364265441895 -0.33733323216438293457 -0.32844251394271850586 -0.3483956456184387207 -0.36548238992691040039 -0.34841459989547729492 -0.23716217279434204102 -0.11736518889665603638 -0.16775062680244445801 -0.23903515934944152832
-9999 -9999 -0.18319675326347351074 -0.068942815065383911133 -0.077684164047241210938 -0.41647002100944519043 -0.52206319570541381836 -0.51497435569763183594 -0.56195998191833496094 -0.63909578323364257813 -0.67800629138946533203 -0.69161736965179443359 -0.64537858963012695313 -0.60593700408935546875 -0.5391547083854675293 -0.51746374368667602539 -0.56889474391937255859 -0.59529894590377807617 -0.621288299560546875 -0.62911450862884521484 -0.60452157258987426758 -0.57301527261734008789 -0.56141942739486694336 -0.52637344598770141602 -0.31491678953170776367 -0.04278753325343132019 0.14058159291744232178 0.14872549474239349365 0.030011976137757301331 -0.05689412727952003479 -0.18801906704902648926 -0.3452542424201965332 -0.36225804686546325684 -0.3479925990104675293 -0.34473741054534912109 -0.31835925579071044922 -0.21174660325050354004 -0.087997391819953918457 -0.090560287237167358398 -0.12854139506816864014
-9999 -9999 -0.22855359315872192383 -0.25165760517120361328 -0.24310354888439178467 -0.40573242306709289551 -0.44465950131416320801 -0.43000999093055725098 -0.52390062808990478516 -0.60634952783584594727 -0.63635748624801635742 -0.6478869318962097168 -0.56902039051055908203 -0.46152102947235107422 -0.46626275777816772461 -0.54255217313766479492 -0.58606445789337158203 -0.59645122289657592773 -0.58602416515350341797 -0.56626546382904052734 -0.53613185882568359375 -0.52849537134170532227 -0.52434396743774414063 -0.49294674396514892578 -0.25548416376113891602 0.0013530672295019030571 0.1159839630126953125 0.19004239141941070557 0.054538484662771224976 -0.13057085871696472168 -0.26048904657363891602 -0.35365894436836242676 -0.36927577853202819824 -0.34735721349716186523 -0.31577029824256896973 -0.29049694538116455078 -0.20397493243217468262 -0.068442568182945251465 -0.021068120375275611877 -0.02895121648907661438
-9999 -9999 -0.22091232240200042725 -0.30249586701393127441 -0.29443496465682983398 -0.31883579492568969727 -0.32641306519508361816 -0.3797715604305267334 -0.53215831518173217773 -0.56741297245025634766 -0.49985066056251525879 -0.4876194298267364502 -0.37875208258628845215 -0.28521707653999328613 -0.4643281400203704834 -0.57130593061447143555 -0.60059785842895507813 -0.58234226703643798828 -0.54089254140853881836 -0.5216032862663269043 -0.50526094436645507813 -0.48990729451179504395 -0.48227789998054504395 -0.45013144612312316895 -0.20930698513984680176 -0.027948344126343727112 -0.029330553486943244934 0.12782639265060424805 -0.025247938930988311768 -0.20095920562744140625 -0.29770198464393615723 -0.34337177872657775879 -0.35617914795875549316 -0.34737616777420043945 -0.30356037616729736328 -0.26596334576606750488 -0.19771587848663330078 -0.064573332667350769043 0.025855865329504013062 0.075385421514511108398
-9999 -9999 -0.13501383364200592041 -0.23408718407154083252 -0.23761026561260223389 -0.22770720720291137695 -0.19571487605571746826 -0.2849254608154296875 -0.4485785365104675293 -0.40447825193405151367 -0.31287783384323120117 -0.27808079123497009277 -0.24407085776329040527 -0.34899309277534484863 -0.49016571044921875 -0.559795379638671875 -0.58263146877288818359 -0.55965077877044677734 -0.53621488809585571289 -0.51460212469100952148 -0.49582970142364501953 -0.46521958708763122559 -0.43751138448715209961 -0.38977420330047607422 -0.15082271397113800049 0.035787381231784820557 0.068249143660068511963 0.13825105130672454834 -0.074955306947231292725 -0.22336854040622711182 -0.29433301091194152832 -0.33649155497550964355 -0.34846913814544677734 -0.33798995614051818848 -0.30152145028114318848 -0.247629508376121521 -0.18560554087162017822 -0.084396056830883026123 0.0031620305962860584259 0.10453510284423828125
-9999 0.23552964627742767334 0.079987257719039916992 -0.14400885999202728271 -0.16199655830860137939 -0.095987178385257720947 0.00070345262065529823303 -0.075332276523113250732 -0.23132987320423126221 -0.30018189549446105957 -0.32378140091896057129 -0.33570206165313720703 -0.37424033880233764648 -0.44580227136611938477 -0.49371725320816040039 -0.51759177446365356445 -0.53199946880340576172 -0.54653757810592651367 -0.53718215227127075195 -0.51953828334808349609 -0.4888356626033782959 -0.37191215157508850098 -0.23319810628890991211 -0.073300451040267944336 0.18354625999927520752 0.25838232040405273438 0.12716254591941833496 -0.030987782403826713562 -0.19257348775863647461 -0.27752837538719177246 -0.30459880828857421875 -0.3259175419807434082 -0.32836663722991943359 -0.30792275071144104004 -0.28029990196228027344 -0.24266256392002105713 -0.18652543425559997559 -0.13740366697311401367 -0.095214277505874633789 0.0025574620813131332397
-9999 0.35508480668067932129 0.19513025879859924316 -0.077311940491199493408 -0.078310072422027587891 0.018662687391042709351 0.07565332949161529541 0.017941948026418685913 -0.18529258668422698975 -0.43374410271644592285 -0.49475571513175964355 -0.47277075052261352539 -0.48360556364059448242 -0.48257425427436828613 -0.45885619521141052246 -0.46823766827583312988 -0.4864031672477722168 -0.49437400698661804199 -0.46563446521759033203 -0.44713941216468811035 -0.36725580692291259766 -0.094685576856136322021 0.17124861478805541992 0.36404189467430114746 0.50663465261459350586 0.3452244102954864502 -0.033164229243993759155 -0.26519754528999328613 -0.29283937811851501465 -0.3278687596321105957 -0.32852548360824584961 -0.31178250908851623535 -0.29039502143859863281 -0.25926804542541503906 -0.2404505610466003418 -0.23766005039215087891 -0.20473597943782806396 -0.16411609947681427002 -0.14282107353210449219 -0.056040618568658828735
0.41423529386520385742 0.24986146390438079834 0.061072561889886856079 -0.047880131751298904419 -0.0094201033934950828552 0.075108028948307037354 0.061715066432952880859 -0.077292971312999725342 -0.32720491290092468262 -0.45662048459053039551 -0.45380389690399169922 -0.48184165358543395996 -0.46617501974105834961 -0.43952187895774841309 -0.41572085022926330566 -0.38743415474891662598 -0.33185181021690368652 -0.23028668761253356934 -0.10784856975078582764 -0.04609724879264831543 0.096061661839485168457 0.3317413628101348877 0.49379649758338928223 0.55999791622161865234 0.44353196024894714355 0.093894697725772857666 -0.20466011762619018555 -0.35462388396263122559 -0.36656349897384643555 -0.3643633425235748291 -0.34160313010215759277 -0.30810055136680603027 -0.27271789312362670898 -0.23254612088203430176 -0.22254347801208496094 -0.23585109412670135498 -0.23219285905361175537 -0.17703014612197875977 -0.14326204359531402588 -0.04057078436017036438
0.3161672055721282959 0.15942278504371643066 0.047153268009424209595 0.039744339883327484131 0.089892692863941192627 0.18370747566223144531 0.083768770098686218262 -0.11183635145425796509 -0.35171246528625488281 -0.39957767724990844727 -0.41283789277076721191 -0.45294803380966186523 -0.39905846118927001953 -0.32832396030426025391 -0.21450628340244293213 -0.092245966196060180664 0.1124750971794128418 0.36538618803024291992 0.53516554832458496094 0.59897243976593017578 0.6481297612190246582 0.58511716127395629883 0.49585202336311340332 0.32124796509742736816 0.008280709385871887207 -0.22760051488876342773 -0.32050013542175292969 -0.36359757184982299805 -0.37188133597373962402 -0.36230781674385070801 -0.33644652366638183594 -0.29874280095100402832 -0.26418519020080566406 -0.2331838756799697876 -0.22340172529220581055 -0.22813633084297180176 -0.23603364825248718262 -0.20045895874500274658 -0.14112590253353118896 0.012946553528308868408
0.14707536995410919189 0.12997438013553619385 0.130171164870262146 0.16520294547080993652 0.27128925919532775879 0.36416992545127868652 0.12397848814725875854 -0.12874530255794525146 -0.35790988802909851074 -0.39503276348114013672 -0.41344481706619262695 -0.43003132939338684082 -0.34834110736846923828 -0.17570722103118896484 0.10866276174783706665 0.35556373000144958496 0.5886402130126953125 0.85575985908508300781 0.96622991561889648438 0.97594565153121948242 0.84859746694564819336 0.57334107160568237305 0.32581421732902526855 0.011192120611667633057 -0.2680994868278503418 -0.31291103363037109375 -0.32847097516059875488 -0.30396580696105957031 -0.28887766599655151367 -0.30378797650337219238 -0.29926437139511108398 -0.27141869068145751953 -0.25351634621620178223 -0.24361090362071990967 -0.22868399322032928467 -0.21508713066577911377 -0.2198193669319152832 -0.21006092429161071777 -0.12535734474658966064 0.077440954744815826416
