INPUT/RASTER/ASCII/BIO08.asc
ncols        113
nrows        135
xllcorner    473009.983799999987
yllcorner    4429001.174800000153
cellsize     100.000000000000
NODATA_value  -9999
[rows 36 to 53 of 135, columns 40 to 79 of 113]
-1.143004298210144043 -1.1648801565170288086 -1.1778582334518432617 -1.1821094751358032227 -1.1788376569747924805 -1.1852632761001586914 -1.2000733613967895508 -1.1950343847274780273 -1.1789852380752563477 -1.1913702487945556641 -1.2455980777740478516 -1.3415539264678955078 -1.3878515958786010742 -1.407786250114440918 -9999 -9999 -9999 -9999 -9999 -9999 -9999 -9999 -1.5531021356582641602 -1.5798753499984741211 -1.5996772050857543945 -1.6082298755645751953 -9999 -9999 -9999 -9999 -9999 -9999 -9999 -9999 -9999 -9999 -9999 -9999 -9999 -9999
-1.1118854284286499023 -1.1409952640533447266 -1.1529672145843505859 -1.1572450399398803711 -1.1443113088607788086 -1.1428864002227783203 -1.1577171087265014648 -1.1598471403121948242 -1.1608827114105224609 -1.1470786333084106445 -1.1453527212142944336 -1.2356853485107421875 -1.3017761707305908203 -1.3679937124252319336 -1.4073643684387207031 -1.4228589534759521484 -1.4160438776016235352 -9999 -9999 -9999 -9999 -1.4729889631271362305 -1.5221927165985107422 -1.5420004129409790039 -1.5539134740829467773 -1.5640592575073242188 -9999 -9999 -9999 -9999 -9999 -9999 -9999 -9999 -9999 -9999 -9999 -9999 -9999 -9999
-1.0596518516540527344 -1.1044745445251464844 -1.1273357868194580078 -1.1344015598297119141 -1.1209633350372314453 -1.1164553165435791016 -1.1226449012756347656 -1.1153076887130737305 -1.1187919378280639648 -1.1242380142211914063 -1.1002557277679443359 -1.1224000453948974609 -1.1761323213577270508 -1.2862904071807861328 -1.3662855625152587891 -1.3897515535354614258 -1.3735785484313964844 -1.3256316184997558594 -9999 -9999 -9999 -1.4354091882705688477 -1.469646453857421875 -1.4863977432250976563 -1.4957911968231201172 -1.5088163614273071289 -9999 -9999 -9999 -9999 -9999 -9999 -9999 -9999 -9999 -9999 -9999 -9999 -9999 -1.2985515594482421875
-1.0110411643981933594 -1.0647912025451660156 -1.0926854610443115234 -1.1002557277679443359 -1.0906438827514648438 -1.0854278802871704102 -1.0786955356597900391 -1.0686854124069213867 -1.0692164897918701172 -1.0808225870132446289 -1.0924140214920043945 -1.0862244367599487305 -1.0661098957061767578 -1.1238811016082763672 -1.1885851621627807617 -1.2530710697174072266 -1.2754690647125244141 -1.261641383171081543 -1.2601662874221801758 -9999 -1.2954863309860229492 -1.353812098503112793 -1.3908815383911132813 -1.4141675233840942383 -1.4367249011993408203 -1.4455224275588989258 -9999 -9999 -9999 -9999 -9999 -9999 -9999 -9999 -9999 -9999 -9999 -9999 -9999 -1.2914621829986572266
-0.98781704902648925781 -1.0335071086883544922 -1.0578699111938476563 -1.0595338344573974609 -1.0402542352676391602 -1.0207474231719970703 -1.0112476348876953125 -1.0086603164672851563 -1.0235029458999633789 -1.0471636056900024414 -1.0750932693481445313 -1.0814952850341796875 -1.0318136215209960938 -1.0197236537933349609 -1.0941015481948852539 -1.1484386920928955078 -1.2030795812606811523 -1.2390751838684082031 -1.2375026941299438477 -1.2308263778686523438 -1.2833313941955566406 -1.3162292242050170898 -1.3385889530181884766 -1.3744311332702636719 -1.4053581953048706055 -1.4177373647689819336 -9999 -9999 -9999 -9999 -9999 -9999 -9999 -9999 -9999 -9999 -9999 -9999 -9999 -1.2629808187484741211
-0.96337747573852539063 -1.0132951736450195313 -1.0334981679916381836 -1.0344983339309692383 -0.99352276325225830078 -0.9490305781364440918 -0.96065145730972290039 -0.97860354185104370117 -0.9967975616455078125 -1.0245501995086669922 -1.0471931695938110352 -1.0421570539474487305 -0.98133546113967895508 -0.98160392045974731445 -1.0881569385528564453 -1.1327050924301147461 -1.1579649448394775391 -1.1944561004638671875 -1.2091659307479858398 -1.2095612287521362305 -1.2665446996688842773 -1.291957855224609375 -1.3084111213684082031 -1.3466194868087768555 -1.3692947626113891602 -1.3753161430358886719 -9999 -9999 -9999 -9999 -9999 -9999 -9999 -9999 -9999 -9999 -9999 -9999 -9999 -1.2450935840606689453
-0.93200194835662841797 -0.97844421863555908203 -0.9777774810791015625 -0.97219270467758178711 -0.94404768943786621094 -0.90478026866912841797 -0.8978443145751953125 -0.93250936269760131836 -0.95876038074493408203 -0.98679631948471069336 -0.99649661779403686523 -0.96988564729690551758 -0.90480685234069824219 -0.95103085041046142578 -1.0476415157318115234 -1.0922783613204956055 -1.1215032339096069336 -1.1408330202102661133 -1.1479548215866088867 -1.1545190811157226563 -1.2101129293441772461 -1.246692657470703125 -1.27637481689453125 -1.3107625246047973633 -1.3371875286102294922 -1.3518973588943481445 -9999 -9999 -9999 -9999 -9999 -9999 -9999 -9999 -9999 -9999 -9999 -9999 -9999 -9999
-0.87809556722640991211 -0.90221947431564331055 -0.88587236404418945313 -0.8806209564208984375 -0.87054598331451416016 -0.85226052999496459961 -0.85652655363082885742 -0.89051306247711181641 -0.91787630319595336914 -0.93438863754272460938 -0.91131502389907836914 -0.87371450662612915039 -0.8449853062629699707 -0.91325628757476806641 -0.97379761934280395508 -1.0264117717742919922 -1.0772528648376464844 -1.0869649648666381836 -1.0860829353332519531 -1.1085221767425537109 -1.1605345010757446289 -1.1966009140014648438 -1.228171229362487793 -1.2544103860855102539 -1.2806644439697265625 -9999 -9999 -9999 -9999 -9999 -9999 -9999 -9999 -9999 -9999 -9999 -9999 -9999 -9999 -1.1117349863052368164
-0.81472492218017578125 -0.81397855281829833984 -0.81227034330368041992 -0.83091276884078979492 -0.82651692628860473633 -0.81761908531188964844 -0.83075344562530517578 -0.8597157597541809082 -0.90031957626342773438 -0.9056447148323059082 -0.84954339265823364258 -0.81910598278045654297 -0.81357437372207641602 -0.87579441070556640625 -0.93002235889434814453 -0.98838055133819580078 -1.0393072366714477539 -1.0531731843948364258 -1.0628470182418823242 -1.0938124656677246094 -1.1318731307983398438 -1.1503032445907592773 -1.1820828914642333984 -1.2075550556182861328 -9999 -9999 -9999 -9999 -9999 -9999 -9999 -9999 -9999 -9999 -9999 -9999 -9999 -9999 -9999 -1.103636622428894043
-0.76323187351226806641 -0.77054542303085327148 -0.78581577539443969727 -0.79950183629989624023 -0.80048716068267822266 -0.80328696966171264648 -0.83077412843704223633 -0.83140546083450317383 -0.86784356832504272461 -0.8786856532096862793 -0.81784921884536743164 -0.7930437922477722168 -0.78207194805145263672 -0.80855900049209594727 -0.87234854698181152344 -0.94202971458435058594 -0.98225295543670654297 -0.99986869096755981445 -1.0270254611968994141 -1.0540257692337036133 -1.0669448375701904297 -1.0784358978271484375 -1.1207863092422485352 -1.1347436904907226563 -1.1081386804580688477 -9999 -9999 -9999 -9999 -9999 -9999 -9999 -9999 -9999 -9999 -9999 -9999 -9999 -9999 -9999
-0.72549861669540405273 -0.74217027425765991211 -0.77580565214157104492 -0.78759473562240600586 -0.78595739603042602539 -9999 -0.75876820087432861328 -0.78419315814971923828 -0.80224847793579101563 -0.81233233213424682617 -0.79231506586074829102 -0.7841046452522277832 -0.78251743316650390625 -0.7641169428825378418 -0.82515692710876464844 -0.9019038081169128418 -0.89769387245178222656 -0.92312473058700561523 -0.98622101545333862305 -1.0193667411804199219 -1.0186438560485839844 -1.0192043781280517578 -1.0510373115539550781 -1.0892897844314575195 -1.1081386804580688477 -9999 -9999 -9999 -9999 -9999 -9999 -9999 -9999 -9999 -9999 -9999 -9999 -9999 -9999 -9999
-0.70924288034439086914 -0.72549861669540405273 -0.76249134540557861328 -0.78440260887145996094 -0.78230208158493041992 -0.78312224149703979492 -0.75876820087432861328 -0.76337641477584838867 -0.76920014619827270508 -0.77928692102432250977 -0.76397234201431274414 -0.77070772647857666016 -0.77963209152221679688 -0.74816215038299560547 -0.77679693698883056641 -0.84208226203918457031 -0.82139241695404052734 -0.85361760854721069336 -0.93833309412002563477 -0.99038672447204589844 -0.99552303552627563477 -0.99943208694458007813 -1.0174047946929931641 -1.0506744384765625 -9999 -9999 -9999 -9999 -9999 -9999 -9999 -9999 -9999 -9999 -9999 -9999 -9999 -9999 -9999 -9999
-0.72777616977691650391 -0.75157552957534790039 -0.76969873905181884766 -0.78128129243850708008 -0.78870105743408203125 -0.79416489601135253906 -0.79939264059066772461 -9999 -9999 -9999 -0.74225288629531860352 -0.75046038627624511719 -0.76205766201019287109 -0.73593938350677490234 -0.71973091363906860352 -0.74243581295013427734 -0.75892746448516845703 -0.81237363815307617188 -0.90767443180084228516 -0.95986670255661010742 -0.96441596746444702148 -0.97323119640350341797 -0.99333101511001586914 -9999 -9999 -9999 -9999 -9999 -9999 -9999 -9999 -9999 -9999 -9999 -9999 -9999 -9999 -1.0782854557037353516 -1.0159621238708496094 -0.93706154823303222656
-0.74422359466552734375 -0.76440012454986572266 -0.77491176128387451172 -0.79148310422897338867 -0.8053461909294128418 -0.80676817893981933594 -0.79525941610336303711 -9999 -9999 -0.75400948524475097656 -0.73989862203598022461 -0.73740565776824951172 -0.74189591407775878906 -0.71067082881927490234 -0.68157869577407836914 -0.69780784845352172852 -0.75034826993942260742 -0.81271880865097045898 -0.90005403757095336914 -0.93789350986480712891 -0.94222444295883178711 -0.9440771937370300293 -9999 -9999 -9999 -9999 -9999 -9999 -9999 -9999 -9999 -9999 -9999 -9999 -9999 -9999 -9999 -1.0720576047897338867 -1.0179151296615600586 -0.95310187339782714844
-0.70749634504318237305 -0.74676668643951416016 -0.78107476234436035156 -0.81896442174911499023 -0.82573217153549194336 -0.81741255521774291992 -0.78687196969985961914 -9999 -0.77431285381317138672 -0.76122570037841796875 -0.74539482593536376953 -0.73126626014709472656 -0.72103494405746459961 -0.69482225179672241211 -0.68113321065902709961 -0.68590962886810302734 -0.76586639881134033203 -0.83150869607925415039 -0.87415117025375366211 -0.89574670791625976563 -0.92105662822723388672 -0.92836135625839233398 -9999 -9999 -9999 -9999 -9999 -9999 -9999 -9999 -9999 -9999 -9999 -9999 -9999 -9999 -9999 -1.0397585630416870117 -1.003355860710144043 -0.95129930973052978516
-0.65732204914093017578 -0.7254956364631652832 -0.79126775264739990234 -0.83622610569000244141 -0.85104799270629882813 -0.8316414952278137207 -0.79444807767868041992 -0.85035175085067749023 -0.79033255577087402344 -0.77666419744491577148 -0.75630182027816772461 -0.73254668712615966797 -0.71806699037551879883 -0.72615647315979003906 -0.74321758747100830078 -0.68927878141403198242 -0.68472957611083984375 -0.75884193181991577148 -0.81519109010696411133 -0.84198790788650512695 -0.86747777462005615234 -0.85764467716217041016 -9999 -9999 -9999 -9999 -9999 -9999 -9999 -9999 -9999 -9999 -9999 -9999 -9999 -9999 -9999 -0.99270558357238769531 -0.96671712398529052734 -0.91363686323165893555
-0.62148869037628173828 -0.70859384536743164063 -0.79313820600509643555 -0.84807419776916503906 -0.86824774742126464844 -0.87113898992538452148 -0.90704309940338134766 -0.9029865264892578125 -0.82413023710250854492 -0.78261476755142211914 -0.75954997539520263672 -0.73647636175155639648 -0.73311012983322143555 -0.76061797142028808594 -0.77234214544296264648 -0.71322274208068847656 -0.63369083404541015625 -0.67533314228057861328 -0.74070399999618530273 -0.79199057817459106445 -0.81613808870315551758 -0.80068486928939819336 -0.75649356842041015625 -9999 -9999 -9999 -9999 -9999 -9999 -9999 -9999 -9999 -9999 -9999 -9999 -9999 -0.94764101505279541016 -0.9495556950569152832 -0.92899858951568603516 -0.87730491161346435547
-0.61808419227600097656 -0.71186858415603637695 -0.80588901042938232422 -0.87283533811569213867 -0.86035591363906860352 -0.92376786470413208008 -1.0199301242828369141 -0.97465908527374267578 -0.83987849950790405273 -0.75463199615478515625 -0.73122793436050415039 -0.71476274728775024414 -0.72206747531890869141 -0.76712322235107421875 -0.77487635612487792969 -0.73180615901947021484 -0.63847899436950683594 -0.61570036411285400391 -0.64094835519790649414 -0.70724266767501831055 -0.76071238517761230469 -0.75225114822387695313 -0.72513866424560546875 -0.7182941436767578125 -9999 -9999 -9999 -9999 -9999 -9999 -9999 -9999 -9999 -9999 -9999 -0.97186821699142456055 -0.92569732666015625 -0.90760362148284912109 -0.87207716703414916992 -0.82737839221954345703
