INPUT/RASTER/ASCII/BIO02.asc
ncols        113
nrows        135
xllcorner    473009.983799999987
yllcorner    4429001.174800000153
cellsize     100.000000000000
NODATA_value  -9999
[rows 72 to 89 of 135, columns 40 to 79 of 113]
-0.47104004025459289551 -0.49615451693534851074 -0.48353919386863708496 -0.47168251872062683105 -0.45714682340621948242 -0.44477567076683044434 -0.43544873595237731934 -0.40348958969116210938 -0.36371847987174987793 -0.33004522323608398438 -0.30008706450462341309 -0.23776674270629882813 -0.17698273062705993652 -0.12858170270919799805 -0.13025078177452087402 -0.14805354177951812744 -0.21661870181560516357 -0.2818457186222076416 -0.39269033074378967285 -0.48763838410377502441 -0.49385002255439758301 -0.4500484764575958252 -0.3962039649486541748 -0.36825630068778991699 -0.3575732111930847168 -9999 -9999 -0.2989775240421295166 -0.29158282279968261719 -0.27674835920333862305 -0.23602890968322753906 -0.19714923202991485596 -0.16769845783710479736 -0.15524435043334960938 -9999 -9999 -9999 -0.018581092357635498047 0.020848616957664489746 0.1921761631965637207
-0.40429332852363586426 -0.42025154829025268555 -0.40527957677841186523 -0.40057581663131713867 -0.39939513802528381348 -0.38578876852989196777 -0.3657811284065246582 -0.34896937012672424316 -0.33767935633659362793 -0.29185783863067626953 -0.20821402966976165771 -0.16184008121490478516 -0.1524728238582611084 -0.17885571718215942383 -0.21779702603816986084 -0.24483901262283325195 -0.27332723140716552734 -0.33019933104515075684 -0.43729326128959655762 -0.51545804738998413086 -0.51296150684356689453 -0.45887279510498046875 -0.40155735611915588379 -0.36388680338859558105 -0.35536357760429382324 -9999 -0.33604109287261962891 -0.31871727108955383301 -0.30125117301940917969 -0.27540409564971923828 -0.21921716630458831787 -0.19239093363285064697 -0.17902640998363494873 -0.17158666253089904785 -0.16084906458854675293 -0.14360107481479644775 -9999 -0.0031847516074776649475 0.023442333564162254333 0.20197728276252746582
-0.38204520940780639648 -0.38598555326461791992 -0.36474505066871643066 -0.35818016529083251953 -0.35537305474281311035 -0.3384641110897064209 -0.31729713082313537598 -0.30710479617118835449 -0.3030980527400970459 -0.22427894175052642822 -0.086750321090221405029 -0.11687204986810684204 -0.2544765472412109375 -0.32153856754302978516 -0.30855101346969604492 -0.28586906194686889648 -0.3060734868049621582 -0.35805213451385498047 -0.45842945575714111328 -0.53306400775909423828 -0.55082172155380249023 -0.49668082594871520996 -0.41507360339164733887 -0.38309073448181152344 -0.35585197806358337402 -0.34716516733169555664 -0.34406644105911254883 -0.3304150700569152832 -0.30356749892234802246 -0.26058861613273620605 -0.21494014561176300049 -0.18217964470386505127 -0.165567055344581604 -0.16624987125396728516 -0.14794211089611053467 -0.10590446740388870239 -0.076804578304290771484 -0.049563441425561904907 0.0012155575677752494812 0.18523430824279785156
-0.35377272963523864746 -0.36713251471519470215 -0.33167636394500732422 -0.32477480173110961914 -0.3201160728931427002 -0.29504427313804626465 -0.26668882369995117188 -0.25124031305313110352 -0.20179611444473266602 -0.043548576533794403076 0.092818327248096466064 -0.09111032634973526001 -0.32002359628677368164 -0.3716347813606262207 -0.3476772606372833252 -0.32193213701248168945 -0.33875572681427001953 -0.39123463630676269531 -0.47658783197402954102 -0.53113651275634765625 -0.54961729049682617188 -0.53449600934982299805 -0.48259794712066650391 -0.43870866298675537109 -0.38965091109275817871 -0.36843648552894592285 -0.36200433969497680664 -0.34015929698944091797 -0.2888278663158416748 -0.25326976180076599121 -0.20689345896244049072 -0.13281130790710449219 -0.10254970192909240723 -0.086190797388553619385 -0.072368703782558441162 -0.06518027186393737793 -0.070047639310359954834 -0.059653803706169128418 -0.023920260369777679443 0.12843333184719085693
-0.29910078644752502441 -0.31662142276763916016 -0.30456086993217468262 -0.28320658206939697266 -0.26804968714714050293 -0.22366252541542053223 -0.15091280639171600342 -0.084170825779438018799 0.069602906703948974609 0.18311950564384460449 0.12155547738075256348 -0.10626957565546035767 -0.30794882774353027344 -0.36810219287872314453 -0.36254015564918518066 -0.35248535871505737305 -0.39261922240257263184 -0.45043018460273742676 -0.49112591147422790527 -0.51929879188537597656 -0.5343253016471862793 -0.53992998600006103516 -0.52821558713912963867 -0.50335478782653808594 -0.45825400948524475098 -0.42002630233764648438 -0.38937115669250488281 -0.33331224322319030762 -0.28537353873252868652 -0.25603654980659484863 -0.19882306456565856934 -0.10875186324119567871 -0.024996628984808921814 0.094146005809307098389 0.097251832485198974609 0.0035342548508197069168 -0.064317278563976287842 -0.072482503950595855713 -0.047707058489322662354 0.06780579686164855957
-0.25399288535118103027 -0.25487247109413146973 -0.25926330685615539551 -0.24791875481605529785 -0.21409374475479125977 -0.14162378013134002686 0.026827916502952575684 0.12189924716949462891 0.24131689965724945068 0.19202443957328796387 0.039125546813011169434 -0.14702934026718139648 -0.29202377796173095703 -0.34804710745811462402 -0.35732901096343994141 -0.35820624232292175293 -0.40357732772827148438 -0.46341773867607116699 -0.48591476678848266602 -0.49834516644477844238 -0.50999796390533447266 -0.52556496858596801758 -0.52407842874526977539 -0.5137818455696105957 -0.48561367392539978027 -0.44400751590728759766 -0.39089086651802062988 -0.32224747538566589355 -0.28730103373527526855 -0.25623571872711181641 -0.19028086960315704346 -0.10977844893932342529 -0.017213108018040657043 0.2094217836856842041 0.26599752902984619141 0.1402947157621383667 -0.0086021581664681434631 -0.062093414366245269775 -0.063869185745716094971 0.023136494681239128113
-0.32354906201362609863 -0.26899567246437072754 -0.24837395548820495605 -0.2479495704174041748 -0.19177213311195373535 -0.04108288884162902832 0.2039569467306137085 0.28214779496192932129 0.24352417886257171631 0.093192920088768005371 -0.052131079137325286865 -0.19351235032081604004 -0.29412201046943664551 -0.32797783613204956055 -0.33840721845626831055 -0.35362100601196289063 -0.39106866717338562012 -0.43579962849617004395 -0.47266879677772521973 -0.48924583196640014648 -0.49679464101791381836 -0.51568323373794555664 -0.51834332942962646484 -0.51490563154220581055 -0.49552148580551147461 -0.44049155712127685547 -0.37257125973701477051 -0.30331856012344360352 -0.26189020276069641113 -0.23707208037376403809 -0.15870580077171325684 0.016211222857236862183 0.19908484816551208496 0.42263525724411010742 0.44086477160453796387 0.30598437786102294922 0.11257230490446090698 -0.018325038254261016846 -0.042664248496294021606 0.04869669303297996521
-0.33734744787216186523 -0.29131728410720825195 -0.30839693546295166016 -0.32137024402618408203 -0.26142787933349609375 -0.027097206562757492065 0.22687365114688873291 0.17221118509769439697 0.0085367616266012191772 -0.11136928945779800415 -0.19688132405281066895 -0.27072402834892272949 -0.33946937322616577148 -0.35378932952880859375 -0.34843119978904724121 -0.36041113734245300293 -0.36792913079261779785 -0.41378858685493469238 -0.49012306332588195801 -0.5135186314582824707 -0.50689214468002319336 -0.51187330484390258789 -0.51631152629852294922 -0.51453810930252075195 -0.48568955063819885254 -0.41390714049339294434 -0.33080625534057617188 -0.22240833938121795654 -0.17640186846256256104 -0.15811309218406677246 -0.056581173092126846313 0.20615473389625549316 0.42652109265327453613 0.56734758615493774414 0.53179419040679931641 0.3972765803337097168 0.18907508254051208496 0.015758389607071876526 -0.022540422156453132629 0.086495257914066314697
-0.25570464134216308594 -0.21052323281764984131 -0.24849249422550201416 -0.28762349486351013184 -0.27269893884658813477 -0.08987747877836227417 0.12164320051670074463 0.041899450123310089111 -0.13210479915142059326 -0.24146765470504760742 -0.29480955004692077637 -0.3360055387020111084 -0.40141034126281738281 -0.42510232329368591309 -0.43080896139144897461 -0.43571427464485168457 -0.40890464186668395996 -0.45698797702789306641 -0.52758729457855224609 -0.53218442201614379883 -0.53986597061157226563 -0.5443350672721862793 -0.54199266433715820313 -0.52860915660858154297 -0.47770449519157409668 -0.41075626015663146973 -0.2904898524284362793 -0.14327390491962432861 -0.079566627740859985352 -0.047133311629295349121 0.044917549937963485718 0.26930487155914306641 0.44064190983772277832 0.5349000096321105957 0.51623904705047607422 0.37020850181579589844 0.11297297477722167969 -0.033515114337205886841 -0.040976200252771377563 0.089439861476421356201
-0.1211253628134727478 -0.12463897466659545898 -0.2062225043773651123 -0.22620408236980438232 -0.17945079505443572998 -0.018661700189113616943 0.094025090336799621582 -0.038797382265329360962 -0.24899037182331085205 -0.37485677003860473633 -0.39022466540336608887 -0.41310104727745056152 -0.44823950529098510742 -0.46414795517921447754 -0.49598380923271179199 -0.51818215847015380859 -0.47669214010238647461 -0.4689394533634185791 -0.41243007779121398926 -0.44394588470458984375 -0.52510505914688110352 -0.57904911041259765625 -0.57440936565399169922 -0.5355059504508972168 -0.4696127772331237793 -0.40799421072006225586 -0.3279304206371307373 -0.19510793685913085938 -0.13503754138946533203 -0.093440875411033630371 -0.0047684833407402038574 0.076900400221347808838 0.14708723127841949463 0.31987047195434570313 0.36885946989059448242 0.2622254788875579834 0.037622425705194473267 -0.075327537953853607178 -0.10543978214263916016 -0.024328047409653663635
-0.015902023762464523315 0.015443065203726291656 -0.070483878254890441895 -0.079170688986778259277 -0.014700000174343585968 0.088007859885692596436 0.09336125105619430542 -0.057638578116893768311 -0.27707317471504211426 -0.44229575991630554199 -0.51589190959930419922 -0.55232483148574829102 -0.56852012872695922852 -0.57236093282699584961 -0.57869350910186767578 -0.52803069353103637695 -0.35743808746337890625 -0.21479551494121551514 -0.22616614401340484619 -0.39992618560791015625 -0.53341251611709594727 -0.61706578731536865234 -0.600673675537109375 -0.55834919214248657227 -0.4840584099292755127 -0.40147200226783752441 -0.33155781030654907227 -0.27322763204574584961 -0.25536561012268066406 -0.21814553439617156982 -0.11703326553106307983 -0.0508555583655834198 0.044213406741619110107 0.26305055618286132813 0.35710951685905456543 0.35412934422492980957 0.27700778841972351074 0.15242402255535125732 0.052627574652433395386 0.033056154847145080566
0.058023642748594284058 0.087851382791996002197 0.091350771486759185791 0.090798355638980865479 0.12942434847354888916 0.14968094229698181152 0.034677822142839431763 -0.12775190174579620361 -0.33360624313354492188 -0.49859410524368286133 -0.55454629659652709961 -0.58130854368209838867 -0.60809212923049926758 -0.63642621040344238281 -0.62106305360794067383 -0.43198728561401367188 -0.19070288538932800293 -0.11595452576875686646 -0.36260655522346496582 -0.59540802240371704102 -0.63514119386672973633 -0.61926597356796264648 -0.57892346382141113281 -0.55103510618209838867 -0.4903411567211151123 -0.4059244692325592041 -0.37689095735549926758 -0.36033764481544494629 -0.29678210616111755371 -0.22966079413890838623 -0.12158294022083282471 -0.027915151789784431458 0.063922330737113952637 0.23620770871639251709 0.36326187849044799805 0.43861481547355651855 0.46292319893836975098 0.33899381756782531738 0.19617579877376556396 0.12525875866413116455
0.14519527554512023926 0.15833693742752075195 0.18166379630565643311 0.20638233423233032227 0.18333998322486877441 0.084619909524917602539 -0.095937386155128479004 -0.24541750550270080566 -0.42367979884147644043 -0.56383061408996582031 -0.60138493776321411133 -0.61551529169082641602 -0.64466017484664916992 -0.64558482170104980469 -0.50057852268218994141 -0.21942816674709320068 -0.029477545991539955139 -0.17287166416645050049 -0.56965577602386474609 -0.78128790855407714844 -0.75904929637908935547 -0.66572523117065429688 -0.58594357967376708984 -0.50255107879638671875 -0.38934507966041564941 -0.30678710341453552246 -0.28692170977592468262 -0.22137701511383056641 -0.083044670522212982178 -0.0062289307825267314911 0.02052381075918674469 0.031740330159664154053 0.092232726514339447021 0.20140591263771057129 0.34834447503089904785 0.47478458285331726074 0.57751613855361938477 0.46521109342575073242 0.27289909124374389648 0.15039931237697601318
0.12589888274669647217 0.1759192049503326416 0.20043623447418212891 0.21093675494194030762 0.14935851097106933594 -0.0073574585840106010437 -0.1567119210958480835 -0.28667038679122924805 -0.4284286201000213623 -0.54732233285903930664 -0.60625231266021728516 -0.66024380922317504883 -0.69661748409271240234 -0.68582302331924438477 -0.4694468080997467041 -0.04843017086386680603 0.16185291111469268799 -0.016791095957159996033 -0.43591341376304626465 -0.7171230316162109375 -0.79784357547760009766 -0.81245279312133789063 -0.7698485255241394043 -0.60292601585388183594 -0.30020087957382202148 -0.092293381690979003906 -0.0081540662795305252075 0.02212650887668132782 0.11867014318704605103 0.19474618136882781982 0.21799005568027496338 0.18957534432411193848 0.20628750324249267578 0.26179635524749755859 0.37675207853317260742 0.49472349882125854492 0.58737891912460327148 0.46991485357284545898 0.23138776421546936035 0.10532933473587036133
0.09215685725212097168 0.16298855841159820557 0.20008771121501922607 0.19115906953811645508 0.11629691720008850098 -0.025724481791257858276 -0.1924549490213394165 -0.32123985886573791504 -0.45380863547325134277 -0.56134355068206787109 -0.63074803352355957031 -0.68831712007522583008 -0.72196906805038452148 -0.69264394044876098633 -0.47465559840202331543 -0.026703644543886184692 0.19096940755844116211 0.11991958320140838623 -0.22616851329803466797 -0.57711452245712280273 -0.67550265789031982422 -0.78374648094177246094 -0.8909613490104675293 -0.83790391683578491211 -0.50325524806976318359 -0.15007351338863372803 0.057634823024272918701 0.14162477850914001465 0.18205972015857696533 0.27713105082511901855 0.36574891209602355957 0.36630371212959289551 0.38602921366691589355 0.42212787270545959473 0.48449087142944335938 0.55787360668182373047 0.59437531232833862305 0.42713513970375061035 0.1825078129768371582 0.089444600045680999756
0.11698921024799346924 0.17623215913772583008 0.18601667881011962891 0.13401906192302703857 0.020372075960040092468 -0.15905906260013580322 -0.33876523375511169434 -0.46014356613159179688 -0.52186882495880126953 -0.5735416412353515625 -0.62867587804794311523 -0.68343555927276611328 -0.72707587480545043945 -0.69821071624755859375 -0.4079894721508026123 0.038788884878158569336 0.20068991184234619141 0.1525615304708480835 -0.099363274872303009033 -0.34773653745651245117 -0.38498032093048095703 -0.54384428262710571289 -0.7470645904541015625 -0.83955645561218261719 -0.6582997441291809082 -0.36929947137832641602 -0.091119810938835144043 0.15385365486145019531 0.266101837158203125 0.37018716335296630859 0.47285234928131103516 0.50972390174865722656 0.54069679975509643555 0.56793314218521118164 0.62823826074600219727 0.65606975555419921875 0.61146682500839233398 0.36427661776542663574 0.12755611538887023926 0.09518206864595413208
0.16245985031127929688 0.19171859323978424072 0.13104838132858276367 0.0099331960082054138184 -0.12058243900537490845 -0.31598365306854248047 -0.46856960654258728027 -0.51545804738998413086 -0.52778649330139160156 -0.57086491584777832031 -0.62241685390472412109 -0.67926520109176635742 -0.71038031578063964844 -0.60066896677017211914 -0.22271418571472167969 0.22557915747165679932 0.393829345703125 0.21285714209079742432 0.07405300438404083252 0.085610926151275634766 0.074235558509826660156 -0.12414108961820602417 -0.35291448235511779785 -0.6056525111198425293 -0.70767515897750854492 -0.56002062559127807617 -0.21242703497409820557 0.19979372620582580566 0.35139814019203186035 0.3880634307861328125 0.45271667838096618652 0.51086664199829101563 0.5425389409065246582 0.61578887701034545898 0.6980457305908203125 0.70083862543106079102 0.60198813676834106445 0.33928069472312927246 0.12797337770462036133 0.12558829784393310547
0.17432361841201782227 0.15132868289947509766 0.023838266730308532715 -0.11482600122690200806 -0.20177240669727325439 -0.34344056248664855957 -0.46817839145660400391 -0.49149340391159057617 -0.42473721504211425781 -0.50297069549560546875 -0.63278931379318237305 -0.71390581130981445313 -0.67132049798965454102 -0.42993649840354919434 -0.019685911014676094055 0.3945382237434387207 0.52688181400299072266 0.26940679550170898438 0.14474719762802124023 0.25682941079139709473 0.30561926960945129395 0.15391054749488830566 -0.0088487267494201660156 -0.29134809970855712891 -0.57068473100662231445 -0.56446599960327148438 -0.27693328261375427246 0.14084713160991668701 0.38707002997398376465 0.47690176963806152344 0.55653882026672363281 0.58285295963287353516 0.54415112733840942383 0.52611124515533447266 0.54305577278137207031 0.57371807098388671875 0.54369825124740600586 0.3515071868896484375 0.19992175698280334473 0.22116225957870483398
