INPUT/RASTER/ASCII/BIO05.asc
ncols        113
nrows        135
xllcorner    473009.983799999987
yllcorner    4429001.174800000153
cellsize     100.000000000000
NODATA_value  -9999
[rows 36 to 53 of 135, columns 40 to 79 of 113]
-1.3898031711578369141 -1.3817387819290161133 -1.3690404891967773438 -1.3410507440567016602 -1.2906236648559570313 -1.2627671957015991211 -1.1915013790130615234 -1.0241104364395141602 -0.90454411506652832031 -0.84878838062286376953 -0.82398641109466552734 -0.86583530902862548828 -0.87288624048233032227 -0.86564022302627563477 -9999 -9999 -9999 -9999 -9999 -9999 -9999 -9999 -0.85350328683853149414 -0.87239623069763183594 -0.88302969932556152344 -0.88600325584411621094 -9999 -9999 -9999 -9999 -9999 -9999 -9999 -9999 -9999 -9999 -9999 -9999 -9999 -9999
-1.3793551921844482422 -1.382319331169128418 -1.3732130527496337891 -1.3461511135101318359 -1.2942062616348266602 -1.2375941276550292969 -1.0770924091339111328 -0.97676634788513183594 -0.93695372343063354492 -0.86805713176727294922 -0.81188750267028808594 -0.86494559049606323242 -0.86149626970291137695 -0.86082065105438232422 -0.8714160919189453125 -0.86605894565582275391 -0.84265094995498657227 -9999 -9999 -9999 -9999 -0.80267179012298583984 -0.82966709136962890625 -0.83937287330627441406 -0.84018164873123168945 -0.84517729282379150391 -9999 -9999 -9999 -9999 -9999 -9999 -9999 -9999 -9999 -9999 -9999 -9999 -9999 -9999
-1.3382532596588134766 -1.3598628044128417969 -1.3631742000579833984 -1.3390097618103027344 -1.2509253025054931641 -1.1124993562698364258 -1.0201044082641601563 -0.9667180180549621582 -0.93150615692138671875 -0.88317245244979858398 -0.80347108840942382813 -0.78695702552795410156 -0.79702436923980712891 -0.8404623866081237793 -0.85383635759353637695 -0.83754116296768188477 -0.80756270885467529297 -0.77415877580642700195 -9999 -9999 -9999 -0.78563439846038818359 -0.80241489410400390625 -0.80343300104141235352 -0.80023109912872314453 -0.80888062715530395508 -9999 -9999 -9999 -9999 -9999 -9999 -9999 -9999 -9999 -9999 -9999 -9999 -9999 -0.20017297565937042236
-1.3001058101654052734 -1.3355270624160766602 -1.3435628414154052734 -1.2851095199584960938 -1.1229377985000610352 -1.0297626256942749023 -0.98731899261474609375 -0.93967038393020629883 -0.90993463993072509766 -0.8862031102180480957 -0.85030132532119750977 -0.79504990577697753906 -0.71983987092971801758 -0.73191970586776733398 -0.75220662355422973633 -0.75481384992599487305 -0.73985558748245239258 -0.73554033041000366211 -0.73561644554138183594 -9999 -0.71522486209869384766 -0.75205439329147338867 -0.76917266845703125 -0.77864527702331542969 -0.79259967803955078125 -0.80361855030059814453 -9999 -9999 -9999 -9999 -9999 -9999 -9999 -9999 -9999 -9999 -9999 -9999 -9999 -0.19848874211311340332
-1.2847288846969604492 -1.312314152717590332 -1.2925268411636352539 -1.1355648040771484375 -1.0299005508422851563 -0.97639048099517822266 -0.93170118331909179688 -0.89308279752731323242 -0.88337701559066772461 -0.88073170185089111328 -0.87586456537246704102 -0.84645712375640869141 -0.72680038213729858398 -0.65350770950317382813 -0.70498627424240112305 -0.71994930505752563477 -0.71211808919906616211 -0.72757118940353393555 -0.72585839033126831055 -0.71746098995208740234 -0.72493535280227661133 -0.74291479587554931641 -0.74906653165817260742 -0.77550518512725830078 -0.797290802001953125 -0.80025011301040649414 -9999 -9999 -9999 -9999 -9999 -9999 -9999 -9999 -9999 -9999 -9999 -9999 -9999 -0.19443041086196899414
-1.2776255607604980469 -1.2682766914367675781 -1.1646630764007568359 -1.0656785964965820313 -0.9873142242431640625 -0.91165214776992797852 -0.89210742712020874023 -0.87516045570373535156 -0.87079763412475585938 -0.87369507551193237305 -0.86529767513275146484 -0.82904386520385742188 -0.70959651470184326172 -0.65106701850891113281 -0.73603516817092895508 -0.74107831716537475586 -0.71837449073791503906 -0.71643334627151489258 -0.71325516700744628906 -0.70568090677261352539 -0.74071198701858520508 -0.75687396526336669922 -0.75388610363006591797 -0.78189957141876220703 -0.79298985004425048828 -0.78776586055755615234 -9999 -9999 -9999 -9999 -9999 -9999 -9999 -9999 -9999 -9999 -9999 -9999 -9999 -0.19414018094539642334
-1.219928741455078125 -1.1336902379989624023 -1.0558063983917236328 -1.0086477994918823242 -0.94042688608169555664 -0.86992692947387695313 -0.8336302638053894043 -0.8437213897705078125 -0.84981608390808105469 -0.84897392988204956055 -0.82601314783096313477 -0.76403909921646118164 -0.64685165882110595703 -0.66215723752975463867 -0.73684394359588623047 -0.74086898565292358398 -0.72035843133926391602 -0.70607101917266845703 -0.69308245182037353516 -0.68545103073120117188 -0.73682016134262084961 -0.76381546258926391602 -0.76708877086639404297 -0.7747058868408203125 -0.77899736166000366211 -0.77627122402191162109 -9999 -9999 -9999 -9999 -9999 -9999 -9999 -9999 -9999 -9999 -9999 -9999 -9999 -9999
-1.0500732660293579102 -1.0084241628646850586 -0.96797406673431396484 -0.93073064088821411133 -0.88115990161895751953 -0.82806372642517089844 -0.79703390598297119141 -0.8096466064453125 -0.82305860519409179688 -0.81172573566436767578 -0.74452292919158935547 -0.66831851005554199219 -0.59863692522048950195 -0.64727985858917236328 -0.68915253877639770508 -0.71503931283950805664 -0.71753239631652832031 -0.69564682245254516602 -0.67598795890808105469 -0.68247270584106445313 -0.72837519645690917969 -0.7542667388916015625 -0.76380598545074462891 -0.76569002866744995117 -0.76797372102737426758 -9999 -9999 -9999 -9999 -9999 -9999 -9999 -9999 -9999 -9999 -9999 -9999 -9999 -9999 -0.15474149584770202637
-0.93743902444839477539 -0.90779364109039306641 -0.88727837800979614258 -0.88380044698715209961 -0.84974944591522216797 -0.8132006525993347168 -0.78495401144027709961 -0.7836742401123046875 -0.81100255250930786133 -0.79020655155181884766 -0.69004702568054199219 -0.62046533823013305664 -0.57767438888549804688 -0.61890482902526855469 -0.6567096710205078125 -0.69544225931167602539 -0.71278893947601318359 -0.69192153215408325195 -0.67808133363723754883 -0.69386267662048339844 -0.7228800654411315918 -0.72588694095611572266 -0.73686301708221435547 -0.74988484382629394531 -9999 -9999 -9999 -9999 -9999 -9999 -9999 -9999 -9999 -9999 -9999 -9999 -9999 -9999 -9999 -0.15282888710498809814
-0.88172131776809692383 -0.863323211669921875 -0.86203861236572265625 -0.85336530208587646484 -0.83078038692474365234 -0.81507515907287597656 -0.76864933967590332031 -0.76885867118835449219 -0.79567319154739379883 -0.77067136764526367188 -0.66444092988967895508 -0.61009824275970458984 -0.56408631801605224609 -0.55788224935531616211 -0.60776221752166748047 -0.66243797540664672852 -0.6784381866455078125 -0.67466527223587036133 -0.68322443962097167969 -0.6936295628547668457 -0.6910889744758605957 -0.67907571792602539063 -0.70157974958419799805 -0.71368813514709472656 -0.70147508382797241211 -9999 -9999 -9999 -9999 -9999 -9999 -9999 -9999 -9999 -9999 -9999 -9999 -9999 -9999 -9999
-0.84327417612075805664 -0.83868771791458129883 -0.86152005195617675781 -0.84986364841461181641 -0.83040457963943481445 -9999 -0.72637224197387695313 -0.73883271217346191406 -0.74633562564849853516 -0.72050595283508300781 -0.64918768405914306641 -0.61016488075256347656 -0.58266526460647583008 -0.52768027782440185547 -0.56945306062698364258 -0.63389164209365844727 -0.59529221057891845703 -0.60672980546951293945 -0.66539251804351806641 -0.68370497226715087891 -0.66413646936416625977 -0.64234131574630737305 -0.65649080276489257813 -0.6866690516471862793 -0.70147508382797241211 -9999 -9999 -9999 -9999 -9999 -9999 -9999 -9999 -9999 -9999 -9999 -9999 -9999 -9999 -9999
-0.83677512407302856445 -0.82552790641784667969 -0.85045832395553588867 -0.85258507728576660156 -0.83060914278030395508 -0.82339644432067871094 -0.72637224197387695313 -0.72409802675247192383 -0.71810805797576904297 -0.70224106311798095703 -0.62479484081268310547 -0.61714917421340942383 -0.59177625179290771484 -0.51986807584762573242 -0.53054440021514892578 -0.57968217134475708008 -0.51832658052444458008 -0.53989809751510620117 -0.62606990337371826172 -0.66793787479400634766 -0.65497785806655883789 -0.6345386505126953125 -0.63192665576934814453 -0.65471619367599487305 -9999 -9999 -9999 -9999 -9999 -9999 -9999 -9999 -9999 -9999 -9999 -9999 -9999 -9999 -9999 -9999
-0.87404239177703857422 -0.87394720315933227539 -0.873119354248046875 -0.85774719715118408203 -0.84127593040466308594 -0.83772194385528564453 -0.83503383398056030273 -9999 -9999 -9999 -0.62407165765762329102 -0.62012279033660888672 -0.59970742464065551758 -0.52229928970336914063 -0.47266671061515808105 -0.47380855679512023926 -0.46394580602645874023 -0.51320725679397583008 -0.61265790462493896484 -0.65456867218017578125 -0.64142310619354248047 -0.63210272789001464844 -0.62394320964813232422 -9999 -9999 -9999 -9999 -9999 -9999 -9999 -9999 -9999 -9999 -9999 -9999 -9999 -9999 -0.35043132305145263672 -0.25510561466217041016 -0.10629361867904663086
-0.90755099058151245117 -0.90260297060012817383 -0.89500486850738525391 -0.8869025111198425293 -0.87372833490371704102 -0.85622948408126831055 -0.82912474870681762695 -9999 -9999 -0.67155849933624267578 -0.63834011554718017578 -0.62083643674850463867 -0.60007852315902709961 -0.52486366033554077148 -0.45137590169906616211 -0.43173128366470336914 -0.47088733315467834473 -0.53177666664123535156 -0.62087923288345336914 -0.64480108022689819336 -0.63302570581436157227 -0.62765425443649291992 -9999 -9999 -9999 -9999 -9999 -9999 -9999 -9999 -9999 -9999 -9999 -9999 -9999 -9999 -9999 -0.35113072395324707031 -0.26587709784507751465 -0.15626871585845947266
-0.88921952247619628906 -0.89332067966461181641 -0.91029143333435058594 -0.92902261018753051758 -0.91326975822448730469 -0.87943762540817260742 -0.82217371463775634766 -9999 -0.72966933250427246094 -0.69352966547012329102 -0.65486365556716918945 -0.61792469024658203125 -0.58220851421356201172 -0.52287018299102783203 -0.47837123274803161621 -0.44099456071853637695 -0.50272125005722045898 -0.56488084793090820313 -0.59771388769149780273 -0.60137259960174560547 -0.61586940288543701172 -0.61948049068450927734 -9999 -9999 -9999 -9999 -9999 -9999 -9999 -9999 -9999 -9999 -9999 -9999 -9999 -9999 -9999 -0.34490287303924560547 -0.28291451930999755859 -0.18279777467250823975
-0.85145747661590576172 -0.89648455381393432617 -0.944271087646484375 -0.96122288703918457031 -0.9505322575569152832 -0.90701335668563842773 -0.83852124214172363281 -0.89236909151077270508 -0.76716017723083496094 -0.72764730453491210938 -0.67907571792602539063 -0.62676453590393066406 -0.58406877517700195313 -0.57012861967086791992 -0.57128477096557617188 -0.47375148534774780273 -0.42826765775680541992 -0.49701198935508728027 -0.54729157686233520508 -0.55746358633041381836 -0.57501959800720214844 -0.56320613622665405273 -9999 -9999 -9999 -9999 -9999 -9999 -9999 -9999 -9999 -9999 -9999 -9999 -9999 -9999 -9999 -0.31595689058303833008 -0.26896962523460388184 -0.17766419053077697754
-0.81469458341598510742 -0.89714109897613525391 -0.97773218154907226563 -1.0037996768951416016 -0.98514944314956665039 -0.96550482511520385742 -0.98196178674697875977 -0.95757371187210083008 -0.83246463537216186523 -0.74862885475158691406 -0.69355344772338867188 -0.6423556208610534668 -0.61325740814208984375 -0.61953282356262207031 -0.61436116695404052734 -0.51658523082733154297 -0.38580498099327087402 -0.41540753841400146484 -0.47745299339294433594 -0.51859301328659057617 -0.5324332118034362793 -0.50835913419723510742 -0.45365962386131286621 -9999 -9999 -9999 -9999 -9999 -9999 -9999 -9999 -9999 -9999 -9999 -9999 -9999 -0.30854436755180358887 -0.29441869258880615234 -0.24350154399871826172 -0.15069267153739929199
-0.81491339206695556641 -0.90687066316604614258 -1.0001742839813232422 -1.0524663925170898438 -1.0048273801803588867 -1.0523808002471923828 -1.1390664577484130859 -1.0630952119827270508 -0.88046056032180786133 -0.74785810708999633789 -0.69011360406875610352 -0.64096158742904663086 -0.62331521511077880859 -0.64515316486358642578 -0.63114643096923828125 -0.54879975318908691406 -0.40432205796241760254 -0.3556315302848815918 -0.36707383394241333008 -0.4277871251106262207 -0.47697719931602478027 -0.45196110010147094727 -0.3989600837230682373 -0.37926787137985229492 -9999 -9999 -9999 -9999 -9999 -9999 -9999 -9999 -9999 -9999 -9999 -0.39053893089294433594 -0.31594261527061462402 -0.2651824951171875 -0.19726124405860900879 -0.11291636526584625244
