INPUT/RASTER/ASCII/BIO08.asc
ncols        113
nrows        135
xllcorner    473009.983799999987
yllcorner    4429001.174800000153
cellsize     100.000000000000
NODATA_value  -9999
[rows 18 to 35 of 135, columns 0 to 39 of 113]
-9999 -9999 -9999 -9999 -9999 -9999 -9999 -9999 -9999 -9999 -9999 -9999 -9999 -9999 -1.3745049238204956055 -1.4240154027938842773 -1.5220068693161010742 -1.5419325828552246094 -1.5617285966873168945 -1.6335338354110717773 -1.7408568859100341797 -1.8085023164749145508 -1.8467429876327514648 -1.8534872531890869141 -1.8527673482894897461 -1.8582754135131835938 -1.8649930953979492188 -1.8697252273559570313 -1.877829432487487793 -1.8882644176483154297 -1.8705925941467285156 -1.8434004783630371094 -1.8148837089538574219 -1.7966867685317993164 -1.7913231849670410156 -1.7906033992767333984 -1.7994775772094726563 -1.8585528135299682617 -1.909564971923828125 -1.9209114313125610352
-9999 -9999 -9999 -9999 -9999 -9999 -9999 -9999 -9999 -9999 -9999 -9999 -9999 -9999 -1.2855528593063354492 -1.3220087289810180664 -1.4358664751052856445 -1.4940888881683349609 -1.5403246879577636719 -1.6377260684967041016 -1.7520086765289306641 -1.7971558570861816406 -1.8144646883010864258 -1.8089123964309692383 -1.7968578338623046875 -1.7908334732055664063 -1.7999526262283325195 -1.805212855339050293 -1.8230144977569580078 -1.8402436971664428711 -1.8367270231246948242 -1.8202530145645141602 -1.8017168045043945313 -1.7850539684295654297 -1.7824460268020629883 -1.7805608510971069336 -9999 -9999 -9999 -9999
-9999 -9999 -9999 -9999 -9999 -9999 -9999 -9999 -9999 -9999 -9999 -9999 -1.1837350130081176758 -1.2037080526351928711 -1.2328915596008300781 -1.2682468891143798828 -1.3548387289047241211 -1.4208143949508666992 -1.4829990863800048828 -1.5963788032531738281 -1.6987218856811523438 -1.7404822111129760742 -1.7627327442169189453 -1.7636885643005371094 -1.7537020444869995117 -1.7480051517486572266 -1.7558114528656005859 -1.7697719335556030273 -1.797011256217956543 -1.8199226856231689453 -1.8242889642715454102 -1.8096470832824707031 -1.7817586660385131836 -1.7631280422210693359 -1.768683314323425293 -1.7695565223693847656 -9999 -9999 -9999 -9999
-9999 -9999 -9999 -9999 -9999 -9999 -9999 -9999 -9999 -9999 -9999 -1.1361067295074462891 -1.1734269857406616211 -1.1970995664596557617 -1.2418425083160400391 -1.28479766845703125 -1.347949981689453125 -1.4060633182525634766 -1.4485523700714111328 -1.5323503017425537109 -1.5929772853851318359 -1.6126935482025146484 -1.6463909149169921875 -1.6606670618057250977 -1.6687742471694946289 -1.6944499015808105469 -1.7135584354400634766 -1.7331980466842651367 -1.7642078399658203125 -1.7929694652557373047 -1.7997136116027832031 -1.7876914739608764648 -1.7614257335662841797 -1.7475154399871826172 -1.7464150190353393555 -1.7409807443618774414 -9999 -9999 -9999 -9999
-9999 -9999 -9999 -9999 -9999 -9999 -9999 -9999 -9999 -9999 -9999 -1.1017072200775146484 -1.1333777904510498047 -1.2055252790451049805 -1.2855854034423828125 -1.3126595020294189453 -1.3422206640243530273 -1.3862142562866210938 -1.4173272848129272461 -1.4553201198577880859 -1.4810578823089599609 -1.494915008544921875 -1.5255117416381835938 -1.5243669748306274414 -1.5323385000228881836 -1.5848169326782226563 -1.6426293849945068359 -1.689856410026550293 -1.7282977104187011719 -1.7654999494552612305 -1.7802392244338989258 -1.7702792882919311523 -1.7467896938323974609 -1.7340152263641357422 -1.7261382341384887695 -1.7233177423477172852 -1.7211464643478393555 -9999 -9999 -9999
-9999 -9999 -9999 -9999 -9999 -9999 -9999 -9999 -9999 -9999 -9999 -1.0437119007110595703 -1.0867938995361328125 -1.1926771402359008789 -1.2746754884719848633 -1.3074464797973632813 -1.3343819379806518555 -1.3651585578918457031 -1.3833525180816650391 -1.4056326150894165039 -1.4249948263168334961 -1.4417226314544677734 -1.4634538888931274414 -1.4740185737609863281 -1.4843885898590087891 -1.5102590322494506836 -1.5510015487670898438 -1.5952371358871459961 -1.6511554718017578125 -1.7261116504669189453 -1.7724123001098632813 -1.7770559787750244141 -1.7525986433029174805 -1.7292920351028442383 -1.7159098386764526367 -1.7188216447830200195 -1.7380865812301635742 -9999 -9999 -9999
-9999 -9999 -9999 -9999 -9999 -9999 -9999 -9999 -9999 -9999 -0.84135651588439941406 -0.95001006126403808594 -1.0400594472885131836 -1.14035797119140625 -1.208744049072265625 -1.2551833391189575195 -1.3117833137512207031 -1.3512424230575561523 -1.36867523193359375 -1.3822638988494873047 -1.3896631002426147461 -1.3961948156356811523 -1.4107866287231445313 -1.4369491338729858398 -1.465418696403503418 -1.4961746931076049805 -1.5289103984832763672 -1.5452516078948974609 -1.5723994970321655273 -1.6519284248352050781 -1.7262974977493286133 -1.7632725238800048828 -1.7475626468658447266 -1.7278168201446533203 -1.7134433984756469727 -1.7171547412872314453 -1.7428865432739257813 -1.7686243057250976563 -1.7862045764923095703 -1.7829298973083496094
-9999 -9999 -9999 -9999 -9999 -9999 -9999 -9999 -9999 -9999 -0.87902784347534179688 -0.94036877155303955078 -1.0262819528579711914 -1.0957624912261962891 -1.1398978233337402344 -1.1751705408096313477 -1.234582066535949707 -1.298961639404296875 -1.3337152004241943359 -1.3472242355346679688 -1.3558889627456665039 -1.3711445331573486328 -1.3936694860458374023 -1.4324824810028076172 -1.4658641815185546875 -1.4960302114486694336 -1.5274175405502319336 -1.5397051572799682617 -1.5640444755554199219 -1.609551548957824707 -1.6442991495132446289 -1.6683257818222045898 -1.6698716878890991211 -1.6831624507904052734 -1.7029229402542114258 -1.7181726694107055664 -1.7371838092803955078 -1.7617768049240112305 -1.7771356105804443359 -1.7470080852508544922
-9999 -9999 -9999 -9999 -9999 -9999 -9999 -9999 -9999 -9999 -0.89422440528869628906 -0.9537302851676940918 -1.0178945064544677734 -1.0670068264007568359 -1.0991199016571044922 -1.1274508237838745117 -1.1646707057952880859 -1.2163261175155639648 -1.2677513360977172852 -1.3190850019454956055 -1.3386833667755126953 -1.3667340278625488281 -1.4019713401794433594 -1.4384862184524536133 -1.4610199928283691406 -1.4828840494155883789 -1.5138819217681884766 -1.5281314849853515625 -1.5544621944427490234 -1.5954642295837402344 -1.6150566339492797852 -1.6176853179931640625 -1.5877435207366943359 -1.5927442312240600586 -1.6465709209442138672 -1.6973676681518554688 -1.7174143791198730469 -1.7291414737701416016 -1.7503417730331420898 -1.7372221946716308594
-9999 -9999 -9999 -9999 -9999 -9999 -9999 -9999 -9999 -0.74123501777648925781 -0.85923779010772705078 -0.92965358495712280273 -0.98171895742416381836 -1.0291908979415893555 -1.0595309734344482422 -1.0861831903457641602 -1.1171014308929443359 -1.1596494913101196289 -1.2049943208694458008 -1.2744394540786743164 -1.3281009197235107422 -1.3685601949691772461 -1.4091581106185913086 -1.441327214241027832 -1.4594062566757202148 -1.4732633829116821289 -1.5008361339569091797 -1.5218740701675415039 -1.5472754240036010742 -1.5843566656112670898 -1.6014001369476318359 -1.6032587289810180664 -1.5743525028228759766 -1.5546038150787353516 -1.562796473503112793 -1.597178339958190918 -1.6040140390396118164 -1.6274180412292480469 -1.6636791229248046875 -1.6821120977401733398
-9999 -9999 -9999 -9999 -9999 -9999 -9999 -0.65113544464111328125 -0.67973190546035766602 -0.74109345674514770508 -0.82991558313369750977 -0.92105072736740112305 -0.96093767881393432617 -0.98887324333190917969 -1.0184639692306518555 -1.0553386211395263672 -1.08972930908203125 -1.1257426738739013672 -1.1564720869064331055 -1.2044986486434936523 -1.2700878381729125977 -1.3125030994415283203 -1.3638634681701660156 -1.4125773906707763672 -1.4392385482788085938 -1.4510364532470703125 -1.4715492725372314453 -1.5016562938690185547 -1.5493642091751098633 -1.5714789628982543945 -1.5774178504943847656 -1.5822118520736694336 -1.5503702163696289063 -1.5281138420104980469 -1.5277096033096313477 -1.5272877216339111328 -1.5159677267074584961 -1.5100023746490478516 -1.5244525671005249023 -1.5429179668426513672
-9999 -9999 -9999 -9999 -9999 -9999 -0.55500560998916625977 -0.61358511447906494141 -0.69182187318801879883 -0.77456361055374145508 -0.8814499974250793457 -0.92913138866424560547 -0.9417317509651184082 -0.97175019979476928711 -1.0128172636032104492 -1.0423222780227661133 -1.0811766386032104492 -1.1191164255142211914 -1.1541354656219482422 -1.1867737770080566406 -1.2163319587707519531 -1.2345141172409057617 -1.2752832174301147461 -1.3264517784118652344 -1.3490976095199584961 -1.3628220558166503906 -1.3917518854141235352 -1.4304262399673461914 -1.4674484729766845703 -1.4727382659912109375 -1.4766886234283447266 -1.4918113946914672852 -1.4720803499221801758 -1.48217010498046875 -1.5027419328689575195 -1.5141799449920654297 -1.5050106048583984375 -1.4929236173629760742 -1.4947793483734130859 -1.5012490749359130859
-9999 -9999 -9999 -9999 -9999 -9999 -0.56105059385299682617 -0.60384935140609741211 -0.74367785453796386719 -0.84609752893447875977 -0.89472597837448120117 -0.92537575960159301758 -0.94372016191482543945 -0.96207350492477416992 -0.99275279045104980469 -1.029978632926940918 -1.0681278705596923828 -1.1166235208511352539 -1.1542034149169921875 -1.1825489997863769531 -1.2129303216934204102 -1.2321068048477172852 -1.2580362558364868164 -1.2882817983627319336 -1.3005193471908569336 -1.3197695016860961914 -1.3540834188461303711 -1.3774521350860595703 -1.391675114631652832 -1.3964840173721313477 -1.3722037076950073242 -1.3471268415451049805 -1.350823521614074707 -1.380278468132019043 -1.4027384519577026367 -1.4255288839340209961 -1.4333380460739135742 -1.4464577436447143555 -1.4655574560165405273 -1.4731895923614501953
-9999 -9999 -9999 -9999 -9999 -0.54511648416519165039 -0.54029583930969238281 -0.60957276821136474609 -0.77375233173370361328 -0.86721223592758178711 -0.90351462364196777344 -0.92439037561416625977 -0.93693763017654418945 -0.95331132411956787109 -0.97198325395584106445 -1.0006563663482666016 -1.0462490320205688477 -1.0958598852157592773 -1.1319499015808105469 -1.1711611747741699219 -1.2075668573379516602 -1.2271032333374023438 -1.2346941232681274414 -1.2395620346069335938 -1.2526314258575439453 -1.2790713310241699219 -1.311741948127746582 -1.3287322521209716797 -1.3437989950180053711 -1.3341813087463378906 -1.2853581905364990234 -1.2573429346084594727 -1.2672408819198608398 -1.2954655885696411133 -1.3130164146423339844 -1.3188343048095703125 -1.3220323324203491211 -1.3355561494827270508 -1.3644977807998657227 -1.3920497894287109375
-9999 -9999 -9999 -9999 -0.51867663860321044922 -0.52363890409469604492 -0.51747882366180419922 -0.60598826408386230469 -0.77818948030471801758 -0.84849900007247924805 -0.88111954927444458008 -0.90382438898086547852 -0.91801792383193969727 -0.93514388799667358398 -0.96033877134323120117 -0.99452584981918334961 -1.0450837612152099609 -1.0869325399398803711 -1.1207773685455322266 -1.1688718795776367188 -1.2027226686477661133 -1.2142845392227172852 -1.214514613151550293 -1.2162877321243286133 -1.229277491569519043 -1.2593195438385009766 -1.2862285375595092773 -1.3030948638916015625 -1.3118777275085449219 -1.274613499641418457 -1.2199164628982543945 -1.2002326250076293945 -1.2123993635177612305 -1.2393672466278076172 -1.2580274343490600586 -1.2706513404846191406 -1.2751356363296508789 -1.2774310111999511719 -1.293120265007019043 -1.3013778924942016602
-9999 -9999 -9999 -0.44544047117233276367 -0.47629973292350769043 -0.49257016181945800781 -0.50663089752197265625 -0.6315873265266418457 -0.77296167612075805664 -0.82603311538696289063 -0.84702390432357788086 -0.85367071628570556641 -0.87417179346084594727 -0.90914952754974365234 -0.95348542928695678711 -1.0000486373901367188 -1.0538458824157714844 -1.0906320810317993164 -1.1150451898574829102 -1.157395482063293457 -1.1866055727005004883 -1.1937687397003173828 -1.1966127157211303711 -1.2058646678924560547 -1.2227369546890258789 -1.2458961009979248047 -1.2636003494262695313 -1.2759735584259033203 -1.2747787237167358398 -1.2249642610549926758 -1.1769642829895019531 -1.165240168571472168 -1.175595402717590332 -1.1904290914535522461 -1.2040679454803466797 -1.2196716070175170898 -1.2306345701217651367 -1.2390161752700805664 -1.2371103763580322266 -1.2330774068832397461
-9999 -9999 -9999 -0.44544047117233276367 -0.47485411167144775391 -0.48611804842948913574 -0.52757155895233154297 -0.67150962352752685547 -0.78674805164337158203 -0.81664550304412841797 -0.82883584499359130859 -0.8342730402946472168 -0.84399992227554321289 -0.87172901630401611328 -0.91542464494705200195 -0.96590584516525268555 -1.0292322635650634766 -1.0695881843566894531 -1.0911453962326049805 -1.1242882013320922852 -1.1491554975509643555 -1.1613074541091918945 -1.1760467290878295898 -1.1948131322860717773 -1.2117502689361572266 -1.2240054607391357422 -1.2324696779251098633 -1.2383848428726196289 -1.2294102907180786133 -1.1757782697677612305 -1.1330060958862304688 -1.1379860639572143555 -1.1499402523040771484 -1.1597881317138671875 -1.1655470132827758789 -1.1764657497406005859 -1.1851865053176879883 -1.1898478269577026367 -1.1789172887802124023 -1.1752561330795288086
-9999 -9999 -9999 -9999 -9999 -9999 -0.54193907976150512695 -0.66561216115951538086 -0.77715981006622314453 -0.8062489628791809082 -0.80765622854232788086 -0.81811767816543579102 -0.83261501789093017578 -0.8601169586181640625 -0.89125353097915649414 -0.93123781681060791016 -0.98800295591354370117 -1.0232757329940795898 -1.0552943944931030273 -1.1004976034164428711 -1.1345313787460327148 -1.1547845602035522461 -1.1725094318389892578 -1.1921668052673339844 -1.2039765119552612305 -1.2152847051620483398 -1.217579960823059082 -1.209443211555480957 -1.1807671785354614258 -1.1311091184616088867 -1.1069998741149902344 -1.1188243627548217773 -1.1320325136184692383 -1.145399928092956543 -1.1538641452789306641 -1.155719757080078125 -1.1586287021636962891 -1.163378596305847168 -1.1521294116973876953 -1.1480020284652709961
