INPUT/RASTER/ASCII/BIO01.asc
ncols        113
nrows        135
xllcorner    473009.983799999987
yllcorner    4429001.174800000153
cellsize     100.000000000000
NODATA_value  -9999
[rows 72 to 89 of 135, columns 0 to 39 of 113]
-9999 -9999 -9999 1.1659471988677978516 1.083980560302734375 0.90419483184814453125 0.85981404781341552734 0.85002315044403076172 0.84951108694076538086 0.75026673078536987305 0.65886199474334716797 0.58196717500686645508 0.51955455541610717773 0.4763984978199005127 0.47119513154029846191 0.44459712505340576172 0.40011945366859436035 0.36305245757102966309 0.33370053768157958984 0.3241379857063293457 0.30674964189529418945 0.28107881546020507813 0.23276783525943756104 0.20637740194797515869 0.17868612706661224365 0.15249635279178619385 0.1367963254451751709 0.11201810091733932495 0.098013311624526977539 0.17013379931449890137 0.24192215502262115479 0.1818551868200302124 0.18346048891544342041 0.19305071234703063965 0.1924002915620803833 0.16637659072875976563 0.081579834222793579102 0.041495986282825469971 0.047806441783905029297 0.071110844612121582031
-9999 -9999 -9999 1.1749632358551025391 1.1345403194427490234 0.98624455928802490234 0.8909511566162109375 0.85920512676239013672 0.82470518350601196289 0.71326202154159545898 0.63102543354034423828 0.58697676658630371094 0.54523229598999023438 0.52843207120895385742 0.53743416070938110352 0.5080407261848449707 0.44598099589347839355 0.41672593355178833008 0.39751780033111572266 0.37653136253356933594 0.3344478309154510498 0.25556713342666625977 0.1904767155647277832 0.16663260757923126221 0.16726918518543243408 0.13464440405368804932 0.11440527439117431641 0.12346272170543670654 0.14685015380382537842 0.24756835401058197021 0.28322380781173706055 0.195008888840675354 0.18707239627838134766 0.23453919589519500732 0.26324069499969482422 0.23227655887603759766 0.14135618507862091064 0.08396701514720916748 0.09179280698299407959 0.11886134743690490723
-9999 -9999 1.1949877738952636719 1.182726740837097168 1.1404494047164916992 0.97284871339797973633 0.82182675600051879883 0.780338287353515625 0.7434234619140625 0.68113541603088378906 0.64078170061111450195 0.61013585329055786133 0.58170419931411743164 0.57546293735504150391 0.59633868932723999023 0.56539529561996459961 0.50262284278869628906 0.48158800601959228516 0.46889099478721618652 0.42935377359390258789 0.36061683297157287598 0.27021542191505432129 0.22320528328418731689 0.19979709386825561523 0.176347389817237854 0.14725840091705322266 0.10916040092706680298 0.084894210100173950195 0.13714228570461273193 0.28638595342636108398 0.30919215083122253418 0.24962340295314788818 0.24378345906734466553 0.26037609577178955078 0.26503974199295043945 0.22901754081249237061 0.1667779088020324707 0.13195969164371490479 0.12498497962951660156 0.15696625411510467529
-9999 -9999 1.2037684917449951172 1.16959381103515625 1.0690346956253051758 0.93980872631072998047 0.83340281248092651367 0.78527867794036865234 0.72827702760696411133 0.67461043596267700195 0.64325886964797973633 0.61756724119186401367 0.5936539769172668457 0.60031729936599731445 0.62821614742279052734 0.61300045251846313477 0.56480020284652709961 0.53973138332366943359 0.50806838274002075195 0.43554657697677612305 0.3528671562671661377 0.29795512557029724121 0.26308155059814453125 0.24118177592754364014 0.20743606984615325928 0.19268399477005004883 0.18815180659294128418 0.15188053250312805176 0.18291385471820831299 0.28048375248908996582 0.26914292573928833008 0.2567157447338104248 0.28120335936546325684 0.27894765138626098633 0.2350304722785949707 0.23193059861660003662 0.20181754231452941895 0.18259556591510772705 0.1737941354513168335 0.19617134332656860352
-9999 -9999 1.2193993330001831055 1.1850931644439697266 1.0696021318435668945 0.95716941356658935547 0.878627777099609375 0.82110714912414550781 0.76429921388626098633 0.71302676200866699219 0.67062491178512573242 0.63281750679016113281 0.61337411403656005859 0.62917792797088623047 0.67375940084457397461 0.66618961095809936523 0.61707597970962524414 0.57862508296966552734 0.50705122947692871094 0.4260393977165222168 0.37938907742500305176 0.34050917625427246094 0.30743464827537536621 0.27707940340042114258 0.24463453888893127441 0.25585082173347473145 0.33192917704582214355 0.37103739380836486816 0.3295281529426574707 0.33830189704895019531 0.29283478856086730957 0.25297236442565917969 0.25178223848342895508 0.24810805916786193848 0.18839398026466369629 0.18790271878242492676 0.21007233858108520508 0.23193751275539398193 0.24322299659252166748 0.24582466483116149902
-9999 -9999 1.2264847755432128906 1.2485505342483520508 1.2075603008270263672 1.0332685708999633789 0.93081361055374145508 0.88837713003158569336 0.84241181612014770508 0.77954947948455810547 0.71387779712677001953 0.65774798393249511719 0.64860057830810546875 0.68243622779846191406 0.71474272012710571289 0.70257157087326049805 0.65451663732528686523 0.59514856338500976563 0.50564664602279663086 0.47311872243881225586 0.43836969137191772461 0.3904323577880859375 0.35676276683807373047 0.3215847313404083252 0.30554565787315368652 0.34976729750633239746 0.50624859333038330078 0.59241539239883422852 0.5296637415885925293 0.47703507542610168457 0.33632990717887878418 0.27440854907035827637 0.26923978328704833984 0.28624758124351501465 0.2293704301118850708 0.16553933918476104736 0.14306525886058807373 0.19875226914882659912 0.26324069499969482422 0.27997863292694091797
-9999 -9999 -9999 1.3474212884902954102 1.2839846611022949219 1.06282806396484375 0.96049761772155761719 0.93359518051147460938 0.91203445196151733398 0.83594226837158203125 0.74470359086990356445 0.70943558216094970703 0.70365101099014282227 0.72442293167114257813 0.73741745948791503906 0.72411847114562988281 0.67566913366317749023 0.58730196952819824219 0.53278434276580810547 0.51367306709289550781 0.48755940794944763184 0.44519910216331481934 0.40592479705810546875 0.38055151700973510742 0.42125117778778076172 0.52761560678482055664 0.65264147520065307617 0.71210646629333496094 0.67008519172668457031 0.57061249017715454102 0.37979730963706970215 0.30140095949172973633 0.29428786039352416992 0.31240966916084289551 0.27683722972869873047 0.21812647581100463867 0.18301764130592346191 0.21008618175983428955 0.24956113100051879883 0.2287753671407699585
-9999 -9999 -9999 1.4161236286163330078 1.3090326786041259766 1.0966844558715820313 1.0097842216491699219 0.9727725982666015625 0.94582861661911010742 0.87666267156600952148 0.80037671327590942383 0.77319747209548950195 0.77120471000671386719 0.77012526988983154297 0.76423001289367675781 0.7455615997314453125 0.67044502496719360352 0.60463500022888183594 0.56303578615188598633 0.53209930658340454102 0.51476633548736572266 0.49065929651260375977 0.46206849813461303711 0.44596022367477416992 0.55372923612594604492 0.67788332700729370117 0.75329047441482543945 0.75556695461273193359 0.65903496742248535156 0.55563205480575561523 0.4274647831916809082 0.36154404282569885254 0.34437710046768188477 0.32728630304336547852 0.30165699124336242676 0.27702406048774719238 0.26862394809722900391 0.29424634575843811035 0.27051293849945068359 0.22752296924591064453
-9999 -9999 -9999 1.3938156366348266602 1.3373397588729858398 1.1601419448852539063 1.0548568964004516602 1.0183434486389160156 0.97456467151641845703 0.91633135080337524414 0.86681640148162841797 0.82837939262390136719 0.81850546598434448242 0.81308758258819580078 0.81030601263046264648 0.75016987323760986328 0.67162823677062988281 0.62589126825332641602 0.58127522468566894531 0.55235230922698974609 0.53546214103698730469 0.50179255008697509766 0.4827366173267364502 0.48137351870536804199 0.5873711705207824707 0.73069876432418823242 0.8080641627311706543 0.77398627996444702148 0.63889962434768676758 0.58202940225601196289 0.49977901577949523926 0.43376830220222473145 0.38825276494026184082 0.33763071894645690918 0.31132331490516662598 0.31067290902137756348 0.3400732576847076416 0.34364366531372070313 0.28843408823013305664 0.24401871860027313232
-9999 -9999 1.3769254684448242188 1.3706564903259277344 1.3548042774200439453 1.1588133573532104492 1.0646685361862182617 1.0487886667251586914 1.0064145326614379883 0.93942123651504516602 0.89842408895492553711 0.86832481622695922852 0.86862927675247192383 0.86449843645095825195 0.82345277070999145508 0.73496800661087036133 0.67526090145111083984 0.63555067777633666992 0.59507936239242553711 0.57340097427368164063 0.54654693603515625 0.51224076747894287109 0.50488549470901489258 0.51096761226654052734 0.62378776073455810547 0.76390480995178222656 0.8407719731330871582 0.81337821483612060547 0.71899121999740600586 0.65515321493148803711 0.56033724546432495117 0.44149723649024963379 0.39549040794372558594 0.34736627340316772461 0.32377126812934875488 0.33161088824272155762 0.37915381789207458496 0.39198228716850280762 0.34295862913131713867 0.30093735456466674805
-9999 -9999 1.3373466730117797852 1.2936164140701293945 1.2712322473526000977 1.1467529535293579102 1.1005731821060180664 1.0969266891479492188 1.0279198884963989258 0.96262186765670776367 0.93210059404373168945 0.90814578533172607422 0.93466764688491821289 0.95346063375473022461 0.85088115930557250977 0.73786032199859619141 0.67996603250503540039 0.64651095867156982422 0.61016356945037841797 0.58043104410171508789 0.55452495813369750977 0.53754484653472900391 0.52878493070602416992 0.53715044260025024414 0.677066802978515625 0.81166219711303710938 0.84664648771286010742 0.8540433049201965332 0.74987232685089111328 0.61472338438034057617 0.51026874780654907227 0.43502071499824523926 0.40936374664306640625 0.37742397189140319824 0.34736627340316772461 0.34807896614074707031 0.39232134819030761719 0.44703271985054016113 0.42228218913078308105 0.36979192495346069336
-9999 -9999 1.3123885393142700195 1.2462395429611206055 1.2250177860260009766 1.1958042383193969727 1.1774888038635253906 1.1349692344665527344 1.0267435312271118164 0.98517209291458129883 1.0133615732192993164 1.0058816671371459961 1.0161916017532348633 0.99696958065032958984 0.85652041435241699219 0.75594753026962280273 0.70084869861602783203 0.65407377481460571289 0.60883504152297973633 0.58810460567474365234 0.57405138015747070313 0.56298041343688964844 0.55514770746231079102 0.5637900233268737793 0.70802402496337890625 0.80881142616271972656 0.78739601373672485352 0.84282010793685913086 0.71849995851516723633 0.58074933290481567383 0.48753172159194946289 0.4397258758544921875 0.41948676109313964844 0.40211224555969238281 0.37514057755470275879 0.36557802557945251465 0.39531743526458740234 0.46819213032722473145 0.48693665862083435059 0.45060312747955322266
-9999 -9999 1.3395608663558959961 1.2637593746185302734 1.249083399772644043 1.2421363592147827148 1.2466062307357788086 1.1890025138854980469 1.0830533504486083984 1.0897374153137207031 1.1270051002502441406 1.1194906234741210938 1.0479376316070556641 0.94110959768295288086 0.84027373790740966797 0.77368181943893432617 0.72149604558944702148 0.66115230321884155273 0.6220925450325012207 0.60300201177597045898 0.58962690830230712891 0.58486634492874145508 0.58518463373184204102 0.60237234830856323242 0.74233025312423706055 0.84534567594528198242 0.85393255949020385742 0.86319762468338012695 0.70192116498947143555 0.58036184310913085938 0.49993816018104553223 0.44427880644798278809 0.42257279157638549805 0.41434568166732788086 0.40577259659767150879 0.39252892136573791504 0.40149641036987304688 0.45538440346717834473 0.49098449945449829102 0.49050706624984741211
-9999 1.4889844655990600586 1.4146567583084106445 1.3016082048416137695 1.2842682600021362305 1.3043829202651977539 1.3397061824798583984 1.2933050394058227539 1.2021977901458740234 1.1533540487289428711 1.1246870756149291992 1.0421184301376342773 0.94076359272003173828 0.87970721721649169922 0.82253944873809814453 0.76016139984130859375 0.7130336761474609375 0.68183428049087524414 0.65623265504837036133 0.63514935970306396484 0.62200254201889038086 0.66093087196350097656 0.7263672947883605957 0.79982316493988037109 0.92990714311599731445 0.96588778495788574219 0.88639819622039794922 0.77593064308166503906 0.6521847844123840332 0.56445425748825073242 0.51095378398895263672 0.46414428949356079102 0.43906855583190917969 0.43425267934799194336 0.43679898977279663086 0.42574876546859741211 0.40694195032119750977 0.41768079996109008789 0.43479236960411071777 0.4702956080436706543
-9999 1.5214501619338989258 1.4530937671661376953 1.3298046588897705078 1.3215290307998657227 1.3555238246917724609 1.3713207244873046875 1.3357137441635131836 1.2220009565353393555 1.0683220624923706055 0.98103427886962890625 0.91294777393341064453 0.87692558765411376953 0.84647351503372192383 0.79779583215713500977 0.76124083995819091797 0.73604744672775268555 0.71643108129501342773 0.71982848644256591797 0.71691542863845825195 0.73587447404861450195 0.86137783527374267578 0.97981649637222290039 1.0517154932022094727 1.0983313322067260742 1.0071409940719604492 0.78816407918930053711 0.63335031270980834961 0.60190182924270629883 0.54965376853942871094 0.51120287179946899414 0.48863884806632995605 0.47394904494285583496 0.4685796201229095459 0.46556967496871948242 0.44977280497550964355 0.41505837440490722656 0.39862489700317382813 0.40152409672737121582 0.44566962122917175293
1.5692075490951538086 1.4835666418075561523 1.3987214565277099609 1.342529296875 1.3513169288635253906 1.3784823417663574219 1.3624777793884277344 1.2869668006896972656 1.1430718898773193359 1.0175338983535766602 0.93921369314193725586 0.89072972536087036133 0.85251408815383911133 0.83401864767074584961 0.82071274518966674805 0.81526720523834228516 0.83356893062591552734 0.87905675172805786133 0.93648052215576171875 0.96199220418930053711 1.0239274501800537109 1.1198989152908325195 1.1669090986251831055 1.1645218133926391602 1.0796420574188232422 0.8752511143684387207 0.68271303176879882813 0.5711383819580078125 0.55140435695648193359 0.53495705127716064453 0.51388067007064819336 0.50133585929870605469 0.49697667360305786133 0.49028563499450683594 0.47729799151420593262 0.45639461278915405273 0.42140340805053710938 0.3962377011775970459 0.39924070239067077637 0.4534123837947845459
1.5216646194458007813 1.4487552642822265625 1.3924386501312255859 1.3797693252563476563 1.3923486471176147461 1.4216176271438598633 1.3692725896835327148 1.2666654586791992188 1.1150414943695068359 0.99509441852569580078 0.93862551450729370117 0.87410253286361694336 0.85999393463134765625 0.88940119743347167969 0.94292247295379638672 0.99523973464965820313 1.0892254114151000977 1.1932717561721801758 1.2541207075119018555 1.273840785026550293 1.2884960174560546875 1.2568261623382568359 1.1981360912322998047 1.0733662843704223633 0.86810344457626342773 0.707996368408203125 0.62034887075424194336 0.56809383630752563477 0.54632550477981567383 0.53804308176040649414 0.53173261880874633789 0.52523535490036010742 0.51747179031372070313 0.5007546544075012207 0.47744330763816833496 0.45966055989265441895 0.43470242619514465332 0.41423496603965759277 0.4092737734317779541 0.48456332087516784668
1.4473853111267089844 1.4332005977630615234 1.424509882926940918 1.4298723936080932617 1.4625318050384521484 1.4879881143569946289 1.3825786113739013672 1.2478171586990356445 1.0471279621124267578 0.93063366413116455078 0.88275861740112304688 0.84982246160507202148 0.88492441177368164063 0.97767150402069091797 1.121760249137878418 1.2290794849395751953 1.3194947242736816406 1.4054886102676391602 1.423458099365234375 1.4157429933547973633 1.3663042783737182617 1.2537608146667480469 1.1337653398513793945 0.93990564346313476563 0.73341119289398193359 0.67391163110733032227 0.63190418481826782227 0.62176036834716796875 0.61059945821762084961 0.58200174570083618164 0.56459265947341918945 0.55707824230194091797 0.53715735673904418945 0.50639390945434570313 0.48089605569839477539 0.46831667423248291016 0.44818824529647827148 0.434986114501953125 0.43805831670761108398 0.53163576126098632813
