INPUT/RASTER/ASCII/BIO02.asc
ncols        113
nrows        135
xllcorner    473009.983799999987
yllcorner    4429001.174800000153
cellsize     100.000000000000
NODATA_value  -9999
[rows 54 to 71 of 135, columns 40 to 79 of 113]
-0.94581586122512817383 -0.99148797988891601563 -1.0351710319519042969 -1.0903171300888061523 -1.0696622133255004883 -1.1169655323028564453 -1.1555441617965698242 -1.0295236110687255859 -0.83795374631881713867 -0.70790755748748779297 -0.64588832855224609375 -0.6059417724609375 -0.59871536493301391602 -0.60176193714141845703 -0.57391148805618286133 -0.49805355072021484375 -0.3885034024715423584 -0.27701151371002197266 -0.17218412458896636963 -0.14844948053359985352 -0.22722354531288146973 -0.25521624088287353516 -0.22728045284748077393 -0.21004195511341094971 -0.20658050477504730225 -9999 -9999 -9999 -9999 -9999 -9999 -9999 -9999 -9999 -0.21851776540279388428 -0.20698355138301849365 -0.11597349494695663452 -0.0082346750423312187195 0.057153537869453430176 0.12244454771280288696
-0.92379534244537353516 -0.92486459016799926758 -0.97300481796264648438 -1.0308394432067871094 -1.0401047468185424805 -1.0669072866439819336 -1.0654801130294799805 -0.98910290002822875977 -0.87388640642166137695 -0.76385498046875 -0.71156573295593261719 -0.68516629934310913086 -0.67760801315307617188 -0.6611779332160949707 -0.62243342399597167969 -0.57004225254058837891 -0.52684521675109863281 -0.44484680891036987305 -0.2511431276798248291 -0.14409184455871582031 -0.20571513473987579346 -0.23619486391544342041 -0.20196445286273956299 -0.18928748369216918945 -0.19381581246852874756 -9999 -9999 -9999 -9999 -9999 -9999 -9999 -9999 -9999 -0.23524415493011474609 -0.21411982178688049316 -0.11760464310646057129 0.026792354881763458252 0.08965797722339630127 0.12643232941627502441
-0.92289674282073974609 -0.91991424560546875 -0.94464701414108276367 -0.98885399103164672852 -1.0077331066131591797 -1.0000965595245361328 -0.99288207292556762695 -0.98084759712219238281 -0.90531688928604125977 -0.81646192073822021484 -0.76546007394790649414 -0.73736304044723510742 -0.72891569137573242188 -0.70597767829895019531 -0.65841591358184814453 -0.60550552606582641602 -0.55663031339645385742 -0.49687999486923217773 -0.30929547548294067383 -0.16706781089305877686 -0.22407504916191101074 -0.24290439486503601074 -0.17701829969882965088 -0.13291800022125244141 -0.13316930830478668213 -9999 -9999 -9999 -9999 -9999 -9999 -9999 -9999 -9999 -0.22514668107032775879 -0.21679651737213134766 -0.13103790581226348877 0.034751318395137786865 0.10457777231931686401 0.12717203795909881592
-0.96613645553588867188 -0.9436867833137512207 -0.9315338134765625 -0.97551083564758300781 -0.99836820363998413086 -0.97319209575653076172 -0.96661537885665893555 -0.95037496089935302734 -0.9035956263542175293 -0.84480547904968261719 -0.80094939470291137695 -0.75983399152755737305 -0.74107342958450317383 -0.74218535423278808594 -0.7158902287483215332 -0.65075564384460449219 -0.57994532585144042969 -0.51488900184631347656 -0.33569496870040893555 -0.18679097294807434082 -0.21007750928401947021 -0.2240015566349029541 -0.14646744728088378906 -0.090719133615493774414 -0.082904793322086334229 -9999 -9999 -9999 -9999 -9999 -9999 -9999 -9999 -9999 -0.18987071514129638672 -0.18793609738349914551 -0.13010142743587493896 0.031927630305290222168 0.13192796707153320313 0.16573400795459747314
-0.95015448331832885742 -0.94592016935348510742 -0.961299896240234375 -0.96436303853988647461 -0.94057863950729370117 -0.93307483196258544922 -0.92212861776351928711 -0.88403844833374023438 -0.84949743747711181641 -0.81577438116073608398 -0.77402836084365844727 -0.7284367680549621582 -0.71057236194610595703 -0.76065909862518310547 -0.76893573999404907227 -0.70299512147903442383 -0.61944848299026489258 -0.53514558076858520508 -0.36713489890098571777 -0.21184617280960083008 -0.18533763289451599121 -0.17833650112152099609 -0.12705723941326141357 -0.10471192747354507446 -0.098550073802471160889 -9999 -9999 -9999 -9999 -9999 -9999 -9999 -0.13104502856731414795 -0.13623483479022979736 -0.13376913964748382568 -0.17222443222999572754 -0.12757883965969085693 0.036704905331134796143 0.14030420780181884766 0.18602380156517028809
-0.87768691778182983398 -0.89183145761489868164 -0.94993162155151367188 -0.93160015344619750977 -0.89590221643447875977 -0.89476180076599121094 -0.87165069580078125 -0.83234429359436035156 -0.80533313751220703125 -0.78196835517883300781 -0.74756246805191040039 -0.70846229791641235352 -0.70505541563034057617 -0.77324593067169189453 -0.8123722076416015625 -0.74833065271377563477 -0.6439679265022277832 -0.55350786447525024414 -0.4071312248706817627 -0.25671464204788208008 -0.18166279792785644531 -0.15215276181697845459 -0.14001634716987609863 -0.13416981697082519531 -0.11743868142366409302 -9999 -9999 -9999 -9999 -9999 -9999 -0.033673960715532302856 -0.085458204150199890137 -0.12885434925556182861 -0.14596720039844512939 -0.15896660089492797852 -0.10192143172025680542 0.050444014370441436768 0.1267286837100982666 0.18750083446502685547
-0.80188828706741333008 -0.84013968706130981445 -0.87641137838363647461 -0.88045132160186767578 -0.87133061885833740234 -0.86092734336853027344 -0.82084560394287109375 -0.79066699743270874023 -0.77125918865203857422 -0.75424355268478393555 -0.72564625740051269531 -0.68507617712020874023 -0.69119060039520263672 -0.74932640790939331055 -0.79708492755889892578 -0.75392109155654907227 -0.64942324161529541016 -0.57221633195877075195 -0.47302681207656860352 -0.32813194394111633301 -0.22910600900650024414 -0.18150633573532104492 -0.17741422355175018311 -0.19071236252784729004 -9999 -9999 -9999 -9999 -9999 -9999 -9999 -0.010254644788801670074 -0.053989827632904052734 -0.15998369455337524414 -0.19870452582836151123 -0.17598460614681243896 -0.082750685513019561768 0.06052015349268913269 0.1240401342511177063 0.20661468803882598877
-0.76596742868423461914 -0.77255600690841674805 -0.79796212911605834961 -0.81356710195541381836 -0.84426492452621459961 -0.82277548313140869141 -0.71089005470275878906 -0.70903605222702026367 -0.69917327165603637695 -0.6796754002571105957 -0.64788216352462768555 -0.60271501541137695313 -0.60100090503692626953 -0.64060127735137939453 -0.6958090662956237793 -0.68817251920700073242 -0.58115679025650024414 -0.50361323356628417969 -0.44594213366508483887 -0.34371557831764221191 -0.26650625467300415039 -0.2206373065710067749 -0.23601704835891723633 -0.30012500286102294922 -0.35610330104827880859 -0.35612225532531738281 -9999 -9999 -9999 -9999 -9999 0.009629726409912109375 -0.011596549302339553833 -0.1344140172004699707 -0.25396206974983215332 -0.22517749667167663574 -0.077978149056434631348 0.062748759984970092773 0.12876999378204345703 0.21392640471458435059
-0.74545949697494506836 -0.75472718477249145508 -0.77142041921615600586 -0.77672874927520751953 -0.77524697780609130859 -0.74769049882888793945 -0.67532956600189208984 -0.64786797761917114258 -0.6284624934196472168 -0.61542755365371704102 -0.56874066591262817383 -0.5297234654426574707 -0.52989417314529418945 -0.55282032489776611328 -0.61612695455551147461 -0.62654209136962890625 -0.51197761297225952148 -0.43070700764656066895 -0.36414286494255065918 -0.29118451476097106934 -0.23541723191738128662 -0.21409137547016143799 -0.28192868828773498535 -0.35286706686019897461 -0.39710250496864318848 -0.41469424962997436523 -0.43136137723922729492 -9999 -9999 -9999 -9999 -9999 -0.0098753077909350395203 -0.072812058031558990479 -0.2184584885835647583 -0.23653864860534667969 -0.088431254029273986816 0.03409222140908241272 0.11639412492513656616 0.19880744814872741699
-0.72103023529052734375 -0.74456334114074707031 -0.74411052465438842773 -0.73530042171478271484 -0.71848863363265991211 -0.68785721063613891602 -0.64899414777755737305 -0.61112916469573974609 -0.56971508264541625977 -0.5544064640998840332 -0.51158642768859863281 -0.47283476591110229492 -0.46592608094215393066 -0.48173022270202636719 -0.52315855026245117188 -0.52090859413146972656 -0.44723188877105712891 -0.39066326618194580078 -0.33881974220275878906 -0.24796143174171447754 -0.20567484200000762939 -0.27075010538101196289 -0.3791148066520690918 -0.42653906345367431641 -0.44897446036338806152 -0.45578357577323913574 -0.43434390425682067871 -0.30019849538803100586 -9999 -9999 -9999 -9999 -0.0088107930496335029602 -0.044143661856651306152 -0.1687866896390914917 -0.21643851697444915771 -0.089780271053314208984 0.043075393885374069214 0.1048219725489616394 0.1482442021369934082
-0.68448108434677124023 -0.70039665699005126953 -0.69211524724960327148 -0.68290919065475463867 -0.67294448614120483398 -0.64796042442321777344 -0.59883391857147216797 -0.5651938319206237793 -0.52076637744903564453 -0.48412242531776428223 -0.46092358231544494629 -0.43850713968276977539 -0.42616921663284301758 -0.4170532524585723877 -0.41522058844566345215 -0.38258576393127441406 -0.36147329211235046387 -0.34800207614898681641 -0.30866721272468566895 -0.21361009776592254639 -0.23224976658821105957 -0.38461282849311828613 -0.48797267675399780273 -0.49254369735717773438 -0.47754329442977905273 -0.41756063699722290039 -0.33051463961601257324 -0.18864260613918304443 -0.13322621583938598633 -9999 -9999 -9999 -0.050691965967416763306 -0.071406140923500061035 -0.15390245616436004639 -0.20578864216804504395 -0.0991001129150390625 0.067938566207885742188 0.11482224613428115845 0.13782903552055358887
-0.66023200750350952148 -0.65175139904022216797 -0.64606374502182006836 -0.64785611629486083984 -0.64207124710083007813 -0.61490595340728759766 -0.57239890098571777344 -0.53772747516632080078 -0.49934095144271850586 -0.45517662167549133301 -0.42368453741073608398 -0.38858875632286071777 -0.38759773969650268555 -0.36323955655097961426 -0.33355644345283508301 -0.30104491114616394043 -0.28946089744567871094 -0.2892735898494720459 -0.23861551284790039063 -0.20682233572006225586 -0.3151988983154296875 -0.49444749951362609863 -0.54651147127151489258 -0.52802115678787231445 -0.48063486814498901367 -0.34699445962905883789 -0.23972982168197631836 -0.15565213561058044434 -0.12639814615249633789 -9999 -9999 -9999 -0.074206121265888214111 -0.086655482649803161621 -0.1342907249927520752 -0.1620581895112991333 -0.054416581988334655762 0.082467168569564819336 0.10751763731241226196 0.13569763302803039551
-0.64897042512893676758 -0.63494914770126342773 -0.62384170293807983398 -0.61943429708480834961 -0.61054831743240356445 -0.59598654508590698242 -0.56291306018829345703 -0.52336007356643676758 -0.48054003715515136719 -0.4269752800464630127 -0.37305727601051330566 -0.3381061255931854248 -0.32999542355537414551 -0.30556374788284301758 -0.2731399238109588623 -0.2555173337459564209 -0.24443596601486206055 -0.21869321167469024658 -0.16747559607028961182 -0.2301871180534362793 -0.37442290782928466797 -0.52961677312850952148 -0.53564113378524780273 -0.49690368771553039551 -0.42845946550369262695 -0.30542150139808654785 -0.21559686958789825439 -0.15551938116550445557 -0.13413898646831512451 -9999 -9999 -9999 -0.076034046709537506104 -0.085676319897174835205 -0.12076262384653091431 -0.13790628314018249512 0.022330403327941894531 0.11556906253099441528 0.14521424472332000732 0.16764728724956512451
-0.62180042266845703125 -0.6254704594612121582 -0.61669355630874633789 -0.60424184799194335938 -0.59831231832504272461 -0.59591066837310791016 -0.57236570119857788086 -0.53347414731979370117 -0.48088145256042480469 -0.42782169580459594727 -0.35437729954719543457 -0.32561171054840087891 -0.30655241012573242188 -0.28375899791717529297 -0.26139944791793823242 -0.24729047715663909912 -0.21568696200847625732 -0.15353022515773773193 -0.15489584207534790039 -0.27854073047637939453 -0.40781402587890625 -0.52396464347839355469 -0.49663105607032775879 -0.41869390010833740234 -0.33868461847305297852 -0.26725783944129943848 -0.21841819584369659424 -0.18371123075485229492 -0.17246861755847930908 -9999 -9999 -9999 -9999 -9999 -9999 -9999 0.033020593225955963135 0.09590043872594833374 0.17550194263458251953 0.21769843995571136475
-0.58441436290740966797 -0.60616934299468994141 -0.61359250545501708984 -0.61405956745147705078 -0.60603660345077514648 -0.59736871719360351563 -0.56974112987518310547 -0.521297454833984375 -0.45725348591804504395 -0.39835667610168457031 -0.35094666481018066406 -0.31934553384780883789 -0.28349345922470092773 -0.25059783458709716797 -0.22773802280426025391 -0.20956778526306152344 -0.16565477848052978516 -0.12820711731910705566 -0.1973104625940322876 -0.33418709039688110352 -0.44073098897933959961 -0.52464979887008666992 -0.49495011568069458008 -0.41478198766708374023 -0.32265999913215637207 -0.27022376656532287598 -0.2279300689697265625 -0.19504392147064208984 -9999 -9999 -9999 -9999 -9999 -9999 -9999 -9999 0.019535163417458534241 0.077908016741275787354 0.18623717129230499268 0.25568902492523193359
-0.57403475046157836914 -0.59346395730972290039 -0.60783606767654418945 -0.61518573760986328125 -0.60712480545043945313 -0.59169524908065795898 -0.5581334233283996582 -0.4976030886173248291 -0.43677639961242675781 -0.39278519153594970703 -0.37249776721000671387 -0.33458065986633300781 -0.28107991814613342285 -0.23532713949680328369 -0.19222259521484375 -0.17062172293663024902 -0.15029163658618927002 -0.16917076706886291504 -0.27894377708435058594 -0.4230041205883026123 -0.50482946634292602539 -0.51659131050109863281 -0.46290561556816101074 -0.39973652362823486328 -0.32340207695960998535 -0.28708767890930175781 -0.27574786543846130371 -9999 -9999 -9999 -9999 -9999 -9999 -9999 -9999 -9999 0.042084377259016036987 0.077054508030414581299 0.15928053855895996094 0.27901116013526916504
-0.54364985227584838867 -0.57193893194198608398 -0.57836866378784179688 -0.57938343286514282227 -0.57486456632614135742 -0.56135070323944091797 -0.52309215068817138672 -0.46881854534149169922 -0.39942595362663269043 -0.35737407207489013672 -0.35752817988395690918 -0.33672627806663513184 -0.29378297924995422363 -0.24402344226837158203 -0.16759888827800750732 -0.12721846997737884521 -0.16744951903820037842 -0.22781388461589813232 -0.3345451056957244873 -0.48967021703720092773 -0.54811179637908935547 -0.50550991296768188477 -0.42081817984580993652 -0.37353855371475219727 -0.33141320943832397461 -0.30779236555099487305 -0.28600180149078369141 -0.28436356782913208008 -0.27434194087982177734 -0.25936049222946166992 -0.22781388461589813232 -0.2002550661563873291 -0.15736152231693267822 -0.13574169576168060303 -9999 -9999 0.037070017307996749878 0.022375449538230895996 0.084010601043701171875 0.25890865921974182129
-0.50954037904739379883 -0.54319465160369873047 -0.53968578577041625977 -0.52526623010635375977 -0.51101976633071899414 -0.50047183036804199219 -0.48260742425918579102 -0.43952187895774841309 -0.37314975261688232422 -0.34004309773445129395 -0.33530139923095703125 -0.30489516258239746094 -0.26357826590538024902 -0.20208773016929626465 -0.13164247572422027588 -0.094837307929992675781 -0.17092756927013397217 -0.24345442652702331543 -0.34982764720916748047 -0.48980298638343811035 -0.52932512760162353516 -0.47702169418334960938 -0.4007702171802520752 -0.36601585149765014648 -0.33901417255401611328 -0.31985762715339660645 -9999 -0.29163023829460144043 -0.28351241350173950195 -0.26860448718070983887 -0.23770509660243988037 -0.19727015495300292969 -0.1582434922456741333 -0.14477466046810150146 -9999 -9999 -9999 -0.024671820923686027527 0.042636785656213760376 0.2335310131311416626
