INPUT/RASTER/ASCII/BIO05.asc
ncols        113
nrows        135
xllcorner    473009.983799999987
yllcorner    4429001.174800000153
cellsize     100.000000000000
NODATA_value  -9999
[rows 72 to 89 of 135, columns 0 to 39 of 113]
-9999 -9999 -9999 -0.021891638636589050293 -0.12786512076854705811 -0.3508167266845703125 -0.38765099644660949707 -0.38206541538238525391 -0.36182609200477600098 -0.46010634303092956543 -0.53745263814926147461 -0.57701307535171508789 -0.61066919565200805664 -0.63244050741195678711 -0.61179202795028686523 -0.61185383796691894531 -0.63827824592590332031 -0.64729410409927368164 -0.63857799768447875977 -0.63007593154907226563 -0.64063334465026855469 -0.67209613323211669922 -0.70057111978530883789 -0.72317975759506225586 -0.73412728309631347656 -0.73584961891174316406 -0.73714846372604370117 -0.74668294191360473633 -0.74301946163177490234 -0.63790237903594970703 -0.49585583806037902832 -0.53259497880935668945 -0.58803671598434448242 -0.59090083837509155273 -0.56977182626724243164 -0.57113724946975708008 -0.62240648269653320313 -0.62234938144683837891 -0.51082837581634521484 -0.31451529264450073242
-9999 -9999 -9999 -0.014617081731557846069 -0.062417909502983093262 -0.24464340507984161377 -0.34888508915901184082 -0.37121781706809997559 -0.39338880777359008789 -0.49038922786712646484 -0.54120171070098876953 -0.56912475824356079102 -0.59223777055740356445 -0.58650469779968261719 -0.55078375339508056641 -0.54447501897811889648 -0.58156144618988037109 -0.58168989419937133789 -0.57013815641403198242 -0.57242184877395629883 -0.5937792658805847168 -0.61979925632476806641 -0.64881181716918945313 -0.67059266567230224609 -0.67764836549758911133 -0.68814867734909057617 -0.70339715480804443359 -0.71167558431625366211 -0.68421882390975952148 -0.53857070207595825195 -0.44434875249862670898 -0.48958042263984680176 -0.49604138731956481934 -0.49762097001075744629 -0.49043679237365722656 -0.50942963361740112305 -0.5743344426155090332 -0.5820038914680480957 -0.54559785127639770508 -0.43496176600456237793
-9999 -9999 -0.017110127955675125122 -0.016862725839018821716 -0.06192310526967048645 -0.26547271013259887695 -0.43799245357513427734 -0.47118705511093139648 -0.48612156510353088379 -0.50450062751770019531 -0.52488744258880615234 -0.54252910614013671875 -0.55290091037750244141 -0.54085439443588256836 -0.49076983332633972168 -0.4774862825870513916 -0.51886421442031860352 -0.51492482423782348633 -0.49713093042373657227 -0.51891177892684936523 -0.54489845037460327148 -0.57634222507476806641 -0.60748153924942016602 -0.61748224496841430664 -0.62267291545867919922 -0.6310132145881652832 -0.64955401420593261719 -0.65404534339904785156 -0.5824273228645324707 -0.42076948285102844238 -0.39530616998672485352 -0.44999617338180541992 -0.41963714361190795898 -0.38416832685470581055 -0.45873612165451049805 -0.51159912347793579102 -0.55030322074890136719 -0.54525053501129150391 -0.52311283349990844727 -0.46691462397575378418
-9999 -9999 -0.020026611164212226868 -0.053492423146963119507 -0.17248779535293579102 -0.31901133060455322266 -0.42857214808464050293 -0.46259936690330505371 -0.47872805595397949219 -0.50405341386795043945 -0.52274650335311889648 -0.53443145751953125 -0.53864204883575439453 -0.50441020727157592773 -0.43912479281425476074 -0.42382869124412536621 -0.45905962586402893066 -0.46047744154930114746 -0.46051073074340820313 -0.49793022871017456055 -0.52397876977920532227 -0.54617828130722045898 -0.56280648708343505859 -0.57070434093475341797 -0.58843636512756347656 -0.58672356605529785156 -0.5672359466552734375 -0.54644471406936645508 -0.4524796903133392334 -0.3204148709774017334 -0.33449772000312805176 -0.37433412671089172363 -0.35972318053245544434 -0.33877015113830566406 -0.40288046002388000488 -0.46823251247406005859 -0.50961995124816894531 -0.50431030988693237305 -0.48293864727020263672 -0.43221655488014221191
-9999 -9999 -0.011486501432955265045 -0.05236008763313293457 -0.18769347667694091797 -0.30904868245124816895 -0.378078460693359375 -0.40220487117767333984 -0.42613619565963745117 -0.4614480137825012207 -0.49195450544357299805 -0.51372587680816650391 -0.50249761343002319336 -0.4527746737003326416 -0.37503826618194580078 -0.36079365015029907227 -0.40284240245819091797 -0.4231007695198059082 -0.44657060503959655762 -0.47560697793960571289 -0.49334377050399780273 -0.50684618949890136719 -0.51831227540969848633 -0.53276151418685913086 -0.54643994569778442383 -0.50935351848602294922 -0.37600883841514587402 -0.28692525625228881836 -0.30045145750045776367 -0.25306457281112670898 -0.27835661172866821289 -0.3089059293270111084 -0.30175983905792236328 -0.29589831829071044922 -0.32257962226867675781 -0.34887081384658813477 -0.42203503847122192383 -0.44714152812957763672 -0.4193897545337677002 -0.38003864884376525879
-9999 -9999 -0.015306951478123664856 0.014428807422518730164 -0.02676354534924030304 -0.23112195730209350586 -0.30301111936569213867 -0.31082805991172790527 -0.33940768241882324219 -0.38853591680526733398 -0.44477218389511108398 -0.47243833541870117188 -0.44735562801361083984 -0.38714191317558288574 -0.32582440972328186035 -0.31701311469078063965 -0.35847190022468566895 -0.39033433794975280762 -0.41843345761299133301 -0.42782995104789733887 -0.43980988860130310059 -0.4614385068416595459 -0.47280943393707275391 -0.48942342400550842285 -0.47059234976768493652 -0.37052795290946960449 -0.14572560787200927734 -0.014583777636289596558 -0.071395732462406158447 -0.097962848842144012451 -0.22875261306762695313 -0.28121125698089599609 -0.27240470051765441895 -0.22978027164936065674 -0.25670897960662841797 -0.28976562619209289551 -0.32549136877059936523 -0.37505730986595153809 -0.35029336810111999512 -0.33048221468925476074
-9999 -9999 -9999 0.1477925032377243042 0.067134849727153778076 -0.2011387944221496582 -0.26690953969955444336 -0.26943111419677734375 -0.2678801119327545166 -0.32093822956085205078 -0.39676201343536376953 -0.40701967477798461914 -0.38436815142631530762 -0.33822777867317199707 -0.29979491233825683594 -0.29212546348571777344 -0.32717084884643554688 -0.36618891358375549316 -0.38157063722610473633 -0.3854529261589050293 -0.39331743121147155762 -0.41070690751075744629 -0.42808687686920166016 -0.42056015133857727051 -0.30917713046073913574 -0.13993546366691589355 0.041162446141242980957 0.14103654026985168457 0.10510621964931488037 0.0017827841220423579216 -0.19047197699546813965 -0.25143265724182128906 -0.24475757777690887451 -0.20304188132286071777 -0.21753865480422973633 -0.24427229166030883789 -0.24027581512928009033 -0.22525092959403991699 -0.24016638100147247314 -0.29524177312850952148
-9999 -9999 -9999 0.25018343329429626465 0.11173848807811737061 -0.13605792820453643799 -0.21188172698020935059 -0.23441429436206817627 -0.23505182564258575439 -0.27249035239219665527 -0.33488309383392333984 -0.3394552767276763916 -0.3110516667366027832 -0.29013672471046447754 -0.27087271213531494141 -0.25638544559478759766 -0.28913760185241699219 -0.32170897722244262695 -0.34634444117546081543 -0.36495664715766906738 -0.36655050516128540039 -0.36582255363464355469 -0.36390995979309082031 -0.32863622903823852539 -0.14768104255199432373 0.041633460670709609985 0.16735625267028808594 0.19819104671478271484 0.089619837701320648193 -0.027186982333660125732 -0.15805763006210327148 -0.19731834530830383301 -0.18867357075214385986 -0.18602827191352844238 -0.19650952517986297607 -0.1997019648551940918 -0.15424668788909912109 -0.081501133739948272705 -0.11333028972148895264 -0.22845287621021270752
-9999 -9999 -9999 0.27393397688865661621 0.18923224508762359619 -0.042135741561651229858 -0.1534045785665512085 -0.16651685535907745361 -0.19180414080619812012 -0.2371975630521774292 -0.27701494097709655762 -0.29371929168701171875 -0.27059200406074523926 -0.24943442642688751221 -0.21814765036106109619 -0.21755293011665344238 -0.26121929287910461426 -0.29445675015449523926 -0.32575303316116333008 -0.34252399206161499023 -0.34132504463195800781 -0.3340600132942199707 -0.32054808735847473145 -0.28863805532455444336 -0.11956290155649185181 0.095400467514991760254 0.22913525998592376709 0.21727426350116729736 0.061877563595771789551 0.0037905424833297729492 -0.08117284625768661499 -0.13349826633930206299 -0.14759063720703125 -0.17480005323886871338 -0.18648977577686309814 -0.1701565086841583252 -0.091606527566909790039 -0.025036491453647613525 -0.071452818810939788818 -0.13449738919734954834
-9999 -9999 0.16755130887031555176 0.22478669881820678711 0.21912026405334472656 -0.03491827845573425293 -0.12464890629053115845 -0.12094264477491378784 -0.15509356558322906494 -0.21621125936508178711 -0.24808798730373382568 -0.25977295637130737305 -0.225978851318359375 -0.20145280659198760986 -0.18492448329925537109 -0.21525971591472625732 -0.26357436180114746094 -0.2877388298511505127 -0.31025713682174682617 -0.31613767147064208984 -0.3106282353401184082 -0.30460497736930847168 -0.29390484094619750977 -0.263469696044921875 -0.090379036962985992432 0.12406098097562789917 0.26107859611511230469 0.26058378815650939941 0.16331218183040618896 0.096551835536956787109 -0.0058010239154100418091 -0.13504453003406524658 -0.160369873046875 -0.17070364952087402344 -0.17183598875999450684 -0.14631557464599609375 -0.05886389315128326416 0.015009249560534954071 -0.006714506540447473526 -0.037706304341554641724
-9999 -9999 0.12185340374708175659 0.093801878392696380615 0.093887515366077423096 -0.039652213454246520996 -0.071310088038444519043 -0.056956045329570770264 -0.12765578925609588623 -0.19017224013805389404 -0.21204824745655059814 -0.21909444034099578857 -0.15522678196430206299 -0.087091453373432159424 -0.13886022567749023438 -0.22691136598587036133 -0.27066814899444580078 -0.28399926424026489258 -0.28826695680618286133 -0.28764843940734863281 -0.27821388840675354004 -0.27218586206436157227 -0.2655868828296661377 -0.2353420555591583252 -0.034566208720207214355 0.16985881328582763672 0.2515869438648223877 0.30089598894119262695 0.19019806385040283203 0.037475209683179855347 -0.070115901529788970947 -0.14511662721633911133 -0.15755331516265869141 -0.15474624931812286377 -0.14732895791530609131 -0.12656626105308532715 -0.049876555800437927246 0.054350849241018295288 0.069128334522247314453 0.045939195901155471802
-9999 -9999 0.10694745928049087524 0.040006317198276519775 0.040896013379096984863 0.025228835642337799072 0.023654030635952949524 -0.015149946324527263641 -0.13465438783168792725 -0.16214451193809509277 -0.10587017983198165894 -0.092577107250690460205 -0.025279136374592781067 0.01386739686131477356 -0.1370808333158493042 -0.23111720383167266846 -0.26696187257766723633 -0.27569228410720825195 -0.27178144454956054688 -0.26619586348533630371 -0.25535303354263305664 -0.24238348007202148438 -0.23369587957859039307 -0.20291818678379058838 0.0019207580480724573135 0.15294511616230010986 0.1499144434928894043 0.26457077264785766602 0.13429483771324157715 -0.01581602729856967926 -0.10208778828382492065 -0.13974991440773010254 -0.14770007133483886719 -0.14187185466289520264 -0.12721808254718780518 -0.10722613334655761719 -0.047236021608114242554 0.066863656044006347656 0.12666346132755279541 0.13839124143123626709
-9999 -9999 0.1583118140697479248 0.078401133418083190918 0.07816324383020401001 0.090932972729206085205 0.11997409909963607788 0.056410942226648330688 -0.066252633929252624512 -0.029870336875319480896 0.042470816522836685181 0.065659955143928527832 0.050939563661813735962 -0.04959585145115852356 -0.16006062924861907959 -0.2173150479793548584 -0.2485732734203338623 -0.26335552334785461426 -0.26363623142242431641 -0.25604766607284545898 -0.24369661509990692139 -0.22025531530380249023 -0.1978559643030166626 -0.15507929027080535889 0.04636739194393157959 0.2010456770658493042 0.23089085519313812256 0.27961468696594238281 0.10060065984725952148 -0.027629449963569641113 -0.094870328903198242188 -0.13570109009742736816 -0.14416508376598358154 -0.13207571208477020264 -0.10957644134759902954 -0.08465074002742767334 -0.039842519909143447876 0.048836648464202880859 0.11751435697078704834 0.1734984666109085083
-9999 0.40020388364791870117 0.29373559355735778809 0.13858154416084289551 0.13038875162601470947 0.18403682112693786621 0.25999858975410461426 0.20894348621368408203 0.098573870956897735596 0.052071899175643920898 0.034263748675584793091 -0.0081037608906626701355 -0.072551853954792022705 -0.13095287978649139404 -0.17423863708972930908 -0.20892243087291717529 -0.23347227275371551514 -0.24711266160011291504 -0.24548551440238952637 -0.24088004231452941895 -0.22334307432174682617 -0.13583430647850036621 -0.025616934522986412048 0.10019624978303909302 0.30355077981948852539 0.36895042657852172852 0.27410525083541870117 0.15082792937755584717 0.016036918386816978455 -0.063126809895038604736 -0.094803720712661743164 -0.12115673720836639404 -0.12746071815490722656 -0.10892939567565917969 -0.083608798682689666748 -0.064482763409614562988 -0.038905248045921325684 0.0010025177616626024246 0.038674157112836837769 0.1146359369158744812
-9999 0.46739244461059570313 0.36377403140068054199 0.18227645754814147949 0.18701991438865661621 0.26262485980987548828 0.30945986509323120117 0.27292531728744506836 0.12827156484127044678 -0.059967681765556335449 -0.12942565977573394775 -0.14818535745143890381 -0.1612310260534286499 -0.16940003633499145508 -0.17613221704959869385 -0.18928255140781402588 -0.2026898115873336792 -0.20572048425674438477 -0.17817802727222442627 -0.16223490238189697266 -0.10361502319574356079 0.10419274121522903442 0.30205684900283813477 0.44137722253799438477 0.54447704553604125977 0.42987304925918579102 0.14282543957233428955 -0.039495207369327545166 -0.060224600136280059814 -0.096016936004161834717 -0.10703582316637039185 -0.10212109237909317017 -0.091720715165138244629 -0.068807527422904968262 -0.050680611282587051392 -0.049676731228828430176 -0.043805703520774841309 -0.023961246013641357422 -0.0039502703584730625153 0.07258243858814239502
0.50460731983184814453 0.39344793558120727539 0.26989942789077758789 0.20027492940425872803 0.23302231729030609131 0.29940205812454223633 0.29627624154090881348 0.20010840892791748047 0.016855245456099510193 -0.10226382315158843994 -0.13835589587688446045 -0.16723051667213439941 -0.16998998820781707764 -0.15974186360836029053 -0.14514516294002532959 -0.12326917052268981934 -0.078408613801002502441 0.0061456146650016307831 0.10721865296363830566 0.15923482179641723633 0.2710698246955871582 0.44494551420211791992 0.55434453487396240234 0.59351962804794311523 0.50400787591934204102 0.23884101212024688721 0.0027010242920368909836 -0.11763126403093338013 -0.12442529201507568359 -0.12236995995044708252 -0.11267372220754623413 -0.094389796257019042969 -0.071638375520706176758 -0.045532755553722381592 -0.037254322320222854614 -0.046370115131139755249 -0.053459119051694869995 -0.032820124179124832153 -0.0070713353343307971954 0.082630746066570281982
0.43372678756713867188 0.32868108153343200684 0.25823825597763061523 0.25902801752090454102 0.29934972524642944336 0.37120082974433898926 0.30829423666000366211 0.17101968824863433838 -0.012452318333089351654 -0.092453405261039733887 -0.12246035784482955933 -0.16625994443893432617 -0.1379467397928237915 -0.079621829092502593994 0.014652420766651630402 0.11244262754917144775 0.26819616556167602539 0.45434677600860595703 0.57822829484939575195 0.62767058610916137695 0.67035681009292602539 0.63653892278671264648 0.57223361730575561523 0.43228045105934143066 0.18419858813285827637 -0.0048732683062553405762 -0.087305553257465362549 -0.12510089576244354248 -0.13150002062320709229 -0.12128520011901855469 -0.10145025700330734253 -0.077794864773750305176 -0.057441331446170806885 -0.041350718587636947632 -0.039371505379676818848 -0.042835127562284469604 -0.048915494233369827271 -0.034804094582796096802 -0.002166124759241938591 0.12306661903858184814
0.31649178266525268555 0.3071333467960357666 0.31205758452415466309 0.34199318289756774902 0.41892078518867492676 0.4880695044994354248 0.33179739117622375488 0.15015232563018798828 -0.058088384568691253662 -0.13130496442317962646 -0.15841445326805114746 -0.17285889387130737305 -0.10283475369215011597 0.038269750773906707764 0.26191595196723937988 0.44739097356796264648 0.61344498395919799805 0.79500913619995117188 0.86710762977600097656 0.87634712457656860352 0.80314487218856811523 0.62765151262283325195 0.45712527632713317871 0.21426261961460113525 -0.019912425428628921509 -0.065448574721813201904 -0.085692681372165679932 -0.068507790565490722656 -0.058264419436454772949 -0.070986568927764892578 -0.06702814251184463501 -0.048163775354623794556 -0.042411692440509796143 -0.043972223997116088867 -0.041070014238357543945 -0.033352989703416824341 -0.035113345831632614136 -0.028000552207231521606 0.020632876083254814148 0.17820860445499420166
