INPUT/RASTER/ASCII/BIO19.asc
ncols        113
nrows        135
xllcorner    473009.983799999987
yllcorner    4429001.174800000153
cellsize     100.000000000000
NODATA_value  -9999
[rows 90 to 107 of 135, columns 40 to 79 of 113]
-0.63463777303695678711 -0.65251672267913818359 -0.60285228490829467773 -0.49196189641952514648 -0.43140521645545959473 -0.34118902683258056641 -0.26551473140716552734 -0.2823778986930847168 -0.39673370122909545898 -0.41618674993515014648 -0.31453835964202880859 -0.23765668272972106934 -0.32386839389801025391 -0.54593610763549804688 -0.81080991029739379883 -1.0495564937591552734 -1.1046071052551269531 -0.93370550870895385742 -0.80032110214233398438 -0.84226721525192260742 -0.97011798620223999023 -0.96858143806457519531 -0.88306188583374023438 -0.6820424199104309082 -0.42282968759536743164 -0.30037418007850646973 -0.37679475545883178711 -0.61920660734176635742 -0.87534999847412109375 -1.0375623703002929688 -1.1339668035507202148 -1.1453146934509277344 -1.0499681234359741211 -0.88410699367523193359 -0.76467043161392211914 -0.73128515481948852539 -0.76684230566024780273 -0.71860522031784057617 -0.65311539173126220703 -0.68187463283538818359
-0.62213754653930664063 -0.66284149885177612305 -0.6400935053825378418 -0.51002877950668334961 -0.41946879029273986816 -0.32864663004875183105 -0.30702540278434753418 -0.39414930343627929688 -0.55136436223983764648 -0.62180477380752563477 -0.57475495338439941406 -0.54430425167083740234 -0.66442012786865234375 -0.80411469936370849609 -0.94245517253875732422 -1.1160236597061157227 -1.1973288059234619141 -1.0638582706451416016 -0.89046299457550048828 -0.86957705020904541016 -1.0173593759536743164 -1.1106394529342651367 -1.0707138776779174805 -0.91236388683319091797 -0.69129085540771484375 -0.55881041288375854492 -0.53258693218231201172 -0.63969475030899047852 -0.89200961589813232422 -1.1060491800308227539 -1.1864806413650512695 -1.1453531980514526367 -1.0049993991851806641 -0.74454724788665771484 -0.49077466130256652832 -0.44354331493377685547 -0.57121711969375610352 -0.61403512954711914063 -0.6106815338134765625 -0.69506245851516723633
-0.62272429466247558594 -0.67612737417221069336 -0.65689432621002197266 -0.49979481101036071777 -0.39322701096534729004 -0.33146661520004272461 -0.37879699468612670898 -0.4916006922721862793 -0.64587563276290893555 -0.751285552978515625 -0.73423808813095092773 -0.73302614688873291016 -0.87757867574691772461 -0.99627172946929931641 -1.0606688261032104492 -1.1773486137390136719 -1.2616341114044189453 -1.1452082395553588867 -0.93193978071212768555 -0.87874019145965576172 -0.999011993408203125 -1.1236823797225952148 -1.1463891267776489258 -1.0647575855255126953 -0.91073936223983764648 -0.82110899686813354492 -0.78842592239379882813 -0.80457031726837158203 -0.97044068574905395508 -1.1544274091720581055 -1.1499077081680297852 -1.0370627641677856445 -0.92624020576477050781 -0.69348740577697753906 -0.42078804969787597656 -0.34066370129585266113 -0.42929479479789733887 -0.50512129068374633789 -0.57262253761291503906 -0.707805633544921875
-0.66125547885894775391 -0.68084329366683959961 -0.62066155672073364258 -0.45545038580894470215 -0.37024164199829101563 -0.36140024662017822266 -0.46653512120246887207 -0.59305286407470703125 -0.73471480607986450195 -0.84982973337173461914 -0.84867638349533081055 -0.8475157618522644043 -0.96323847770690917969 -1.0667662620544433594 -1.134096980094909668 -1.2365053892135620117 -1.3009115457534790039 -1.2094935178756713867 -1.0020978450775146484 -0.90437048673629760742 -0.97722661495208740234 -1.13480377197265625 -1.2196137905120849609 -1.2047666311264038086 -1.1242480278015136719 -1.0911561250686645508 -1.0915044546127319336 -1.0867528915405273438 -1.1452660560607910156 -1.187315821647644043 -1.0764309167861938477 -0.89069771766662597656 -0.79425573348999023438 -0.64163643121719360352 -0.42640328407287597656 -0.34752303361892700195 -0.38336712121963500977 -0.46014153957366943359 -0.57241535186767578125 -0.72469079494476318359
-0.65657806396484375 -0.58073049783706665039 -0.48881551623344421387 -0.40801551938056945801 -0.38976618647575378418 -0.46569812297821044922 -0.60018080472946166992 -0.68511450290679931641 -0.75342530012130737305 -0.85095918178558349609 -0.93614226579666137695 -0.95649468898773193359 -1.0037810802459716797 -1.0190297365188598633 -1.0414146184921264648 -1.1725107431411743164 -1.2831069231033325195 -1.2911864519119262695 -1.1382472515106201172 -0.97049289941787719727 -0.94129639863967895508 -1.1420977115631103516 -1.3036142587661743164 -1.3588068485260009766 -1.3322854042053222656 -1.3303153514862060547 -1.3484656810760498047 -1.3341263532638549805 -1.2724924087524414063 -1.1874294281005859375 -0.98094689846038818359 -0.72689658403396606445 -0.59162819385528564453 -0.51743447780609130859 -0.41747480630874633789 -0.37815523147583007813 -0.39657324552536010742 -0.4519748985767364502 -0.56100791692733764648 -0.71309453248977661133
-0.5463275909423828125 -0.45868477225303649902 -0.40979865193367004395 -0.38354313373565673828 -0.38707363605499267578 -0.49492216110229492188 -0.60915052890777587891 -0.6220715641975402832 -0.63408499956130981445 -0.75386536121368408203 -0.90578782558441162109 -1.0283607244491577148 -1.0870856046676635742 -1.048009037971496582 -0.97427737712860107422 -1.0636602640151977539 -1.1956648826599121094 -1.327771306037902832 -1.2563976049423217773 -1.0547252893447875977 -0.90652126073837280273 -1.1038002967834472656 -1.3241161108016967773 -1.4306627511978149414 -1.4352604150772094727 -1.4396718740463256836 -1.4563773870468139648 -1.4325861930847167969 -1.3316739797592163086 -1.1889119148254394531 -0.92159581184387207031 -0.63994044065475463867 -0.48125669360160827637 -0.43900620937347412109 -0.41009935736656188965 -0.39635232090950012207 -0.40616640448570251465 -0.44484788179397583008 -0.54565280675888061523 -0.69699591398239135742
-0.45476007461547851563 -0.42931678891181945801 -0.40008816123008728027 -0.36752980947494506836 -0.36464381217956542969 -0.45738938450813293457 -0.54099470376968383789 -0.53597259521484375 -0.57484114170074462891 -0.74304461479187011719 -0.90190804004669189453 -1.0648685693740844727 -1.1815483570098876953 -1.1472526788711547852 -1.064623713493347168 -1.100142359733581543 -1.1680588722229003906 -1.3314502239227294922 -1.348769068717956543 -1.1728142499923706055 -0.96372437477111816406 -1.0701638460159301758 -1.3005650043487548828 -1.446552276611328125 -1.4735256433486938477 -1.4507576227188110352 -1.4000957012176513672 -1.3495473861694335938 -1.294817805290222168 -1.1678498983383178711 -0.92670041322708129883 -0.67567175626754760742 -0.50953280925750732422 -0.44773849844932556152 -0.42817175388336181641 -0.42126569151878356934 -0.43163257837295532227 -0.46402591466903686523 -0.56691652536392211914 -0.70098114013671875
-0.44443717598915100098 -0.47205960750579833984 -0.45999670028686523438 -0.39567205309867858887 -0.36349600553512573242 -0.41388472914695739746 -0.49595353007316589355 -0.52755022048950195313 -0.66168451309204101563 -0.89692264795303344727 -1.0716288089752197266 -1.2127599716186523438 -1.2328675985336303711 -1.1862119436264038086 -1.2296588420867919922 -1.3062032461166381836 -1.3285742998123168945 -1.3867831230163574219 -1.4278812408447265625 -1.3430254459381103516 -1.1651334762573242188 -1.1463111639022827148 -1.3130248785018920898 -1.4743471145629882813 -1.4809120893478393555 -1.3865457773208618164 -1.252780914306640625 -1.1963083744049072266 -1.2011380195617675781 -1.1115067005157470703 -0.92428469657897949219 -0.71598511934280395508 -0.55108654499053955078 -0.47535267472267150879 -0.45697775483131408691 -0.45303285121917724609 -0.46728229522705078125 -0.50195014476776123047 -0.59767711162567138672 -0.70619851350784301758
-0.55361866950988769531 -0.58537393808364868164 -0.50548797845840454102 -0.40751680731773376465 -0.38066446781158447266 -0.43392542004585266113 -0.49498724937438964844 -0.54499459266662597656 -0.74389082193374633789 -1.0386524200439453125 -1.2655451297760009766 -1.3561197519302368164 -1.2449680566787719727 -1.2403677701950073242 -1.3337458372116088867 -1.3279142379760742188 -1.2653342485427856445 -1.4012076854705810547 -1.4272854328155517578 -1.4340493679046630859 -1.3732140064239501953 -1.2957556247711181641 -1.3786981105804443359 -1.5289603471755981445 -1.4866410493850708008 -1.3251538276672363281 -1.1668460369110107422 -1.0823807716369628906 -1.035946965217590332 -0.93709385395050048828 -0.81368678808212280273 -0.68755590915679931641 -0.56528651714324951172 -0.50280368328094482422 -0.48877242207527160645 -0.48709198832511901855 -0.50660556554794311523 -0.54591959714889526367 -0.61613452434539794922 -0.70373058319091796875
-0.75189149379730224609 -0.67708814144134521484 -0.50112503767013549805 -0.42178273200988769531 -0.42649954557418823242 -0.48592400550842285156 -0.55979132652282714844 -0.64140266180038452148 -0.849475860595703125 -1.0962918996810913086 -1.3114846944808959961 -1.3810725212097167969 -1.2809139490127563477 -1.300830841064453125 -1.3673310279846191406 -1.1576159000396728516 -0.92983669042587280273 -1.3376431465148925781 -1.3475699424743652344 -1.4081394672393798828 -1.5004935264587402344 -1.4832270145416259766 -1.4874093532562255859 -1.582607269287109375 -1.5089572668075561523 -1.3305829763412475586 -1.1034656763076782227 -0.89568316936492919922 -0.78891366720199584961 -0.71937716007232666016 -0.66683036088943481445 -0.63209646940231323242 -0.5830700993537902832 -0.54891198873519897461 -0.53818756341934204102 -0.53864777088165283203 -0.55798619985580444336 -0.5888760685920715332 -0.63562148809432983398 -0.70752876996994018555
-0.89316475391387939453 -0.66427987813949584961 -0.48254385590553283691 -0.52665907144546508789 -0.56177705526351928711 -0.56600981950759887695 -0.70761126279830932617 -0.90719139575958251953 -1.087483525276184082 -1.2378814220428466797 -1.3610391616821289063 -1.1719964742660522461 -0.91167354583740234375 -0.92528122663497924805 -1.0482290983200073242 -0.92811954021453857422 -0.90384519100189208984 -1.2828180789947509766 -1.2700932025909423828 -1.1918832063674926758 -1.2805408239364624023 -1.621020197868347168 -1.6023931503295898438 -1.5945647954940795898 -1.4915688037872314453 -1.33769989013671875 -1.0741609334945678711 -0.78200119733810424805 -0.6332461237907409668 -0.59062433242797851563 -0.60944020748138427734 -0.62942409515380859375 -0.61955410242080688477 -0.60458225011825561523 -0.59376978874206542969 -0.59150993824005126953 -0.60663580894470214844 -0.63056182861328125 -0.65756267309188842773 -0.70441812276840209961
-0.97864121198654174805 -0.70135337114334106445 -0.57074129581451416016 -0.66957426071166992188 -0.74691343307495117188 -0.73663818836212158203 -0.81175601482391357422 -1.0255094766616821289 -1.2683229446411132813 -1.4076938629150390625 -1.4359415769577026367 -1.0873734951019287109 -0.83460664749145507813 -0.82911336421966552734 -0.81032675504684448242 -0.82412517070770263672 -0.83331584930419921875 -0.99467563629150390625 -1.0274522304534912109 -0.9239876866340637207 -0.93942523002624511719 -1.4681781530380249023 -1.6209496259689331055 -1.5931905508041381836 -1.5024838447570800781 -1.3798606395721435547 -1.1428668498992919922 -0.86965405941009521484 -0.67781239748001098633 -0.60495263338088989258 -0.64136970043182373047 -0.66865199804306030273 -0.65904784202575683594 -0.63994044065475463867 -0.62647116184234619141 -0.62224847078323364258 -0.63893562555313110352 -0.65990960597991943359 -0.67369699478149414063 -0.70055395364761352539
-1.079334259033203125 -0.82394456863403320313 -0.73250722885131835938 -0.78204703330993652344 -0.87758785486221313477 -0.92597520351409912109 -0.96798646450042724609 -1.1234055757522583008 -1.3638894557952880859 -1.4879171848297119141 -1.2897571325302124023 -0.9169330596923828125 -0.88953155279159545898 -0.884922027587890625 -0.8854198455810546875 -0.9290243983268737793 -0.8895829319953918457 -0.83074522018432617188 -0.81975030899047851563 -0.84512758255004882813 -0.89206737279891967773 -1.0144394636154174805 -1.3351128101348876953 -1.5503587722778320313 -1.5297451019287109375 -1.4098786115646362305 -1.184635162353515625 -0.91001874208450317383 -0.69195550680160522461 -0.65182363986968994141 -0.70062452554702758789 -0.71381783485412597656 -0.6979649662971496582 -0.67316436767578125 -0.65674859285354614258 -0.65500581264495849609 -0.67168378829956054688 -0.68692606687545776367 -0.69405031204223632813 -0.70869123935699462891
-1.2543925046920776367 -1.1041734218597412109 -0.99066931009292602539 -0.96670299768447875977 -0.98087537288665771484 -1.0029009580612182617 -1.0535857677459716797 -1.1906784772872924805 -1.3811697959899902344 -1.4641727209091186523 -1.1203141212463378906 -0.89872223138809204102 -0.93509346246719360352 -0.94361031055450439453 -0.955554962158203125 -0.99847471714019775391 -0.98534101247787475586 -0.96555882692337036133 -0.93404012918472290039 -0.90205657482147216797 -0.9067605137825012207 -0.83940780162811279297 -0.85132771730422973633 -1.1801410913467407227 -1.476643681526184082 -1.3695844411849975586 -1.1560289859771728516 -0.90822738409042358398 -0.71819543838500976563 -0.71507567167282104492 -0.75580525398254394531 -0.75587952136993408203 -0.73859184980392456055 -0.7100397944450378418 -0.6862201690673828125 -0.68150061368942260742 -0.69445556402206420898 -0.70509016513824462891 -0.70957225561141967773 -0.71430283784866333008
-1.3895792961120605469 -1.3202720880508422852 -1.1910204887390136719 -1.1265363693237304688 -1.0382159948348999023 -0.95080423355102539063 -0.99161541461944580078 -1.0926138162612915039 -1.2513058185577392578 -1.379497528076171875 -1.3833196163177490234 -1.1723008155822753906 -0.92607975006103515625 -0.98799049854278564453 -1.0323835611343383789 -0.9742342829704284668 -0.90287798643112182617 -0.86450636386871337891 -0.8240674138069152832 -0.87018942832946777344 -1.1512526273727416992 -1.1552029848098754883 -1.1235136985778808594 -1.0044237375259399414 -1.2574408054351806641 -1.3527405261993408203 -1.153733372688293457 -0.93783646821975708008 -0.77172136306762695313 -0.76324856281280517578 -0.79016321897506713867 -0.78929227590560913086 -0.77323770523071289063 -0.74315649271011352539 -0.71490144729614257813 -0.70445662736892700195 -0.71073198318481445313 -0.71574121713638305664 -0.716999053955078125 -0.71723830699920654297
-1.5094963312149047852 -1.4281976222991943359 -1.3226830959320068359 -1.2596732378005981445 -1.1225190162658691406 -0.95500856637954711914 -0.9635722041130065918 -1.0326824188232421875 -1.1551342010498046875 -1.3012131452560424805 -1.4276310205459594727 -1.2024618387222290039 -0.91475665569305419922 -1.0020034313201904297 -1.0650748014450073242 -0.89168328046798706055 -0.89490848779678344727 -0.9655717015266418457 -1.1092542409896850586 -1.1569219827651977539 -1.1324082612991333008 -1.0305674076080322266 -1.0439201593399047852 -1.07694244384765625 -1.0431015491485595703 -1.2807654142379760742 -1.1778417825698852539 -0.99703812599182128906 -0.85254520177841186523 -0.81454026699066162109 -0.82207983732223510742 -0.82196801900863647461 -0.80809903144836425781 -0.77739715576171875 -0.74712061882019042969 -0.73259615898132324219 -0.73539966344833374023 -0.73600381612777709961 -0.72744017839431762695 -0.71757292747497558594
-1.5638701915740966797 -1.5484766960144042969 -1.511954188346862793 -1.4640196561813354492 -1.3506612777709960938 -1.1456290483474731445 -1.0508656501770019531 -1.1162271499633789063 -1.2304390668869018555 -1.3469583988189697266 -1.416155695915222168 -1.3191893100738525391 -1.0460370779037475586 -1.0005539655685424805 -1.0879611968994140625 -0.90121954679489135742 -1.0432831048965454102 -1.2907619476318359375 -1.2653911113739013672 -1.1957803964614868164 -1.0737154483795166016 -0.96600711345672607422 -0.92511254549026489258 -0.96012419462203979492 -1.080714106559753418 -1.1698026657104492188 -1.1426743268966674805 -0.9922415614128112793 -0.88868081569671630859 -0.86373811960220336914 -0.8655872344970703125 -0.86465215682983398438 -0.8446820378303527832 -0.80876368284225463867 -0.77425992488861083984 -0.75909829139709472656 -0.7620182037353515625 -0.75590789318084716797 -0.73661255836486816406 -0.71550655364990234375
-1.1272294521331787109 -1.2407234907150268555 -1.3321928977966308594 -1.5434252023696899414 -1.5142296552658081055 -1.2784982919692993164 -1.0965247154235839844 -1.1178728342056274414 -1.2174923419952392578 -1.3387459516525268555 -1.3875954151153564453 -1.3538700342178344727 -1.0781673192977905273 -0.98589932918548583984 -1.1371957063674926758 -1.0010774135589599609 -0.91920757293701171875 -1.1534235477447509766 -1.2462085485458374023 -1.1779271364212036133 -1.0843747854232788086 -0.98379808664321899414 -0.94641196727752685547 -0.92045074701309204102 -0.95740962028503417969 -1.0091643333435058594 -1.0224447250366210938 -0.94098466634750366211 -0.8929538726806640625 -0.89608287811279296875 -0.90899747610092163086 -0.91370236873626708984 -0.87961024045944213867 -0.83067184686660766602 -0.79471409320831298828 -0.78191864490509033203 -0.78206533193588256836 -0.76595300436019897461 -0.74204349517822265625 -0.73283362388610839844
