INPUT/RASTER/ASCII/BIO16.asc
ncols        113
nrows        135
xllcorner    473009.983799999987
yllcorner    4429001.174800000153
cellsize     100.000000000000
NODATA_value  -9999
[rows 54 to 71 of 135, columns 40 to 79 of 113]
0.87456685304641723633 0.92429178953170776367 0.97723841667175292969 1.0336316823959350586 1.0218193531036376953 1.0480408668518066406 1.0755598545074462891 1.0069180727005004883 0.90349102020263671875 0.86658751964569091797 0.83188891410827636719 0.80461400747299194336 0.79752469062805175781 0.7996680140495300293 0.78179490566253662109 0.74202531576156616211 0.68431341648101806641 0.61641740798950195313 0.53882163763046264648 0.50890749692916870117 0.55493402481079101563 0.57477748394012451172 0.55359995365142822266 0.53401988744735717773 0.5242932438850402832 -9999 -9999 -9999 -9999 -9999 -9999 -9999 -9999 -9999 0.55581438541412353516 0.56370526552200317383 0.50705444812774658203 0.43164047598838806152 0.38794758915901184082 0.3473034203052520752
0.86209714412689208984 0.89505618810653686523 0.92680990695953369141 0.96374607086181640625 0.96927255392074584961 0.98213630914688110352 0.99694347381591796875 0.96929562091827392578 0.8975474238395690918 0.87111443281173706055 0.84365117549896240234 0.82392495870590209961 0.81707793474197387695 0.80248987674713134766 0.77819836139678955078 0.7473557591438293457 0.72060179710388183594 0.67216670513153076172 0.55116641521453857422 0.47714415192604064941 0.51783639192581176758 0.54524582624435424805 0.52427017688751220703 0.5091304779052734375 0.50725054740905761719 -9999 -9999 -9999 -9999 -9999 -9999 -9999 -9999 -9999 0.55493015050888061523 0.54640686511993408203 0.48883146047592163086 0.39273786544799804688 0.35117098689079284668 0.33071818947792053223
0.8476975560188293457 0.87087035179138183594 0.88588893413543701172 0.91409224271774291992 0.92701941728591918945 0.92625248432159423828 0.94207650423049926758 0.93920844793319702148 0.89076763391494750977 0.87318664789199829102 0.86014801263809204102 0.83790171146392822266 0.82919967174530029297 0.81291240453720092773 0.78701764345169067383 0.74985080957412719727 0.71401995420455932617 0.67230510711669921875 0.55321937799453735352 0.45311400294303894043 0.48706105351448059082 0.51054334640502929688 0.48288783431053161621 0.45563024282455444336 0.45596665143966674805 -9999 -9999 -9999 -9999 -9999 -9999 -9999 -9999 -9999 0.53737038373947143555 0.53213411569595336914 0.48085987567901611328 0.3736959993839263916 0.32130488753318786621 0.30740696191787719727
0.83014351129531860352 0.84195190668106079102 0.85292220115661621094 0.89110016822814941406 0.91458433866500854492 0.91413265466690063477 0.91572040319442749023 0.8998387455940246582 0.86694508790969848633 0.86507856845855712891 0.86751019954681396484 0.83519899845123291016 0.81862342357635498047 0.82337331771850585938 0.80935233831405639648 0.76144778728485107422 0.71018123626708984375 0.6609560847282409668 0.54218369722366333008 0.4346142113208770752 0.4428856968879699707 0.45472294092178344727 0.41183739900588989258 0.3802604973316192627 0.3790244758129119873 -9999 -9999 -9999 -9999 -9999 -9999 -9999 -9999 -9999 0.50641626119613647461 0.50336951017379760742 0.4671561121940612793 0.36054968833923339844 0.28619679808616638184 0.26258572936058044434
0.78870922327041625977 0.79063725471496582031 0.82182204723358154297 0.86761212348937988281 0.88170033693313598633 0.879268646240234375 0.86833298206329345703 0.83746534585952758789 0.81029236316680908203 0.81170713901519775391 0.83018964529037475586 0.8023726344108581543 0.78964924812316894531 0.82306188344955444336 0.83174085617065429688 0.78386706113815307617 0.71885061264038085938 0.65653491020202636719 0.54334861040115356445 0.43245169520378112793 0.40477696061134338379 0.39862766861915588379 0.36872312426567077637 0.35645335912704467773 0.35630342364311218262 -9999 -9999 -9999 -9999 -9999 -9999 -9999 0.46269071102142333984 0.46793076395988464355 0.46492242813110351563 0.48282247781753540039 0.4540328681468963623 0.34675940871238708496 0.27341762185096740723 0.23989540338516235352
0.72595143318176269531 0.73885744810104370117 0.78707343339920043945 0.82305806875228881836 0.82960140705108642578 0.82785409688949584961 0.80873340368270874023 0.7790095210075378418 0.75806462764739990234 0.76132285594940185547 0.79349756240844726563 0.77352339029312133789 0.768596649169921875 0.81480193138122558594 0.84418940544128417969 0.79947388172149658203 0.72041147947311401367 0.65569871664047241211 0.55948400497436523438 0.45170307159423828125 0.39387008547782897949 0.37047812342643737793 0.35982498526573181152 0.3581276237964630127 0.35785081982612609863 -9999 -9999 -9999 -9999 -9999 -9999 0.3813196718692779541 0.42613130807876586914 0.45882505178451538086 0.47031629085540771484 0.47192138433456420898 0.43211913108825683594 0.32868441939353942871 0.27242189645767211914 0.23132406175136566162
0.67209553718566894531 0.70185399055480957031 0.76540189981460571289 0.79887795448303222656 0.81173402070999145508 0.81363129615783691406 0.7861410975456237793 0.79962956905364990234 0.80310118198394775391 0.7998294830322265625 0.80923897027969360352 0.77907103300094604492 0.75568872690200805664 0.778186798095703125 0.80115777254104614258 0.77337729930877685547 0.69552785158157348633 0.63846760988235473633 0.5741431117057800293 0.47457024455070495605 0.40562850236892700195 0.37029358744621276855 0.36545142531394958496 0.37530300021171569824 -9999 -9999 -9999 -9999 -9999 -9999 -9999 0.32555115222930908203 0.36047855019569396973 0.43815118074417114258 0.48426035046577453613 0.47460290789604187012 0.41446512937545776367 0.31695291399955749512 0.26778733730316162109 0.21772409975528717041
0.74657338857650756836 0.77732563018798828125 0.84324944019317626953 0.86379832029342651367 0.88519692420959472656 0.88039124011993408203 0.82212960720062255859 0.8325347900390625 0.83404564857482910156 0.81986904144287109375 0.79471439123153686523 0.75876623392105102539 0.74213683605194091797 0.74898773431777954102 0.76417934894561767578 0.73846912384033203125 0.64289647340774536133 0.57742637395858764648 0.52996772527694702148 0.45976117253303527832 0.4049364924430847168 0.36992067098617553711 0.37772503495216369629 0.41634318232536315918 0.45274108648300170898 0.45506703853607177734 -9999 -9999 -9999 -9999 -9999 0.29751119017601013184 0.31029996275901794434 0.38318616151809692383 0.47575819492340087891 0.46966463327407836914 0.38726520538330078125 0.3020515739917755127 0.26094603538513183594 0.21730120480060577393
0.81361013650894165039 0.83628314733505249023 0.84782826900482177734 0.84894698858261108398 0.84638267755508422852 0.8301588892936706543 0.79375326633453369141 0.7874463200569152832 0.77632027864456176758 0.76408898830413818359 0.72809088230133056641 0.69537794589996337891 0.68826746940612792969 0.69734442234039306641 0.73475921154022216797 0.73684674501419067383 0.63905197381973266602 0.56038552522659301758 0.48884493112564086914 0.42170435190200805664 0.37857082486152648926 0.36028057336807250977 0.4008305668830871582 0.44610163569450378418 0.47300553321838378906 0.48345106840133666992 0.49227422475814819336 -9999 -9999 -9999 -9999 -9999 0.28544712066650390625 0.32532048225402832031 0.42896085977554321289 0.45223939418792724609 0.36054584383964538574 0.28241765499114990234 0.25026983022689819336 0.21836997568607330322
0.80300503969192504883 0.81998819112777709961 0.81602066755294799805 0.80639016628265380859 0.79388201236724853516 0.77487283945083618164 0.75218635797500610352 0.73879784345626831055 0.71056181192398071289 0.69220811128616333008 0.66094070672988891602 0.63149940967559814453 0.61929690837860107422 0.62189388275146484375 0.64501482248306274414 0.64241594076156616211 0.59361559152603149414 0.55379217863082885742 0.50862878561019897461 0.42375347018241882324 0.38515457510948181152 0.41763108968734741211 0.47231352329254150391 0.49615335464477539063 0.50325608253479003906 0.50037461519241333008 0.47669434547424316406 0.38265562057495117188 -9999 -9999 -9999 -9999 0.22255857288837432861 0.25844901800155639648 0.36163958907127380371 0.41111657023429870605 0.33922415971755981445 0.25753980875015258789 0.22882321476936340332 0.20802824199199676514
0.76792389154434204102 0.77637219429016113281 0.767608642578125 0.75717461109161376953 0.74887430667877197266 0.73305606842041015625 0.70551973581314086914 0.68424612283706665039 0.65238666534423828125 0.62047719955444335938 0.59919780492782592773 0.57893532514572143555 0.5656909942626953125 0.55289256572723388672 0.5464242100715637207 0.52156174182891845703 0.50261211395263671875 0.49357175827026367188 0.46702155470848083496 0.40511718392372131348 0.41585299372673034668 0.51659846305847167969 0.57680159807205200195 0.56625229120254516602 0.53297990560531616211 0.47151771187782287598 0.40308153629302978516 0.30534824728965759277 0.26639372110366821289 -9999 -9999 -9999 0.20370316505432128906 0.22346587479114532471 0.30512332916259765625 0.36342537403106689453 0.31301805377006530762 0.22639732062816619873 0.20632703602313995361 0.19455514848232269287
0.73667567968368530273 0.73450350761413574219 0.72809088230133056641 0.72405415773391723633 0.71819317340850830078 0.70391660928726196289 0.67578244209289550781 0.65216749906539916992 0.62598830461502075195 0.59042078256607055664 0.56238275766372680664 0.53345280885696411133 0.52583682537078857422 0.50573962926864624023 0.48029473423957824707 0.45486328005790710449 0.44086924195289611816 0.43650379776954650879 0.40013086795806884766 0.37879765033721923828 0.4474010765552520752 0.56884348392486572266 0.60789990425109863281 0.5958569645881652832 0.55778855085372924805 0.45105719566345214844 0.36020559072494506836 0.28916475176811218262 0.26376020908355712891 -9999 -9999 -9999 0.20487189292907714844 0.21171705424785614014 0.25241506099700927734 0.30328950285911560059 0.26388707756996154785 0.18778303265571594238 0.17697802186012268066 0.17139387130737304688
0.71160948276519775391 0.70603299140930175781 0.701450347900390625 0.69715601205825805664 0.69136041402816772461 0.67889457941055297852 0.65451461076736450195 0.62558078765869140625 0.59695070981979370117 0.55798077583312988281 0.51343637704849243164 0.48231500387191772461 0.46848437190055847168 0.44870626926422119141 0.42339402437210083008 0.40634360909461975098 0.39237648248672485352 0.36960351467132568359 0.33307293057441711426 0.3749319911003112793 0.46695235371589660645 0.57023131847381591797 0.57554447650909423828 0.54421937465667724609 0.49647051095962524414 0.41696405410766601563 0.35644373297691345215 0.3102442324161529541 0.29076409339904785156 -9999 -9999 -9999 0.20328795909881591797 0.20669803023338317871 0.23159702122211456299 0.27575701475143432617 0.21000239253044128418 0.14922448992729187012 0.12327979505062103271 0.11423941701650619507
0.67576706409454345703 0.67855817079544067383 0.6766147613525390625 0.67216473817825317383 0.66440653800964355469 0.65221941471099853516 0.62995201349258422852 0.59899216890335083008 0.55844599008560180664 0.51714819669723510742 0.46397092938423156738 0.43800508975982666016 0.41860759258270263672 0.3982951045036315918 0.37925323843955993652 0.36415582895278930664 0.33786320686340332031 0.29420492053031921387 0.29094478487968444824 0.37505117058753967285 0.45988613367080688477 0.53908884525299072266 0.52857601642608642578 0.47178298234939575195 0.41356936097145080566 0.36628183722496032715 0.33313444256782531738 0.31306993961334228516 0.30821433663368225098 -9999 -9999 -9999 -9999 -9999 -9999 -9999 0.19963182508945465088 0.15609271824359893799 0.093602076172828674316 0.063215047121047973633
0.6410376429557800293 0.65581786632537841797 0.66113674640655517578 0.65714424848556518555 0.64700239896774291992 0.63330441713333129883 0.60711944103240966797 0.56771701574325561523 0.52053910493850708008 0.47588315606117248535 0.44025796651840209961 0.41396340727806091309 0.38325729966163635254 0.35511162877082824707 0.33429166674613952637 0.31682604551315307617 0.28462630510330200195 0.25844326615333557129 0.29761114716529846191 0.3872267603874206543 0.45690277218818664551 0.51110851764678955078 0.49415996670722961426 0.43872401118278503418 0.37483781576156616211 0.34128865599632263184 0.32634890079498291016 0.31234911084175109863 -9999 -9999 -9999 -9999 -9999 -9999 -9999 -9999 0.20033152401447296143 0.16132317483425140381 0.084757775068283081055 0.032585810869932174683
0.61645197868347167969 0.63355624675750732422 0.63585138320922851563 0.63081127405166625977 0.62050604820251464844 0.60434371232986450195 0.57119441032409667969 0.52296113967895507813 0.47650787234306335449 0.44051748514175415039 0.42300379276275634766 0.39519643783569335938 0.3549270927906036377 0.31915387511253356934 0.28362482786178588867 0.26165151596069335938 0.24764017760753631592 0.25780123472213745117 0.32281771302223205566 0.41749075055122375488 0.47275564074516296387 0.48065611720085144043 0.44075006246566772461 0.39415264129638671875 0.3412386775016784668 0.31706631183624267578 0.3116359412670135498 -9999 -9999 -9999 -9999 -9999 -9999 -9999 -9999 -9999 0.16970421373844146729 0.14774435758590698242 0.093307971954345703125 0.017044365406036376953
0.56811493635177612305 0.58702611923217773438 0.58206862211227416992 0.57226121425628662109 0.56278449296951293945 0.55004954338073730469 0.51911276578903198242 0.47796687483787536621 0.42726543545722961426 0.39193627238273620605 0.38670775294303894043 0.36983418464660644531 0.33720001578330993652 0.29883563518524169922 0.24527002871036529541 0.20952567458152770996 0.23143747448921203613 0.26796802878379821777 0.33258467912673950195 0.43412980437278747559 0.47634640336036682129 0.44705122709274291992 0.38383972644805908203 0.34854903817176818848 0.32048022747039794922 0.30906397104263305664 0.30507719516754150391 0.27019977569580078125 0.266139984130859375 0.2583548426628112793 0.2440916895866394043 0.23180270195007324219 0.221582069993019104 0.21733003854751586914 -9999 -9999 0.16282445192337036133 0.14644490182399749756 0.11392416805028915405 0.015537316910922527313
0.52467000484466552734 0.54506129026412963867 0.53712815046310424805 0.52152132987976074219 0.50678724050521850586 0.49452134966850280762 0.4789626002311706543 0.44700509309768676758 0.39970603585243225098 0.37019556760787963867 0.36113211512565612793 0.33517590165138244629 0.30097511410713195801 0.25657674670219421387 0.20945839583873748779 0.18053035438060760498 0.22288151085376739502 0.26790076494216918945 0.3335246741771697998 0.42297303676605224609 0.44983658194541931152 0.41288888454437255859 0.35736066102981567383 0.33165046572685241699 0.31348514556884765625 0.30907741189002990723 -9999 0.2675336003303527832 0.26243194937705993652 0.2534319460391998291 0.23707929253578186035 0.22344280779361724854 0.21421021223068237305 0.20832619071006774902 -9999 -9999 -9999 0.15257690846920013428 0.12585176527500152588 0.016673369333148002625
