INPUT/RASTER/ASCII/BIO12.asc
ncols        113
nrows        135
xllcorner    473009.983799999987
yllcorner    4429001.174800000153
cellsize     100.000000000000
NODATA_value  -9999
[rows 0 to 17 of 135, columns 0 to 39 of 113]
-9999.0 -9999 -9999 -9999 -9999 -9999 -9999 -9999 -9999 -9999 -9999 -9999 -9999 -9999 -9999 -9999 -9999 -9999 -9999 -9999 -9999 -9999 1.5355736017227172852 1.5633751153945922852 1.572381138801574707 1.6016559600830078125 1.5832964181900024414 1.5754839181900024414 1.5883203744888305664 1.6258586645126342773 1.651167750358581543 1.681385040283203125 1.6994603872299194336 1.7262367010116577148 -9999 -9999 -9999 -9999 -9999 -9999
-9999 -9999 -9999 -9999 -9999 -9999 -9999 -9999 -9999 -9999 -9999 -9999 -9999 -9999 -9999 -9999 -9999 -9999 -9999 -9999 1.4352616071701049805 1.4416295289993286133 1.5069572925567626953 1.5521681308746337891 1.5868291854858398438 1.5955331325531005859 1.5779674053192138672 1.5712581872940063477 1.5829973220825195313 1.613467097282409668 1.650918126106262207 1.6820359230041503906 1.7184317111968994141 1.7723931074142456055 1.8091331720352172852 -9999 -9999 -9999 -9999 -9999
-9999 -9999 -9999 -9999 -9999 -9999 -9999 -9999 -9999 -9999 -9999 -9999 -9999 -9999 -9999 -9999 -9999 -9999 -9999 -9999 1.4435973167419433594 1.4579565525054931641 1.5092557668685913086 1.5491255521774291992 1.5711725950241088867 1.5805394649505615234 1.5684486627578735352 1.5620461702346801758 1.5702120065689086914 1.6130146980285644531 1.6652052402496337891 1.6965515613555908203 1.7314440011978149414 1.7872771024703979492 1.8039603233337402344 1.7726291418075561523 1.7593312263488769531 -9999 -9999 -9999
-9999 -9999 -9999 -9999 -9999 -9999 -9999 -9999 -9999 -9999 -9999 -9999 -9999 -9999 -9999 -9999 -9999 -9999 -9999 -9999 1.4414341449737548828 1.4672437906265258789 1.5200868844985961914 1.5491014719009399414 1.558268427848815918 1.5598964691162109375 1.5555069446563720703 1.5553416013717651367 1.5690349340438842773 1.6207594871520996094 1.67179107666015625 1.6970611810684204102 1.7124876976013183594 1.7507685422897338867 1.7701773643493652344 1.7657335996627807617 1.758584141731262207 1.7491886615753173828 -9999 -9999
-9999 -9999 -9999 -9999 -9999 -9999 -9999 -9999 -9999 -9999 -9999 -9999 -9999 -9999 -9999 -9999 -9999 -9999 -9999 -9999 1.463297724723815918 1.4831573963165283203 1.5177973508834838867 1.5363507270812988281 1.5397361516952514648 1.5363687276840209961 1.5268455743789672852 1.5300204753875732422 1.5545448064804077148 1.604191899299621582 1.6464203596115112305 1.6591967344284057617 1.6630750894546508789 1.6946558952331542969 1.7347166538238525391 1.766644597053527832 1.7570687532424926758 1.7432025671005249023 1.7198237180709838867 1.7718520164489746094
-9999 -9999 -9999 -9999 -9999 -9999 -9999 -9999 -9999 -9999 -9999 -9999 -9999 -9999 -9999 -9999 -9999 -9999 -9999 1.4120119810104370117 1.4719926118850708008 1.4976023435592651367 1.5184091329574584961 1.5295349359512329102 1.5243381261825561523 1.5174214839935302734 1.5083267688751220703 1.5073240995407104492 1.5260171890258789063 1.5668085813522338867 1.6076930761337280273 1.613629460334777832 1.6142277717590332031 1.6505994796752929688 1.7073736190795898438 1.7626128196716308594 1.7619498968124389648 1.7407867908477783203 1.7143397331237792969 1.7943319082260131836
-9999 -9999 -9999 -9999 -9999 -9999 -9999 -9999 -9999 -9999 -9999 -9999 -9999 -9999 -9999 -9999 -9999 -9999 -9999 1.3159167766571044922 1.4333449602127075195 1.5012418031692504883 1.5123299360275268555 1.5173193216323852539 1.5066491365432739258 1.5027074813842773438 1.5056824684143066406 1.5103321075439453125 1.5131613016128540039 1.5213299989700317383 1.5454665422439575195 1.5577753782272338867 1.5724834203720092773 1.621584773063659668 1.6800365447998046875 1.7450020313262939453 1.7663860321044921875 1.7455071210861206055 1.7357313632965087891 1.7907406091690063477
-9999 -9999 -9999 -9999 -9999 -9999 -9999 -9999 -9999 -9999 -9999 -9999 -9999 -9999 -9999 -9999 -9999 -9999 1.2476712465286254883 1.3344371318817138672 1.4317619800567626953 1.4863488674163818359 1.4825305938720703125 1.4843224287033081055 1.4836565256118774414 1.4813053607940673828 1.5026444196701049805 1.5177973508834838867 1.5063920021057128906 1.4964479207992553711 1.5018115043640136719 1.5114791393280029297 1.5421940088272094727 1.6047872304916381836 1.6664109230041503906 1.7243380546569824219 1.747614741325378418 1.7428493499755859375 1.7736829519271850586 1.7920002937316894531
-9999 -9999 -9999 -9999 -9999 -9999 -9999 -9999 -9999 -9999 -9999 -9999 -9999 -9999 -9999 -9999 -9999 -9999 1.2101781368255615234 1.2971048355102539063 1.4228987693786621094 1.4591666460037231445 1.4522141218185424805 1.4656352996826171875 1.4735335111618041992 1.4749104976654052734 1.4912916421890258789 1.5003699064254760742 1.4892171621322631836 1.4811475276947021484 1.4848335981369018555 1.4942229986190795898 1.5265765190124511719 1.5976797342300415039 1.6635261774063110352 1.691762089729309082 1.7092977762222290039 1.7470945119857788086 1.8117172718048095703 1.8058184385299682617
-9999 -9999 -9999 -9999 -9999 -9999 -9999 -9999 -9999 -9999 -9999 -9999 -9999 -9999 -9999 -9999 -9999 1.1374151706695556641 1.1615607738494873047 1.2734162807464599609 1.4179109334945678711 1.4467767477035522461 1.4419842958450317383 1.4479447603225708008 1.4544734954833984375 1.4659991264343261719 1.4740881919860839844 1.4742866754531860352 1.4695242643356323242 1.4722361564636230469 1.4789361953735351563 1.4901416301727294922 1.5254340171813964844 1.5926873683929443359 1.6354420185089111328 1.6578963994979858398 1.7254278659820556641 1.7624415159225463867 1.7762610912322998047 1.7862819433212280273
-9999 -9999 -9999 -9999 -9999 -9999 -9999 -9999 -9999 -9999 -9999 -9999 -9999 -9999 -9999 -9999 -9999 1.1268171072006225586 1.1354774236679077148 1.2681638002395629883 1.4199358224868774414 1.4329526424407958984 1.4335750341415405273 1.4418219327926635742 1.4470638036727905273 1.4574168920516967773 1.4687230587005615234 1.473171234130859375 1.4734839200973510742 1.4804229736328125 1.4907339811325073242 1.5060988664627075195 1.5422090291976928711 1.5924423933029174805 1.6197042465209960938 1.6491051912307739258 1.7304608821868896484 1.7235127687454223633 1.721699833869934082 1.7352833747863769531
-9999 -9999 -9999 -9999 -9999 -9999 -9999 -9999 -9999 -9999 -9999 -9999 -9999 -9999 -9999 -9999 -9999 1.1405164003372192383 1.1467084884643554688 1.2804967164993286133 1.4224237203598022461 1.4184235334396362305 1.4190353155136108398 1.4458491802215576172 1.4533355236053466797 1.4563887119293212891 1.4693603515625 1.4795451164245605469 1.4877529144287109375 1.5030217170715332031 1.5158009529113769531 1.5322964191436767578 1.5639568567276000977 1.5908384323120117188 1.6117037534713745117 1.628439784049987793 1.6919124126434326172 1.6847387552261352539 1.6847794055938720703 1.691308140754699707
-9999 -9999 -9999 -9999 -9999 -9999 -9999 -9999 -9999 -9999 -9999 -9999 -9999 -9999 -9999 -9999 -9999 1.1324769258499145508 1.1306399106979370117 1.2464580535888671875 1.3911000490188598633 1.4014770984649658203 1.4220703840255737305 1.4552987813949584961 1.4579790830612182617 1.4532678127288818359 1.4751133918762207031 1.5064431428909301758 1.5249499082565307617 1.5440850257873535156 1.5496622323989868164 1.5510632991790771484 1.5515172481536865234 1.5468871593475341797 1.5667529106140136719 1.5792962312698364258 1.6479221582412719727 1.6478980779647827148 1.6504791975021362305 1.6605271100997924805
-9999 -9999 -9999 -9999 -9999 -9999 -9999 -9999 -9999 -9999 -9999 -9999 -9999 -9999 -9999 -9999 -9999 1.1117212772369384766 1.0734795331954956055 1.1693357229232788086 1.3096181154251098633 1.3497735261917114258 1.3988989591598510742 1.4383538961410522461 1.4542074203491210938 1.4632586240768432617 1.5004210472106933594 1.5511174201965332031 1.5725585222244262695 1.5802087783813476563 1.5701699256896972656 1.5490263700485229492 1.5157724618911743164 1.4923409223556518555 1.4915472269058227539 1.5110191106796264648 1.6008156538009643555 1.6089513301849365234 1.6298859119415283203 1.6517179012298583984
-9999 -9999 -9999 -9999 -9999 -9999 -9999 -9999 -9999 -9999 -9999 -9999 -9999 -9999 -9999 -9999 -9999 1.2057374715805053711 1.1641794443130493164 1.2434229850769042969 1.3314607143402099609 1.3382239341735839844 1.3530641794204711914 1.3990988731384277344 1.4549574851989746094 1.5077840089797973633 1.5589840412139892578 1.6002833843231201172 1.600289463996887207 1.5789068937301635742 1.5542216300964355469 1.5275566577911376953 1.4824237823486328125 1.4509017467498779297 1.4458206892013549805 1.5029555559158325195 1.5611999034881591797 1.5652706623077392578 1.6140474081039428711 1.6569403409957885742
-9999 -9999 -9999 -9999 -9999 -9999 -9999 -9999 -9999 -9999 -9999 -9999 -9999 -9999 -9999 1.1334540843963623047 1.2035020589828491211 1.2471225261688232422 1.2850035429000854492 1.3068730831146240234 1.3180845975875854492 1.329001307487487793 1.3664689064025878906 1.4305459260940551758 1.482676386833190918 1.5412800312042236328 1.5974783897399902344 1.6204754114151000977 1.6045978069305419922 1.5617876052856445313 1.5213090181350708008 1.4877754449844360352 1.4343551397323608398 1.3936254978179931641 1.4092580080032348633 1.5093594789505004883 1.5225566625595092773 1.5295709371566772461 1.582734227180480957 1.6303969621658325195
-9999 -9999 -9999 -9999 -9999 -9999 -9999 -9999 -9999 -9999 -9999 -9999 -9999 -9999 1.0729728937149047852 1.1252101659774780273 1.2240593433380126953 1.2907354831695556641 1.3019920587539672852 1.2897673845291137695 1.2956421375274658203 1.3527951240539550781 1.4488648176193237305 1.5322182178497314453 1.5526447296142578125 1.5606375932693481445 1.5757410526275634766 1.5748105049133300781 1.5526627302169799805 1.526259303092956543 1.4956285953521728516 1.4547170400619506836 1.3972890377044677734 1.35064697265625 1.3873944282531738281 1.4863127470016479492 1.491436004638671875 1.5098090171813964844 1.5600378513336181641 1.590540766716003418
-9999 -9999 -9999 -9999 -9999 -9999 -9999 -9999 -9999 -9999 -9999 -9999 -9999 -9999 1.0793287754058837891 1.1300913095474243164 1.2597966194152832031 1.2821097373962402344 1.2669943571090698242 1.2819564342498779297 1.3430043458938598633 1.4251717329025268555 1.5049834251403808594 1.543757319450378418 1.5407673120498657227 1.541983485221862793 1.538548588752746582 1.5320212841033935547 1.5110191106796264648 1.4915367364883422852 1.4633247852325439453 1.4294650554656982422 1.3785462379455566406 1.3385366201400756836 1.3893802165985107422 1.4722000360488891602 1.4741468429565429688 1.5083388090133666992 1.5545433759689331055 1.5567847490310668945
