INPUT/RASTER/ASCII/BIO18.asc
ncols        113
nrows        135
xllcorner    473009.983799999987
yllcorner    4429001.174800000153
cellsize     100.000000000000
NODATA_value  -9999
[rows 72 to 89 of 135, columns 0 to 39 of 113]
-9999 -9999 -9999 -1.1191078424453735352 -1.0148659944534301758 -0.75481176376342773438 -0.66671931743621826172 -0.6429488062858581543 -0.63202083110809326172 -0.48893445730209350586 -0.33750888705253601074 -0.24418716132640838623 -0.17882832884788513184 -0.13216046988964080811 -0.13192225992679595947 -0.10627143830060958862 -0.052555263042449951172 -0.019363077357411384583 0.00026673058164305984974 0.016017694026231765747 0.049728345125913619995 0.11062506586313247681 0.16666819155216217041 0.21467512845993041992 0.25458544492721557617 0.28439185023307800293 0.30818864703178405762 0.34395211935043334961 0.36504626274108886719 0.27604827284812927246 0.14176529645919799805 0.01290515996515750885 -0.069577865302562713623 -0.063548095524311065674 -0.059663120657205581665 -0.038247592747211456299 0.047586180269718170166 0.092322066426277160645 0.085025042295455932617 0.061580322682857513428
-9999 -9999 -9999 -1.1340162754058837891 -1.0793823003768920898 -0.86099350452423095703 -0.69050383567810058594 -0.63423830270767211914 -0.58377039432525634766 -0.44927284121513366699 -0.3228473961353302002 -0.25833019614219665527 -0.20336078107357025146 -0.18395780026912689209 -0.20043915510177612305 -0.18461024761199951172 -0.1199056282639503479 -0.093927271664142608643 -0.078954003751277923584 -0.051641821861267089844 -0.005699981003999710083 0.051778554916381835938 0.10940071940422058105 0.15462003648281097412 0.18897001445293426514 0.22650520503520965576 0.26579460501670837402 0.30156683921813964844 0.29583135247230529785 0.16408900916576385498 0.076650798320770263672 -0.027722429484128952026 -0.1184421926736831665 -0.14038319885730743408 -0.14643748104572296143 -0.10338398069143295288 -0.0054188547655940055847 0.036024086177349090576 0.025000603869557380676 -0.0011511626653373241425
-9999 -9999 -1.1407712697982788086 -1.1314721107482910156 -1.0682729482650756836 -0.83003365993499755859 -0.60647422075271606445 -0.53822267055511474609 -0.49314171075820922852 -0.41423451900482177734 -0.3294455409049987793 -0.28630885481834411621 -0.2451391369104385376 -0.23405873775482177734 -0.26506057381629943848 -0.2574456632137298584 -0.19077050685882568359 -0.1676848679780960083 -0.15784981846809387207 -0.10931040346622467041 -0.057825729250907897949 0.0038907220587134361267 0.062201250344514846802 0.095837458968162536621 0.12990631163120269775 0.162728920578956604 0.20147356390953063965 0.23318918049335479736 0.18077443540096282959 0.031261578202247619629 -0.0083947665989398956299 -0.12029447406530380249 -0.1853739321231842041 -0.21062539517879486084 -0.1630020439624786377 -0.10073473304510116577 -0.032728407531976699829 -0.0067123868502676486969 -0.0082344980910420417786 -0.038863267749547958374
-9999 -9999 -1.1537152528762817383 -1.1039173603057861328 -0.95370388031005859375 -0.76905196905136108398 -0.62097364664077758789 -0.55404102802276611328 -0.50426590442657470703 -0.40069314837455749512 -0.33457064628601074219 -0.29689529538154602051 -0.26242098212242126465 -0.27564531564712524414 -0.32473382353782653809 -0.3185017704963684082 -0.25701388716697692871 -0.2264674454927444458 -0.19652090966701507568 -0.13294866681098937988 -0.081321246922016143799 -0.03053544461727142334 0.012639797292649745941 0.043621506541967391968 0.090168513357639312744 0.11133269220590591431 0.10242860764265060425 0.099036701023578643799 0.036906875669956207275 -0.077684119343757629395 -0.088520184159278869629 -0.22472025454044342041 -0.25350373983383178711 -0.24805374443531036377 -0.18133044242858886719 -0.1378539353609085083 -0.081627771258354187012 -0.056399952620267868042 -0.058285515755414962769 -0.085787735879421234131
-9999 -9999 -1.1629005670547485352 -1.1173448562622070313 -0.96570301055908203125 -0.79016536474227905273 -0.67970544099807739258 -0.62616270780563354492 -0.55631196498870849609 -0.44213435053825378418 -0.37505897879600524902 -0.32471632957458496094 -0.30685558915138244629 -0.33815783262252807617 -0.39585444331169128418 -0.3890215754508972168 -0.32061240077018737793 -0.27126112580299377441 -0.21574784815311431885 -0.16200365126132965088 -0.12025331705808639526 -0.076146237552165985107 -0.038295760750770568848 -0.00010985624976456165314 0.040466062724590301514 0.022108767181634902954 -0.10918428748846054077 -0.19727233052253723145 -0.14960256218910217285 -0.1652431786060333252 -0.18328256905078887939 -0.30775064229965209961 -0.31837478280067443848 -0.30180758237838745117 -0.24571628868579864502 -0.20800329744815826416 -0.15064387023448944092 -0.12270726263523101807 -0.13262550532817840576 -0.14868123829364776611
-9999 -9999 -1.1516370773315429688 -1.182455897331237793 -1.1347712278366088867 -0.87744504213333129883 -0.7536513209342956543 -0.71852105855941772461 -0.63256990909576416016 -0.51981806755065917969 -0.4294827878475189209 -0.37434521317481994629 -0.36794060468673706055 -0.41014197468757629395 -0.44977816939353942871 -0.43460610508918762207 -0.36839950084686279297 -0.30827698111534118652 -0.24912220239639282227 -0.21535462141036987305 -0.180345192551612854 -0.12878344953060150146 -0.089141987264156341553 -0.051655836403369903564 -0.049862232059240341187 -0.14064505696296691895 -0.35338771343231201172 -0.48388379812240600586 -0.40645754337310791016 -0.34793332219123840332 -0.28616958856582641602 -0.35556492209434509277 -0.34934860467910766602 -0.3686981499195098877 -0.31909465789794921875 -0.25897037982940673828 -0.21020589768886566162 -0.19588421285152435303 -0.21854160726070404053 -0.20891149342060089111
-9999 -9999 -9999 -1.3237810134887695313 -1.2371801137924194336 -0.91245102882385253906 -0.79334622621536254883 -0.75282812118530273438 -0.68603384494781494141 -0.59305894374847412109 -0.48476570844650268555 -0.44773498177528381348 -0.44236379861831665039 -0.46631997823715209961 -0.48028609156608581543 -0.46325033903121948242 -0.40461051464080810547 -0.33801507949829101563 -0.28998449444770812988 -0.26027792692184448242 -0.229419708251953125 -0.18548429012298583984 -0.14372430741786956787 -0.12961806356906890869 -0.22722148895263671875 -0.39146238565444946289 -0.55649673938751220703 -0.64079612493515014648 -0.57593476772308349609 -0.44170871376991271973 -0.33194503188133239746 -0.39295297861099243164 -0.38528460264205932617 -0.39751493930816650391 -0.36005330085754394531 -0.30970975756645202637 -0.28899660706520080566 -0.30965110659599304199 -0.3231512904167175293 -0.25677654147148132324
-9999 -9999 -9999 -1.4284660816192626953 -1.2888214588165283203 -0.99184954166412353516 -0.85536217689514160156 -0.78153717517852783203 -0.71467196941375732422 -0.64523988962173461914 -0.55605095624923706055 -0.52046179771423339844 -0.5196297764778137207 -0.52132701873779296875 -0.51718723773956298828 -0.50532650947570800781 -0.44845312833786010742 -0.38783928751945495605 -0.33004108071327209473 -0.2843672335147857666 -0.2588933110237121582 -0.23299990594387054443 -0.21444906294345855713 -0.22515289485454559326 -0.38434314727783203125 -0.57556694746017456055 -0.69403237104415893555 -0.70333582162857055664 -0.55803459882736206055 -0.42272436618804931641 -0.42238894104957580566 -0.46118786931037902832 -0.4501495063304901123 -0.42104986310005187988 -0.38153189420700073242 -0.35743820667266845703 -0.37890452146530151367 -0.43241840600967407227 -0.39151492714881896973 -0.29796990752220153809
-9999 -9999 -9999 -1.4474267959594726563 -1.3579654693603515625 -1.086958765983581543 -0.90455579757690429688 -0.8287830352783203125 -0.76213240623474121094 -0.68261742591857910156 -0.61680495738983154297 -0.57074487209320068359 -0.56470894813537597656 -0.56764811277389526367 -0.5742734074592590332 -0.5466791987419128418 -0.47539132833480834961 -0.41540193557739257813 -0.35282546281814575195 -0.31070640683174133301 -0.28828459978103637695 -0.2676213681697845459 -0.2596797645092010498 -0.26625341176986694336 -0.41069722175598144531 -0.62605845928192138672 -0.75620687007904052734 -0.7292537689208984375 -0.54264622926712036133 -0.46823531389236450195 -0.54143327474594116211 -0.53315365314483642578 -0.49105122685432434082 -0.43534263968467712402 -0.3935826718807220459 -0.38880875706672668457 -0.44327810406684875488 -0.4931049346923828125 -0.42923405766487121582 -0.35199171304702758789
-9999 -9999 -1.3422372341156005859 -1.3780165910720825195 -1.3703927993774414063 -1.0860593318939208984 -0.91725027561187744141 -0.86837548017501831055 -0.80497574806213378906 -0.70792841911315917969 -0.64932978153228759766 -0.60898244380950927734 -0.61600887775421142578 -0.62634575366973876953 -0.61405235528945922852 -0.55011665821075439453 -0.47300395369529724121 -0.42277252674102783203 -0.37061348557472229004 -0.34028774499893188477 -0.32316443324089050293 -0.30134779214859008789 -0.2898680269718170166 -0.29600900411605834961 -0.44941559433937072754 -0.66265392303466796875 -0.79258692264556884766 -0.78037762641906738281 -0.65525531768798828125 -0.56808423995971679688 -0.61848646402359008789 -0.53290230035781860352 -0.47900131344795227051 -0.44067177176475524902 -0.41183134913444519043 -0.41521188616752624512 -0.47705182433128356934 -0.53720325231552124023 -0.50123745203018188477 -0.43983978033065795898
-9999 -9999 -1.3081535100936889648 -1.252432703971862793 -1.2302272319793701172 -1.074595332145690918 -0.96431314945220947266 -0.93921494483947753906 -0.83258479833602905273 -0.73537898063659667969 -0.69473737478256225586 -0.65990138053894042969 -0.69758284091949462891 -0.759792327880859375 -0.67047643661499023438 -0.53947240114212036133 -0.4662437736988067627 -0.42710328102111816406 -0.39547434449195861816 -0.37458255887031555176 -0.35923269391059875488 -0.33841270208358764648 -0.32340788841247558594 -0.327362060546875 -0.50868773460388183594 -0.70969927310943603516 -0.76816391944885253906 -0.80613619089126586914 -0.66900599002838134766 -0.5290050506591796875 -0.58630400896072387695 -0.52419871091842651367 -0.48581489920616149902 -0.45955803990364074707 -0.44015067815780639648 -0.43895173072814941406 -0.4873930811882019043 -0.57652503252029418945 -0.58391052484512329102 -0.53533172607421875
-9999 -9999 -1.3121777772903442383 -1.2142853736877441406 -1.1849089860916137695 -1.1268086433410644531 -1.0585290193557739258 -0.99104201793670654297 -0.83371984958648681641 -0.77306568622589111328 -0.81671386957168579102 -0.8138001561164855957 -0.84303206205368041992 -0.85485422611236572266 -0.67121559381484985352 -0.53802382946014404297 -0.47356358170509338379 -0.43770286440849304199 -0.41230604052543640137 -0.39730474352836608887 -0.38316872715950012207 -0.36979025602340698242 -0.35866782069206237793 -0.36392688751220703125 -0.54661613702774047852 -0.69789808988571166992 -0.68074065446853637695 -0.76836889982223510742 -0.61927902698516845703 -0.49290263652801513672 -0.57230812311172485352 -0.52999031543731689453 -0.4969399869441986084 -0.4736003577709197998 -0.46237018704414367676 -0.4622624814510345459 -0.49374601244926452637 -0.58592569828033447266 -0.63722556829452514648 -0.63069486618041992188
-9999 -9999 -1.3776355981826782227 -1.2598778009414672852 -1.2240468263626098633 -1.1801061630249023438 -1.167580723762512207 -1.0835808515548706055 -0.92151796817779541016 -0.92151796817779541016 -0.96887862682342529297 -0.96213680505752563477 -0.90951627492904663086 -0.78380721807479858398 -0.6430924534797668457 -0.55226671695709228516 -0.49415674805641174316 -0.45254126191139221191 -0.42274886369705200195 -0.40896141529083251953 -0.39645612239837646484 -0.39719527959823608398 -0.40726503729820251465 -0.43286415934562683105 -0.61888319253921508789 -0.76827782392501831055 -0.77738332748413085938 -0.7851200103759765625 -0.57627457380294799805 -0.51981192827224731445 -0.59488058090209960938 -0.53642117977142333984 -0.50184351205825805664 -0.48572120070457458496 -0.48259553313255310059 -0.48756384849548339844 -0.50421863794326782227 -0.56445676088333129883 -0.61733657121658325195 -0.65420174598693847656
-9999 -1.6551283597946166992 -1.5347090959548950195 -1.328146815299987793 -1.2743123769760131836 -1.2661265134811401367 -1.3131297826766967773 -1.2488367557525634766 -1.1002697944641113281 -0.99030989408493041992 -0.93544292449951171875 -0.86608701944351196289 -0.77201390266418457031 -0.69454300403594970703 -0.62611013650894165039 -0.56135207414627075195 -0.51248252391815185547 -0.47252926230430603027 -0.44655966758728027344 -0.43088927865028381348 -0.42435768246650695801 -0.50028461217880249023 -0.61702829599380493164 -0.73241710662841796875 -0.91877764463424682617 -0.95893234014511108398 -0.81083387136459350586 -0.63360947370529174805 -0.48199212551116943359 -0.51256221532821655273 -0.60316199064254760742 -0.55467951297760009766 -0.52488970756530761719 -0.51507830619812011719 -0.51412987709045410156 -0.51143246889114379883 -0.507419586181640625 -0.51784491539001464844 -0.53414237499237060547 -0.58611571788787841797
-9999 -1.7031861543655395508 -1.586212158203125 -1.3667198419570922852 -1.3177442550659179688 -1.3362548351287841797 -1.3577430248260498047 -1.2933204174041748047 -1.1084328889846801758 -0.87681972980499267578 -0.77575087547302246094 -0.72758364677429199219 -0.68563276529312133789 -0.65692281723022460938 -0.62609350681304931641 -0.58704406023025512695 -0.554096221923828125 -0.5308704376220703125 -0.53824365139007568359 -0.54152524471282958984 -0.58186119794845581055 -0.77504849433898925781 -0.97148317098617553711 -1.0910161733627319336 -1.1598037481307983398 -1.0045404434204101563 -0.67442011833190917969 -0.43773701786994934082 -0.3996334373950958252 -0.50608491897583007813 -0.59016448259353637695 -0.57308143377304077148 -0.56254839897155761719 -0.55857235193252563477 -0.55007898807525634766 -0.52861881256103515625 -0.50342077016830444336 -0.49614739418029785156 -0.49675080180168151855 -0.54778707027435302734
-1.7773790359497070313 -1.6363471746444702148 -1.4899407625198364258 -1.3809897899627685547 -1.3528053760528564453 -1.3798503875732421875 -1.3490920066833496094 -1.2230396270751953125 -0.9989617466926574707 -0.83715462684631347656 -0.77488821744918823242 -0.71235990524291992188 -0.67992174625396728516 -0.67301708459854125977 -0.66805577278137207031 -0.67117530107498168945 -0.71143770217895507813 -0.79112875461578369141 -0.87880951166152954102 -0.92088043689727783203 -1.0047094821929931641 -1.1445844173431396484 -1.2264096736907958984 -1.2295590639114379883 -1.0927739143371582031 -0.78361016511917114258 -0.51839929819107055664 -0.3594875335693359375 -0.34572198987007141113 -0.52961373329162597656 -0.58765888214111328125 -0.58193999528884887695 -0.58349454402923583984 -0.58248126506805419922 -0.56391113996505737305 -0.53327095508575439453 -0.49517878890037536621 -0.48840197920799255371 -0.49470061063766479492 -0.56227952241897583008
-1.7032763957977294922 -1.5780007839202880859 -1.4784513711929321289 -1.4376109838485717773 -1.4221464395523071289 -1.4686242341995239258 -1.3702334165573120117 -1.1967819929122924805 -0.96403640508651733398 -0.83954644203186035156 -0.78673052787780761719 -0.71335393190383911133 -0.71582448482513427734 -0.76735645532608032227 -0.86193668842315673828 -0.9519278407096862793 -1.1003433465957641602 -1.281245112419128418 -1.3876019716262817383 -1.4205664396286010742 -1.4270927906036376953 -1.3442480564117431641 -1.2314383983612060547 -1.0426721572875976563 -0.74349313974380493164 -0.52628749608993530273 -0.42131698131561279297 -0.3568032681941986084 -0.35855221748352050781 -0.54965424537658691406 -0.60408771038055419922 -0.60284143686294555664 -0.6004225611686706543 -0.58719205856323242188 -0.56196600198745727539 -0.5383732914924621582 -0.50312036275863647461 -0.49029454588890075684 -0.5029557347297668457 -0.60819333791732788086
-1.5790517330169677734 -1.5523210763931274414 -1.5233817100524902344 -1.4970504045486450195 -1.542914271354675293 -1.5932114124298095703 -1.3980308771133422852 -1.1764953136444091797 -0.91763913631439208984 -0.79703938961029052734 -0.74491542577743530273 -0.70183998346328735352 -0.74586123228073120117 -0.87750113010406494141 -1.1023969650268554688 -1.2897454500198364258 -1.449839472770690918 -1.6175125837326049805 -1.6701235771179199219 -1.658344268798828125 -1.5452841520309448242 -1.328166961669921875 -1.1116969585418701172 -0.83221697807312011719 -0.55037152767181396484 -0.47401461005210876465 -0.42931723594665527344 -0.42095702886581420898 -0.48205867409706115723 -0.64547544717788696289 -0.64242601394653320313 -0.63623857498168945313 -0.61912137269973754883 -0.58702480792999267578 -0.56164461374282836914 -0.54908502101898193359 -0.51903164386749267578 -0.49945610761642456055 -0.52616226673126220703 -0.66507375240325927734
