INPUT/RASTER/ASCII/BIO15.asc
ncols        113
nrows        135
xllcorner    473009.983799999987
yllcorner    4429001.174800000153
cellsize     100.000000000000
NODATA_value  -9999
[rows 36 to 53 of 135, columns 40 to 79 of 113]
0.55721807479858398438 0.52092540264129638672 0.49582552909851074219 0.47303384542465209961 0.4546070396900177002 0.48699900507926940918 0.58974540233612060547 0.58576089143753051758 0.57640564441680908203 0.56418776512145996094 0.53805625438690185547 0.4869925379753112793 0.45257610082626342773 0.42844331264495849609 -9999 -9999 -9999 -9999 -9999 -9999 -9999 -9999 0.082235030829906463623 0.062254410237073898315 0.040313765406608581543 0.025568464770913124084 -9999 -9999 -9999 -9999 -9999 -9999 -9999 -9999 -9999 -9999 -9999 -9999 -9999 -9999
0.55866873264312744141 0.51831424236297607422 0.49230524897575378418 0.46710216999053955078 0.44890105724334716797 0.50770819187164306641 0.59149914979934692383 0.57605749368667602539 0.55944246053695678711 0.54908788204193115234 0.53562557697296142578 0.48506474494934082031 0.45246005058288574219 0.41816610097885131836 0.37893986701965332031 0.35785028338432312012 0.33903664350509643555 -9999 -9999 -9999 -9999 0.12670949101448059082 0.094253063201904296875 0.074562571942806243896 0.05079730600118637085 0.03540726006031036377 -9999 -9999 -9999 -9999 -9999 -9999 -9999 -9999 -9999 -9999 -9999 -9999 -9999 -9999
0.57078349590301513672 0.52478742599487304688 0.49461340904235839844 0.46657994389533996582 0.44740524888038635254 0.50700539350509643555 0.59034502506256103516 0.57460683584213256836 0.55710846185684204102 0.53926193714141845703 0.53060948848724365234 0.5093135833740234375 0.47442004084587097168 0.42037111520767211914 0.38158977031707763672 0.3563931584358215332 0.33977809548377990723 0.33202183246612548828 -9999 -9999 -9999 0.13592287898063659668 0.11226076632738113403 0.083479389548301696777 0.058334365487098693848 0.042028784751892089844 -9999 -9999 -9999 -9999 -9999 -9999 -9999 -9999 -9999 -9999 -9999 -9999 -9999 -0.3176740109920501709
0.57983571290969848633 0.52995187044143676758 0.49750187993049621582 0.46962314844131469727 0.44939750432968139648 0.50906211137771606445 0.59657973051071166992 0.58066743612289428711 0.55966812372207641602 0.53256309032440185547 0.50608342885971069336 0.49460053443908691406 0.49176365137100219727 0.45574179291725158691 0.4137109220027923584 0.37837249040603637695 0.34948149323463439941 0.31813403964042663574 0.29609024524688720703 -9999 0.18980415165424346924 0.15728326141834259033 0.12289904803037643433 0.085342697799205780029 0.05070703849196434021 0.02384699694812297821 -9999 -9999 -9999 -9999 -9999 -9999 -9999 -9999 -9999 -9999 -9999 -9999 -9999 -0.31991127133369445801
0.57954555749893188477 0.53302085399627685547 0.50023561716079711914 0.47237619757652282715 0.45673468708992004395 0.52446508407592773438 0.60972607135772705078 0.58990013599395751953 0.56235027313232421875 0.5287075042724609375 0.49265339970588684082 0.47213762998580932617 0.48030653595924377441 0.47481977939605712891 0.42142206430435180664 0.38147372007369995117 0.34663173556327819824 0.30800509452819824219 0.28084847331047058105 0.26189944148063659668 0.18721228837966918945 0.16155791282653808594 0.12296997010707855225 0.079520657658576965332 0.040855348110198974609 0.017186788842082023621 -9999 -9999 -9999 -9999 -9999 -9999 -9999 -9999 -9999 -9999 -9999 -9999 -9999 -0.32484355568885803223
0.57810777425765991211 0.53133159875869750977 0.50292414426803588867 0.47653478384017944336 0.46771469712257385254 0.54496794939041137695 0.62102198600769042969 0.59158295392990112305 0.56153142452239990234 0.52605760097503662109 0.49137035012245178223 0.47460702061653137207 0.48397514224052429199 0.4694232642650604248 0.40387213230133056641 0.36720553040504455566 0.33777940273284912109 0.30445900559425354004 0.27606448531150817871 0.25456869602203369141 0.18384027481079101563 0.15349215269088745117 0.11429171264171600342 0.071429118514060974121 0.036277666687965393066 0.014066227711737155914 -9999 -9999 -9999 -9999 -9999 -9999 -9999 -9999 -9999 -9999 -9999 -9999 -9999 -0.32780292630195617676
0.57817870378494262695 0.53151214122772216797 0.51366561651229858398 0.49412339925765991211 0.50028717517852783203 0.59879118204116821289 0.63828176259994506836 0.59759193658828735352 0.56294983625411987305 0.52904278039932250977 0.50101572275161743164 0.49405893683433532715 0.50277590751647949219 0.46014538407325744629 0.39893981814384460449 0.36190572381019592285 0.32984259724617004395 0.30082264542579650879 0.27586460113525390625 0.24639335274696350098 0.1809002310037612915 0.14434324204921722412 0.10191906988620758057 0.066483929753303527832 0.038469795137643814087 0.01647112332284450531 -9999 -9999 -9999 -9999 -9999 -9999 -9999 -9999 -9999 -9999 -9999 -9999 -9999 -9999
0.59314966201782226563 0.55553531646728515625 0.5416539311408996582 0.51786291599273681641 0.53568363189697265625 0.6527627110481262207 0.64596068859100341797 0.60383307933807373047 0.56714713573455810547 0.53436833620071411133 0.52350443601608276367 0.52280163764953613281 0.51441997289657592773 0.45836588740348815918 0.40834665298461914063 0.36457496881484985352 0.3233693540096282959 0.29669630527496337891 0.27389812469482421875 0.23292464017868041992 0.18227353692054748535 0.14160951972007751465 0.097489677369594573975 0.06906935572624206543 0.056051969528198242188 -9999 -9999 -9999 -9999 -9999 -9999 -9999 -9999 -9999 -9999 -9999 -9999 -9999 -9999 -0.33942767977714538574
0.61451649665832519531 0.58846241235733032227 0.56772094964981079102 0.53182804584503173828 0.54260170459747314453 0.65144747495651245117 0.64456158876419067383 0.60659903287887573242 0.56717294454574584961 0.53514850139617919922 0.5364831089973449707 0.53370428085327148438 0.51627039909362792969 0.46458768844604492188 0.41524541378021240234 0.36655431985855102539 0.3195718228816986084 0.2940012514591217041 0.26642554998397827148 0.22169320285320281982 0.17891442775726318359 0.14589062333106994629 0.10427883267402648926 0.078837230801582336426 -9999 -9999 -9999 -9999 -9999 -9999 -9999 -9999 -9999 -9999 -9999 -9999 -9999 -9999 -9999 -0.3399950563907623291
0.62975180149078369141 0.59944880008697509766 0.57025480270385742188 0.53643155097961425781 0.53170555830001831055 0.6212024688720703125 0.62039011716842651367 0.59733408689498901367 0.56715357303619384766 0.53654760122299194336 0.53887510299682617188 0.529758453369140625 0.51113176345825195313 0.47921046614646911621 0.42656067013740539551 0.37128031253814697266 0.32699280977249145508 0.29643839597702026367 0.25726374983787536621 0.21331797540187835693 0.18227353692054748535 0.15518783032894134521 0.10803769528865814209 0.077231816947460174561 0.06490430980920791626 -9999 -9999 -9999 -9999 -9999 -9999 -9999 -9999 -9999 -9999 -9999 -9999 -9999 -9999 -9999
0.63754677772521972656 0.60334950685501098633 0.56468421220779418945 0.52728259563446044922 0.49487131834030151367 -9999 0.61253070831298828125 0.59787565469741821289 0.57759845256805419922 0.55070614814758300781 0.53978419303894042969 0.51946187019348144531 0.49573528766632080078 0.48040971159934997559 0.43448457121849060059 0.37440085411071777344 0.35099020600318908691 0.31733456254005432129 0.25887560844421386719 0.20920450985431671143 0.18326644599437713623 0.15958499908447265625 0.11716727167367935181 0.081087388098239898682 0.06490430980920791626 -9999 -9999 -9999 -9999 -9999 -9999 -9999 -9999 -9999 -9999 -9999 -9999 -9999 -9999 -9999
0.63098329305648803711 0.59064805507659912109 0.54195696115493774414 0.47743743658065795898 0.42959097027778625488 0.39186054468154907227 0.61253070831298828125 0.60215675830841064453 0.58615422248840332031 0.56306588649749755859 0.52159595489501953125 0.50759857892990112305 0.48493582010269165039 0.47501319646835327148 0.44340139627456665039 0.39127382636070251465 0.37392374873161315918 0.33529067039489746094 0.26703161001205444336 0.208553314208984375 0.17993311583995819092 0.15692220628261566162 0.12945610284805297852 0.1005070805549621582 -9999 -9999 -9999 -9999 -9999 -9999 -9999 -9999 -9999 -9999 -9999 -9999 -9999 -9999 -9999 -9999
0.57197630405426025391 0.50787580013275146484 0.46657350659370422363 0.42452326416969299316 0.39333701133728027344 0.3745555877685546875 0.34890124201774597168 -9999 -9999 -9999 0.49615436792373657227 0.49383974075317382813 0.47185394167900085449 0.46393004059791564941 0.45587074756622314453 0.4236851036548614502 0.38675415515899658203 0.33583226799964904785 0.26217025518417358398 0.20423997938632965088 0.17641925811767578125 0.16063591837882995605 0.1430473029613494873 -9999 -9999 -9999 -9999 -9999 -9999 -9999 -9999 -9999 -9999 -9999 -9999 -9999 -9999 -0.38635215163230895996 -0.37530124187469482422 -0.36519163846969604492
0.50201505422592163086 0.46166700124740600586 0.43491011857986450195 0.39852720499038696289 0.36815974116325378418 0.35004886984825134277 0.33946219086647033691 -9999 -9999 0.39626413583755493164 0.40892690420150756836 0.42570960521697998047 0.42743751406669616699 0.43157032132148742676 0.44223439693450927734 0.42509710788726806641 0.3717187345027923584 0.31658020615577697754 0.24959127604961395264 0.19957202672958374023 0.17304080724716186523 0.16522005200386047363 -9999 -9999 -9999 -9999 -9999 -9999 -9999 -9999 -9999 -9999 -9999 -9999 -9999 -9999 -9999 -0.3886216580867767334 -0.38125222921371459961 -0.37464359402656555176
0.49550962448120117188 0.45498099923133850098 0.41917189955711364746 0.37405914068222045898 0.34403342008590698242 0.32730874419212341309 0.32191222906112670898 -9999 0.39526477456092834473 0.38991340994834899902 0.3837496638298034668 0.37168005108833312988 0.35750213265419006348 0.34572908282279968262 0.34988123178482055664 0.34795990586280822754 0.31718626618385314941 0.27097743749618530273 0.23700587451457977295 0.20347917079925537109 0.17113235592842102051 0.16670297086238861084 -9999 -9999 -9999 -9999 -9999 -9999 -9999 -9999 -9999 -9999 -9999 -9999 -9999 -9999 -9999 -0.39307683706283569336 -0.39403104782104492188 -0.39176157116889953613
0.49881714582443237305 0.44345942139625549316 0.39476189017295837402 0.3499457240104675293 0.31810179352760314941 0.30418178439140319824 0.29489746689796447754 0.22772800922393798828 0.36467811465263366699 0.38253107666969299316 0.36823710799217224121 0.35786962509155273438 0.33826941251754760742 0.30591613054275512695 0.27343392372131347656 0.27371117472648620605 0.26757320761680603027 0.21489760279655456543 0.17589701712131500244 0.14088095724582672119 0.10763794928789138794 0.091564476490020751953 -9999 -9999 -9999 -9999 -9999 -9999 -9999 -9999 -9999 -9999 -9999 -9999 -9999 -9999 -9999 -0.39414066076278686523 -0.40044626593589782715 -0.40138113498687744141
0.49908149242401123047 0.43222153186798095703 0.37099662423133850098 0.32083553075790405273 0.29307928681373596191 0.26919150352478027344 0.22178991138935089111 0.1918544471263885498 0.27557447552680969238 0.36649629473686218262 0.35339510440826416016 0.34223458170890808105 0.31786969304084777832 0.27770212292671203613 0.24832758307456970215 0.24663835763931274414 0.26207998394966125488 0.22577443718910217285 0.16760560870170593262 0.1091402098536491394 0.069617390632629394531 0.061300188302993774414 0.056496843695640563965 -9999 -9999 -9999 -9999 -9999 -9999 -9999 -9999 -9999 -9999 -9999 -9999 -9999 -0.38058814406394958496 -0.38913100957870483398 -0.40025284886360168457 -0.40089112520217895508
0.48780491948127746582 0.41935244202613830566 0.35503274202346801758 0.2935434877872467041 0.27361443638801574707 0.23100975155830383301 0.16166107356548309326 0.14953987300395965576 0.23316964507102966309 0.35684448480606079102 0.34652855992317199707 0.33425909280776977539 0.30543258786201477051 0.25917217135429382324 0.23293109238147735596 0.22537468373775482178 0.2414868474006652832 0.23586468398571014404 0.2007519155740737915 0.14030714333057403564 0.084814004600048065186 0.062789544463157653809 0.043124847114086151123 0.028843764215707778931 -9999 -9999 -9999 -9999 -9999 -9999 -9999 -9999 -9999 -9999 -9999 -0.3601690828800201416 -0.36138767004013061523 -0.38112974166870117188 -0.39372158050537109375 -0.39742887020111083984
