INPUT/RASTER/ASCII/BIO13.asc
ncols        113
nrows        135
xllcorner    473009.983799999987
yllcorner    4429001.174800000153
cellsize     100.000000000000
NODATA_value  -9999
[rows 54 to 71 of 135, columns 0 to 39 of 113]
-9999 -9999 -9999 0.58230423927307128906 0.71798837184906005859 0.86131113767623901367 0.95181852579116821289 0.96873700618743896484 0.95981419086456298828 0.94239091873168945313 0.9390862584114074707 0.96953982114791870117 1.0466833114624023438 1.1470713615417480469 1.2269396781921386719 1.3609222173690795898 1.4528245925903320313 1.4593267440795898438 1.4573321342468261719 1.4419686794281005859 1.4064793586730957031 1.3326737880706787109 1.267802119255065918 1.2332928180694580078 1.2100456953048706055 1.2038131952285766602 1.19970703125 1.2063212394714355469 1.1612133979797363281 1.1669793128967285156 1.173115849494934082 1.1433420181274414063 1.0944690704345703125 1.0171346664428710938 0.99432963132858276367 1.0190566778182983398 1.0093976259231567383 0.9631188511848449707 0.89368170499801635742 0.85310244560241699219
-9999 -9999 -9999 0.53791421651840209961 0.64836037158966064453 0.7829068303108215332 0.87884771823883056641 0.88926649093627929688 0.86765080690383911133 0.84369450807571411133 0.85988783836364746094 0.93328833580017089844 1.0733568668365478516 1.2177582979202270508 1.2996419668197631836 1.3793182373046875 1.413088679313659668 1.4112911224365234375 1.4057135581970214844 1.3724305629730224609 1.3330308198928833008 1.2841603755950927734 1.2402517795562744141 1.2084709405899047852 1.1737265586853027344 1.1572340726852416992 1.1412721872329711914 1.1311218738555908203 1.1173418760299682617 1.1462600231170654297 1.1597814559936523438 1.1268937587738037109 1.0673447847366333008 0.97980463504791259766 0.92791885137557983398 0.95211035013198852539 0.94034212827682495117 0.88346117734909057617 0.83186101913452148438 0.82848495244979858398
-9999 -9999 -9999 0.52376234531402587891 0.62664127349853515625 0.74030584096908569336 0.79243171215057373047 0.79318523406982421875 0.75944060087203979492 0.76344704627990722656 0.84964138269424438477 0.98357844352722167969 1.1413424015045166016 1.2372094392776489258 1.2805651426315307617 1.3228324651718139648 1.3509774208068847656 1.3565931320190429688 1.3582787513732910156 1.3195154666900634766 1.2690185308456420898 1.2341436147689819336 1.206933140754699707 1.178461909294128418 1.1436350345611572266 1.1260688304901123047 1.1077307462692260742 1.0962395668029785156 1.0921863317489624023 1.1106032133102416992 1.1329724788665771484 1.1046390533447265625 1.0478382110595703125 0.9664370417594909668 0.88586330413818359375 0.88517630100250244141 0.88359910249710083008 0.82541549205780029297 0.78734177350997924805 0.80577838420867919922
-9999 -9999 0.47621297836303710938 0.52256554365158081055 0.6433652043342590332 0.72193449735641479492 0.72334426641464233398 0.67138582468032836914 0.65405857563018798828 0.77925497293472290039 0.96968877315521240234 1.0399212837219238281 1.0721811056137084961 1.1203941106796264648 1.1800354719161987305 1.2483263015747070313 1.2848609685897827148 1.2951455116271972656 1.3093171119689941406 1.282837986946105957 1.2277091741561889648 1.1917198896408081055 1.168368220329284668 1.1457502841949462891 1.122249603271484375 1.1079955101013183594 1.0930087566375732422 1.0770789384841918945 1.0665050745010375977 1.0694870948791503906 1.0904699563980102539 1.072310328483581543 1.0343561172485351563 0.97465437650680541992 0.88245522975921630859 0.82929760217666625977 0.82430487871170043945 0.7780545353889465332 0.76575684547424316406 0.79959881305694580078
-9999 -9999 0.49730294942855834961 0.52998995780944824219 0.6039371490478515625 0.65405237674713134766 0.60896801948547363281 0.63116610050201416016 0.74996370077133178711 0.9131488800048828125 1.0068094730377197266 1.0089247226715087891 0.96818172931671142578 0.94080752134323120117 0.97985881567001342773 1.0812799930572509766 1.1782735586166381836 1.216983795166015625 1.245203852653503418 1.2505930662155151367 1.2256923913955688477 1.1925202608108520508 1.1721234321594238281 1.1565568447113037109 1.1407219171524047852 1.1402909755706787109 1.1271437406539916992 1.1033499240875244141 1.1036652326583862305 1.0632028579711914063 1.0367163419723510742 1.0238031148910522461 1.0083054304122924805 0.96413463354110717773 0.87180745601654052734 0.78819257020950317383 0.75941717624664306641 0.72793310880661010742 0.73784214258193969727 0.76838189363479614258
-9999 -9999 -9999 0.49779298901557922363 0.50169354677200317383 0.54056018590927124023 0.5628789067268371582 0.70974147319793701172 0.86128526926040649414 0.94519567489624023438 0.98624157905578613281 0.979290008544921875 0.90284955501556396484 0.82905381917953491211 0.82323497533798217773 0.91985422372817993164 1.0904355049133300781 1.1596460342407226563 1.1891022920608520508 1.1938672065734863281 1.1843817234039306641 1.15439605712890625 1.1204544305801391602 1.1160169839859008789 1.1257277727127075195 1.147322535514831543 1.1522831916809082031 1.1543271541595458984 1.1577856540679931641 1.11475372314453125 1.0063244104385375977 0.98631054162979125977 0.97805631160736083984 0.93632578849792480469 0.85188841819763183594 0.76993322372436523438 0.7167078852653503418 0.68986678123474121094 0.69804960489273071289 0.72077339887619018555
-9999 -9999 -9999 -9999 0.48067378997802734375 0.56894403696060180664 0.57594114542007446289 0.7000713348388671875 0.85025334358215332031 0.92621850967407226563 0.9456081390380859375 0.93014252185821533203 0.83869194984436035156 0.75870186090469360352 0.76637369394302368164 0.87287497520446777344 1.0444067716598510742 1.1115413904190063477 1.1329059600830078125 1.1225376129150390625 1.1348501443862915039 1.1137712001800537109 1.0686228275299072266 1.0609127283096313477 1.1091158390045166016 1.1482791900634765625 1.1614375114440917969 1.1577438116073608398 1.1350187063217163086 1.1095000505447387695 1.0235334634780883789 0.9698931574821472168 0.94863450527191162109 0.91217499971389770508 0.82963865995407104492 0.74301707744598388672 0.6853160858154296875 0.66636359691619873047 0.67422509193420410156 0.68266034126281738281
-9999 -9999 -9999 -9999 -9999 0.55958288908004760742 0.55965179204940795898 0.66174644231796264648 0.81784582138061523438 0.87866425514221191406 0.84059917926788330078 0.79779380559921264648 0.73749864101409912109 0.69964897632598876953 0.74195939302444458008 0.87632858753204345703 1.025731205940246582 1.0823572874069213867 1.0909575223922729492 1.0779629945755004883 1.0822341442108154297 1.0699316263198852539 1.0405886173248291016 1.0358409881591796875 1.0927416086196899414 1.1266832351684570313 1.1366747617721557617 1.1212916374206542969 1.0694464445114135742 1.0343166589736938477 1.0229572057723999023 1.0099270343780517578 0.94516855478286743164 0.88306719064712524414 0.81899827718734741211 0.73887640237808227539 0.68546140193939208984 0.6878808140754699707 0.69824784994125366211 0.7402750849723815918
-9999 -9999 -9999 -9999 -9999 0.54497170448303222656 0.57199132442474365234 0.65432572364807128906 0.79844760894775390625 0.82632786035537719727 0.73426783084869384766 0.6752026677131652832 0.65694582462310791016 0.66232633590698242188 0.75050300359725952148 0.91227471828460693359 1.0346491336822509766 1.073515772819519043 1.0578690767288208008 1.0371522903442382813 1.0339645147323608398 1.0314601659774780273 1.021999359130859375 1.0321730375289916992 1.0719976425170898438 1.0874189138412475586 1.0903098583221435547 1.0724359750747680664 1.0190382003784179688 0.97168463468551635742 0.97277796268463134766 0.99839764833450317383 0.99997484683990478516 0.93035918474197387695 0.90339004993438720703 0.83903181552886962891 0.77968591451644897461 0.78268766403198242188 0.79066979885101318359 0.80862379074096679688
-9999 -9999 -9999 -9999 -9999 -9999 0.5590546727180480957 0.61639362573623657227 0.73016285896301269531 0.72685086727142333984 0.61309635639190673828 0.58222049474716186523 0.61712372303009033203 0.65068125724792480469 0.76755326986312866211 0.92436552047729492188 1.0238844156265258789 1.0416512489318847656 1.0132489204406738281 0.9990317225456237793 1.0101782083511352539 1.0176727771759033203 1.0127096176147460938 1.0305774211883544922 1.0508202314376831055 1.04894256591796875 1.0459260940551757813 1.0292857885360717773 0.97602230310440063477 0.91835457086563110352 0.92268854379653930664 0.95773094892501831055 0.99116533994674682617 0.99104833602905273438 0.9334939122200012207 0.86598122119903564453 0.80302906036376953125 0.77375376224517822266 0.78636664152145385742 0.799251556396484375
-9999 -9999 -9999 -9999 -9999 0.41613945364952087402 0.50378298759460449219 0.57536494731903076172 0.61316406726837158203 0.58879780769348144531 0.56701588630676269531 0.59447872638702392578 0.64513450860977172852 0.66035020351409912109 0.74262672662734985352 0.89043122529983520508 0.98309820890426635742 0.99100035429000854492 0.96747744083404541016 0.97896248102188110352 0.995441436767578125 1.0052938461303710938 1.0062074661254882813 1.0074411630630493164 1.0107187032699584961 1.002928614616394043 0.9948590397834777832 0.98041164875030517578 0.92802602052688598633 0.87692821025848388672 0.89522814750671386719 0.91208016872406005859 0.92725521326065063477 0.94284397363662719727 0.88851541280746459961 0.82295668125152587891 0.76817011833190917969 0.75025057792663574219 0.76366496086120605469 0.77510941028594970703
-9999 -9999 -9999 -9999 0.36969205737113952637 0.41145211458206176758 0.53589129447937011719 0.66287797689437866211 0.67030113935470581055 0.66939121484756469727 0.69130241870880126953 0.69763344526290893555 0.73033893108367919922 0.74367821216583251953 0.78755229711532592773 0.86497777700424194336 0.93000090122222900391 0.94398415088653564453 0.93664836883544921875 0.95808678865432739258 0.97477996349334716797 0.98281753063201904297 0.98746788501739501953 0.9862194061279296875 0.97666990756988525391 0.96678060293197631836 0.95928722620010375977 0.93912810087203979492 0.88419127464294433594 0.85232919454574584961 0.86532127857208251953 0.85284757614135742188 0.86592334508895874023 0.88982546329498291016 0.84873765707015991211 0.79949659109115600586 0.75109523534774780273 0.73057162761688232422 0.73768085241317749023 0.75001418590545654297
-9999 -9999 -9999 -9999 0.28930670022964477539 0.42636245489120483398 0.63832449913024902344 0.72201699018478393555 0.73206269741058349609 0.74179071187973022461 0.74379521608352661133 0.73978751897811889648 0.76830059289932250977 0.80830365419387817383 0.86260515451431274414 0.88666117191314697266 0.89482676982879638672 0.90398842096328735352 0.90622687339782714844 0.92900359630584716797 0.94800782203674316406 0.95434135198593139648 0.95454943180084228516 0.95590007305145263672 0.94954562187194824219 0.93902963399887084961 0.93255078792572021484 0.91296297311782836914 0.85533100366592407227 0.82110613584518432617 0.82039940357208251953 0.79597526788711547852 0.82011377811431884766 0.82921880483627319336 0.78765696287155151367 0.75276851654052734375 0.72521698474884033203 0.70649468898773193359 0.71140241622924804688 0.72398328781127929688
-9999 -9999 -9999 -9999 0.051081009209156036377 0.22400037944316864014 0.57895398139953613281 0.71096783876419067383 0.72751450538635253906 0.72044712305068969727 0.7075831294059753418 0.72296380996704101563 0.76346552371978759766 0.82859945297241210938 0.87634950876235961914 0.89658743143081665039 0.89621686935424804688 0.89003723859786987305 0.89018744230270385742 0.90390717983245849609 0.90650635957717895508 0.90340113639831542969 0.90943795442581176758 0.91851466894149780273 0.9172452092170715332 0.9062379002571105957 0.90032672882080078125 0.88861393928527832031 0.83746933937072753906 0.77814191579818725586 0.7461185455322265625 0.74760097265243530273 0.7683855891227722168 0.75356262922286987305 0.71772241592407226563 0.68731689453125 0.67772793769836425781 0.67883729934692382813 0.6811816096305847168 0.68854445219039916992
-9999 -9999 -9999 -9999 0.0078680943697690963745 0.11875501275062561035 0.38411974906921386719 0.63525623083114624023 0.70915788412094116211 0.68002545833587646484 0.66283118724822998047 0.69780832529067993164 0.76179224252700805664 0.83076643943786621094 0.85868978500366210938 0.88212406635284423828 0.89576005935668945313 0.88688528537750244141 0.87883418798446655273 0.87511706352233886719 0.86167436838150024414 0.86075216531753540039 0.88380348682403564453 0.89506560564041137695 0.88855481147766113281 0.86951857805252075195 0.86253005266189575195 0.85773313045501708984 0.81371128559112548828 0.73176348209381103516 0.67906755208969116211 0.71704894304275512695 0.73059260845184326172 0.68662494421005249023 0.64555436372756958008 0.63381445407867431641 0.65585494041442871094 0.66689300537109375 0.65879637002944946289 0.65942430496215820313
-9999 -9999 -9999 -9999 0.034164968878030776978 0.16482195258140563965 0.32623043656349182129 0.43208771944046020508 0.60987913608551025391 0.6419283747673034668 0.64133000373840332031 0.68004393577575683594 0.75681066513061523438 0.80836892127990722656 0.83207899332046508789 0.85813820362091064453 0.87123495340347290039 0.8639373779296875 0.84996277093887329102 0.83611619472503662109 0.82409310340881347656 0.8388544917106628418 0.86648726463317871094 0.8670819401741027832 0.84886574745178222656 0.82352799177169799805 0.81931835412979125977 0.82238417863845825195 0.78535085916519165039 0.70271849632263183594 0.63124978542327880859 0.67408347129821777344 0.70252639055252075195 0.6583506464958190918 0.60838562250137329102 0.61194515228271484375 0.65280020236968994141 0.65310066938400268555 0.6320858001708984375 0.6282603144645690918
-9999 -9999 -9999 -9999 0.067951492965221405029 0.19089226424694061279 0.29862105846405029297 0.32021212577819824219 0.37498885393142700195 0.50545251369476318359 0.618671417236328125 0.67349004745483398438 0.73988479375839233398 0.77242773771286010742 0.79062551259994506836 0.8049399256706237793 0.81163418292999267578 0.80668461322784423828 0.79613655805587768555 0.78064507246017456055 0.77510201930999755859 0.79907304048538208008 0.82338392734527587891 0.81603711843490600586 0.798553466796875 0.77897918224334716797 0.77379685640335083008 0.77351862192153930664 0.75545012950897216797 0.69573736190795898438 0.60623216629028320313 0.61650443077087402344 0.64750587940216064453 0.6204172968864440918 0.57851570844650268555 0.59345680475234985352 0.63359159231185913086 0.62333291769027709961 0.5947348475456237793 0.57773137092590332031
-9999 -9999 -9999 -9999 0.062616519629955291748 0.20006994903087615967 0.25339135527610778809 0.25487256050109863281 0.22280606627464294434 0.29885128140449523926 0.53996056318283081055 0.67109280824661254883 0.7123591303825378418 0.73694086074829101563 0.73667120933532714844 0.73128205537796020508 0.73972100019454956055 0.74393433332443237305 0.73545724153518676758 0.71903121471405029297 0.71644562482833862305 0.73600268363952636719 0.75748169422149658203 0.76099687814712524414 0.75596231222152709961 0.74570482969284057617 0.73883330821990966797 0.73801577091217041016 0.73420506715774536133 0.68062633275985717773 0.57487982511520385742 0.56830990314483642578 0.5943863987922668457 0.58214539289474487305 0.5573641657829284668 0.55522549152374267578 0.59009182453155517578 0.58645349740982055664 0.5596358180046081543 0.52840906381607055664
