INPUT/RASTER/ASCII/BIO10.asc
ncols        113
nrows        135
xllcorner    473009.983799999987
yllcorner    4429001.174800000153
cellsize     100.000000000000
NODATA_value  -9999
[rows 0 to 17 of 135, columns 0 to 39 of 113]
-9999.0 -9999 -9999 -9999 -9999 -9999 -9999 -9999 -9999 -9999 -9999 -9999 -9999 -9999 -9999 -9999 -9999 -9999 -9999 -9999 -9999 -9999 -2.5489523410797119141 -2.5672037601470947266 -2.5736405849456787109 -2.5966646671295166016 -2.5894742012023925781 -2.5926220417022705078 -2.6134793758392333984 -2.683940887451171875 -2.719234466552734375 -2.8207347393035888672 -2.8389232158660888672 -2.8657073974609375 -9999 -9999 -9999 -9999 -9999 -9999
-9999 -9999 -9999 -9999 -9999 -9999 -9999 -9999 -9999 -9999 -9999 -9999 -9999 -9999 -9999 -9999 -9999 -9999 -9999 -9999 -2.4351904392242431641 -2.44000244140625 -2.5032498836517333984 -2.5566532611846923828 -2.5826995372772216797 -2.5898587703704833984 -2.5822286605834960938 -2.5851879119873046875 -2.6036982536315917969 -2.6489377021789550781 -2.7000803947448730469 -2.7380743026733398438 -2.7911639213562011719 -2.8693182468414306641 -2.9427313804626464844 -9999 -9999 -9999 -9999 -9999
-9999 -9999 -9999 -9999 -9999 -9999 -9999 -9999 -9999 -9999 -9999 -9999 -9999 -9999 -9999 -9999 -9999 -9999 -9999 -9999 -2.4458270072937011719 -2.4549489021301269531 -2.4930605888366699219 -2.5306541919708251953 -2.5569202899932861328 -2.5665991306304931641 -2.5654294490814208984 -2.5671801567077636719 -2.5791671276092529297 -2.6195158958435058594 -2.6728410720825195313 -2.7140297889709472656 -2.7624406814575195313 -2.8366231918334960938 -2.8645377159118652344 -2.8410506248474121094 -2.7981896400451660156 -9999 -9999 -9999
-9999 -9999 -9999 -9999 -9999 -9999 -9999 -9999 -9999 -9999 -9999 -9999 -9999 -9999 -9999 -9999 -9999 -9999 -9999 -9999 -2.4417607784271240234 -2.4626810550689697266 -2.4998900890350341797 -2.5202608108520507813 -2.5285816192626953125 -2.5318472385406494141 -2.5367221832275390625 -2.5436458587646484375 -2.5611042976379394531 -2.6091618537902832031 -2.6539068222045898438 -2.6815309524536132813 -2.7098615169525146484 -2.7623074054718017578 -2.7900178432464599609 -2.8035824298858642578 -2.7900412082672119141 -2.7817125320434570313 -9999 -9999
-9999 -9999 -9999 -9999 -9999 -9999 -9999 -9999 -9999 -9999 -9999 -9999 -9999 -9999 -9999 -9999 -9999 -9999 -9999 -9999 -2.4537007808685302734 -2.4689295291900634766 -2.4950466156005859375 -2.5087604522705078125 -2.5122773647308349609 -2.5106132030487060547 -2.5048747062683105469 -2.5058717727661132813 -2.5222625732421875 -2.5715367794036865234 -2.6173415184020996094 -2.6336460113525390625 -2.6461510658264160156 -2.6832971572875976563 -2.7252709865570068359 -2.7730774879455566406 -2.7823796272277832031 -2.7866501808166503906 -2.8576533794403076172 -2.9104835987091064453
-9999 -9999 -9999 -9999 -9999 -9999 -9999 -9999 -9999 -9999 -9999 -9999 -9999 -9999 -9999 -9999 -9999 -9999 -9999 -2.3861985206604003906 -2.4549095630645751953 -2.4758062362670898438 -2.4921576976776123047 -2.5008554458618164063 -2.4981551170349121094 -2.4942378997802734375 -2.4885232448577880859 -2.4891748428344726563 -2.5018525123596191406 -2.5272235870361328125 -2.5621483325958251953 -2.5789864063262939453 -2.5956363677978515625 -2.6331984996795654297 -2.6830852031707763672 -2.7385845184326171875 -2.7629981040954589844 -2.7668290138244628906 -2.78235626220703125 -2.8617980480194091797
-9999 -9999 -9999 -9999 -9999 -9999 -9999 -9999 -9999 -9999 -9999 -9999 -9999 -9999 -9999 -9999 -9999 -9999 -9999 -2.2016689777374267578 -2.3543667793273925781 -2.4283058643341064453 -2.4617075920104980469 -2.4779884815216064453 -2.4755001068115234375 -2.4803826808929443359 -2.4839465618133544922 -2.487377166748046875 -2.4916789531707763672 -2.4988930225372314453 -2.5111782550811767578 -2.5186750888824462891 -2.5388023853302001953 -2.5890030860900878906 -2.6423909664154052734 -2.7019643783569335938 -2.7303264141082763672 -2.7308995723724365234 -2.7173817157745361328 -2.7318885326385498047
-9999 -9999 -9999 -9999 -9999 -9999 -9999 -9999 -9999 -9999 -9999 -9999 -9999 -9999 -9999 -9999 -9999 -9999 -2.0866744518280029297 -2.1763997077941894531 -2.256877899169921875 -2.3058304786682128906 -2.3250079154968261719 -2.3518314361572265625 -2.3840792179107666016 -2.4121270179748535156 -2.4584734439849853516 -2.4851713180541992188 -2.4828634262084960938 -2.4788677692413330078 -2.4838995933532714844 -2.4896929264068603516 -2.5044665336608886719 -2.5454514026641845703 -2.5999929904937744141 -2.6621649265289306641 -2.6933608055114746094 -2.6960690021514892578 -2.6775979995727539063 -2.6549508571624755859
-9999 -9999 -9999 -9999 -9999 -9999 -9999 -9999 -9999 -9999 -9999 -9999 -9999 -9999 -9999 -9999 -9999 -9999 -2.0540890693664550781 -2.1184904575347900391 -2.2160971164703369141 -2.2471594810485839844 -2.2486824989318847656 -2.2669415473937988281 -2.2860014438629150391 -2.310359954833984375 -2.3645718097686767578 -2.4214842319488525391 -2.4430325031280517578 -2.4592428207397460938 -2.469730377197265625 -2.4773919582366943359 -2.49973297119140625 -2.5438184738159179688 -2.5850625038146972656 -2.6123490333557128906 -2.6416921615600585938 -2.6588366031646728516 -2.6542050838470458984 -2.626926422119140625
-9999 -9999 -9999 -9999 -9999 -9999 -9999 -9999 -9999 -9999 -9999 -9999 -9999 -9999 -9999 -9999 -9999 -1.9902451038360595703 -2.0099329948425292969 -2.0872395038604736328 -2.1861102581024169922 -2.2100996971130371094 -2.2135772705078125 -2.2307374477386474609 -2.2413506507873535156 -2.2567915916442871094 -2.2785909175872802734 -2.3088841438293457031 -2.3327245712280273438 -2.3842675685882568359 -2.4219868183135986328 -2.45140838623046875 -2.4923932552337646484 -2.5471155643463134766 -2.5734915733337402344 -2.5717329978942871094 -2.5730597972869873047 -2.5848975181579589844 -2.5975596904754638672 -2.5997731685638427734
-9999 -9999 -9999 -9999 -9999 -9999 -9999 -9999 -9999 -9999 -9999 -9999 -9999 -9999 -9999 -9999 -9999 -1.9962346553802490234 -1.9980951547622680664 -2.0794210433959960938 -2.1740448474884033203 -2.1791708469390869141 -2.184391021728515625 -2.1954045295715332031 -2.2040553092956542969 -2.220767974853515625 -2.2422297000885009766 -2.2562892436981201172 -2.2653322219848632813 -2.2843527793884277344 -2.3153052330017089844 -2.3637948036193847656 -2.4465258121490478516 -2.5254416465759277344 -2.5581133365631103516 -2.5548164844512939453 -2.5350029468536376953 -2.5283696651458740234 -2.5354897975921630859 -2.5487875938415527344
-9999 -9999 -9999 -9999 -9999 -9999 -9999 -9999 -9999 -9999 -9999 -9999 -9999 -9999 -9999 -9999 -9999 -2.0134890079498291016 -2.0140776634216308594 -2.1056871414184570313 -2.1938345432281494141 -2.1835041046142578125 -2.1755285263061523438 -2.1877744197845458984 -2.1924922466278076172 -2.2017238140106201172 -2.2200222015380859375 -2.2348194122314453125 -2.2509982585906982422 -2.2733156681060791016 -2.2927994728088378906 -2.3180136680603027344 -2.3754127025604248047 -2.4444613456726074219 -2.5060050487518310547 -2.5388102531433105469 -2.516021728515625 -2.4978647232055664063 -2.5031399726867675781 -2.5095534324645996094
-9999 -9999 -9999 -9999 -9999 -9999 -9999 -9999 -9999 -9999 -9999 -9999 -9999 -9999 -9999 -9999 -9999 -2.0180027484893798828 -2.0173983573913574219 -2.0988419055938720703 -2.1870522499084472656 -2.1860396862030029297 -2.1959855556488037109 -2.21520233154296875 -2.2066929340362548828 -2.1970765590667724609 -2.2122507095336914063 -2.2357065677642822266 -2.2522857189178466797 -2.2746894359588623047 -2.2942202091217041016 -2.3064897060394287109 -2.3239245414733886719 -2.3393969535827636719 -2.3855314254760742188 -2.436611175537109375 -2.4546818733215332031 -2.4540853500366210938 -2.4754374027252197266 -2.4865999221801757813
-9999 -9999 -9999 -9999 -9999 -9999 -9999 -9999 -9999 -9999 -9999 -9999 -9999 -9999 -9999 -9999 -9999 -2.0150980949401855469 -1.9885259866714477539 -2.0545365810394287109 -2.1466796398162841797 -2.1691229343414306641 -2.1918327808380126953 -2.2116069793701171875 -2.2189624309539794922 -2.2211682796478271484 -2.2479524612426757813 -2.2837641239166259766 -2.2910175323486328125 -2.2915513515472412109 -2.2855303287506103516 -2.2787871360778808594 -2.2677187919616699219 -2.2679698467254638672 -2.2790148258209228516 -2.2868335247039794922 -2.3024549484252929688 -2.3439342975616455078 -2.4276936054229736328 -2.4684586524963378906
-9999 -9999 -9999 -9999 -9999 -9999 -9999 -9999 -9999 -9999 -9999 -9999 -9999 -9999 -9999 -9999 -9999 -2.0380830764770507813 -2.0199258327484130859 -2.0881659984588623047 -2.1568689346313476563 -2.1648602485656738281 -2.1750338077545166016 -2.2002322673797607422 -2.2280447483062744141 -2.2574665546417236328 -2.2933018207550048828 -2.3255810737609863281 -2.3264288902282714844 -2.3100535869598388672 -2.2858049869537353516 -2.2613053321838378906 -2.2272441387176513672 -2.2145113945007324219 -2.2228796482086181641 -2.2207286357879638672 -2.2098798751831054688 -2.2379357814788818359 -2.3379683494567871094 -2.4322936534881591797
-9999 -9999 -9999 -9999 -9999 -9999 -9999 -9999 -9999 -9999 -9999 -9999 -9999 -9999 -9999 -1.9744822978973388672 -2.0381221771240234375 -2.0729997158050537109 -2.100223541259765625 -2.1222269535064697266 -2.1346614360809326172 -2.1423387527465820313 -2.1710696220397949219 -2.2199671268463134766 -2.2592642307281494141 -2.3005080223083496094 -2.3354642391204833984 -2.3519492149353027344 -2.3330855369567871094 -2.3001940250396728516 -2.272899627685546875 -2.2481486797332763672 -2.2019436359405517578 -2.1678903102874755859 -2.1759603023529052734 -2.1723649501800537109 -2.1634631156921386719 -2.1806623935699462891 -2.2439882755279541016 -2.3143084049224853516
-9999 -9999 -9999 -9999 -9999 -9999 -9999 -9999 -9999 -9999 -9999 -9999 -9999 -9999 -1.8986200094223022461 -1.9496371746063232422 -2.0449438095092773438 -2.1052789688110351563 -2.1154053211212158203 -2.1062679290771484375 -2.1101300716400146484 -2.1499373912811279297 -2.2207365036010742188 -2.2839367389678955078 -2.3011989593505859375 -2.3154151439666748047 -2.3358645439147949219 -2.3396167755126953125 -2.3163022994995117188 -2.2832067012786865234 -2.2523641586303710938 -2.2206029891967773438 -2.1804740428924560547 -2.147739410400390625 -2.1396303176879882813 -2.133892059326171875 -2.1265680789947509766 -2.1474726200103759766 -2.2002010345458984375 -2.2344739437103271484
-9999 -9999 -9999 -9999 -9999 -9999 -9999 -9999 -9999 -9999 -9999 -9999 -9999 -9999 -1.9043976068496704102 -1.9426506757736206055 -2.0472753047943115234 -2.0849630832672119141 -2.0868391990661621094 -2.0999252796173095703 -2.1401956081390380859 -2.1996042728424072266 -2.2624828815460205078 -2.2945656776428222656 -2.2931997776031494141 -2.2962219715118408203 -2.29692840576171875 -2.2975800037384033203 -2.2863860130310058594 -2.2747836112976074219 -2.2487688064575195313 -2.2144014835357666016 -2.1691071987152099609 -2.1418440341949462891 -2.1298258304595947266 -2.1198954582214355469 -2.119228363037109375 -2.1512563228607177734 -2.1940937042236328125 -2.2085375785827636719
