INPUT/RASTER/ASCII/BIO18.asc
ncols        113
nrows        135
xllcorner    473009.983799999987
yllcorner    4429001.174800000153
cellsize     100.000000000000
NODATA_value  -9999
[rows 36 to 53 of 135, columns 0 to 39 of 113]
-9999 -9999 -9999 -9999 -9999 -9999 -9999 -9999 -9999 0.77423673868179321289 0.76262646913528442383 0.77126348018646240234 0.79888564348220825195 0.83319187164306640625 0.86461144685745239258 0.90932893753051757813 0.96889096498489379883 1.0133360624313354492 1.0366950035095214844 1.0856144428253173828 1.1397728919982910156 1.1740256547927856445 1.1992036104202270508 1.224039912223815918 1.2447251081466674805 1.2683528661727905273 1.2812933921813964844 1.2654680013656616211 1.2048357725143432617 1.1433417797088623047 1.1292626857757568359 1.1405769586563110352 1.1523973941802978516 1.1661533117294311523 1.174254298210144043 1.172774195671081543 1.1624032258987426758 1.1468369960784912109 1.1197507381439208984 1.1063477993011474609
-9999 -9999 -9999 -9999 -9999 -9999 -9999 -9999 -9999 -9999 0.75194633007049560547 0.76074528694152832031 0.79288476705551147461 0.80289238691329956055 0.76351016759872436523 0.74407476186752319336 0.78559124469757080078 0.91352659463882446289 0.99153786897659301758 1.0689229965209960938 1.1368277072906494141 1.1770366430282592773 1.2042639255523681641 1.2260997295379638672 1.2499762773513793945 1.2819536924362182617 1.2871366739273071289 1.2590502500534057617 1.1894929409027099609 1.1356873512268066406 1.1323366165161132813 1.1477898359298706055 1.1603801250457763672 1.1670632362365722656 1.1677656173706054688 1.1614389419555664063 1.1484029293060302734 1.1188198328018188477 1.0807863473892211914 1.0772297382354736328
-9999 -9999 -9999 -9999 -9999 -9999 -9999 -9999 -9999 -9999 -9999 0.75910317897796630859 0.79860806465148925781 0.71780478954315185547 0.62217187881469726563 0.60746133327484130859 0.69254982471466064453 0.82225942611694335938 0.93328249454498291016 1.0480504035949707031 1.1184633970260620117 1.1618680953979492188 1.2013545036315917969 1.2289819717407226563 1.247768402099609375 1.2619946002960205078 1.2445901632308959961 1.2006468772888183594 1.1401145458221435547 1.1284700632095336914 1.1403124332427978516 1.1537110805511474609 1.1634908914566040039 1.1635416746139526367 1.163123011589050293 1.1542539596557617188 1.1413887739181518555 1.1115034818649291992 1.0753529071807861328 1.0610777139663696289
-9999 -9999 -9999 -9999 -9999 -9999 -9999 -9999 -9999 -9999 -9999 -9999 -9999 0.61705815792083740234 0.56191271543502807617 0.71292227506637573242 0.84374326467514038086 0.88953185081481933594 0.94615650177001953125 1.0367089509963989258 1.0941270589828491211 1.1304029226303100586 1.1781129837036132813 1.2130479812622070313 1.2200893163681030273 1.1949971914291381836 1.16106414794921875 1.1273543834686279297 1.1093920469284057617 1.1336766481399536133 1.1475586891174316406 1.1566580533981323242 1.1654771566390991211 1.1653318405151367188 1.1605842113494873047 1.1464043855667114258 1.1349263191223144531 1.1132664680480957031 1.080029606819152832 1.0468838214874267578
-9999 -9999 -9999 -9999 -9999 -9999 -9999 -9999 -9999 -9999 -9999 -9999 -9999 -9999 -9999 0.88938385248184204102 0.95870035886764526367 1.0044258832931518555 1.0234531164169311523 1.0546301603317260742 1.0879520177841186523 1.1137377023696899414 1.1325600147247314453 1.1419597864151000977 1.1482679843902587891 1.1258908510208129883 1.0971328020095825195 1.0788096189498901367 1.0916074514389038086 1.134161829948425293 1.1484204530715942383 1.1580539941787719727 1.167538762092590332 1.1684198379516601563 1.1586302518844604492 1.1393017768859863281 1.128583073616027832 1.1125220060348510742 1.0783516168594360352 1.0389238595962524414
-9999 -9999 -9999 -9999 -9999 -9999 -9999 -9999 -9999 -9999 -9999 -9999 -9999 -9999 -9999 0.91762614250183105469 0.9532731175422668457 1.0058656930923461914 1.0395570993423461914 1.0734883546829223633 1.1002917289733886719 1.1166715621948242188 1.1187970638275146484 1.0962325334548950195 1.0973201990127563477 1.0914121866226196289 1.0703767538070678711 1.0585150718688964844 1.0652341842651367188 1.1051374673843383789 1.1324242353439331055 1.1522581577301025391 1.1683847904205322266 1.1705348491668701172 1.1564785242080688477 1.1395986080169677734 1.1291277408599853516 1.1070449352264404297 1.0653208494186401367 1.0165616273880004883
-9999 -9999 -9999 -9999 -9999 -9999 -9999 -9999 -9999 -9999 -9999 -9999 -9999 -9999 -9999 0.91733533143997192383 0.95446157455444335938 0.99030387401580810547 1.0357149839401245117 1.0836089849472045898 1.1116384267807006836 1.1185772418975830078 1.1100873947143554688 1.0781283378601074219 1.0569448471069335938 1.0568029880523681641 1.0474154949188232422 1.0402865409851074219 1.0500340461730957031 1.0801242589950561523 1.1039936542510986328 1.1298459768295288086 1.1565319299697875977 1.1603608131408691406 1.1494835615158081055 1.1375712156295776367 1.1229377985000610352 1.0921198129653930664 1.0384876728057861328 0.97887051105499267578
-9999 -9999 -9999 -9999 -9999 -9999 -9999 -9999 -9999 -9999 -9999 -9999 -9999 -9999 -9999 -9999 0.97240370512008666992 0.9902706146240234375 1.0339152812957763672 1.0702751874923706055 1.078647613525390625 1.0673149824142456055 1.06554412841796875 1.0626584291458129883 1.0301783084869384766 1.0256382226943969727 1.0194201469421386719 1.0090570449829101563 1.0287481546401977539 1.0671976804733276367 1.0800015926361083984 1.0952156782150268555 1.1192288398742675781 1.130726933479309082 1.1271432638168334961 1.1144304275512695313 1.0967141389846801758 1.0627092123031616211 1.0088862180709838867 0.94982689619064331055
-9999 -9999 -9999 -9999 -9999 -9999 -9999 -9999 -9999 -9999 -9999 -9999 -9999 -9999 -9999 0.83202445507049560547 0.89170819520950317383 0.95761525630950927734 1.018535614013671875 1.0360468626022338867 1.0171360969543457031 0.99961519241333007813 1.0073063373565673828 1.0248570442199707031 1.0240583419799804688 1.0047954320907592773 0.99046152830123901367 0.98441159725189208984 0.99992346763610839844 1.0384727716445922852 1.0551574230194091797 1.0641411542892456055 1.0773917436599731445 1.0824468135833740234 1.0774688720703125 1.0642654895782470703 1.0460186004638671875 1.0131705999374389648 0.95251291990280151367 0.89873987436294555664
-9999 -9999 -9999 -9999 -9999 -9999 -9999 -9999 -9999 -9999 0.6871821284294128418 0.75847089290618896484 0.82481938600540161133 0.99138456583023071289 0.99117177724838256836 0.92168188095092773438 0.87015777826309204102 0.94267964363098144531 0.99772089719772338867 0.99855810403823852539 0.97404229640960693359 0.95310497283935546875 0.94715750217437744141 0.96490174531936645508 0.99833393096923828125 0.98401051759719848633 0.97318845987319946289 0.97843348979949951172 0.99119102954864501953 1.0142652988433837891 1.0243577957153320313 1.0230686664581298828 1.0258195400238037109 1.0232779979705810547 1.0166124105453491211 0.99873328208923339844 0.9709402918815612793 0.92963397502899169922 0.85876995325088500977 0.82230323553085327148
-9999 -9999 -9999 -9999 -9999 -9999 0.56520563364028930664 0.5637194514274597168 0.56170248985290527344 0.61237359046936035156 0.73858970403671264648 0.82569688558578491211 0.91903352737426757813 0.97669070959091186523 1.0243386030197143555 1.0337988138198852539 0.92034190893173217773 0.93315464258193969727 0.96976763010025024414 0.95561236143112182617 0.93893390893936157227 0.92588651180267333984 0.91388565301895141602 0.93316340446472167969 0.96699488162994384766 0.98115545511245727539 0.98032081127166748047 0.98237454891204833984 0.9920895695686340332 0.99317818880081176758 0.98425132036209106445 0.9807910919189453125 0.98709326982498168945 0.98842179775238037109 0.98077625036239624023 0.94965702295303344727 0.91560393571853637695 0.85948026180267333984 0.80003029108047485352 0.77869623899459838867
-9999 -9999 -9999 -9999 -9999 0.42304149270057678223 0.47586873173713684082 0.58108359575271606445 0.63403606414794921875 0.74451178312301635742 0.83826261758804321289 0.89269345998764038086 0.94869452714920043945 0.99321848154067993164 1.0344337224960327148 1.0943276882171630859 1.0702900886535644531 0.96764212846755981445 0.95404994487762451172 0.92073512077331542969 0.91030454635620117188 0.91073197126388549805 0.89877665042877197266 0.94285130500793457031 0.99351888895034790039 1.0106885433197021484 0.99804055690765380859 0.99070936441421508789 0.99612432718276977539 0.98786044120788574219 0.9638201594352722168 0.95840871334075927734 0.97110229730606079102 0.97637104988098144531 0.96659463644027709961 0.93777877092361450195 0.91742116212844848633 0.85590177774429321289 0.80076336860656738281 0.77527630329132080078
-9999 -9999 -9999 -9999 0.29298767447471618652 0.35359275341033935547 0.46561771631240844727 0.57528680562973022461 0.64944809675216674805 0.77754104137420654297 0.85989010334014892578 0.88782495260238647461 0.93930524587631225586 0.98702758550643920898 1.024850010871887207 1.0855251550674438477 1.1592336893081665039 1.1346645355224609375 0.99081617593765258789 0.8779023289680480957 0.84832978248596191406 0.86057323217391967773 0.87682688236236572266 0.95298761129379272461 1.018225550651550293 1.0304094552993774414 1.0088529586791992188 0.99771648645401000977 1.0021243095397949219 1.0015349388122558594 0.98022711277008056641 0.95629280805587768555 0.96655350923538208008 0.9757010340690612793 0.96102470159530639648 0.91568452119827270508 0.890193939208984375 0.8274440765380859375 0.76719456911087036133 0.74973142147064208984
-9999 -9999 -9999 -9999 0.18428894877433776855 0.24720084667205810547 0.40544176101684570313 0.52044785022735595703 0.59081792831420898438 0.69948339462280273438 0.77696740627288818359 0.81693643331527709961 0.87825262546539306641 0.93584764003753662109 0.98913908004760742188 1.055037379264831543 1.1260046958923339844 1.1761994361877441406 1.06067657470703125 0.78227114677429199219 0.71286273002624511719 0.72970229387283325195 0.81763178110122680664 0.93125331401824951172 1.0074919462203979492 1.0204080343246459961 0.99644750356674194336 0.98949724435806274414 0.99638617038726806641 1.0003657341003417969 0.98833072185516357422 0.95876866579055786133 0.95058798789978027344 0.96754753589630126953 0.96105182170867919922 0.90273779630661010742 0.83606088161468505859 0.75077098608016967773 0.71078622341156005859 0.7309958338737487793
-9999 -9999 -9999 -9999 0.12852257490158081055 0.20690868794918060303 0.32821431756019592285 0.46342387795448303223 0.52776765823364257813 0.61283600330352783203 0.70541417598724365234 0.75491607189178466797 0.8028958439826965332 0.86439073085784912109 0.94200265407562255859 1.0362684726715087891 1.1081948280334472656 1.1549029350280761719 1.0929850339889526367 0.78368383646011352539 0.68569415807723999023 0.68196332454681396484 0.73699754476547241211 0.83351850509643554688 0.93668228387832641602 0.9812386631965637207 0.96753525733947753906 0.95692163705825805664 0.96991300582885742188 0.97284513711929321289 0.96641075611114501953 0.94779598712921142578 0.90287005901336669922 0.9164078831672668457 0.92971366643905639648 0.88504785299301147461 0.81729638576507568359 0.72724223136901855469 0.69056439399719238281 0.71825140714645385742
-9999 -9999 -9999 -9999 -9999 0.16347420215606689453 0.2727018892765045166 0.41395175457000732422 0.47712811827659606934 0.56093269586563110352 0.65708494186401367188 0.70222806930541992188 0.72909623384475708008 0.80564582347869873047 0.9087842106819152832 1.0199236869812011719 1.0973947048187255859 1.1434705257415771484 1.1076360940933227539 0.83143240213394165039 0.77579998970031738281 0.79321849346160888672 0.7382552027702331543 0.72053635120391845703 0.81805127859115600586 0.9265047907829284668 0.93121302127838134766 0.90196621417999267578 0.930629730224609375 0.93953734636306762695 0.93257135152816772461 0.91987776756286621094 0.86348694562911987305 0.84470486640930175781 0.8756936192512512207 0.87046867609024047852 0.83023256063461303711 0.74570286273956298828 0.67320287227630615234 0.68542879819869995117
-9999 -9999 -9999 -9999 0.026148755103349685669 0.14780731499195098877 0.23462371528148651123 0.34851670265197753906 0.41861003637313842773 0.48895293474197387695 0.53537034988403320313 0.56894701719284057617 0.6314595341682434082 0.77415353059768676758 0.88535177707672119141 0.98264425992965698242 1.0454010963439941406 1.0944274663925170898 1.108318328857421875 0.91761821508407592773 0.89239215850830078125 0.85880148410797119141 0.76776731014251708984 0.7036845088005065918 0.75379157066345214844 0.8936112523078918457 0.90251362323760986328 0.86304289102554321289 0.8753783106803894043 0.87456035614013671875 0.87403398752212524414 0.86768370866775512695 0.82918953895568847656 0.7807674407958984375 0.8268082737922668457 0.86370849609375 0.85794585943222045898 0.79691690206527709961 0.68331378698348999023 0.64722448587417602539
-9999 -9999 -9999 -9999 0.0012300922535359859467 0.0708750113844871521 0.19975703954696655273 0.2816086113452911377 0.33104658126831054688 0.36024257540702819824 0.37803936004638671875 0.4095719456672668457 0.53158432245254516602 0.72097074985504150391 0.8298428654670715332 0.9393507838249206543 1.037503361701965332 1.1008504629135131836 1.1501544713973999023 0.97831177711486816406 0.87985885143280029297 0.79300737380981445313 0.71688693761825561523 0.67528545856475830078 0.68921655416488647461 0.77075022459030151367 0.79661828279495239258 0.8473103642463684082 0.82354247570037841797 0.81538367271423339844 0.83296412229537963867 0.829685211181640625 0.79225862026214599609 0.72726500034332275391 0.77143776416778564453 0.84013330936431884766 0.84911882877349853516 0.80587440729141235352 0.70413988828659057617 0.63940203189849853516
