INPUT/RASTER/ASCII/BIO14.asc
ncols        113
nrows        135
xllcorner    473009.983799999987
yllcorner    4429001.174800000153
cellsize     100.000000000000
NODATA_value  -9999
[rows 36 to 53 of 135, columns 40 to 79 of 113]
1.1578603982925415039 1.1753478050231933594 1.1799744367599487305 1.1717400550842285156 1.140955805778503418 1.1480704545974731445 1.1948962211608886719 1.1669977903366088867 1.1220328807830810547 1.0792403221130371094 1.0664612054824829102 1.1326892375946044922 1.1585354804992675781 1.1647679805755615234 -9999 -9999 -9999 -9999 -9999 -9999 -9999 -9999 1.3410989046096801758 1.3664344549179077148 1.3856558799743652344 1.396189570426940918 -9999 -9999 -9999 -9999 -9999 -9999 -9999 -9999 -9999 -9999 -9999 -9999 -9999 -9999
1.1528770923614501953 1.1832281351089477539 1.1929901838302612305 1.1873188018798828125 1.1558402776718139648 1.1712346076965332031 1.2144411802291870117 1.1878746747970581055 1.1633925437927246094 1.1152356863021850586 1.0670344829559326172 1.1321046352386474609 1.1522872447967529297 1.1730936765670776367 1.2065409421920776367 1.2135294675827026367 1.2033516168594360352 -9999 -9999 -9999 -9999 1.2813444137573242188 1.3192006349563598633 1.3362784385681152344 1.3484563827514648438 1.3599983453750610352 -9999 -9999 -9999 -9999 -9999 -9999 -9999 -9999 -9999 -9999 -9999 -9999 -9999 -9999
1.1176325082778930664 1.1647131443023681641 1.1881060600280761719 1.1869941949844360352 1.1582875251770019531 1.1732172966003417969 1.2125098705291748047 1.1856371164321899414 1.1636431217193603516 1.1364693641662597656 1.0755524635314941406 1.0631682872772216797 1.0848542451858520508 1.1507778167724609375 1.1867314577102661133 1.18807220458984375 1.1709117889404296875 1.144700169563293457 -9999 -9999 -9999 1.2645207643508911133 1.2907828092575073242 1.3080049753189086914 1.3183228969573974609 1.3324270248413085938 -9999 -9999 -9999 -9999 -9999 -9999 -9999 -9999 -9999 -9999 -9999 -9999 -9999 0.93719786405563354492
1.0901393890380859375 1.1477172374725341797 1.1773278713226318359 1.1754713058471679688 1.1499261856079101563 1.1641738414764404297 1.1872022151947021484 1.1605103015899658203 1.1482558250427246094 1.1464715003967285156 1.135989069938659668 1.0993646383285522461 1.0289285182952880859 1.0436328649520874023 1.0875190496444702148 1.1119002103805541992 1.116282343864440918 1.1331843137741088867 1.1503620147705078125 -9999 1.1934964656829833984 1.2327082157135009766 1.2639631032943725586 1.2932753562927246094 1.3249373435974121094 1.3476959466934204102 -9999 -9999 -9999 -9999 -9999 -9999 -9999 -9999 -9999 -9999 -9999 -9999 -9999 0.93835496902465820313
1.0871971845626831055 1.1353601217269897461 1.1656988859176635742 1.1635560989379882813 1.125598907470703125 1.1164797544479370117 1.1405965089797973633 1.1246280670166015625 1.1311459541320800781 1.1485489606857299805 1.1650220155715942383 1.1533999443054199219 1.0525892972946166992 0.9832763671875 1.0574629306793212891 1.0945832729339599609 1.1056824922561645508 1.1375262737274169922 1.1528649330139160156 1.1574584245681762695 1.2050794363021850586 1.2308115959167480469 1.2565047740936279297 1.3013417720794677734 1.3405438661575317383 1.3517762422561645508 -9999 -9999 -9999 -9999 -9999 -9999 -9999 -9999 -9999 -9999 -9999 -9999 -9999 0.94095617532730102539
1.0873858928680419922 1.1361099481582641602 1.1542177200317382813 1.1479026079177856445 1.0935454368591308594 1.060688018798828125 1.1013865470886230469 1.1114799976348876953 1.1249750852584838867 1.1475989818572998047 1.1602406501770019531 1.1381709575653076172 1.0347539186477661133 0.99044585227966308594 1.0979952812194824219 1.1261757612228393555 1.1218675374984741211 1.1358803510665893555 1.1481592655181884766 1.1535983085632324219 1.2224946022033691406 1.2536790370941162109 1.2729343175888061523 1.3162549734115600586 1.3421881198883056641 1.3364584445953369141 -9999 -9999 -9999 -9999 -9999 -9999 -9999 -9999 -9999 -9999 -9999 -9999 -9999 0.94325292110443115234
1.081892848014831543 1.1299966573715209961 1.1190010309219360352 1.0939029455184936523 1.0564372539520263672 1.0448918342590332031 1.0503543615341186523 1.0840704441070556641 1.1101820468902587891 1.1281706094741821289 1.1223495006561279297 1.0737541913986206055 0.97350388765335083008 1.005360722541809082 1.1010454893112182617 1.1302254199981689453 1.1333017349243164063 1.1355915069580078125 1.1371226310729980469 1.1462140083312988281 1.2261893749237060547 1.2693709135055541992 1.2970066070556640625 1.3202960491180419922 1.3359695672988891602 1.3308532238006591797 -9999 -9999 -9999 -9999 -9999 -9999 -9999 -9999 -9999 -9999 -9999 -9999 -9999 -9999
1.0352907180786132813 1.0584764480590820313 1.0367009639739990234 1.0230648517608642578 1.0132898092269897461 1.0312035083770751953 1.0250319242477416992 1.0568418502807617188 1.0907300710678100586 1.1014908552169799805 1.0488188266754150391 0.98419767618179321289 0.93137860298156738281 0.99887943267822265625 1.0635528564453125 1.1111729145050048828 1.1395125389099121094 1.1358516216278076172 1.1312354803085327148 1.158343195915222168 1.2236542701721191406 1.2666991949081420898 1.2992999553680419922 1.3166446685791015625 1.3239055871963500977 -9999 -9999 -9999 -9999 -9999 -9999 -9999 -9999 -9999 -9999 -9999 -9999 -9999 -9999 0.92321383953094482422
0.9725869297981262207 0.96480232477188110352 0.96143287420272827148 0.97987473011016845703 0.98667967319488525391 1.0194265842437744141 1.01911163330078125 1.0379936695098876953 1.0835710763931274414 1.0889779329299926758 1.0035703182220458984 0.94498854875564575195 0.91660547256469726563 0.97223454713821411133 1.0345450639724731445 1.0953688621520996094 1.1399352550506591797 1.1381136178970336914 1.1419919729232788086 1.1781839132308959961 1.2239588499069213867 1.2437647581100463867 1.2750492095947265625 1.3002098798751831055 -9999 -9999 -9999 -9999 -9999 -9999 -9999 -9999 -9999 -9999 -9999 -9999 -9999 -9999 -9999 0.92190623283386230469
0.92532175779342651367 0.92856943607330322266 0.94714957475662231445 0.96013051271438598633 0.96400713920593261719 1.0034137964248657227 1.0199564695358276367 1.0328173637390136719 1.0708850622177124023 1.072405695915222168 0.98480314016342163086 0.94271963834762573242 0.9168682098388671875 0.92025065422058105469 0.99062073230743408203 1.0685508251190185547 1.1058365106582641602 1.1212341785430908203 1.1537523269653320313 1.1876145601272583008 1.2004702091217041016 1.2034437656402587891 1.245548248291015625 1.2746490240097045898 1.2735258340835571289 -9999 -9999 -9999 -9999 -9999 -9999 -9999 -9999 -9999 -9999 -9999 -9999 -9999 -9999 -9999
0.89625054597854614258 0.90957164764404296875 0.95185530185699462891 0.96769064664840698242 0.96505808830261230469 -9999 0.99955886602401733398 1.0124623775482177734 1.0282560586929321289 1.0239896774291992188 0.97411721944808959961 0.95230853557586669922 0.94445699453353881836 0.9043604731559753418 0.95690292119979858398 1.0468361377716064453 1.0275356769561767578 1.0512486696243286133 1.1361091136932373047 1.1855604648590087891 1.1843572854995727539 1.1778298616409301758 1.2084392309188842773 1.2522922754287719727 1.2735258340835571289 -9999 -9999 -9999 -9999 -9999 -9999 -9999 -9999 -9999 -9999 -9999 -9999 -9999 -9999 -9999
0.90119117498397827148 0.912357330322265625 0.95323073863983154297 0.98346686363220214844 0.98332417011260986328 0.99512374401092529297 0.99955886602401733398 1.0022132396697998047 1.0050710439682006836 1.0042263269424438477 0.96523904800415039063 0.96692681312561035156 0.96059685945510864258 0.90640318393707275391 0.92146605253219604492 0.98956543207168579102 0.95437473058700561523 0.99088954925537109375 1.1012568473815917969 1.1746118068695068359 1.1812027692794799805 1.1768076419830322266 1.1866158246994018555 1.2178446054458618164 -9999 -9999 -9999 -9999 -9999 -9999 -9999 -9999 -9999 -9999 -9999 -9999 -9999 -9999 -9999 -9999
0.9525356292724609375 0.98034363985061645508 0.99568831920623779297 1.0040636062622070313 1.0083395242691040039 1.0175805091857910156 1.0317680835723876953 -9999 -9999 -9999 0.97048157453536987305 0.97520208358764648438 0.97491234540939331055 0.91921019554138183594 0.87369459867477416992 0.88923156261444091797 0.9054610133171081543 0.97408068180084228516 1.0985434055328369141 1.1702879667282104492 1.1753947734832763672 1.1752190589904785156 1.1760115623474121094 -9999 -9999 -9999 -9999 -9999 -9999 -9999 -9999 -9999 -9999 -9999 -9999 -9999 -9999 1.1494120359420776367 1.0588715076446533203 0.91031634807586669922
0.99561876058578491211 1.0165078639984130859 1.0271546840667724609 1.0459827184677124023 1.0527520179748535156 1.049616694450378418 1.0352472066879272461 -9999 -9999 0.94432389736175537109 0.93217110633850097656 0.94093096256256103516 0.95665323734283447266 0.91193628311157226563 0.8576800227165222168 0.85876661539077758789 0.92527306079864501953 1.0082700252532958984 1.1153427362442016602 1.1656118631362915039 1.1728535890579223633 1.172486424446105957 -9999 -9999 -9999 -9999 -9999 -9999 -9999 -9999 -9999 -9999 -9999 -9999 -9999 -9999 -9999 1.1499114036560058594 1.0698001384735107422 0.96441167593002319336
0.98001652956008911133 1.0112496614456176758 1.0488258600234985352 1.0933409929275512695 1.0992951393127441406 1.0828185081481933594 1.0395439863204956055 -9999 0.99612331390380859375 0.96775156259536743164 0.93842625617980957031 0.91172397136688232422 0.89816451072692871094 0.86487823724746704102 0.85299080610275268555 0.83646470308303833008 0.92661803960800170898 1.0229021310806274414 1.087157130241394043 1.1190540790557861328 1.1533912420272827148 1.1650863885879516602 -9999 -9999 -9999 -9999 -9999 -9999 -9999 -9999 -9999 -9999 -9999 -9999 -9999 -9999 -9999 1.1418693065643310547 1.0854762792587280273 0.99348556995391845703
0.94456136226654052734 1.0175691843032836914 1.0918785333633422852 1.1357750892639160156 1.1472109556198120117 1.1213568449020385742 1.0755072832107543945 1.1715459823608398438 1.0367000102996826172 1.0013867616653442383 0.96916615962982177734 0.92953163385391235352 0.90581250190734863281 0.91239821910858154297 0.93487238883972167969 0.85764783620834350586 0.81216698884963989258 0.89878219366073608398 0.99119573831558227539 1.0363250970840454102 1.0692625045776367188 1.0611264705657958984 -9999 -9999 -9999 -9999 -9999 -9999 -9999 -9999 -9999 -9999 -9999 -9999 -9999 -9999 -9999 1.1142735481262207031 1.0731374025344848633 0.9899107813835144043
0.91402769088745117188 1.0217555761337280273 1.1308571100234985352 1.1891300678253173828 1.1884131431579589844 1.1918652057647705078 1.2442867755889892578 1.2465583086013793945 1.1136471033096313477 1.0272589921951293945 0.98856580257415771484 0.9504998326301574707 0.93951636552810668945 0.96735835075378417969 0.98114490509033203125 0.90635973215103149414 0.78270256519317626953 0.81318575143814086914 0.89556413888931274414 0.96810126304626464844 1.0080360174179077148 0.994884490966796875 0.95145422220230102539 -9999 -9999 -9999 -9999 -9999 -9999 -9999 -9999 -9999 -9999 -9999 -9999 -9999 1.1004487276077270508 1.0908919572830200195 1.0469353199005126953 0.96294057369232177734
0.92031764984130859375 1.0367147922515869141 1.1533381938934326172 1.2431540489196777344 1.2189790010452270508 1.2788805961608886719 1.3979765176773071289 1.3464797735214233398 1.1657762527465820313 1.0307267904281616211 0.98877811431884765625 0.95369702577590942383 0.95476013422012329102 0.99939966201782226563 1.004710078239440918 0.9452991485595703125 0.81909555196762084961 0.76845228672027587891 0.7888724207878112793 0.86535841226577758789 0.94516861438751220703 0.94360786676406860352 0.91231125593185424805 0.90118509531021118164 -9999 -9999 -9999 -9999 -9999 -9999 -9999 -9999 -9999 -9999 -9999 1.1718192100524902344 1.1031004190444946289 1.0575160980224609375 1.0015084743499755859 0.92633008956909179688
