INPUT/RASTER/ASCII/BIO19.asc
ncols        113
nrows        135
xllcorner    473009.983799999987
yllcorner    4429001.174800000153
cellsize     100.000000000000
NODATA_value  -9999
[rows 72 to 89 of 135, columns 0 to 39 of 113]
-9999 -9999 -9999 0.42620965838432312012 0.3992271125316619873 0.019462121650576591492 -0.14871205389499664307 -0.15092790126800537109 -0.16107110679149627686 -0.064340308308601379395 0.044053703546524047852 0.12552934885025024414 0.16399082541465759277 0.18507757782936096191 0.16884423792362213135 0.16911560297012329102 0.19653268158435821533 0.20774392783641815186 0.20325356721878051758 0.19902814924716949463 0.21136060357093811035 0.24439202249050140381 0.27028635144233703613 0.29439112544059753418 0.30836734175682067871 0.31554204225540161133 0.31925863027572631836 0.33246570825576782227 0.33091267943382263184 0.45197927951812744141 0.68588352203369140625 0.24670962989330291748 0.16018162667751312256 0.14559115469455718994 0.126653328537940979 0.12797714769840240479 0.18009765446186065674 0.19590102136135101318 0.17358763515949249268 0.13490979373455047607
-9999 -9999 -9999 0.41186761856079101563 0.42603820562362670898 0.16697309911251068115 -0.14981769025325775146 -0.14955639839172363281 -0.12651784718036651611 -0.032045066356658935547 0.072105191648006439209 0.11291177570819854736 0.13755102455615997314 0.13589075207710266113 0.10544280707836151123 0.097169831395149230957 0.13464118540287017822 0.13922230899333953857 0.1307201385498046875 0.13634638488292694092 0.21478477120399475098 0.39637961983680725098 0.25412359833717346191 0.27477395534515380859 0.32550188899040222168 0.40314266085624694824 0.37963563203811645508 0.48881715536117553711 0.31664675474166870117 0.27630129456520080566 0.19749805331230163574 0.11869937926530838013 0.11568044126033782959 0.076819248497486114502 0.049592856317758560181 0.069091752171516418457 0.1313132941722869873 0.14531795680522918701 0.12047792226076126099 0.07874539494514465332
-9999 -9999 0.40739834308624267578 0.41097009181976318359 0.4196904599666595459 0.14276106655597686768 -0.10475451499223709106 -0.075848586857318878174 -0.057236216962337493896 -0.0034545105881989002228 0.063354574143886566162 0.082811295986175537109 0.095813915133476257324 0.087292492389678955078 0.044918220490217208862 0.030258983373641967773 0.069507963955402374268 0.071664221584796905518 0.059301506727933883667 0.10009067505598068237 0.53204953670501708984 1.0256459712982177734 0.65650177001953125 0.75077283382415771484 0.97949546575546264648 1.0533444881439208984 1.0263545513153076172 1.0125112533569335938 0.41247358918190002441 0.028685797005891799927 -0.0017117207171395421028 0.070827208459377288818 0.05551797524094581604 0.014142074622213840485 0.032186962664127349854 0.067702837288379669189 0.10496975481510162354 0.10644942522048950195 0.089650437235832214355 0.044205885380506515503
-9999 -9999 0.39714971184730529785 0.42700633406639099121 0.22467584908008575439 -0.12302309274673461914 -0.13172420859336853027 -0.094692900776863098145 -0.070909917354583740234 0.0091144787147641181946 0.05395854264497756958 0.068330831825733184814 0.075821802020072937012 0.047277085483074188232 -0.010455006733536720276 -0.026152949780225753784 0.0088467802852392196655 0.018203388899564743042 0.070542089641094207764 0.43600815534591674805 1.0130741596221923828 1.1980767250061035156 1.1859366893768310547 1.2030153274536132813 1.2410734891891479492 1.233437657356262207 1.0875567197799682617 0.55158692598342895508 0.081668071448802947998 -0.071638755500316619873 -0.062173966318368911743 -0.001681467168964445591 -0.0053329830989241600037 -0.020924581214785575867 0.013122620061039924622 0.032787449657917022705 0.060680337250232696533 0.06168054044246673584 0.044666107743978500366 0.0019251267658546566963
-9999 -9999 0.38666546344757080078 0.410221099853515625 0.17878207564353942871 -0.20117084681987762451 -0.18873296678066253662 -0.16167983412742614746 -0.11699438095092773438 -0.028016753494739532471 0.013240884058177471161 0.038256015628576278687 0.032130122184753417969 -0.010233147069811820984 -0.076451823115348815918 -0.091687716543674468994 -0.050777535885572433472 0.030428586527705192566 0.4896450042724609375 0.98927104473114013672 1.1310540437698364258 1.1500192880630493164 1.1605091094970703125 1.1746227741241455078 1.1764674186706542969 0.98384463787078857422 0.33280858397483825684 -0.092214860022068023682 -0.122910328209400177 -0.15137712657451629639 -0.11644431203603744507 -0.063432700932025909424 -0.064424648880958557129 -0.070630304515361785889 -0.045142117887735366821 -0.029959401115775108337 -0.0011295684380456805229 0.0022322465665638446808 -0.021393053233623504639 -0.054561983793973922729
-9999 -9999 0.38729345798492431641 0.34756132960319519043 0.26663574576377868652 -0.16300916671752929688 -0.25823736190795898438 -0.24554644525051116943 -0.18140059709548950195 -0.098324254155158996582 -0.039305008947849273682 -0.010241397656500339508 -0.025831161066889762878 -0.076899215579032897949 -0.12831105291843414307 -0.13651527464389801025 -0.094674572348594665527 0.21438871324062347412 0.94277036190032958984 1.0580475330352783203 1.0706403255462646484 1.0912559032440185547 1.103543400764465332 1.1017098426818847656 0.87188160419464111328 0.23819370567798614502 -0.23236413300037384033 -0.39019158482551574707 -0.34345072507858276367 -0.3094374239444732666 -0.17015267908573150635 -0.092670500278472900391 -0.094438955187797546387 -0.130716666579246521 -0.10999938100576400757 -0.075509384274482727051 -0.054602321237325668335 -0.062496673315763473511 -0.096781320869922637939 -0.10862605273723602295
-9999 -9999 -9999 0.20817297697067260742 0.18580000102519989014 -0.18235220015048980713 -0.29775220155715942383 -0.27789759635925292969 -0.22617956995964050293 -0.16522318124771118164 -0.091463103890419006348 -0.07754370570182800293 -0.093931064009666442871 -0.12961471080780029297 -0.15948782861232757568 -0.16069063544273376465 -0.011759578250348567963 0.62920385599136352539 0.99342399835586547852 1.0102120637893676758 1.0167320966720581055 1.0299749374389648438 1.0330250263214111328 0.80367994308471679688 0.10233310610055923462 -0.26831638813018798828 -0.43688020110130310059 -0.52655643224716186523 -0.49020168185234069824 -0.39215624332427978516 -0.20774871110916137695 -0.12687171995639801025 -0.12835688889026641846 -0.15868015587329864502 -0.14787778258323669434 -0.12129038572311401367 -0.12408288568258285522 -0.16172385215759277344 -0.18828833103179931641 -0.1524845808744430542
-9999 -9999 -9999 0.10548865050077438354 0.00088275334564968943596 -0.31009659171104431152 -0.35636165738105773926 -0.30356824398040771484 -0.25398719310760498047 -0.21570907533168792725 -0.15745075047016143799 -0.14529798924922943115 -0.16542303562164306641 -0.18234303593635559082 -0.19392007589340209961 -0.034580864012241363525 0.52671021223068237305 0.8893553614616394043 0.95687216520309448242 0.97642332315444946289 0.97512793540954589844 0.8564192652702331543 0.58302956819534301758 0.12729506194591522217 -0.2521591484546661377 -0.44331136345863342285 -0.5583648681640625 -0.58510166406631469727 -0.48125028610229492188 -0.3740132451057434082 -0.24227538704872131348 -0.18446812033653259277 -0.18757049739360809326 -0.18328548967838287354 -0.17023611068725585938 -0.16556696593761444092 -0.20402202010154724121 -0.26937252283096313477 -0.2503045201301574707 -0.19156946241855621338
-9999 -9999 -9999 -0.81741434335708618164 -0.63671338558197021484 -0.51874089241027832031 -0.40220776200294494629 -0.3426182866096496582 -0.30084541440010070801 -0.25452533364295959473 -0.2149509042501449585 -0.19514763355255126953 -0.21085749566555023193 -0.22844491899013519287 -0.16716949641704559326 0.41231316328048706055 0.83890610933303833008 0.89531624317169189453 0.92543232440948486328 0.94157302379608154297 0.86135613918304443359 0.31566855311393737793 -0.066259115934371948242 -0.15044200420379638672 -0.29404661059379577637 -0.49147599935531616211 -0.6162427067756652832 -0.61249309778213500977 -0.47395184636116027832 -0.41240411996841430664 -0.31759214401245117188 -0.24603141844272613525 -0.22601546347141265869 -0.19965817034244537354 -0.18456897139549255371 -0.19614875316619873047 -0.26203188300132751465 -0.32404991984367370605 -0.28565445542335510254 -0.24045926332473754883
-9999 -9999 -0.28435629606246948242 -0.74293738603591918945 -0.76226943731307983398 -0.54297858476638793945 -0.41366010904312133789 -0.3786970674991607666 -0.34321969747543334961 -0.28220278024673461914 -0.24854613840579986572 -0.23357060551643371582 -0.26015707850456237793 -0.26449528336524963379 0.16920819878578186035 0.7533893585205078125 0.85520178079605102539 0.87863826751708984375 0.89277034997940063477 0.84341299533843994141 0.41910922527313232422 -0.10118825733661651611 -0.16165691614151000977 -0.18412341177463531494 -0.33179023861885070801 -0.52737599611282348633 -0.65190160274505615234 -0.66043859720230102539 -0.57350355386734008789 -0.49642476439476013184 -0.38004013895988464355 -0.24890458583831787109 -0.21950727701187133789 -0.20832720398902893066 -0.20402477681636810303 -0.22235111892223358154 -0.29433998465538024902 -0.36490601301193237305 -0.34980672597885131836 -0.31780576705932617188
-9999 -9999 -0.44442251324653625488 -0.61513888835906982422 -0.65116542577743530273 -0.53894847631454467773 -0.45462530851364135742 -0.44468930363655090332 -0.3734054267406463623 -0.31247746944427490234 -0.29434639215469360352 -0.28367239236831665039 -0.2915484011173248291 -0.082906842231750488281 0.51160633563995361328 0.80254316329956054688 0.8494059443473815918 0.83986508846282958984 0.58193308115005493164 0.22424955666065216064 -0.11017907410860061646 -0.19342501461505889893 -0.19667223095893859863 -0.21697147190570831299 -0.38790789246559143066 -0.57315886020660400391 -0.63771539926528930664 -0.68824988603591918945 -0.59155666828155517578 -0.44034743309020996094 -0.31922766566276550293 -0.24661724269390106201 -0.23093762993812561035 -0.2297293245792388916 -0.23315531015396118164 -0.24752393364906311035 -0.30817136168479919434 -0.40285500884056091309 -0.42396467924118041992 -0.4026597142219543457
-9999 -9999 -0.69121843576431274414 -0.62889969348907470703 -0.62198352813720703125 -0.58753752708435058594 -0.53830122947692871094 -0.49604246020317077637 -0.38301414251327514648 -0.35241585969924926758 -0.40440711379051208496 -0.41090336441993713379 -0.10451248288154602051 0.42481064796447753906 0.68874752521514892578 0.79144006967544555664 0.80021452903747558594 0.45906138420104980469 -0.029485428705811500549 -0.19831876456737518311 -0.21803677082061767578 -0.22685247659683227539 -0.23303429782390594482 -0.25437316298484802246 -0.42633360624313354492 -0.56983280181884765625 -0.57093840837478637695 -0.66291391849517822266 -0.55544400215148925781 -0.40373784303665161133 -0.29992130398750305176 -0.25637722015380859375 -0.24518890678882598877 -0.24617810547351837158 -0.25634881854057312012 -0.271541595458984375 -0.31790292263031005859 -0.41502428054809570313 -0.47285628318786621094 -0.48683160543441772461
-9999 -9999 -0.76010584831237792969 -0.67583674192428588867 -0.66145986318588256836 -0.63394010066986083984 -0.63523918390274047852 -0.58021891117095947266 -0.46373254060745239258 -0.48377048969268798828 -0.53840297460556030273 -0.43960025906562805176 0.21607099473476409912 0.60413372516632080078 0.71167790889739990234 0.66200333833694458008 0.40760645270347595215 -0.08841940760612487793 -0.22289384901523590088 -0.22825515270233154297 -0.23581762611865997314 -0.25570890307426452637 -0.2795753180980682373 -0.3179111778736114502 -0.49255046248435974121 -0.63439029455184936523 -0.65740501880645751953 -0.68229728937149047852 -0.5228627324104309082 -0.39030250906944274902 -0.30978122353553771973 -0.26664051413536071777 -0.25388267636299133301 -0.26076674461364746094 -0.27763083577156066895 -0.29698762297630310059 -0.3308487236499786377 -0.40107828378677368164 -0.46023228764533996582 -0.51077413558959960938
-9999 -0.99140912294387817383 -0.89760285615921020508 -0.74118542671203613281 -0.70925045013427734375 -0.70958048105239868164 -0.76503443717956542969 -0.72660136222839355469 -0.62133169174194335938 -0.54891198873519897461 -0.46920111775398254395 0.066161736845970153809 0.59509432315826416016 0.65512478351593017578 0.47368761897087097168 0.099092304706573486328 -0.20717480778694152832 -0.24996162950992584229 -0.25185751914978027344 -0.25350496172904968262 -0.26666253805160522461 -0.34952527284622192383 -0.46268099546432495117 -0.57618147134780883789 -0.75094908475875854492 -0.80106920003890991211 -0.69235521554946899414 -0.56240600347518920898 -0.44854158163070678711 -0.36010301113128662109 -0.31290009617805480957 -0.28790238499641418457 -0.27892899513244628906 -0.29098549485206604004 -0.30954834818840026855 -0.32237222790718078613 -0.33878156542778015137 -0.3671016693115234375 -0.39559963345527648926 -0.45885071158409118652
-9999 -1.0363925695419311523 -0.94776332378387451172 -0.78236788511276245117 -0.75011295080184936523 -0.77527481317520141602 -0.81155431270599365234 -0.77291411161422729492 -0.63710665702819824219 -0.41265350580215454102 0.024978358298540115356 0.58186250925064086914 0.62890684604644775391 0.39374753832817077637 -0.16075205802917480469 -0.30498924851417541504 -0.31224459409713745117 -0.31115546822547912598 -0.33660238981246948242 -0.35392487049102783203 -0.40567132830619812012 -0.58656024932861328125 -0.76641505956649780273 -0.88328009843826293945 -0.95939534902572631836 -0.84589397907257080078 -0.58475512266159057617 -0.40503233671188354492 -0.37990078330039978027 -0.33293071389198303223 -0.30659541487693786621 -0.30879202485084533691 -0.31582459807395935059 -0.33267861604690551758 -0.3448130488395690918 -0.34177577495574951172 -0.34025299549102783203 -0.35370576381683349609 -0.36899298429489135742 -0.43104860186576843262
-1.0840667486190795898 -0.98156207799911499023 -0.87326520681381225586 -0.79953265190124511719 -0.78130716085433959961 -0.81860709190368652344 -0.81163591146469116211 -0.72126203775405883789 -0.54716640710830688477 -0.090682014822959899902 0.53072750568389892578 0.60214066505432128906 0.12393233180046081543 -0.22392612695693969727 -0.37169748544692993164 -0.4024772942066192627 -0.45046955347061157227 -0.53574985265731811523 -0.62837803363800048828 -0.67811125516891479492 -0.76614922285079956055 -0.90221422910690307617 -0.98593598604202270508 -1.0051901340484619141 -0.90921014547348022461 -0.66682851314544677734 -0.4600562751293182373 -0.34542453289031982422 -0.3296165764331817627 -0.30944842100143432617 -0.30757179856300354004 -0.32120239734649658203 -0.33826819062232971191 -0.35751312971115112305 -0.36109313368797302246 -0.35013949871063232422 -0.33777770400047302246 -0.35100677609443664551 -0.3712730109691619873 -0.44745886325836181641
-1.0261108875274658203 -0.93538498878479003906 -0.87163704633712768555 -0.85200154781341552734 -0.8445307612419128418 -0.90096104145050048828 -0.83729004859924316406 -0.70591342449188232422 -0.39880469441413879395 0.25554734468460083008 0.40984427928924560547 0.11219302564859390259 -0.33698195219039916992 -0.45420449972152709961 -0.55137991905212402344 -0.64571791887283325195 -0.78424268960952758789 -0.95425683259963989258 -1.0623822212219238281 -1.104378819465637207 -1.1274622678756713867 -1.0767600536346435547 -0.99746721982955932617 -0.85608118772506713867 -0.62393075227737426758 -0.45775425434112548828 -0.38598817586898803711 -0.35041454434394836426 -0.33860281109809875488 -0.32099613547325134277 -0.32736498117446899414 -0.3450578153133392334 -0.35869300365447998047 -0.3675912320613861084 -0.36543864011764526367 -0.36027354001998901367 -0.35024219751358032227 -0.35728669166564941406 -0.38322591781616210938 -0.49139624834060668945
-0.93232113122940063477 -0.92596513032913208008 -0.91913425922393798828 -0.90413582324981689453 -0.95392680168151855469 -1.0152150392532348633 -0.87032055854797363281 -0.63883936405181884766 -0.016477303579449653625 0.014392353594303131104 -0.2648372352123260498 -0.34463059902191162109 -0.4296945035457611084 -0.55471885204315185547 -0.76112067699432373047 -0.93690592050552368164 -1.0851393938064575195 -1.2440083026885986328 -1.3069301843643188477 -1.3112270832061767578 -1.2340346574783325195 -1.0710127353668212891 -0.9050553441047668457 -0.687641143798828125 -0.46979242563247680664 -0.42066153883934020996 -0.40027520060539245605 -0.41172754764556884766 -0.41329249739646911621 -0.37316980957984924316 -0.36535429954528808594 -0.37836611270904541016 -0.37957808375358581543 -0.37259957194328308105 -0.37018114328384399414 -0.37420761585235595703 -0.36848601698875427246 -0.3697007298469543457 -0.40736278891563415527 -0.54369002580642700195
