INPUT/RASTER/ASCII/BIO12.asc
ncols        113
nrows        135
xllcorner    473009.983799999987
yllcorner    4429001.174800000153
cellsize     100.000000000000
NODATA_value  -9999
[rows 36 to 53 of 135, columns 0 to 39 of 113]
-9999 -9999 -9999 -9999 -9999 -9999 -9999 -9999 -9999 1.2960962057113647461 1.2725082635879516602 1.2694236040115356445 1.2782673835754394531 1.2879769802093505859 1.2990546226501464844 1.3214519023895263672 1.3526357412338256836 1.3742723464965820313 1.378884434700012207 1.4014711380004882813 1.4305143356323242188 1.4451607465744018555 1.4478290081024169922 1.4523719549179077148 1.45485687255859375 1.4748684167861938477 1.5710462331771850586 1.5728126764297485352 1.5009982585906982422 1.4282684326171875 1.4004293680191040039 1.3910593986511230469 1.3813903331756591797 1.3775449991226196289 1.3657503128051757813 1.344402313232421875 1.3204447031021118164 1.2882896661758422852 1.2446526288986206055 1.2181138992309570313
-9999 -9999 -9999 -9999 -9999 -9999 -9999 -9999 -9999 -9999 1.2602987289428710938 1.2593306303024291992 1.2738221883773803711 1.2639502286911010742 1.2143616676330566406 1.1815407276153564453 1.1971447467803955078 1.2905385494232177734 1.342043757438659668 1.3889608383178710938 1.4297401905059814453 1.449402928352355957 1.4537594318389892578 1.4558866024017333984 1.4634690284729003906 1.5353496074676513672 1.6000940799713134766 1.5676233768463134766 1.4879363775253295898 1.4217201471328735352 1.4030646085739135742 1.3971747159957885742 1.3886421918869018555 1.3787732124328613281 1.3598694801330566406 1.3342822790145874023 1.3079916238784790039 1.2637021541595458984 1.2106125354766845703 1.1924935579299926758
-9999 -9999 -9999 -9999 -9999 -9999 -9999 -9999 -9999 -9999 -9999 1.2530574798583984375 1.2748143672943115234 1.1877417564392089844 1.0937316417694091797 1.0657286643981933594 1.118906855583190918 1.2137694358825683594 1.2934534549713134766 1.3723661899566650391 1.4152365922927856445 1.4375571012496948242 1.4523959159851074219 1.4594433307647705078 1.4726179838180541992 1.5638982057571411133 1.5710327625274658203 1.5175101757049560547 1.4455034732818603516 1.4154365062713623047 1.4098097085952758789 1.4020949602127075195 1.3910864591598510742 1.3754885196685791016 1.3555310964584350586 1.3277130126953125 1.3015320301055908203 1.2568968534469604492 1.2053931951522827148 1.1780335903167724609
-9999 -9999 -9999 -9999 -9999 -9999 -9999 -9999 -9999 -9999 -9999 -9999 -9999 1.095227360725402832 1.0392079353332519531 1.1541391611099243164 1.2500840425491333008 1.2729232311248779297 1.3058087825775146484 1.3638787269592285156 1.3956819772720336914 1.4116346836090087891 1.4334472417831420898 1.4469165802001953125 1.4704277515411376953 1.5292718410491943359 1.4997220039367675781 1.4544810056686401367 1.4189962148666381836 1.4197163581848144531 1.415818333625793457 1.404345393180847168 1.3924409151077270508 1.3766444921493530273 1.3528792858123779297 1.3204567432403564453 1.2954301834106445313 1.2577551603317260742 1.2087063789367675781 1.1650995016098022461
-9999 -9999 -9999 -9999 -9999 -9999 -9999 -9999 -9999 -9999 -9999 -9999 -9999 -9999 -9999 1.3007036447525024414 1.349501490592956543 1.3732095956802368164 1.3736935853958129883 1.3807801008224487305 1.3931459188461303711 1.3988403081893920898 1.3954775333404541016 1.3906580209732055664 1.4653992652893066406 1.4866795539855957031 1.4446511268615722656 1.4125832319259643555 1.4034674167633056641 1.4200079441070556641 1.4163249731063842773 1.4051330089569091797 1.3937321901321411133 1.3787837028503417969 1.3505898714065551758 1.3136949539184570313 1.2892863750457763672 1.2563090324401855469 1.2064003944396972656 1.1573470830917358398
-9999 -9999 -9999 -9999 -9999 -9999 -9999 -9999 -9999 -9999 -9999 -9999 -9999 -9999 -9999 1.3207378387451171875 1.3430569171905517578 1.3755831718444824219 1.3885940313339233398 1.3980481624603271484 1.4052248001098632813 1.4023460149765014648 1.3846509456634521484 1.3662058115005493164 1.4571132659912109375 1.4588479995727539063 1.4214406013488769531 1.3948882818222045898 1.3805139064788818359 1.3958338499069213867 1.4028481245040893555 1.3997198343276977539 1.3939818143844604492 1.3800945281982421875 1.3481620550155639648 1.3133417367935180664 1.289122462272644043 1.250882267951965332 1.1944764852523803711 1.137377619743347168
-9999 -9999 -9999 -9999 -9999 -9999 -9999 -9999 -9999 -9999 -9999 -9999 -9999 -9999 -9999 1.3169510364532470703 1.3395227193832397461 1.3625047206878662109 1.3861738443374633789 1.4075894355773925781 1.4158874750137329102 1.4048084020614624023 1.3855649232864379883 1.4049166440963745117 1.4400315284729003906 1.4288922548294067383 1.4013838768005371094 1.3788619041442871094 1.3670431375503540039 1.3742017745971679688 1.3781102895736694336 1.379899144172668457 1.3831943273544311523 1.3707201480865478516 1.3414379358291625977 1.3108568191528320313 1.2830402851104736328 1.2372069358825683594 1.1711411476135253906 1.1047611236572265625
-9999 -9999 -9999 -9999 -9999 -9999 -9999 -9999 -9999 -9999 -9999 -9999 -9999 -9999 -9999 -9999 1.3508514165878295898 1.3624987602233886719 1.3855965137481689453 1.3970469236373901367 1.3884437084197998047 1.3616434335708618164 1.3744347095489501953 1.4554897546768188477 1.4264675378799438477 1.4016860723495483398 1.376841425895690918 1.3514993190765380859 1.3481680154800415039 1.3624505996704101563 1.3568089008331298828 1.3493812084197998047 1.3503342866897583008 1.3444129228591918945 1.3213061094284057617 1.2899959087371826172 1.2594989538192749023 1.2108274698257446289 1.1451570987701416016 1.0793212652206420898
-9999 -9999 -9999 -9999 -9999 -9999 -9999 -9999 -9999 -9999 -9999 -9999 -9999 -9999 -9999 1.2466053962707519531 1.2886399030685424805 1.3371881246566772461 1.3732110261917114258 1.368350982666015625 1.3362184762954711914 1.3046587705612182617 1.3567186594009399414 1.4359335899353027344 1.4208317995071411133 1.3833280801773071289 1.3514842987060546875 1.3298040628433227539 1.3228363990783691406 1.3371595144271850586 1.3348205089569091797 1.3219749927520751953 1.3136498928070068359 1.3021678924560546875 1.2777893543243408203 1.2460281848907470703 1.2150547504425048828 1.1672912836074829102 1.0957324504852294922 1.0344094038009643555
-9999 -9999 -9999 -9999 -9999 -9999 -9999 -9999 -9999 -9999 1.0458358526229858398 1.1018177270889282227 1.151839137077331543 1.2507274150848388672 1.2555814981460571289 1.2634465694427490234 1.274363398551940918 1.3268095254898071289 1.3560196161270141602 1.3366589546203613281 1.2996859550476074219 1.2732870578765869141 1.339839935302734375 1.3863933086395263672 1.3982164859771728516 1.3649265766143798828 1.3368378877639770508 1.324189305305480957 1.3146796226501464844 1.3156702518463134766 1.3076353073120117188 1.285854339599609375 1.2684359550476074219 1.2504042387008666992 1.2244968414306640625 1.1886903047561645508 1.1494954824447631836 1.0943779945373535156 1.0140310525894165039 0.96754086017608642578
-9999 -9999 -9999 -9999 -9999 -9999 0.995655059814453125 0.98987948894500732422 0.97700697183609008789 1.0056788921356201172 1.094965815544128418 1.157515406608581543 1.2214527130126953125 1.2510701417922973633 1.2790415287017822266 1.3058012723922729492 1.2906377315521240234 1.3187520503997802734 1.3325760364532470703 1.3002767562866210938 1.2705856561660766602 1.2878131866455078125 1.3471487760543823242 1.3590036630630493164 1.3705518245697021484 1.3616989850997924805 1.3434011936187744141 1.3269343376159667969 1.3145413398742675781 1.2965997457504272461 1.2721925973892211914 1.2484935522079467773 1.234104156494140625 1.2193721532821655273 1.1925432682037353516 1.1455148458480834961 1.1008390188217163086 1.0327919721603393555 0.96223127841949462891 0.92869478464126586914
-9999 -9999 -9999 -9999 -9999 0.89936441183090209961 0.93614953756332397461 1.0089124441146850586 1.0419092178344726563 1.1196870803833007813 1.1812791824340820313 1.2139618396759033203 1.2455049753189086914 1.2649077177047729492 1.2856168746948242188 1.3236796855926513672 1.3389334678649902344 1.3235955238342285156 1.3180694580078125 1.2706247568130493164 1.2491489648818969727 1.3109394311904907227 1.3462258577346801758 1.3666883707046508789 1.3926243782043457031 1.3863196372985839844 1.3579212427139282227 1.3332825899124145508 1.3171404600143432617 1.2911323308944702148 1.253720402717590332 1.228321075439453125 1.219426274299621582 1.2080645561218261719 1.1793384552001953125 1.1354444026947021484 1.1020101308822631836 1.0285903215408325195 0.96172469854354858398 0.92464047670364379883
-9999 -9999 -9999 -9999 0.79937273263931274414 0.84633797407150268555 0.92908263206481933594 1.0051993131637573242 1.0547397136688232422 1.147350311279296875 1.1990734338760375977 1.2089935541152954102 1.2365815639495849609 1.2588480710983276367 1.2769024372100830078 1.3129417896270751953 1.3627437353134155273 1.371601104736328125 1.3193352222442626953 1.2502944469451904297 1.2316223382949829102 1.3076127767562866211 1.3277701139450073242 1.3746511936187744141 1.4130523204803466797 1.4024136066436767578 1.3663260936737060547 1.3383862972259521484 1.3213436603546142578 1.3019002676010131836 1.2668213844299316406 1.2254543304443359375 1.2144473791122436523 1.2064033746719360352 1.1734050512313842773 1.1156688928604125977 1.0781410932540893555 1.0069506168365478516 0.9462229609489440918 0.91962701082229614258
-9999 -9999 -9999 -9999 0.70544224977493286133 0.7549540400505065918 0.87681233882904052734 0.957096099853515625 1.0033653974533081055 1.0792144536972045898 1.1267043352127075195 1.1469609737396240234 1.1829237937927246094 1.2140520811080932617 1.2461093664169311523 1.2854424715042114258 1.3279083967208862305 1.3603490591049194336 1.3322453498840332031 1.2319018840789794922 1.1786966323852539063 1.2059358358383178711 1.2759387493133544922 1.3550801277160644531 1.4028120040893554688 1.3927490711212158203 1.3545418977737426758 1.3301663398742675781 1.3152117729187011719 1.2996619939804077148 1.2725293636322021484 1.2262691259384155273 1.1993920803070068359 1.1980993747711181641 1.1737418174743652344 1.1096166372299194336 1.0523705482482910156 0.98473829030990600586 0.95430904626846313477 0.96112489700317382813
-9999 -9999 -9999 -9999 0.65663546323776245117 0.71588844060897827148 0.80941158533096313477 0.90705966949462890625 0.94814860820770263672 1.0036599636077880859 1.0640690326690673828 1.0925199985504150391 1.1169511079788208008 1.151458740234375 1.2044987678527832031 1.2679820060729980469 1.311253666877746582 1.3377143144607543945 1.32476806640625 1.2309112548828125 1.1626762151718139648 1.1592502593994140625 1.204273223876953125 1.271374821662902832 1.3411207199096679688 1.3581768274307250977 1.3287336826324462891 1.3011847734451293945 1.2914360761642456055 1.2749601602554321289 1.2526365518569946289 1.2160167694091796875 1.1592457294464111328 1.1682037115097045898 1.183879852294921875 1.1488686800003051758 1.0924583673477172852 1.0010758638381958008 0.94973456859588623047 0.95682853460311889648
-9999 -9999 -9999 -9999 -9999 0.67653429508209228516 0.76068150997161865234 0.8634827733039855957 0.90357208251953125 0.95794242620468139648 1.0213850736618041992 1.0461003780364990234 1.0523314476013183594 1.0997521877288818359 1.1747099161148071289 1.2525794506072998047 1.300603032112121582 1.3263946771621704102 1.3219704627990722656 1.2649438381195068359 1.2453621625900268555 1.2516323328018188477 1.1920425891876220703 1.1658045053482055664 1.2340275049209594727 1.3078202009201049805 1.2947417497634887695 1.2528635263442993164 1.2591396570205688477 1.2542600631713867188 1.2324565649032592773 1.2138431072235107422 1.1647717952728271484 1.1630384922027587891 1.1827448606491088867 1.1612119674682617188 1.1093550920486450195 1.013987421989440918 0.93054980039596557617 0.92433226108551025391
-9999 -9999 -9999 -9999 0.56498992443084716797 0.6619059443473815918 0.72656172513961791992 0.80579620599746704102 0.85183244943618774414 0.89458101987838745117 0.91543442010879516602 0.93024617433547973633 0.96683430671691894531 1.0710607767105102539 1.1529244184494018555 1.2187377214431762695 1.2542645931243896484 1.2844052314758300781 1.3349949121475219727 1.3514811992645263672 1.3533061742782592773 1.306889653205871582 1.2080991268157958984 1.1371265649795532227 1.1632444858551025391 1.2638028860092163086 1.2559256553649902344 1.2173547744750976563 1.2464070320129394531 1.2568832635879516602 1.2421677112579345703 1.224567413330078125 1.1809965372085571289 1.1230138540267944336 1.1397317647933959961 1.1509897708892822266 1.1284466981887817383 1.0531958341598510742 0.93448239564895629883 0.88672339916229248047
-9999 -9999 -9999 -9999 0.54323756694793701172 0.5981686711311340332 0.69505161046981811523 0.74665141105651855469 0.77494603395462036133 0.78228652477264404297 0.77929353713989257813 0.79245465993881225586 0.87922656536102294922 1.0235482454299926758 1.1034532785415649414 1.1809228658676147461 1.251155853271484375 1.2967621088027954102 1.3508062362670898438 1.3654767274856567383 1.3401255607604980469 1.2474938631057739258 1.161276698112487793 1.1089943647384643555 1.1016026735305786133 1.1508619785308837891 1.1559550762176513672 1.1913466453552246094 1.2248951196670532227 1.2277979850769042969 1.2251447439193725586 1.1996537446975708008 1.1481500864028930664 1.0732223987579345703 1.0882506370544433594 1.1268802881240844727 1.1169947385787963867 1.0569945573806762695 0.94852143526077270508 0.87612682580947875977
