INPUT/RASTER/ASCII/BIO18.asc
ncols        113
nrows        135
xllcorner    473009.983799999987
yllcorner    4429001.174800000153
cellsize     100.000000000000
NODATA_value  -9999
[rows 108 to 125 of 135, columns 40 to 79 of 113]
-2.0517530441284179688 -2.04354095458984375 -1.9634636640548706055 -1.8580552339553833008 -1.7383899688720703125 -1.4176658391952514648 -1.1614353656768798828 -1.0999019145965576172 -1.1657441854476928711 -1.3417433500289916992 -1.4330936670303344727 -1.3941301107406616211 -1.5097422599792480469 -1.7665114402770996094 -1.957758784294128418 -1.8697189092636108398 -1.7213139533996582031 -1.4569990634918212891 -1.1384258270263671875 -0.95217478275299072266 -0.80568689107894897461 -0.68257975578308105469 -0.64038717746734619141 -0.5847390294075012207 -0.52996754646301269531 -0.51811993122100830078 -0.54002940654754638672 -0.51661533117294311523 -0.50103336572647094727 -0.49658355116844177246 -0.50461798906326293945 -0.50428432226181030273 -0.44469162821769714355 -0.36136084794998168945 -0.29835173487663269043 -0.28313675522804260254 -0.25409403443336486816 -0.20672203600406646729 -0.16199314594268798828 -0.14938274025917053223
-2.0786230564117431641 -2.1090826988220214844 -2.0647978782653808594 -1.9780480861663818359 -1.8682616949081420898 -1.6806714534759521484 -1.4640333652496337891 -1.3383287191390991211 -1.4043715000152587891 -1.5713334083557128906 -1.6296072006225585938 -1.5775681734085083008 -1.6706297397613525391 -1.8137791156768798828 -1.9657766819000244141 -1.9422118663787841797 -1.823207855224609375 -1.5711284875869750977 -1.1922602653503417969 -0.92145669460296630859 -0.76305288076400756836 -0.69059318304061889648 -0.65720742940902709961 -0.61469429731369018555 -0.58417415618896484375 -0.58260822296142578125 -0.58375114202499389648 -0.58973360061645507813 -0.57121080160140991211 -0.55269145965576171875 -0.56305551528930664063 -0.55565774440765380859 -0.4991022944450378418 -0.41014373302459716797 -0.34235459566116333008 -0.33397248387336730957 -0.29432401061058044434 -0.2395385056734085083 -0.19046837091445922852 -0.16844941675662994385
-2.1177654266357421875 -2.1409752368927001953 -2.0484864711761474609 -1.942339777946472168 -1.9029067754745483398 -1.7951503992080688477 -1.599455714225769043 -1.5368819236755371094 -1.6354732513427734375 -1.7276887893676757813 -1.7441009283065795898 -1.7264705896377563477 -1.7853013277053833008 -1.847451329231262207 -1.96335601806640625 -1.9769699573516845703 -1.8610775470733642578 -1.6366344690322875977 -1.3018321990966796875 -0.98797154426574707031 -0.75627082586288452148 -0.69512361288070678711 -0.67233836650848388672 -0.65420264005661010742 -0.66463762521743774414 -0.6821988224983215332 -0.67591243982315063477 -0.67403823137283325195 -0.65717154741287231445 -0.63863474130630493164 -0.63009494543075561523 -0.59725832939147949219 -0.53786969184875488281 -0.44929036498069763184 -0.38658604025840759277 -0.37285199761390686035 -0.32593891024589538574 -0.27373346686363220215 -0.22309567034244537354 -0.18606668710708618164
-2.1831722259521484375 -2.1503567695617675781 -1.9275968074798583984 -1.7930529117584228516 -1.8146234750747680664 -1.7532467842102050781 -1.5900892019271850586 -1.5389399528503417969 -1.6232516765594482422 -1.7073627710342407227 -1.7486436367034912109 -1.7379144430160522461 -1.7173422574996948242 -1.8261916637420654297 -1.9670999050140380859 -2.0274791717529296875 -1.9311691522598266602 -1.7351005077362060547 -1.4788244962692260742 -1.1884050369262695313 -0.8704274296760559082 -0.75161075592041015625 -0.7187163233757019043 -0.70923596620559692383 -0.72811084985733032227 -0.74009335041046142578 -0.73613393306732177734 -0.7301514744758605957 -0.7239710688591003418 -0.71950894594192504883 -0.69337993860244750977 -0.64511728286743164063 -0.57527792453765869141 -0.4903164207935333252 -0.44530379772186279297 -0.43604326248168945313 -0.37377506494522094727 -0.31877499818801879883 -0.27179798483848571777 -0.23087613284587860107
-2.2586526870727539063 -2.2343592643737792969 -2.1014626026153564453 -1.9894403219223022461 -1.9452131986618041992 -1.8977344036102294922 -1.742026209831237793 -1.5153305530548095703 -1.4826638698577880859 -1.6019561290740966797 -1.695811152458190918 -1.6454404592514038086 -1.5074090957641601563 -1.6727290153503417969 -1.9118783473968505859 -2.0595905780792236328 -2.00389862060546875 -1.8526464700698852539 -1.6415082216262817383 -1.3892449140548706055 -1.1107580661773681641 -0.91427528858184814453 -0.79150968790054321289 -0.7501201629638671875 -0.75895684957504272461 -0.77057671546936035156 -0.77295011281967163086 -0.77234232425689697266 -0.77789300680160522461 -0.78627425432205200195 -0.74807435274124145508 -0.68940389156341552734 -0.61992537975311279297 -0.55726742744445800781 -0.5272674560546875 -0.50864660739898681641 -0.43594956398010253906 -0.37880295515060424805 -0.33617943525314331055 -0.28316214680671691895
-2.3141727447509765625 -2.3098859786987304688 -2.2865970134735107422 -2.2251539230346679688 -2.15950775146484375 -2.0879597663879394531 -1.8982703685760498047 -1.6654092073440551758 -1.5797506570816040039 -1.6040860414505004883 -1.6689167022705078125 -1.6572635173797607422 -1.5089933872222900391 -1.7000097036361694336 -1.9865028858184814453 -2.0800216197967529297 -1.9992849826812744141 -1.8499848842620849609 -1.5809189081192016602 -1.2803053855895996094 -1.1020108461380004883 -0.94476830959320068359 -0.79037380218505859375 -0.75779116153717041016 -0.77985215187072753906 -0.79312115907669067383 -0.79199314117431640625 -0.78732782602310180664 -0.79555934667587280273 -0.82063561677932739258 -0.78929573297500610352 -0.72880274057388305664 -0.66032612323760986328 -0.60849112272262573242 -0.58108872175216674805 -0.54755413532257080078 -0.47512948513031005859 -0.42220413684844970703 -0.38141453266143798828 -0.31762596964836120605
-2.3361918926239013672 -2.3369562625885009766 -2.3344550132751464844 -2.3221669197082519531 -2.2835853099822998047 -2.16635894775390625 -2.0123121738433837891 -1.881594538688659668 -1.8259428739547729492 -1.786600947380065918 -1.7702150344848632813 -1.7688269615173339844 -1.6751908063888549805 -1.7820513248443603516 -2.0332810878753662109 -2.0896692276000976563 -2.0194139480590820313 -1.8855662345886230469 -1.5745493173599243164 -1.1911383867263793945 -0.99327790737152099609 -0.8976414799690246582 -0.78833848237991333008 -0.77677905559539794922 -0.8112156987190246582 -0.82059186697006225586 -0.80901223421096801758 -0.79369127750396728516 -0.80874162912368774414 -0.85439622402191162109 -0.83774054050445556641 -0.78851014375686645508 -0.7152035832405090332 -0.65163046121597290039 -0.61451739072799682617 -0.57911473512649536133 -0.52074992656707763672 -0.47731280326843261719 -0.43607741594314575195 -0.37937220931053161621
-2.350128173828125 -2.364078521728515625 -2.366985321044921875 -2.3673110008239746094 -2.3480279445648193359 -2.2252905368804931641 -2.0943844318389892578 -2.04740142822265625 -2.0485162734985351563 -2.02611541748046875 -1.9855141639709472656 -1.9648535251617431641 -1.8628536462783813477 -1.7733144760131835938 -1.965479731559753418 -2.1006236076354980469 -2.0785267353057861328 -1.9480718374252319336 -1.668209075927734375 -1.3213919401168823242 -0.96360987424850463867 -0.84777879714965820313 -0.80861985683441162109 -0.82199835777282714844 -0.85414308309555053711 -0.85468870401382446289 -0.82316136360168457031 -0.8006388545036315918 -0.83966112136840820313 -0.90073567628860473633 -0.88535779714584350586 -0.83879238367080688477 -0.76390677690505981445 -0.69232547283172607422 -0.66772037744522094727 -0.62877166271209716797 -0.57845616340637207031 -0.54633241891860961914 -0.50914400815963745117 -0.44930613040924072266
-2.377986907958984375 -2.3946835994720458984 -2.3896846771240234375 -2.3855624198913574219 -2.3806273937225341797 -2.2793481349945068359 -2.1458516120910644531 -2.1450757980346679688 -2.1843702793121337891 -2.1795895099639892578 -2.1226067543029785156 -2.11370086669921875 -2.0056555271148681641 -1.7973985671997070313 -1.9370868206024169922 -2.0992548465728759766 -2.0281481742858886719 -1.8347375392913818359 -1.5911077260971069336 -1.2886489629745483398 -0.96449530124664306641 -0.85352742671966552734 -0.8284861445426940918 -0.84995770454406738281 -0.88758927583694458008 -0.89042329788208007813 -0.85840463638305664063 -0.83123171329498291016 -0.8737195134162902832 -0.93787151575088500977 -0.91799473762512207031 -0.86913126707077026367 -0.78902775049209594727 -0.72748643159866333008 -0.70672339200973510742 -0.67306876182556152344 -0.63210749626159667969 -0.60843509435653686523 -0.57120817899703979492 -0.49871781468391418457
-2.4107813835144042969 -2.4086480140686035156 -2.3979799747467041016 -2.3909318447113037109 -2.39260101318359375 -2.3324067592620849609 -2.2172219753265380859 -2.2239837646484375 -2.2656280994415283203 -2.2671406269073486328 -2.21884918212890625 -2.2076389789581298828 -2.1452946662902832031 -1.9749758243560791016 -2.044109344482421875 -2.1355700492858886719 -1.9844255447387695313 -1.7001830339431762695 -1.3919064998626708984 -1.1131559610366821289 -0.94073444604873657227 -0.87638360261917114258 -0.85361063480377197266 -0.88624054193496704102 -0.91843700408935546875 -0.91869443655014038086 -0.89975476264953613281 -0.87541937828063964844 -0.9177004694938659668 -0.99130827188491821289 -0.96449095010757446289 -0.90640985965728759766 -0.83599948883056640625 -0.79015135765075683594 -0.76222348213195800781 -0.72785425186157226563 -0.69413834810256958008 -0.67586779594421386719 -0.62950295209884643555 -0.61613059043884277344
-2.4262661933898925781 -2.4179198741912841797 -2.4267284870147705078 -2.4222645759582519531 -2.4046361446380615234 -2.3846795558929443359 -2.2995936870574951172 -2.3113055229187011719 -2.3501245975494384766 -2.3599264621734619141 -2.3408753871917724609 -2.3107993602752685547 -2.2590520381927490234 -2.1177039146423339844 -2.1226530075073242188 -2.1841733455657958984 -2.0563132762908935547 -1.7967846393585205078 -1.5203812122344970703 -1.2970380783081054688 -1.0809341669082641602 -0.95222818851470947266 -0.90430623292922973633 -0.92800319194793701172 -0.95238584280014038086 -0.94658380746841430664 -0.92920911312103271484 -0.93286460638046264648 -0.99239951372146606445 -1.0476255416870117188 -1.004582524299621582 -0.95387816429138183594 -0.92307603359222412109 -0.8829581141471862793 -0.83252966403961181641 -0.78825181722640991211 -0.77354478836059570313 -0.74683511257171630859 -0.68290466070175170898 -0.81880438327789306641
-2.4459650516510009766 -2.4537937641143798828 -2.4658479690551757813 -2.4679384231567382813 -2.4376995563507080078 -2.4273748397827148438 -2.3662977218627929688 -2.3734853267669677734 -2.4025516510009765625 -2.4101288318634033203 -2.3950190544128417969 -2.3558979034423828125 -2.3154909610748291016 -2.2040002346038818359 -2.1760346889495849609 -2.1243975162506103516 -2.0020070075988769531 -1.8075217008590698242 -1.6158004999160766602 -1.4451540708541870117 -1.1836398839950561523 -0.99264645576477050781 -0.94378304481506347656 -0.97300440073013305664 -0.98850136995315551758 -0.97616338729858398438 -0.95684009790420532227 -0.98103708028793334961 -1.0402023792266845703 -1.0876277685165405273 -1.0569771528244018555 -1.0173190832138061523 -0.99830317497253417969 -0.95878171920776367188 -0.88558900356292724609 -0.83290708065032958984 -0.82712954282760620117 -0.78724640607833862305 -0.74340116977691650391 -1.0025480985641479492
-2.4375338554382324219 -2.4753668308258056641 -2.4805243015289306641 -2.476818084716796875 -2.4600012302398681641 -2.4352550506591796875 -2.3962082862854003906 -2.4158277511596679688 -2.4333205223083496094 -2.4313859939575195313 -2.3964877128601074219 -2.3543703556060791016 -2.3354210853576660156 -2.2728910446166992188 -2.1881940364837646484 -1.9603081941604614258 -1.7648596763610839844 -1.5861122608184814453 -1.392642974853515625 -1.2571891546249389648 -1.0919717550277709961 -0.99124610424041748047 -0.98128932714462280273 -1.0208274126052856445 -1.0376626253128051758 -1.0235003232955932617 -0.99164283275604248047 -1.0099353790283203125 -1.0699203014373779297 -1.1297985315322875977 -1.1224533319473266602 -1.0902875661849975586 -1.0476229190826416016 -0.99121630191802978516 -0.92608255147933959961 -0.88987243175506591797 -0.88159102201461791992 -0.82702356576919555664 -0.80243599414825439453 -1.1323987245559692383
-2.3811476230621337891 -2.42935943603515625 -2.4678447246551513672 -2.4821341037750244141 -2.4726555347442626953 -2.4519317150115966797 -2.4310023784637451172 -2.4488613605499267578 -2.4466991424560546875 -2.4332075119018554688 -2.4069848060607910156 -2.382884979248046875 -2.3520951271057128906 -2.2947759628295898438 -2.0917088985443115234 -1.7347344160079956055 -1.4634071588516235352 -1.3251402378082275391 -1.1743311882019042969 -1.0568518638610839844 -1.0170230865478515625 -1.0046464204788208008 -1.0073658227920532227 -1.0594022274017333984 -1.08628082275390625 -1.0797203779220581055 -1.053574681282043457 -1.0629202127456665039 -1.1101214885711669922 -1.1790052652359008789 -1.1882255077362060547 -1.1546638011932373047 -1.0881050825119018555 -1.0205769538879394531 -0.97759526968002319336 -0.95776140689849853516 -0.94728881120681762695 -0.88276809453964233398 -0.92344206571578979492 -1.3020204305648803711
-2.3229849338531494141 -2.3721837997436523438 -2.4335000514984130859 -2.4751601219177246094 -2.4802966117858886719 -2.4710247516632080078 -2.4693346023559570313 -2.4751715660095214844 -2.4499454498291015625 -2.4342024326324462891 -2.4312186241149902344 -2.4028880596160888672 -2.3430080413818359375 -2.2669339179992675781 -2.0781991481781005859 -1.7691842317581176758 -1.4888521432876586914 -1.3458551168441772461 -1.2383028268814086914 -1.0945727825164794922 -1.0432107448577880859 -1.0389509201049804688 -1.0270972251892089844 -1.0834275484085083008 -1.1102948188781738281 -1.1053431034088134766 -1.0890308618545532227 -1.0956692695617675781 -1.1427321434020996094 -1.2180302143096923828 -1.2165422439575195313 -1.1685045957565307617 -1.102816462516784668 -1.0579037666320800781 -1.0198991298675537109 -0.98766154050827026367 -0.98189884424209594727 -0.94618004560470581055 -1.0860645771026611328 -1.472667694091796875
-2.2549138069152832031 -2.3311491012573242188 -2.3981113433837890625 -2.4479041099548339844 -2.4771132469177246094 -2.4828040599822998047 -2.4962744712829589844 -2.5033218860626220703 -2.4608719348907470703 -2.4461779594421386719 -2.4306731224060058594 -2.374469757080078125 -2.3219270706176757813 -2.2848691940307617188 -2.1666321754455566406 -2.0189602375030517578 -1.8539277315139770508 -1.6925085783004760742 -1.5897502899169921875 -1.4171264171600341797 -1.2503772974014282227 -1.177512049674987793 -1.0924489498138427734 -1.1188932657241821289 -1.1396887302398681641 -1.131649017333984375 -1.1147919893264770508 -1.1246567964553833008 -1.179257512092590332 -1.2534590959548950195 -1.2291929721832275391 -1.1821835041046142578 -1.1404839754104614258 -1.1093919277191162109 -1.0714660882949829102 -1.0291123390197753906 -1.0291929244995117188 -0.99887508153915405273 -1.1227108240127563477 -1.5312672853469848633
-2.1747035980224609375 -2.3037168979644775391 -2.3852970600128173828 -2.4243350028991699219 -2.4481914043426513672 -2.4769101142883300781 -2.5026195049285888672 -2.523967742919921875 -2.5087194442749023438 -2.4877960681915283203 -2.4298393726348876953 -2.3895585536956787109 -2.3939130306243896484 -2.3868014812469482422 -2.3204724788665771484 -2.2677571773529052734 -2.2153687477111816406 -2.1238729953765869141 -2.0437572002410888672 -1.8689202070236206055 -1.5995967388153076172 -1.3872078657150268555 -1.2065732479095458984 -1.1801438331604003906 -1.1957004070281982422 -1.1760240793228149414 -1.1439652442932128906 -1.1491577625274658203 -1.1943192481994628906 -1.2851870059967041016 -1.2760832309722900391 -1.2338652610778808594 -1.2061256170272827148 -1.1792365312576293945 -1.1367917060852050781 -1.0899329185485839844 -1.0845494270324707031 -1.0238944292068481445 -1.0618079900741577148 -1.4939396381378173828
-2.0525150299072265625 -2.2353496551513671875 -2.3440124988555908203 -2.3656768798828125 -2.3836085796356201172 -2.4404292106628417969 -2.4803054332733154297 -2.5172407627105712891 -2.5279805660247802734 -2.5097737312316894531 -2.4494569301605224609 -2.4515578746795654297 -2.4741539955139160156 -2.4346194267272949219 -2.3815915584564208984 -2.3729054927825927734 -2.3762204647064208984 -2.3258750438690185547 -2.2770361900329589844 -2.13263702392578125 -1.871063232421875 -1.5692631006240844727 -1.3316762447357177734 -1.2947969436645507813 -1.2426563501358032227 -1.2050536870956420898 -1.164803624153137207 -1.1581100225448608398 -1.1904412508010864258 -1.2943862676620483398 -1.3186918497085571289 -1.2747021913528442383 -1.2519886493682861328 -1.2307386398315429688 -1.1962424516677856445 -1.148162841796875 -1.1192041635513305664 -1.0432738065719604492 -1.026491999626159668 -1.4463775157928466797
