INPUT/RASTER/ASCII/BIO10.asc
ncols        113
nrows        135
xllcorner    473009.983799999987
yllcorner    4429001.174800000153
cellsize     100.000000000000
NODATA_value  -9999
[rows 90 to 107 of 135, columns 40 to 79 of 113]
0.36691832542419433594 0.39837321639060974121 0.37367716431617736816 0.30393001437187194824 0.26603025197982788086 0.19928179681301116943 0.14569777250289916992 0.16290494799613952637 0.26408344507217407227 0.32556456327438354492 0.32320171594619750977 0.30016985535621643066 0.37612634897232055664 0.54851210117340087891 0.74108022451400756836 0.89592909812927246094 0.97227811813354492188 0.96022838354110717773 0.91171544790267944336 0.9527708888053894043 1.0292768478393554688 1.0152567625045776367 0.95265311002731323242 0.80347192287445068359 0.61011099815368652344 0.52885574102401733398 0.61051136255264282227 0.80761671066284179688 0.98022228479385375977 1.0759764909744262695 1.1317349672317504883 1.1395692825317382813 1.0822014808654785156 0.98512071371078491211 0.91752445697784423828 0.90619689226150512695 0.95377570390701293945 0.96836882829666137695 0.94459122419357299805 0.98396676778793334961
0.39436972141265869141 0.42013341188430786133 0.40108147263526916504 0.31370323896408081055 0.2573795616626739502 0.20399963855743408203 0.20944753289222717285 0.28783753514289855957 0.40674915909767150879 0.4479694664478302002 0.42774003744125366211 0.48705455660820007324 0.61922484636306762695 0.71830737590789794922 0.81794732809066772461 0.92508399486541748047 0.96522098779678344727 0.92387509346008300781 0.93691390752792358398 0.96584111452102661133 1.064507603645324707 1.1119686365127563477 1.0796424150466918945 0.96990740299224853516 0.81415575742721557617 0.72122758626937866211 0.70957034826278686523 0.80522251129150390625 0.98714601993560791016 1.1191906929016113281 1.166416168212890625 1.1450955867767333984 1.0519005060195922852 0.8732662200927734375 0.69763839244842529297 0.67651402950286865234 0.77521979808807373047 0.79787486791610717773 0.79178333282470703125 0.86432504653930664063
0.39491137862205505371 0.42753595113754272461 0.41297420859336853027 0.31378960609436035156 0.25852566957473754883 0.23886929452419281006 0.28243672847747802734 0.3655916750431060791 0.47459661960601806641 0.53958666324615478516 0.52238738536834716797 0.55264908075332641602 0.74366289377212524414 0.84248638153076171875 0.88297665119171142578 0.95424669981002807617 0.99815952777862548828 0.92809051275253295898 0.86452132463455200195 0.94101160764694213867 1.0504012107849121094 1.1213179826736450195 1.1274802684783935547 1.0694845914840698242 0.96585685014724731445 0.90516072511672973633 0.88146942853927612305 0.90097665786743164063 1.0244569778442382813 1.1445696353912353516 1.1420341730117797852 1.0784256458282470703 1.0026340484619140625 0.82923561334609985352 0.62543416023254394531 0.57765126228332519531 0.65858465433120727539 0.71207451820373535156 0.75950413942337036133 0.85886144638061523438
0.41346091032028198242 0.43343913555145263672 0.40808367729187011719 0.31681182980537414551 0.26837739348411560059 0.26418551802635192871 0.34105259180068969727 0.4314295351505279541 0.53103804588317871094 0.6040350794792175293 0.59544724225997924805 0.59854793548583984375 0.72271907329559326172 0.85687541961669921875 0.92846733331680297852 0.98676133155822753906 1.0172977447509765625 0.95790475606918334961 0.83903241157531738281 0.83998221158981323242 0.99907010793685913086 1.124293208122253418 1.1665182113647460938 1.1502295732498168945 1.0979564189910888672 1.0772953033447265625 1.075968623161315918 1.0753014087677001953 1.1259965896606445313 1.1607406139373779297 1.0932151079177856445 0.98178446292877197266 0.92156720161437988281 0.79999440908432006836 0.63037967681884765625 0.57497441768646240234 0.60843896865844726563 0.67045384645462036133 0.75768297910690307617 0.86954528093338012695
0.42372870445251464844 0.40040639042854309082 0.35362827777862548828 0.29951044917106628418 0.28618901968002319336 0.34073075652122497559 0.43573918938636779785 0.49721243977546691895 0.5489203333854675293 0.6126308441162109375 0.65661436319351196289 0.66188168525695800781 0.69795238971710205078 0.72543519735336303711 0.83104109764099121094 0.95625627040863037109 1.0120854377746582031 1.0049340724945068359 0.91339534521102905273 0.82041221857070922852 0.85534465312957763672 1.0991024971008300781 1.2131942510604858398 1.235684514045715332 1.220479130744934082 1.221256256103515625 1.2315318584442138672 1.2243491411209106445 1.1957908868789672852 1.1522312164306640625 1.0242686271667480469 0.85926967859268188477 0.77039206027984619141 0.71105402708053588867 0.62577170133590698242 0.59647554159164428711 0.61438137292861938477 0.66075915098190307617 0.74819231033325195313 0.86019593477249145508
0.38622930645942687988 0.33407396078109741211 0.29973810911178588867 0.28014454245567321777 0.28416374325752258301 0.36641591787338256836 0.4464308619499206543 0.45497164130210876465 0.46554559469223022461 0.54615712165832519531 0.64208400249481201172 0.70759218931198120117 0.73737502098083496094 0.71101474761962890625 0.70061349868774414063 0.85959154367446899414 0.96651619672775268555 1.0294024944305419922 0.97957861423492431641 0.86092603206634521484 0.78449851274490356445 0.98523062467575073242 1.2091122865676879883 1.274973750114440918 1.2758607864379882813 1.2806649208068847656 1.2920317649841308594 1.2808376550674438477 1.2297891378402709961 1.1494601964950561523 0.97611677646636962891 0.78271657228469848633 0.67196893692016601563 0.64381885528564453125 0.61895793676376342773 0.60858809947967529297 0.61772549152374267578 0.65013808012008666992 0.73140120506286621094 0.8444646000862121582
0.32876735925674438477 0.30758026242256164551 0.28398317098617553711 0.2607943117618560791 0.2619718015193939209 0.33708834648132324219 0.39279973506927490234 0.3834190070629119873 0.40809935331344604492 0.52409082651138305664 0.62588161230087280273 0.72525465488433837891 0.79019761085510253906 0.76601177453994750977 0.71617221832275390625 0.7805735468864440918 0.89958721399307250977 1.0259956121444702148 1.026286005973815918 0.92138665914535522461 0.79947626590728759766 0.89601546525955200195 1.0849176645278930664 1.2509527206420898438 1.2929816246032714844 1.2879261970520019531 1.2690076828002929688 1.2464939355850219727 1.2136731147766113281 1.1347022056579589844 0.9750334620475769043 0.80043399333953857422 0.68277049064636230469 0.64306527376174926758 0.62856632471084594727 0.62359726428985595703 0.63235002756118774414 0.65890651941299438477 0.74203008413314819336 0.84250205755233764648
0.31179568171501159668 0.32881447672843933105 0.31658419966697692871 0.27271059155464172363 0.25193953514099121094 0.29412537813186645508 0.3521760404109954834 0.37186381220817565918 0.46456435322761535645 0.61351001262664794922 0.71293801069259643555 0.79623425006866455078 0.81647151708602905273 0.79035460948944091797 0.81162023544311523438 0.85112923383712768555 0.88108479976654052734 0.99991792440414428711 1.0672943592071533203 1.0165442228317260742 0.91414111852645874023 0.9216378331184387207 1.026011347770690918 1.1459355354309082031 1.2653417587280273438 1.2527267932891845703 1.1841807365417480469 1.1587467193603515625 1.164241790771484375 1.1074942350387573242 0.98092097043991088867 0.83385926485061645508 0.71348750591278076172 0.6610260009765625 0.64755547046661376953 0.6452789306640625 0.65680271387100219727 0.68405002355575561523 0.76261276006698608398 0.84288674592971801758
0.37461131811141967773 0.4007282257080078125 0.34667319059371948242 0.27943018078804016113 0.25814101099967956543 0.29930636286735534668 0.34378439188003540039 0.37983939051628112793 0.51953780651092529297 0.70613992214202880859 0.82612699270248413086 0.86754357814788818359 0.81053692102432250977 0.81363767385482788086 0.86719030141830444336 0.90502727031707763672 0.91450220346450805664 0.93816208839416503906 1.0428338050842285156 1.0701439380645751953 1.0288765430450439453 0.99633049964904785156 1.0518691539764404297 1.1272369623184204102 1.1674445867538452148 1.1868654489517211914 1.1292622089385986328 1.0905146598815917969 1.0664622783660888672 1.0003182888031005859 0.91363084316253662109 0.81817495822906494141 0.72266411781311035156 0.67841374874114990234 0.66834223270416259766 0.66763573884963989258 0.68369680643081665039 0.71501040458679199219 0.7725194096565246582 0.83783131837844848633
0.50337469577789306641 0.4619738459587097168 0.33821091055870056152 0.28059983253479003906 0.28397533297538757324 0.33305346965789794922 0.37526285648345947266 0.42856428027153015137 0.57656013965606689453 0.73420363664627075195 0.85199272632598876953 0.8996264338493347168 0.86645239591598510742 0.87915366888046264648 0.89618033170700073242 0.91756367683410644531 0.9268423914909362793 0.89499497413635253906 0.92948782444000244141 1.0356432199478149414 1.1054531335830688477 1.0844780206680297852 1.0955307483673095703 1.1461474895477294922 1.1152970790863037109 1.0758037567138671875 1.0470021963119506836 0.9648520350456237793 0.90128278732299804688 0.84962201118469238281 0.80726349353790283203 0.77667993307113647461 0.73468250036239624023 0.70870685577392578125 0.70120227336883544922 0.70258384943008422852 0.71891182661056518555 0.74357652664184570313 0.7821356654167175293 0.83765864372253417969
0.58949691057205200195 0.44022151827812194824 0.31883713603019714355 0.34813329577445983887 0.36665141582489013672 0.37538060545921325684 0.48155957460403442383 0.60353273153305053711 0.70986866950988769531 0.79760801792144775391 0.87214362621307373047 0.93791872262954711914 0.94399458169937133789 0.94831997156143188477 0.92923665046691894531 0.94451272487640380859 0.93751835823059082031 0.87011837959289550781 0.84006857872009277344 0.91208440065383911133 1.0866289138793945313 1.1591863632202148438 1.1482120752334594727 1.1498762369155883789 1.1034042835235595703 1.0263017416000366211 0.90570235252380371094 0.82975369691848754883 0.76585477590560913086 0.74072694778442382813 0.7552573084831237793 0.76791936159133911133 0.75926864147186279297 0.7487418055534362793 0.74144130945205688477 0.74101740121841430664 0.75355386734008789063 0.77217406034469604492 0.79431098699569702148 0.83215582370758056641
0.63131380081176757813 0.45297774672508239746 0.37216210365295410156 0.44845616817474365234 0.49430796504020690918 0.48086875677108764648 0.54339390993118286133 0.68448179960250854492 0.81545102596282958984 0.88086497783660888672 0.91144853830337524414 0.9606444239616394043 0.98713815212249755859 0.98782110214233398438 0.97809493541717529297 0.9877268671989440918 0.96646910905838012695 0.90525490045547485352 0.88950783014297485352 0.93295753002166748047 1.033963322639465332 1.1506848335266113281 1.1577026844024658203 1.1451584100723266602 1.1051156520843505859 1.0432969331741333008 0.90712320804595947266 0.79464852809906005859 0.77211910486221313477 0.74319189786911010742 0.77456045150756835938 0.7932198643684387207 0.78616273403167724609 0.77298259735107421875 0.76382166147232055664 0.76150590181350708008 0.77514916658401489258 0.79115527868270874023 0.80242788791656494141 0.82496523857116699219
0.68025064468383789063 0.52166515588760375977 0.47347408533096313477 0.51613092422485351563 0.58112883567810058594 0.60595834255218505859 0.63436746597290039063 0.73213911056518554688 0.86145979166030883789 0.92468363046646118164 0.94172596931457519531 0.97524541616439819336 1.0036466121673583984 1.0039292573928833008 1.0077129602432250977 1.0217487812042236328 1.0074068307876586914 0.9844220280647277832 0.98324453830718994141 0.99983942508697509766 1.0274243354797363281 1.0582276582717895508 1.1188766956329345703 1.1465243101119995117 1.1205408573150634766 1.0629297494888305664 0.935100555419921875 0.76593327522277832031 0.6742610931396484375 0.74630045890808105469 0.81136900186538696289 0.82185661792755126953 0.81034070253372192383 0.79307854175567626953 0.78264594078063964844 0.78253602981567382813 0.79635983705520629883 0.80793070793151855469 0.81377112865447998047 0.82655090093612670898
0.77200132608413696289 0.68138891458511352539 0.62617206573486328125 0.6197350621223449707 0.64027065038681030273 0.66196018457412719727 0.69416081905364990234 0.77600485086441040039 0.87423175573348999023 0.92445600032806396484 0.95554977655410766602 0.99160480499267578125 1.0156885385513305664 1.0179885625839233398 1.0246610641479492188 1.0409811735153198242 1.0403846502304077148 1.0384378433227539063 1.03379058837890625 1.0230675935745239258 0.97981411218643188477 0.93150526285171508789 0.94694620370864868164 1.0582668781280517578 1.1040794849395751953 1.038987278938293457 0.9170220494270324707 0.75594025850296020508 0.63255411386489868164 0.68092572689056396484 0.81881868839263916016 0.84920597076416015625 0.83695214986801147461 0.8166363835334777832 0.80102276802062988281 0.79949200153350830078 0.81066250801086425781 0.81898349523544311523 0.82269656658172607422 0.82746934890747070313
0.84175634384155273438 0.80696517229080200195 0.74485605955123901367 0.71371513605117797852 0.66740804910659790039 0.62564611434936523438 0.65642595291137695313 0.72133749723434448242 0.81136900186538696289 0.87340748310089111328 0.91991084814071655273 0.96345472335815429688 1.0042903423309326172 1.0305643081665039063 1.0431085824966430664 1.0345363616943359375 1.0196999311447143555 1.0101150274276733398 0.98764836788177490234 0.9443085789680480957 0.86180520057678222656 0.81521552801132202148 0.83579820394515991211 0.90757066011428833008 1.0519633293151855469 1.0302816629409790039 0.91167616844177246094 0.77156174182891845703 0.66346734762191772461 0.66911149024963378906 0.75174051523208618164 0.85688328742980957031 0.85904198884963989258 0.8377685546875 0.81857532262802124023 0.81293904781341552734 0.81906986236572265625 0.82329314947128295898 0.82520073652267456055 0.82674717903137207031
0.88493126630783081055 0.85160809755325317383 0.80610954761505126953 0.77653861045837402344 0.69864320755004882813 0.60838401317596435547 0.62658810615539550781 0.6705716252326965332 0.74614346027374267578 0.82510650157928466797 0.89259284734725952148 0.94528985023498535156 0.99299424886703491211 1.0331312417984008789 1.0484857559204101563 1.0012445449829101563 0.95306134223937988281 0.93274557590484619141 0.90335518121719360352 0.84577554464340209961 0.75349891185760498047 0.69424718618392944336 0.70719182491302490234 0.75710988044738769531 0.88472718000411987305 0.96911454200744628906 0.92119824886322021484 0.81282913684844970703 0.71808761358261108398 0.69848614931106567383 0.71369159221649169922 0.77323377132415771484 0.84650558233261108398 0.85813927650451660156 0.83877336978912353516 0.82978510856628417969 0.83320772647857666016 0.83435380458831787109 0.82954174280166625977 0.82580518722534179688
0.93337357044219970703 0.91027104854583740234 0.88957065343856811523 0.86825788021087646484 0.81148678064346313477 0.70730954408645629883 0.67008489370346069336 0.71658039093017578125 0.78195512294769287109 0.84184271097183227539 0.88162642717361450195 0.88780438899993896484 0.94734656810760498047 1.0293632745742797852 1.0507701635360717773 0.99487823247909545898 0.92424404621124267578 0.85952085256576538086 0.82379555702209472656 0.77933323383331298828 0.70345520973205566406 0.63884979486465454102 0.60009443759918212891 0.60858023166656494141 0.70435011386871337891 0.76681250333786010742 0.85041487216949462891 0.81304109096527099609 0.74701482057571411133 0.73136979341506958008 0.73387390375137329102 0.7355067133903503418 0.76219671964645385742 0.84971624612808227539 0.85536819696426391602 0.84640353918075561523 0.8495121002197265625 0.84605813026428222656 0.83406335115432739258 0.82106375694274902344
0.95950615406036376953 0.95630335807800292969 0.94724452495574951172 0.9297154545783996582 0.89426493644714355469 0.78062844276428222656 0.69558954238891601563 0.72102349996566772461 0.77942740917205810547 0.83714056015014648438 0.85881435871124267578 0.84243929386138916016 0.91743808984756469727 1.0227457284927368164 1.060260772705078125 1.0275734663009643555 0.97568500041961669922 0.88584971427917480469 0.80411565303802490234 0.76489710807800292969 0.70906013250350952148 0.64821481704711914063 0.60042411088943481445 0.56739920377731323242 0.60401940345764160156 0.64282190799713134766 0.68374389410018920898 0.74373352527618408203 0.74801963567733764648 0.75232923030853271484 0.76240080595016479492 0.76544660329818725586 0.74502092599868774414 0.77183645963668823242 0.84749466180801391602 0.85863381624221801758 0.86140483617782592773 0.85201627016067504883 0.83610433340072631836 0.83070355653762817383
