INPUT/RASTER/ASCII/BIO15.asc
ncols        113
nrows        135
xllcorner    473009.983799999987
yllcorner    4429001.174800000153
cellsize     100.000000000000
NODATA_value  -9999
[rows 0 to 17 of 135, columns 0 to 39 of 113]
-9999.0 -9999 -9999 -9999 -9999 -9999 -9999 -9999 -9999 -9999 -9999 -9999 -9999 -9999 -9999 -9999 -9999 -9999 -9999 -9999 -9999 -9999 0.72086703777313232422 0.82702416181564331055 0.82628917694091796875 0.78748202323913574219 0.77086699008941650391 0.74680513143539428711 0.71999663114547729492 0.66721141338348388672 0.63952612876892089844 0.60358160734176635742 0.58235663175582885742 0.55793374776840209961 -9999 -9999 -9999 -9999 -9999 -9999
-9999 -9999 -9999 -9999 -9999 -9999 -9999 -9999 -9999 -9999 -9999 -9999 -9999 -9999 -9999 -9999 -9999 -9999 -9999 -9999 0.64921665191650390625 0.64464539289474487305 0.61095750331878662109 0.68920367956161499023 0.77617967128753662109 0.78940337896347045898 0.77488374710083007813 0.7504736781120300293 0.72401338815689086914 0.68419402837753295898 0.64440685510635375977 0.61109936237335205078 0.57243406772613525391 0.53106081485748291016 0.50363337993621826172 -9999 -9999 -9999 -9999 -9999
-9999 -9999 -9999 -9999 -9999 -9999 -9999 -9999 -9999 -9999 -9999 -9999 -9999 -9999 -9999 -9999 -9999 -9999 -9999 -9999 0.64990007877349853516 0.64086073637008666992 0.60120254755020141602 0.57323354482650756836 0.62519347667694091797 0.73138284683227539063 0.77893269062042236328 0.76100236177444458008 0.73561233282089233398 0.69209212064743041992 0.6460831761360168457 0.61289817094802856445 0.57355588674545288086 0.52625745534896850586 0.50400090217590332031 0.4971472620964050293 0.48160892724990844727 -9999 -9999 -9999
-9999 -9999 -9999 -9999 -9999 -9999 -9999 -9999 -9999 -9999 -9999 -9999 -9999 -9999 -9999 -9999 -9999 -9999 -9999 -9999 0.65982264280319213867 0.64240169525146484375 0.60158938169479370117 0.56345921754837036133 0.53784996271133422852 0.57185375690460205078 0.66476786136627197266 0.72303986549377441406 0.73917776346206665039 0.69723075628280639648 0.65169888734817504883 0.62077051401138305664 0.58899104595184326172 0.54770165681838989258 0.52007436752319335938 0.49747607111930847168 0.48011955618858337402 0.47187975049018859863 -9999 -9999
-9999 -9999 -9999 -9999 -9999 -9999 -9999 -9999 -9999 -9999 -9999 -9999 -9999 -9999 -9999 -9999 -9999 -9999 -9999 -9999 0.65632814168930053711 0.64205354452133178711 0.60730183124542236328 0.57271772623062133789 0.54634767770767211914 0.52672165632247924805 0.51563209295272827148 0.55227291584014892578 0.65571564435958862305 0.70084130764007568359 0.66933262348175048828 0.64309155941009521484 0.61484533548355102539 0.57522577047348022461 0.53982931375503540039 0.50212466716766357422 0.47948127985000610352 0.46614795923233032227 0.44846263527870178223 0.51928132772445678711
-9999 -9999 -9999 -9999 -9999 -9999 -9999 -9999 -9999 -9999 -9999 -9999 -9999 -9999 -9999 -9999 -9999 -9999 -9999 0.70214366912841796875 0.66089296340942382813 0.6411895751953125 0.61109292507171630859 0.57925546169281005859 0.55603176355361938477 0.53688287734985351563 0.51353663206100463867 0.49093192815780639648 0.49907505512237548828 0.60054486989974975586 0.67233073711395263672 0.66420692205429077148 0.63926178216934204102 0.59746944904327392578 0.55571579933166503906 0.50937163829803466797 0.48246642947196960449 0.46907511353492736816 0.46416860818862915039 0.58881700038909912109
-9999 -9999 -9999 -9999 -9999 -9999 -9999 -9999 -9999 -9999 -9999 -9999 -9999 -9999 -9999 -9999 -9999 -9999 -9999 0.7621371150016784668 0.69285291433334350586 0.64474856853485107422 0.61753392219543457031 0.58811420202255249023 0.5672696232795715332 0.54688930511474609375 0.51888805627822875977 0.49256956577301025391 0.46931365132331848145 0.46248582005500793457 0.53899759054183959961 0.58902978897094726563 0.64309155941009521484 0.61634111404418945313 0.57378154993057250977 0.52325940132141113281 0.48847544193267822266 0.47516149282455444336 0.52704405784606933594 0.67747575044631958008
-9999 -9999 -9999 -9999 -9999 -9999 -9999 -9999 -9999 -9999 -9999 -9999 -9999 -9999 -9999 -9999 -9999 -9999 0.83586364984512329102 0.75986117124557495117 0.70082193613052368164 0.65545129776000976563 0.63378143310546875 0.60534179210662841797 0.58192467689514160156 0.55951982736587524414 0.52421361207962036133 0.49387842416763305664 0.47567084431648254395 0.45249226689338684082 0.4285335838794708252 0.42805647850036621094 0.52392351627349853516 0.6101322174072265625 0.58532249927520751953 0.5384495854377746582 0.5029112696647644043 0.48520016670227050781 0.5712025761604309082 0.71347182989120483398
-9999 -9999 -9999 -9999 -9999 -9999 -9999 -9999 -9999 -9999 -9999 -9999 -9999 -9999 -9999 -9999 -9999 -9999 0.95856487751007080078 0.81083464622497558594 0.70830100774765014648 0.66982913017272949219 0.64922952651977539063 0.61614769697189331055 0.59046751260757446289 0.56550949811935424805 0.5317700505256652832 0.50362050533294677734 0.48525819182395935059 0.46085461974143981934 0.43316930532455444336 0.40836599469184875488 0.39488437771797180176 0.44715380668640136719 0.53644442558288574219 0.55042248964309692383 0.52587705850601196289 0.50635421276092529297 0.57147979736328125 0.7050450444221496582
-9999 -9999 -9999 -9999 -9999 -9999 -9999 -9999 -9999 -9999 -9999 -9999 -9999 -9999 -9999 -9999 -9999 1.0657987594604492188 1.008887171745300293 0.83363282680511474609 0.71427774429321289063 0.67860406637191772461 0.65704381465911865234 0.62674087285995483398 0.6014862060546875 0.57252430915832519531 0.54179579019546508789 0.5168635249137878418 0.49603831768035888672 0.4675019383430480957 0.43858516216278076172 0.41301459074020385742 0.37327900528907775879 0.32939770817756652832 0.35778582096099853516 0.45750194787979125977 0.55864298343658447266 0.54432320594787597656 0.53839153051376342773 0.65833330154418945313
-9999 -9999 -9999 -9999 -9999 -9999 -9999 -9999 -9999 -9999 -9999 -9999 -9999 -9999 -9999 -9999 -9999 1.0762500762939453125 1.0070883035659790039 0.8217372894287109375 0.71772712469100952148 0.68828815221786499023 0.66450351476669311523 0.63319474458694458008 0.60832697153091430664 0.57971322536468505859 0.54765653610229492188 0.5210221409797668457 0.49823042750358581543 0.46803060173988342285 0.43770828843116760254 0.41060325503349304199 0.37052595615386962891 0.32709598541259765625 0.29632234573364257813 0.35764396190643310547 0.56919097900390625 0.56910717487335205078 0.5391394495964050293 0.60329151153564453125
-9999 -9999 -9999 -9999 -9999 -9999 -9999 -9999 -9999 -9999 -9999 -9999 -9999 -9999 -9999 -9999 -9999 1.0714854001998901367 1.0021495819091796875 0.81852644681930541992 0.71996438503265380859 0.69725006818771362305 0.67332363128662109375 0.63467121124267578125 0.60886210203170776367 0.58300137519836425781 0.55026131868362426758 0.52140897512435913086 0.49561920762062072754 0.46230527758598327637 0.43145427107810974121 0.40366581082344055176 0.36512300372123718262 0.33006179332733154297 0.3010483086109161377 0.31668335199356079102 0.54212462902069091797 0.58453589677810668945 0.55109947919845581055 0.54010009765625
-9999 -9999 -9999 -9999 -9999 -9999 -9999 -9999 -9999 -9999 -9999 -9999 -9999 -9999 -9999 -9999 -9999 0.99881625175476074219 0.95776540040969848633 0.83318793773651123047 0.73789477348327636719 0.70989996194839477539 0.67553508281707763672 0.63406515121459960938 0.61004841327667236328 0.58710199594497680664 0.55110591650009155273 0.51445221900939941406 0.48485845327377319336 0.4502163231372833252 0.42399460077285766602 0.40008747577667236328 0.3723118901252746582 0.34847569465637207031 0.31961050629615783691 0.32166078686714172363 0.53855919837951660156 0.58941018581390380859 0.56067389249801635742 0.52952629327774047852
-9999 -9999 -9999 -9999 -9999 -9999 -9999 -9999 -9999 -9999 -9999 -9999 -9999 -9999 -9999 -9999 -9999 0.9165146946907043457 0.92572164535522460938 0.86880362033843994141 0.78117644786834716797 0.74167937040328979492 0.69157630205154418945 0.64490973949432373047 0.61506450176239013672 0.58665066957473754883 0.54474872350692749023 0.50080293416976928711 0.47019049525260925293 0.43981015682220458984 0.41971349716186523438 0.40358197689056396484 0.38780510425567626953 0.37072581052780151367 0.34910756349563598633 0.38004881143569946289 0.55012589693069458008 0.55968099832534790039 0.53078359365463256836 0.49853992462158203125
-9999 -9999 -9999 -9999 -9999 -9999 -9999 -9999 -9999 -9999 -9999 -9999 -9999 -9999 -9999 -9999 -9999 0.89829421043395996094 0.89183384180068969727 0.84091198444366455078 0.7759926915168762207 0.75126028060913085938 0.71792703866958618164 0.66872012615203857422 0.62080276012420654297 0.57337534427642822266 0.5254128575325012207 0.48507764935493469238 0.46227306127548217773 0.44235691428184509277 0.42755356431007385254 0.41341432929039001465 0.40195724368095397949 0.38787600398063659668 0.36965554952621459961 0.47099643945693969727 0.58782410621643066406 0.56561267375946044922 0.51229876279830932617 0.46565151214599609375
-9999 -9999 -9999 -9999 -9999 -9999 -9999 -9999 -9999 -9999 -9999 -9999 -9999 -9999 -9999 0.98229795694351196289 0.92394214868545532227 0.88703054189682006836 0.85113763809204101563 0.81737881898880004883 0.78426474332809448242 0.75781732797622680664 0.71637320518493652344 0.66275626420974731445 0.61897170543670654297 0.56935214996337890625 0.51759856939315795898 0.48334974050521850586 0.46409124135971069336 0.45093843340873718262 0.44174438714981079102 0.43015187978744506836 0.42182824015617370605 0.41131246089935302734 0.41035181283950805664 0.56221485137939453125 0.60777890682220458984 0.57895886898040771484 0.52311754226684570313 0.47434267401695251465
-9999 -9999 -9999 -9999 -9999 -9999 -9999 -9999 -9999 -9999 -9999 -9999 -9999 -9999 1.0329619646072387695 0.99436110258102416992 0.93064749240875244141 0.87510275840759277344 0.84779137372970581055 0.82737237215042114258 0.79639238119125366211 0.75123453140258789063 0.6869341731071472168 0.62657320499420166016 0.59592205286026000977 0.56821739673614501953 0.53478097915649414063 0.51004213094711303711 0.49293065071105957031 0.47058379650115966797 0.45488429069519042969 0.44515508413314819336 0.43834015727043151855 0.43149942159652709961 0.4921569526195526123 0.628932952880859375 0.62082207202911376953 0.58705037832260131836 0.53214395046234130859 0.49269208312034606934
-9999 -9999 -9999 -9999 -9999 -9999 -9999 -9999 -9999 -9999 -9999 -9999 -9999 -9999 1.0328458547592163086 1.0006151199340820313 0.92009299993515014648 0.88197571039199829102 0.86648255586624145508 0.83287203311920166016 0.77950656414031982422 0.7247613072395324707 0.66739195585250854492 0.62441331148147583008 0.60264033079147338867 0.57761776447296142578 0.55157011747360229492 0.531131744384765625 0.51415562629699707031 0.49284037947654724121 0.47709572315216064453 0.46222147345542907715 0.45101583003997802734 0.44887527823448181152 0.53532254695892333984 0.64476144313812255859 0.63043522834777832031 0.58775961399078369141 0.53719234466552734375 0.54144763946533203125
