INPUT/RASTER/ASCII/BIO16.asc
ncols        113
nrows        135
xllcorner    473009.983799999987
yllcorner    4429001.174800000153
cellsize     100.000000000000
NODATA_value  -9999
[rows 90 to 107 of 135, columns 40 to 79 of 113]
-0.31866043806076049805 -0.33746010065078735352 -0.30433002114295959473 -0.2217594832181930542 -0.17787244915962219238 -0.11160841584205627441 -0.057077843695878982544 -0.075339280068874359131 -0.17244014143943786621 -0.193719521164894104 -0.11655822396278381348 -0.060510993003845214844 -0.13513299822807312012 -0.31718221306800842285 -0.53390699625015258789 -0.73035395145416259766 -0.77930998802185058594 -0.64800065755844116211 -0.5475819706916809082 -0.58586752414703369141 -0.69325250387191772461 -0.69824075698852539063 -0.63518881797790527344 -0.48092770576477050781 -0.28097459673881530762 -0.18855249881744384766 -0.25439363718032836914 -0.45411801338195800781 -0.66410338878631591797 -0.79828649759292602539 -0.88175469636917114258 -0.89659261703491210938 -0.82604390382766723633 -0.7005551457405090332 -0.61144316196441650391 -0.59011572599411010742 -0.62510848045349121094 -0.59313941001892089844 -0.54615563154220581055 -0.57547390460968017578
-0.31872001290321350098 -0.35607522726058959961 -0.3450184166431427002 -0.2472928166389465332 -0.17947944998741149902 -0.11270218342542648315 -0.10092451423406600952 -0.17499867081642150879 -0.30628108978271484375 -0.36811241507530212402 -0.33497461676597595215 -0.31578281521797180176 -0.4170703589916229248 -0.53333801031112670898 -0.64925968647003173828 -0.7937710881233215332 -0.86368936300277709961 -0.76226341724395751953 -0.62994682788848876953 -0.61810380220413208008 -0.74141079187393188477 -0.82207059860229492188 -0.79534161090850830078 -0.67451626062393188477 -0.50470983982086181641 -0.4042873382568359375 -0.38825380802154541016 -0.4800396263599395752 -0.6869551539421081543 -0.86266475915908813477 -0.9336306452751159668 -0.90661716461181640625 -0.80016648769378662109 -0.59919840097427368164 -0.40290141105651855469 -0.37052676081657409668 -0.47900545597076416016 -0.51967847347259521484 -0.52226585149765014648 -0.59595167636871337891
-0.32920208573341369629 -0.37626659870147705078 -0.36691674590110778809 -0.24714672565460205078 -0.16651767492294311523 -0.12294011563062667847 -0.16611592471599578857 -0.26062557101249694824 -0.38958209753036499023 -0.47933802008628845215 -0.47027263045310974121 -0.47482645511627197266 -0.59551537036895751953 -0.69483834505081176758 -0.75175249576568603516 -0.85100626945495605469 -0.92333698272705078125 -0.83553791046142578125 -0.67143678665161132813 -0.63381820917129516602 -0.73519992828369140625 -0.84092980623245239258 -0.86414873600006103516 -0.80417817831039428711 -0.68767982721328735352 -0.62143695354461669922 -0.60026329755783081055 -0.61947435140609741211 -0.75714826583862304688 -0.90937560796737670898 -0.91267228126525878906 -0.82842361927032470703 -0.74553787708282470703 -0.56665652990341186523 -0.35525059700012207031 -0.29663714766502380371 -0.37408486008644104004 -0.44114470481872558594 -0.50025212764739990234 -0.61445534229278564453
-0.36783942580223083496 -0.38785204291343688965 -0.34577384591102600098 -0.21953158080577850342 -0.15596255660057067871 -0.15462274849414825439 -0.24393270909786224365 -0.34940499067306518555 -0.46830809116363525391 -0.56582224369049072266 -0.56945914030075073242 -0.57418406009674072266 -0.6721960902214050293 -0.75972604751586914063 -0.81932175159454345703 -0.90715157985687255859 -0.96359091997146606445 -0.89596211910247802734 -0.73656475543975830078 -0.66339981555938720703 -0.72679007053375244141 -0.85891640186309814453 -0.93171799182891845703 -0.92491704225540161133 -0.86701679229736328125 -0.84587192535400390625 -0.85106396675109863281 -0.85369551181793212891 -0.90567719936370849609 -0.94490849971771240234 -0.86337602138519287109 -0.72095602750778198242 -0.64954036474227905273 -0.53457021713256835938 -0.36900049448013305664 -0.31142312288284301758 -0.3474693000316619873 -0.41561904549598693848 -0.51043629646301269531 -0.6382567286491394043
-0.37393108010292053223 -0.31783002614974975586 -0.25046068429946899414 -0.19137053191661834717 -0.18136325478553771973 -0.24779644608497619629 -0.36054256558418273926 -0.43286937475204467773 -0.49327051639556884766 -0.57678294181823730469 -0.6493288874626159668 -0.67124265432357788086 -0.71480864286422729492 -0.73199170827865600586 -0.75549322366714477539 -0.86596143245697021484 -0.95906978845596313477 -0.97130882740020751953 -0.85540246963500976563 -0.72590970993041992188 -0.70613157749176025391 -0.87403684854507446289 -1.0089850425720214844 -1.0579699277877807617 -1.043126225471496582 -1.046815037727355957 -1.0662837028503417969 -1.0615164041519165039 -1.0177620649337768555 -0.9555962681770324707 -0.79778093099594116211 -0.60085153579711914063 -0.49846637248992919922 -0.44605991244316101074 -0.37245863676071166992 -0.34638896584510803223 -0.36776447296142578125 -0.41849473118782043457 -0.51071882247924804688 -0.63838356733322143555
-0.29411706328392028809 -0.22863730788230895996 -0.19562448561191558838 -0.17978316545486450195 -0.1873280256986618042 -0.27939450740814208984 -0.3760013282299041748 -0.39090076088905334473 -0.40640759468078613281 -0.50769323110580444336 -0.63351452350616455078 -0.73700690269470214844 -0.78972476720809936523 -0.76335138082504272461 -0.70992803573608398438 -0.7871258854866027832 -0.89723849296569824219 -1.0085237026214599609 -0.95720905065536499023 -0.79905921220779418945 -0.68482530117034912109 -0.84970301389694213867 -1.0328478813171386719 -1.1233246326446533203 -1.1333396434783935547 -1.1421377658843994141 -1.1606760025024414063 -1.1485389471054077148 -1.0734479427337646484 -0.96525752544403076172 -0.75889366865158081055 -0.53993135690689086914 -0.41886958479881286621 -0.39193493127822875977 -0.3750171363353729248 -0.36934071779251098633 -0.38372495770454406738 -0.42098405957221984863 -0.50666481256484985352 -0.63376247882843017578
-0.22863346338272094727 -0.21280369162559509277 -0.19548992812633514404 -0.17462959885597229004 -0.17726884782314300537 -0.2577075958251953125 -0.32991331815719604492 -0.33051499724388122559 -0.36745882034301757813 -0.50739139318466186523 -0.63876610994338989258 -0.77449470758438110352 -0.87346786260604858398 -0.85091400146484375 -0.79041677713394165039 -0.82465982437133789063 -0.88364046812057495117 -1.0193228721618652344 -1.0373729467391967773 -0.90036213397979736328 -0.73910403251647949219 -0.83070534467697143555 -1.0206166505813598633 -1.1436948776245117188 -1.1723326444625854492 -1.159557342529296875 -1.1253199577331542969 -1.0922918319702148438 -1.0540388822555541992 -0.95845276117324829102 -0.77294921875 -0.5784091949462890625 -0.45139607787132263184 -0.40884694457054138184 -0.3993682861328125 -0.39913955330848693848 -0.41394475102424621582 -0.44581386446952819824 -0.53330725431442260742 -0.64679348468780517578
-0.22988294064998626709 -0.25641775131225585938 -0.25281929969787597656 -0.20662362873554229736 -0.18603049218654632568 -0.23292586207389831543 -0.3039378821849822998 -0.3337885737419128418 -0.44676345586776733398 -0.64020782709121704102 -0.78425019979476928711 -0.90258234739303588867 -0.92445570230484008789 -0.89203494787216186523 -0.93225431442260742188 -0.99922955036163330078 -1.0212874412536621094 -1.0712219476699829102 -1.1093498468399047852 -1.0466747283935546875 -0.9105116724967956543 -0.90211522579193115234 -1.0403908491134643555 -1.1744470596313476563 -1.1880335807800292969 -1.118601679801940918 -1.0180888175964355469 -0.98008584976196289063 -0.98935300111770629883 -0.92357534170150756836 -0.78109383583068847656 -0.62064695358276367188 -0.49463725090026855469 -0.44095823168754577637 -0.43243303894996643066 -0.43457248806953430176 -0.45246678590774536133 -0.48605436086654663086 -0.56787139177322387695 -0.66102969646453857422
-0.3254998326301574707 -0.3555062413215637207 -0.29787123203277587891 -0.22485047578811645508 -0.20824794471263885498 -0.25681373476982116699 -0.31105598807334899902 -0.35562351346015930176 -0.5202878117561340332 -0.76124459505081176758 -0.94694614410400390625 -1.0249589681625366211 -0.94191366434097290039 -0.94300550222396850586 -1.0235096216201782227 -1.0872631072998046875 -1.1086117029190063477 -1.1008093357086181641 -1.116913914680480957 -1.1276555061340332031 -1.0850198268890380859 -1.0298972129821777344 -1.1012955904006958008 -1.2260423898696899414 -1.1998151540756225586 -1.0775884389877319336 -0.95785683393478393555 -0.89741533994674682617 -0.86577308177947998047 -0.79264849424362182617 -0.70107412338256835938 -0.60618191957473754883 -0.51418852806091308594 -0.47107231616973876953 -0.46600908041000366211 -0.4699535369873046875 -0.49203643202781677246 -0.52932822704315185547 -0.59078085422515869141 -0.66728663444519042969
-0.49120408296585083008 -0.43649667501449584961 -0.30231741070747375488 -0.24416530132293701172 -0.25277510285377502441 -0.30627149343490600586 -0.37074011564254760742 -0.44054493308067321777 -0.61254268884658813477 -0.81525999307632446289 -0.99297070503234863281 -1.0907616615295410156 -1.0471456050872802734 -1.0647246837615966797 -1.0866672992706298828 -1.1214427947998046875 -1.1418167352676391602 -1.0842894315719604492 -1.0621489286422729492 -1.1262887716293334961 -1.2128326892852783203 -1.1893599033355712891 -1.1974872350692749023 -1.2783719301223754883 -1.226594090461730957 -1.0900831222534179688 -0.91618615388870239258 -0.75788837671279907227 -0.67813968658447265625 -0.62841284275054931641 -0.59335666894912719727 -0.57137566804885864258 -0.53782075643539428711 -0.51728528738021850586 -0.51484978199005126953 -0.52049541473388671875 -0.54242455959320068359 -0.57298070192337036133 -0.61569327116012573242 -0.67996197938919067383
-0.61368066072463989258 -0.43609106540679931641 -0.29733106493949890137 -0.33769652247428894043 -0.3705921173095703125 -0.38007268309593200684 -0.49860286712646484375 -0.66255593299865722656 -0.81240546703338623047 -0.9382152557373046875 -1.050992131233215332 -1.1736166477203369141 -1.1975737810134887695 -1.2045726776123046875 -1.1690628528594970703 -1.1914052963256835938 -1.1837161779403686523 -1.0725982189178466797 -1.0195440053939819336 -1.1021164655685424805 -1.2668595314025878906 -1.329615473747253418 -1.2998089790344238281 -1.2984999418258666992 -1.2233839035034179688 -1.1059763431549072266 -0.90234017372131347656 -0.67732656002044677734 -0.56444400548934936523 -0.53622144460678100586 -0.55809861421585083008 -0.57977592945098876953 -0.57747304439544677734 -0.57224065065383911133 -0.56966483592987060547 -0.57320177555084228516 -0.5917746424674987793 -0.6167755126953125 -0.64373129606246948242 -0.68771827220916748047
-0.69011151790618896484 -0.47393837571144104004 -0.37599363923072814941 -0.4600289463996887207 -0.52664858102798461914 -0.52457445859909057617 -0.59007918834686279297 -0.76537168025970458984 -0.96512490510940551758 -1.0820769071578979492 -1.1347428560256958008 -1.2267824411392211914 -1.2910416126251220703 -1.2935501337051391602 -1.2754001617431640625 -1.2930176258087158203 -1.2568926811218261719 -1.1528639793395996094 -1.1255506277084350586 -1.1900807619094848633 -1.3243907690048217773 -1.3702539205551147461 -1.3309206962585449219 -1.3060448169708251953 -1.2406668663024902344 -1.1481755971908569336 -0.96545934677124023438 -0.75503188371658325195 -0.60820990800857543945 -0.55610716342926025391 -0.59207063913345336914 -0.6195666193962097168 -0.61748868227005004883 -0.60894805192947387695 -0.60375797748565673828 -0.60613775253295898438 -0.62603306770324707031 -0.64867532253265380859 -0.66508567333221435547 -0.69305640459060668945
-0.77809315919876098633 -0.57942223548889160156 -0.5127468109130859375 -0.55746042728424072266 -0.63862961530685424805 -0.68337208032608032227 -0.72247844934463500977 -0.85153877735137939453 -1.0497618913650512695 -1.1679652929306030273 -1.2074291706085205078 -1.2760633230209350586 -1.3423523902893066406 -1.3426406383514404297 -1.3467005491256713867 -1.3825832605361938477 -1.3559235334396362305 -1.3114867210388183594 -1.3056488037109375 -1.3302632570266723633 -1.3697580099105834961 -1.3393574953079223633 -1.3156387805938720703 -1.3164576292037963867 -1.2718939781188964844 -1.1812384128570556641 -1.0079027414321899414 -0.79602015018463134766 -0.62790346145629882813 -0.60284876823425292969 -0.64939039945602416992 -0.66565656661987304688 -0.65859419107437133789 -0.64549207687377929688 -0.63779348134994506836 -0.6422684788703918457 -0.66216957569122314453 -0.68022918701171875 -0.69130909442901611328 -0.70952439308166503906
-0.92733907699584960938 -0.81260538101196289063 -0.72833943367004394531 -0.71441072225570678711 -0.73068267107009887695 -0.75440716743469238281 -0.80044519901275634766 -0.91507124900817871094 -1.0736055374145507813 -1.1705007553100585938 -1.2367340326309204102 -1.3190891742706298828 -1.3829100131988525391 -1.3947646617889404297 -1.4073015451431274414 -1.4427268505096435547 -1.4360623359680175781 -1.4251997470855712891 -1.4060194492340087891 -1.37451934814453125 -1.2842386960983276367 -1.1919050216674804688 -1.1846561431884765625 -1.2478946447372436523 -1.2581844329833984375 -1.1601743698120117188 -0.99616354703903198242 -0.8056545257568359375 -0.65968990325927734375 -0.6635863184928894043 -0.70345389842987060547 -0.70928406715393066406 -0.70109140872955322266 -0.68499445915222167969 -0.67139446735382080078 -0.67349934577941894531 -0.69043058156967163086 -0.70481866598129272461 -0.71378988027572631836 -0.72410082817077636719
-1.043972015380859375 -0.99383378028869628906 -0.89703088998794555664 -0.85079294443130493164 -0.7853285670280456543 -0.72175955772399902344 -0.75993937253952026367 -0.8453356623649597168 -0.97800976037979125977 -1.0860193967819213867 -1.1739184856414794922 -1.2640434503555297852 -1.3592451810836791992 -1.4345630407333374023 -1.4710435867309570313 -1.4320294857025146484 -1.381991267204284668 -1.3551161289215087891 -1.3079978227615356445 -1.2293294668197631836 -1.0985795259475708008 -1.0252703428268432617 -1.0529912710189819336 -1.1523815393447875977 -1.2258270978927612305 -1.1603031158447265625 -1.0032240152359008789 -0.83817905187606811523 -0.71128898859024047852 -0.71064507961273193359 -0.73924243450164794922 -0.74424225091934204102 -0.73702228069305419922 -0.71969693899154663086 -0.70256006717681884766 -0.70009571313858032227 -0.71169459819793701172 -0.72159421443939208984 -0.72799342870712280273 -0.7349866032600402832
-1.1476104259490966797 -1.0879321098327636719 -1.0100806951522827148 -0.96502685546875 -0.86062526702880859375 -0.73315852880477905273 -0.74555325508117675781 -0.80563527345657348633 -0.90912955999374389648 -1.0282883644104003906 -1.141015172004699707 -1.2364263534545898438 -1.3388346433639526367 -1.4513231515884399414 -1.5023014545440673828 -1.3730757236480712891 -1.2590801715850830078 -1.2138649225234985352 -1.169016718864440918 -1.0863962173461914063 -0.96358710527420043945 -0.88326561450958251953 -0.89922803640365600586 -0.99909693002700805664 -1.1206930875778198242 -1.1330205202102661133 -1.0321444272994995117 -0.89518362283706665039 -0.78554385900497436523 -0.76135033369064331055 -0.77444857358932495117 -0.77978670597076416016 -0.77458894252777099609 -0.75656008720397949219 -0.7377796173095703125 -0.73205322027206420898 -0.74087256193161010742 -0.74726212024688720703 -0.74625295400619506836 -0.74640095233917236328
-1.2761998176574707031 -1.2267305850982666016 -1.1809904575347900391 -1.1394044160842895508 -1.0526471138000488281 -0.8952605128288269043 -0.82480400800704956055 -0.8833713531494140625 -0.98025882244110107422 -1.0732864141464233398 -1.1364864110946655273 -1.1450769901275634766 -1.2526944875717163086 -1.4546313285827636719 -1.5280961990356445313 -1.3858029842376708984 -1.2441135644912719727 -1.1278516054153442383 -1.0667545795440673828 -1.0114263296127319336 -0.92133975028991699219 -0.84248298406600952148 -0.81517159938812255859 -0.85157531499862670898 -0.96761035919189453125 -1.0324115753173828125 -1.0147536993026733398 -0.90218830108642578125 -0.8252480626106262207 -0.81150197982788085938 -0.82003682851791381836 -0.82467138767242431641 -0.81512355804443359375 -0.79257929325103759766 -0.77009850740432739258 -0.76384735107421875 -0.7727839350700378418 -0.77416986227035522461 -0.76587146520614624023 -0.75690031051635742188
-1.3632357120513916016 -1.3517618179321289063 -1.3174475431442260742 -1.267174839973449707 -1.1993345022201538086 -1.0097116231918334961 -0.87010198831558227539 -0.89645034074783325195 -0.98033761978149414063 -1.0755124092102050781 -1.1194878816604614258 -1.0989062786102294922 -1.2172422409057617188 -1.4500929117202758789 -1.5719678401947021484 -1.4751937389373779297 -1.359272003173828125 -1.2015143632888793945 -1.0653494596481323242 -1.0061093568801879883 -0.93838632106781005859 -0.86521756649017333984 -0.84071069955825805664 -0.82673782110214233398 -0.86348557472229003906 -0.91017335653305053711 -0.92732948064804077148 -0.86978095769882202148 -0.83729290962219238281 -0.84598726034164428711 -0.86335295438766479492 -0.87250286340713500977 -0.85191553831100463867 -0.81953316926956176758 -0.79534542560577392578 -0.79067242145538330078 -0.79804623126983642578 -0.79257929325103759766 -0.77995198965072631836 -0.77962332963943481445
