INPUT/RASTER/ASCII/BIO11.asc
ncols        113
nrows        135
xllcorner    473009.983799999987
yllcorner    4429001.174800000153
cellsize     100.000000000000
NODATA_value  -9999
[rows 90 to 107 of 135, columns 40 to 79 of 113]
0.65810829401016235352 0.67999041080474853516 0.63244551420211791992 0.52344971895217895508 0.45843338966369628906 0.36219567060470581055 0.282390594482421875 0.29376992583274841309 0.40152111649513244629 0.43974545598030090332 0.38024103641510009766 0.32088008522987365723 0.39446517825126647949 0.59261780977249145508 0.81862610578536987305 1.0072305202484130859 1.0310404300689697266 0.85393387079238891602 0.71625894308090209961 0.74215561151504516602 0.84159690141677856445 0.82786870002746582031 0.74402099847793579102 0.55344831943511962891 0.2989667356014251709 0.17146392166614532471 0.23694500327110290527 0.45488983392715454102 0.67779129743576049805 0.81036925315856933594 0.88148695230484008789 0.88314336538314819336 0.79558050632476806641 0.64205926656723022461 0.52534002065658569336 0.48681622743606567383 0.50795596837997436523 0.4469604790210723877 0.37513154745101928711 0.39095592498779296875
0.6696217656135559082 0.69656968116760253906 0.66288709640502929688 0.53490388393402099609 0.44501090049743652344 0.36024296283721923828 0.34487399458885192871 0.4255587160587310791 0.56159293651580810547 0.61387920379638671875 0.56854277849197387695 0.57113182544708251953 0.70081508159637451172 0.81759673357009887695 0.9254290461540222168 1.0555334091186523438 1.1094760894775390625 0.98393529653549194336 0.79940164089202880859 0.76000446081161499023 0.8746337890625 0.94048917293548583984 0.89805066585540771484 0.75353807210922241211 0.54483896493911743164 0.41268834471702575684 0.37926468253135681152 0.46778205037117004395 0.68567073345184326172 0.86163240671157836914 0.91909676790237426758 0.87744742631912231445 0.75081181526184082031 0.50955307483673095703 0.26307880878448486328 0.21066772937774658203 0.32430511713027954102 0.35663077235221862793 0.34671127796173095703 0.41631925106048583984
0.66838335990905761719 0.70386266708374023438 0.67424148321151733398 0.52975386381149291992 0.43507269024848937988 0.38390937447547912598 0.4221617579460144043 0.51696145534515380859 0.64321035146713256836 0.72353321313858032227 0.6981792449951171875 0.69629204273223876953 0.85948008298873901367 0.97463655471801757813 1.0177520513534545898 1.098801732063293457 1.1542946100234985352 1.0521676540374755859 0.85310411453247070313 0.77329909801483154297 0.8548603057861328125 0.94601351022720336914 0.95521247386932373047 0.87833958864212036133 0.73535233736038208008 0.64671647548675537109 0.6083361506462097168 0.61198890209197998047 0.74899321794509887695 0.89706182479858398438 0.88399803638458251953 0.78142184019088745117 0.67779439687728881836 0.4575475156307220459 0.19074453413486480713 0.10566467791795730591 0.18277463316917419434 0.24749147891998291016 0.30506503582000732422 0.42400529980659484863
0.69652289152145385742 0.70588713884353637695 0.65183842182159423828 0.51152759790420532227 0.432415008544921875 0.41381755471229553223 0.49850437045097351074 0.60344815254211425781 0.71591579914093017578 0.80302011966705322266 0.79176551103591918945 0.77857697010040283203 0.8828251957893371582 0.99804717302322387695 1.0650660991668701172 1.1388415098190307617 1.1785287857055664063 1.0972919464111328125 0.91752153635025024414 0.81636774539947509766 0.84348720312118530273 0.94997507333755493164 1.007773280143737793 0.98638707399368286133 0.90949857234954833984 0.87254697084426879883 0.86389702558517456055 0.84947633743286132813 0.89158737659454345703 0.91892832517623901367 0.81638956069946289063 0.64806711673736572266 0.55390065908432006836 0.4036890566349029541 0.1901518702507019043 0.10607642680406570435 0.13142414391040802002 0.19702999293804168701 0.29757863283157348633 0.43267080187797546387
0.69913065433502197266 0.63794803619384765625 0.55629938840866088867 0.47494715452194213867 0.44724744558334350586 0.50297123193740844727 0.61275315284729003906 0.67826855182647705078 0.72465616464614868164 0.7960764765739440918 0.85826039314270019531 0.86306416988372802734 0.89071708917617797852 0.90013748407363891602 0.95014351606369018555 1.0789190530776977539 1.1588208675384521484 1.1541979312896728516 1.0226274728775024414 0.87442791461944580078 0.83047026395797729492 0.95837545394897460938 1.066510319709777832 1.0990356206893920898 1.0681324005126953125 1.0578541755676269531 1.0636218786239624023 1.0429406166076660156 0.98819941282272338867 0.91223740577697753906 0.72744798660278320313 0.49316096305847167969 0.35938203334808349609 0.27923384308815002441 0.17408728599548339844 0.12675137817859649658 0.13496771454811096191 0.17983934283256530762 0.27365645766258239746 0.40648087859153747559
0.62460035085678100586 0.54309839010238647461 0.48410865664482116699 0.44650506973266601563 0.4377740323543548584 0.52297556400299072266 0.61424106359481811523 0.61481189727783203125 0.61158341169357299805 0.70504802465438842773 0.82585364580154418945 0.91623634099960327148 0.95156598091125488281 0.9099509119987487793 0.84924864768981933594 0.96308565139770507813 1.0842468738555908203 1.1763015985488891602 1.1096101999282836914 0.93638414144515991211 0.7996699213981628418 0.94164025783538818359 1.084231257438659668 1.1477440595626831055 1.1400736570358276367 1.1348830461502075195 1.1390910148620605469 1.1119091510772705078 1.0286602973937988281 0.9055245518684387207 0.66624975204467773438 0.40333658456802368164 0.24055407941341400146 0.18725399672985076904 0.14976894855499267578 0.12267441302537918091 0.12095253914594650269 0.14974711835384368896 0.2366549074649810791 0.3697350919246673584
0.54510414600372314453 0.510807037353515625 0.46811893582344055176 0.42448878288269042969 0.40952846407890319824 0.48088636994361877441 0.54504483938217163086 0.52942007780075073242 0.55071580410003662109 0.68831276893615722656 0.81582182645797729492 0.93895757198333740234 1.0201538801193237305 0.9834486842155456543 0.90636056661605834961 0.94125342369079589844 1.0270943641662597656 1.1668000221252441406 1.1717535257339477539 1.0239377021789550781 0.84078902006149291992 0.91608351469039916992 1.0796676874160766602 1.1585743427276611328 1.1580908298492431641 1.1324748992919921875 1.0809996128082275391 1.0298082828521728516 0.98119652271270751953 0.86701637506484985352 0.64704084396362304688 0.41215494275093078613 0.24527052044868469238 0.17477042973041534424 0.14685861766338348389 0.13207919895648956299 0.13281536102294921875 0.15595147013664245605 0.24736982583999633789 0.36569869518280029297
0.52746427059173583984 0.54138273000717163086 0.51485282182693481445 0.44207870960235595703 0.39951851963996887207 0.43134197592735290527 0.49473622441291809082 0.51290011405944824219 0.62021768093109130859 0.81243115663528442383 0.9471333622932434082 1.0474885702133178711 1.0526043176651000977 1.0073646306991577148 1.029677271842956543 1.0760898590087890625 1.0910470485687255859 1.1630880832672119141 1.2127603292465209961 1.1407505273818969727 0.9845154881477355957 0.95523118972778320313 1.0720221996307373047 1.1760488748550415039 1.1475319862365722656 1.061085820198059082 0.94722384214401245117 0.8916123509407043457 0.88772875070571899414 0.80506014823913574219 0.634067535400390625 0.43822947144508361816 0.27557486295700073242 0.19340221583843231201 0.16674438118934631348 0.15536503493785858154 0.16000349819660186768 0.18530441820621490479 0.26943600177764892578 0.36327496170997619629
0.61912596225738525391 0.63653808832168579102 0.54843866825103759766 0.44498282670974731445 0.40773171186447143555 0.44286480545997619629 0.48669144511222839355 0.52167481184005737305 0.68611055612564086914 0.92395359277725219727 1.0926471948623657227 1.1487047672271728516 1.0539612770080566406 1.0383801460266113281 1.0943005084991455078 1.1299326419830322266 1.1323688030242919922 1.1197386980056762695 1.1639895439147949219 1.1833418607711791992 1.1271657943725585938 1.0582815408706665039 1.1131693124771118164 1.2125544548034667969 1.1624361276626586914 1.0148541927337646484 0.87238472700119018555 0.79140055179595947266 0.74343144893646240234 0.64925873279571533203 0.52972269058227539063 0.4062188565731048584 0.28311741352081298828 0.21371531486511230469 0.19131849706172943115 0.18214453756809234619 0.19180823862552642822 0.22142007946968078613 0.28095570206642150879 0.35480284690856933594
0.78838419914245605469 0.71110576391220092773 0.53660082817077636719 0.45074111223220825195 0.44306442141532897949 0.48330384492874145508 0.53595197200775146484 0.59763062000274658203 0.76750648021697998047 0.95883089303970336914 1.1115441322326660156 1.1811771392822265625 1.1191272735595703125 1.1181166172027587891 1.1196731328964233398 1.132821202278137207 1.1364738941192626953 1.070387721061706543 1.0524078607559204102 1.1362274885177612305 1.2223991155624389648 1.1904540061950683594 1.1857656240463256836 1.243885040283203125 1.1821783781051635742 1.0351953506469726563 0.82336437702178955078 0.6228847503662109375 0.51809382438659667969 0.4464957118034362793 0.38826707005500793457 0.34757533669471740723 0.29305562376976013184 0.25071376562118530273 0.23160471022129058838 0.2245206981897354126 0.23393173515796661377 0.25527423620223999023 0.29229137301445007324 0.35095357894897460938
0.89977252483367919922 0.68864965438842773438 0.50796842575073242188 0.53400242328643798828 0.55144262313842773438 0.53450775146484375 0.64157891273498535156 0.80093324184417724609 0.93721079826354980469 1.0424976348876953125 1.1304972171783447266 1.217835545539855957 1.2179509401321411133 1.2105144262313842773 1.1699069738388061523 1.1700410842895507813 1.1510972976684570313 1.0418832302093505859 0.97621494531631469727 1.0453612804412841797 1.2129474878311157227 1.2917200326919555664 1.2595846652984619141 1.2459437847137451172 1.1642577648162841797 1.0418488979339599609 0.81206619739532470703 0.52271664142608642578 0.36849048733711242676 0.31934535503387451172 0.32677561044692993164 0.33707565069198608398 0.31952628493309020996 0.29557603597640991211 0.27660423517227172852 0.26686567068099975586 0.27213111519813537598 0.28666719794273376465 0.30483734607696533203 0.34004840254783630371
0.95606088638305664063 0.70111453533172607422 0.56366103887557983398 0.63519048690795898438 0.6908893585205078125 0.66471189260482788086 0.71745359897613525391 0.88695830106735229492 1.0658178329467773438 1.1570677757263183594 1.1900889873504638672 1.2438757419586181641 1.2694760560989379883 1.2581684589385986328 1.2310552597045898438 1.225690007209777832 1.1892780065536499023 1.0971484184265136719 1.0568186044692993164 1.0955263376235961914 1.1884981393814086914 1.2808179855346679688 1.2723053693771362305 1.2399297952651977539 1.1670058965682983398 1.0688374042510986328 0.87023240327835083008 0.61454677581787109375 0.41075125336647033691 0.32677873969078063965 0.35014879703521728516 0.3672396242618560791 0.3500302731990814209 0.32231497764587402344 0.3015994727611541748 0.28943094611167907715 0.29599714279174804688 0.30764785408973693848 0.31328448653221130371 0.32971715927124023438
1.0091333389282226563 0.78424483537673950195 0.69069594144821166992 0.72256618738174438477 0.79384613037109375 0.82099992036819458008 0.8438771367073059082 0.95892137289047241211 1.1296082735061645508 1.2190520763397216797 1.2366389036178588867 1.2649124860763549805 1.2885601520538330078 1.2763761281967163086 1.2632311582565307617 1.2673144340515136719 1.2395554780960083008 1.1968237161636352539 1.1766010522842407227 1.1802818775177001953 1.1912556886672973633 1.183295130729675293 1.2116904258728027344 1.2295143604278564453 1.180796504020690918 1.0854446887969970703 0.89873999357223510742 0.65334814786911010742 0.4396393895149230957 0.37265792489051818848 0.39835187792778015137 0.40132772922515869141 0.37836942076683044434 0.34546667337417602539 0.32228377461433410645 0.31230503320693969727 0.3187745213508605957 0.32496017217636108398 0.32429262995719909668 0.32922118902206420898
1.1315827369689941406 1.003399968147277832 0.90028721094131469727 0.87014508247375488281 0.87204164266586303711 0.87713861465454101563 0.90658199787139892578 1.0041360855102539063 1.134627223014831543 1.205108642578125 1.2424346208572387695 1.278447270393371582 1.2987916469573974609 1.2928087711334228516 1.2841681241989135742 1.28759002685546875 1.2724707126617431641 1.2521637678146362305 1.2257056236267089844 1.1938759088516235352 1.1180012226104736328 1.0356881618499755859 1.030207514762878418 1.1166255474090576172 1.148573756217956543 1.0473201274871826172 0.86756223440170288086 0.64450484514236450195 0.46472510695457458496 0.44613698124885559082 0.45091578364372253418 0.43246179819107055664 0.40796256065368652344 0.37172836065292358398 0.3417078852653503418 0.32895603775978088379 0.33187574148178100586 0.33368182182312011719 0.33050635457038879395 0.32610496878623962402
1.2225488424301147461 1.1622395515441894531 1.0535026788711547852 0.99265068769454956055 0.91090232133865356445 0.82547307014465332031 0.84746128320693969727 0.91947424411773681641 1.0315488576889038086 1.1175333261489868164 1.1804814338684082031 1.2338470220565795898 1.2762918472290039063 1.3040446043014526367 1.3071701526641845703 1.2722866535186767578 1.23250579833984375 1.2012531757354736328 1.154101252555847168 1.0833390951156616211 0.95733362436294555664 0.87197613716125488281 0.88724523782730102539 0.97634595632553100586 1.0827683210372924805 1.0319044589996337891 0.85939586162567138672 0.66414105892181396484 0.50751614570617675781 0.49115833640098571777 0.49528834223747253418 0.46240118145942687988 0.43342569470405578613 0.39566925168037414551 0.36163419485092163086 0.34355452656745910645 0.34019187092781066895 0.33670133352279663086 0.33050009608268737793 0.32217770814895629883
1.2952013015747070313 1.2308493852615356445 1.1442878246307373047 1.0871790647506713867 0.96959882974624633789 0.82073789834976196289 0.81681692600250244141 0.86400622129440307617 0.95011860132217407227 1.050189971923828125 1.1394934654235839844 1.202032923698425293 1.2535300254821777344 1.3026814460754394531 1.3125510215759277344 1.2281948328018188477 1.1427282094955444336 1.092154383659362793 1.0384924411773681641 0.94900184869766235352 0.80954885482788085938 0.70776808261871337891 0.71085309982299804688 0.79825377464294433594 0.92279320955276489258 0.96121096611022949219 0.86676996946334838867 0.70878809690475463867 0.57320618629455566406 0.53044325113296508789 0.5265191197395324707 0.50851118564605712891 0.46876150369644165039 0.42018410563468933105 0.38357558846473693848 0.36175584793090820313 0.35514596104621887207 0.34754726290702819824 0.33266493678092956543 0.31629154086112976074
1.377589106559753418 1.3267065286636352539 1.2737433910369873047 1.2251534461975097656 1.1330645084381103516 0.96552187204360961914 0.88078826665878295898 0.92422187328338623047 1.0014690160751342773 1.0747110843658447266 1.1185750961303710938 1.1073424816131591797 1.1769503355026245117 1.2899794578552246094 1.3134680986404418945 1.2230354547500610352 1.1161358356475830078 1.0018122196197509766 0.92735058069229125977 0.85818552970886230469 0.74682527780532836914 0.64443624019622802734 0.60087156295776367188 0.62329024076461791992 0.73067957162857055664 0.79209309816360473633 0.79913651943206787109 0.69400244951248168945 0.59718143939971923828 0.5662625432014465332 0.55820220708847045898 0.54976755380630493164 0.51604437828063964844 0.4494933784008026123 0.3999926447868347168 0.37724956870079040527 0.37076136469841003418 0.35731390118598937988 0.33389395475387573242 0.30676198005676269531
1.4216154813766479492 1.4005193710327148438 1.3638235330581665039 1.316094517707824707 1.2474192380905151367 1.060555577278137207 0.91110819578170776367 0.92149245738983154297 0.98597532510757446289 1.0617034435272216797 1.0884423255920410156 1.0520054101943969727 1.1380616426467895508 1.2761826515197753906 1.3238399028778076172 1.2629442214965820313 1.1828926801681518555 1.0492073297500610352 0.90973258018493652344 0.83721739053726196289 0.74929893016815185547 0.65316414833068847656 0.61292469501495361328 0.58036822080612182617 0.60233765840530395508 0.63988196849822998047 0.65403127670288085938 0.62123459577560424805 0.59305143356323242188 0.58824765682220458984 0.59014105796813964844 0.58703732490539550781 0.54709112644195556641 0.48257705569267272949 0.41909232735633850098 0.39156109094619750977 0.38273024559020996094 0.36130040884017944336 0.33283025026321411133 0.31583300232887268066
