INPUT/RASTER/ASCII/BIO14.asc
ncols        113
nrows        135
xllcorner    473009.983799999987
yllcorner    4429001.174800000153
cellsize     100.000000000000
NODATA_value  -9999
[rows 18 to 35 of 135, columns 0 to 39 of 113]
-9999 -9999 -9999 -9999 -9999 -9999 -9999 -9999 -9999 -9999 -9999 -9999 -9999 -9999 0.56527721881866455078 0.63416832685470581055 0.76420241594314575195 0.78825998306274414063 0.79625159502029418945 0.87084889411926269531 1.0084196329116821289 1.0980284214019775391 1.1438902616500854492 1.1479313373565673828 1.1415560245513916016 1.1427783966064453125 1.1483418941497802734 1.1513816118240356445 1.1593698263168334961 1.1679173707962036133 1.1391471624374389648 1.0893468856811523438 1.0307624340057373047 1.0138612985610961914 0.99937963485717773438 0.9454409480094909668 0.88033860921859741211 0.9612458348274230957 1.0596370697021484375 1.1620492935180664063
-9999 -9999 -9999 -9999 -9999 -9999 -9999 -9999 -9999 -9999 -9999 -9999 -9999 -9999 0.57968842983245849609 0.61483216285705566406 0.72576409578323364258 0.79101347923278808594 0.82967537641525268555 0.93694734573364257813 1.0594065189361572266 1.1069569587707519531 1.1250673532485961914 1.1137768030166625977 1.093432307243347168 1.079442143440246582 1.087454676628112793 1.0925588607788085938 1.1138950586318969727 1.1364597082138061523 1.1324212551116943359 1.1050090789794921875 1.0682576894760131836 1.0375090837478637695 1.0311121940612792969 1.0281176567077636719 -9999 -9999 -9999 -9999
-9999 -9999 -9999 -9999 -9999 -9999 -9999 -9999 -9999 -9999 -9999 -9999 0.59057801961898803711 0.60221660137176513672 0.62869179248809814453 0.65888619422912597656 0.75440561771392822266 0.82590049505233764648 0.87764948606491088867 0.98860496282577514648 1.0734792947769165039 1.0934227705001831055 1.0987217426300048828 1.0784468650817871094 1.055779576301574707 1.0417633056640625 1.0470623970031738281 1.0627715587615966797 1.0971688032150268555 1.1264140605926513672 1.1316026449203491211 1.10991668701171875 1.0737420320510864258 1.0556759834289550781 1.0564799308776855469 1.0500454902648925781 -9999 -9999 -9999 -9999
-9999 -9999 -9999 -9999 -9999 -9999 -9999 -9999 -9999 -9999 -9999 0.61459118127822875977 0.60053491592407226563 0.6145172119140625 0.66506826877593994141 0.71739232540130615234 0.79091691970825195313 0.86391776800155639648 0.91404426097869873047 1.0046447515487670898 1.0567922592163085938 1.0576804876327514648 1.0677896738052368164 1.042300105094909668 1.0214058160781860352 1.0170428752899169922 1.0236243009567260742 1.0385288000106811523 1.0726050138473510742 1.1097383499145507813 1.1185268163681030273 1.100916743278503418 1.0767155885696411133 1.0670945644378662109 1.0622922182083129883 1.0591585636138916016 -9999 -9999 -9999 -9999
-9999 -9999 -9999 -9999 -9999 -9999 -9999 -9999 -9999 -9999 -9999 0.63304603099822998047 0.63217693567276000977 0.68639230728149414063 0.76167428493499755859 0.78960931301116943359 0.81918859481811523438 0.86998760700225830078 0.90567415952682495117 0.94771593809127807617 0.97620254755020141602 0.99088168144226074219 1.0222992897033691406 1.0111879110336303711 1.0029535293579101563 1.0139735937118530273 1.0330295562744140625 1.0467865467071533203 1.0654329061508178711 1.0996779203414916992 1.1180448532104492188 1.1074833869934082031 1.0915470123291015625 1.0742692947387695313 1.0587009191513061523 1.055184483528137207 1.0577570199966430664 -9999 -9999 -9999
-9999 -9999 -9999 -9999 -9999 -9999 -9999 -9999 -9999 -9999 -9999 0.61369162797927856445 0.65021419525146484375 0.7378533482551574707 0.80065369606018066406 0.81667089462280273438 0.8347542881965637207 0.8700415492057800293 0.89093238115310668945 0.91373538970947265625 0.9326165318489074707 0.94834840297698974609 0.97044849395751953125 0.98012614250183105469 0.99069029092788696289 1.0135586261749267578 1.0434623956680297852 1.057435154914855957 1.0709511041641235352 1.1071832180023193359 1.1386077404022216797 1.146355748176574707 1.1256719827651977539 1.0885030031204223633 1.0645585060119628906 1.0635824203491210938 1.0926614999771118164 -9999 -9999 -9999
-9999 -9999 -9999 -9999 -9999 -9999 -9999 -9999 -9999 -9999 0.48452746868133544922 0.55600064992904663086 0.65130954980850219727 0.75146681070327758789 0.7999985814094543457 0.81710588932037353516 0.84141570329666137695 0.87515008449554443359 0.89324563741683959961 0.90450489521026611328 0.90945160388946533203 0.91398942470550537109 0.92883825302124023438 0.95912832021713256836 0.99539166688919067383 1.0290815830230712891 1.0655503273010253906 1.0796378850936889648 1.0942761898040771484 1.1397273540496826172 1.1778411865234375 1.2017891407012939453 1.16363525390625 1.1139229536056518555 1.084468841552734375 1.0829046964645385742 1.1164023876190185547 1.1535365581512451172 1.1863791942596435547 1.1833769083023071289
-9999 -9999 -9999 -9999 -9999 -9999 -9999 -9999 -9999 -9999 0.54555565118789672852 0.60729116201400756836 0.70459401607513427734 0.77401316165924072266 0.80162197351455688477 0.81561821699142456055 0.83702665567398071289 0.86368197202682495117 0.87915283441543579102 0.88269972801208496094 0.88986492156982421875 0.9089539647102355957 0.93692296743392944336 0.98319715261459350586 1.0241645574569702148 1.0584452152252197266 1.0949469804763793945 1.1073884963989257813 1.1324508190155029297 1.1789077520370483398 1.2135782241821289063 1.2354050874710083008 1.1799908876419067383 1.1307970285415649414 1.1026470661163330078 1.1062662601470947266 1.1275581121444702148 1.1557915210723876953 1.1788860559463500977 1.1422276496887207031
-9999 -9999 -9999 -9999 -9999 -9999 -9999 -9999 -9999 -9999 0.59007602930068969727 0.66163969039916992188 0.73037499189376831055 0.78409188985824584961 0.8052985072135925293 0.81690579652786254883 0.82574391365051269531 0.84568560123443603516 0.86265891790390014648 0.875133514404296875 0.88784307241439819336 0.92212027311325073242 0.96721738576889038086 1.0113749504089355469 1.0387662649154663086 1.0611778497695922852 1.0977230072021484375 1.1153548955917358398 1.1429828405380249023 1.1929944753646850586 1.2294327020645141602 1.2387022972106933594 1.1850898265838623047 1.1433769464492797852 1.1189705133438110352 1.1216013431549072266 1.1293181180953979492 1.1307100057601928711 1.1545892953872680664 1.1375298500061035156
-9999 -9999 -9999 -9999 -9999 -9999 -9999 -9999 -9999 0.55130279064178466797 0.61544722318649291992 0.67455017566680908203 0.72611820697784423828 0.76537430286407470703 0.79222100973129272461 0.81453597545623779297 0.82370465993881225586 0.84717935323715209961 0.86975878477096557617 0.89040338993072509766 0.91293066740036010742 0.94873380661010742188 0.99744832515716552734 1.040116429328918457 1.0647699832916259766 1.0789262056350708008 1.1091327667236328125 1.1349982023239135742 1.1630480289459228516 1.2112858295440673828 1.2476344108581542969 1.2489968538284301758 1.2037779092788696289 1.1643947362899780273 1.1405704021453857422 1.1277251243591308594 1.1111050844192504883 1.0968025922775268555 1.1194263696670532227 1.1236876249313354492
-9999 -9999 -9999 -9999 -9999 -9999 -9999 0.47224250435829162598 0.49082612991333007813 0.55489754676818847656 0.64132738113403320313 0.73261088132858276367 0.76101136207580566406 0.76713079214096069336 0.78823733329772949219 0.81906944513320922852 0.84649986028671264648 0.87843334674835205078 0.90549755096435546875 0.93796694278717041016 0.97184652090072631836 0.98866671323776245117 1.0317994356155395508 1.0928250551223754883 1.1277234554290771484 1.139733433723449707 1.1618788242340087891 1.1924394369125366211 1.2220666408538818359 1.249781489372253418 1.2617628574371337891 1.2535085678100585938 1.2018769979476928711 1.1628992557525634766 1.1550973653793334961 1.1444766521453857422 1.1195342540740966797 1.0958499908447265625 1.0960918664932250977 1.1052770614624023438
-9999 -9999 -9999 -9999 -9999 -9999 0.41885706782341003418 0.44595605134963989258 0.53363692760467529297 0.62336927652359008789 0.73515552282333374023 0.78574657440185546875 0.79312926530838012695 0.80096077919006347656 0.82019954919815063477 0.84359592199325561523 0.87710487842559814453 0.91933721303939819336 0.9606342315673828125 0.99704289436340332031 1.0269901752471923828 1.0420147180557250977 1.0799241065979003906 1.1393045186996459961 1.1661765575408935547 1.1803232431411743164 1.2062417268753051758 1.236466526985168457 1.2555756568908691406 1.272086024284362793 1.257007598876953125 1.2282625436782836914 1.1760908365249633789 1.1573418378829956055 1.1674093008041381836 1.1638467311859130859 1.1425800323486328125 1.1185328960418701172 1.11031341552734375 1.1108518838882446289
-9999 -9999 -9999 -9999 -9999 -9999 0.44142955541610717773 0.46980133652687072754 0.63006460666656494141 0.75240379571914672852 0.79774624109268188477 0.81498140096664428711 0.82328361272811889648 0.83421838283538818359 0.84994155168533325195 0.87413132190704345703 0.91662371158599853516 0.97543954849243164063 1.0219634771347045898 1.0561206340789794922 1.0921360254287719727 1.1154854297637939453 1.1410070657730102539 1.1723647117614746094 1.1855978965759277344 1.20476531982421875 1.2320888042449951172 1.2539834976196289063 1.2781184911727905273 1.2837429046630859375 1.2376818656921386719 1.184521794319152832 1.1581083536148071289 1.1710301637649536133 1.1852638721466064453 1.1734529733657836914 1.1540759801864624023 1.1366972923278808594 1.1315817832946777344 1.1263453960418701172
-9999 -9999 -9999 -9999 -9999 0.50804823637008666992 0.46534615755081176758 0.52878856658935546875 0.72758066654205322266 0.83255237340927124023 0.86093026399612426758 0.8629137873649597168 0.86154532432556152344 0.86540192365646362305 0.88077014684677124023 0.91247737407684326172 0.96863460540771484375 1.0284317731857299805 1.0718080997467041016 1.1189383268356323242 1.161930084228515625 1.1841894388198852539 1.1892327070236206055 1.1903192996978759766 1.202851414680480957 1.2291386127471923828 1.2575182914733886719 1.277516484260559082 1.3057324886322021484 1.2848912477493286133 1.2148684263229370117 1.1585067510604858398 1.1553678512573242188 1.1770756244659423828 1.1907125711441040039 1.1775950193405151367 1.1602050065994262695 1.1475014686584472656 1.1479330062866210938 1.1423729658126831055
-9999 -9999 -9999 -9999 0.50237774848937988281 0.50031501054763793945 0.4824447333812713623 0.57639211416244506836 0.78250592947006225586 0.86603182554244995117 0.88845205307006835938 0.88857382535934448242 0.88469982147216796875 0.88969784975051879883 0.91609650850296020508 0.95742231607437133789 1.0176814794540405273 1.0679401159286499023 1.1064794063568115234 1.1622328758239746094 1.2028087377548217773 1.2149702310562133789 1.2117016315460205078 1.2110840082168579102 1.2225615978240966797 1.2492969036102294922 1.2758574485778808594 1.300696253776550293 1.3211956024169921875 1.2701303958892822266 1.1928822994232177734 1.1527578830718994141 1.1535547971725463867 1.170662999153137207 1.1802449226379394531 1.1754044294357299805 1.1668158769607543945 1.1574584245681762695 1.1523412466049194336 1.1422189474105834961
-9999 -9999 -9999 0.45896226167678833008 0.48517647385597229004 0.49493417143821716309 0.499881744384765625 0.64782786369323730469 0.82668352127075195313 0.88913935422897338867 0.90464061498641967773 0.9008318781852722168 0.89959037303924560547 0.91078615188598632813 0.95217716693878173828 1.004412531852722168 1.0672607421875 1.1106909513473510742 1.1367233991622924805 1.1829184293746948242 1.2170215845108032227 1.2247827053070068359 1.2260468006134033203 1.235009312629699707 1.2494978904724121094 1.2690080404281616211 1.2896944284439086914 1.3138312101364135742 1.3173642158508300781 1.250029444694519043 1.1793514490127563477 1.1564683914184570313 1.1591722965240478516 1.1686785221099853516 1.1730519533157348633 1.1740193367004394531 1.1751668453216552734 1.1695389747619628906 1.1461035013198852539 1.1259086132049560547
-9999 -9999 -9999 0.45896226167678833008 0.49206236004829406738 0.50836664438247680664 0.55243724584579467773 0.72398066520690917969 0.87469679117202758789 0.91346132755279541016 0.92315727472305297852 0.92465192079544067383 0.92750281095504760742 0.94626569747924804688 0.98791855573654174805 1.0378509759902954102 1.099013209342956543 1.1334286928176879883 1.1519532203674316406 1.1864095926284790039 1.2154138088226318359 1.2293474674224853516 1.244429469108581543 1.2646173238754272461 1.2787736654281616211 1.288262486457824707 1.30371856689453125 1.3189849853515625 1.30567169189453125 1.231947779655456543 1.1709648370742797852 1.1674206256866455078 1.1745344400405883789 1.1796698570251464844 1.1776037216186523438 1.1787563562393188477 1.1819614171981811523 1.1770225763320922852 1.1492171287536621094 1.1310049295425415039
-9999 -9999 -9999 -9999 -9999 -9999 0.5884526371955871582 0.73156428337097167969 0.87682300806045532227 0.92801785469055175781 0.93037897348403930664 0.9358050227165222168 0.94455444812774658203 0.96771240234375 1.0004166364669799805 1.0413944721221923828 1.1020259857177734375 1.1340759992599487305 1.1545013189315795898 1.1892648935317993164 1.222739100456237793 1.2449922561645507813 1.2631931304931640625 1.2837969064712524414 1.2962689399719238281 1.308230280876159668 1.3246572017669677734 1.3201889991760253906 1.2779844999313354492 1.2091290950775146484 1.1733721494674682617 1.1772286891937255859 1.1843355894088745117 1.1933025121688842773 1.1956479549407958984 1.1903680562973022461 1.1849410533905029297 1.179983973503112793 1.1546188592910766602 1.1375288963317871094
