INPUT/RASTER/ASCII/BIO19.asc
ncols        113
nrows        135
xllcorner    473009.983799999987
yllcorner    4429001.174800000153
cellsize     100.000000000000
NODATA_value  -9999
[rows 54 to 71 of 135, columns 40 to 79 of 113]
0.70320594310760498047 0.77061188220977783203 0.84158861637115478516 0.91847670078277587891 0.90918427705764770508 0.94651079177856445313 0.98679482936859130859 0.90581238269805908203 0.76283121109008789063 0.66258454322814941406 0.6157474517822265625 0.58655458688735961914 0.58359885215759277344 0.59236419200897216797 0.57491791248321533203 0.53092187643051147461 0.46490490436553955078 0.3845036923885345459 0.29235219955444335938 0.26077020168304443359 0.32353264093399047852 0.35332417488098144531 0.33264449238777160645 0.31260010600090026855 0.30334341526031494141 -9999 -9999 -9999 -9999 -9999 -9999 -9999 -9999 -9999 0.41767537593841552734 0.42962920665740966797 0.36644691228866577148 0.28478330373764038086 0.24226418137550354004 0.20151536166667938232
0.69439023733139038086 0.74082398414611816406 0.7856203913688659668 0.83803886175155639648 0.84999179840087890625 0.87029558420181274414 0.89437288045883178711 0.86477476358413696289 0.76981884241104125977 0.68091183900833129883 0.63536828756332397461 0.61564111709594726563 0.61347198486328125 0.60128986835479736328 0.57585304975509643555 0.54283815622329711914 0.51531839370727539063 0.45927038788795471191 0.31273120641708374023 0.22566138207912445068 0.28110703825950622559 0.32026526331901550293 0.29981750249862670898 0.28513625264167785645 0.28550481796264648438 -9999 -9999 -9999 -9999 -9999 -9999 -9999 -9999 -9999 0.41394501924514770508 0.40794289112091064453 0.34540414810180664063 0.23772431910037994385 0.19786751270294189453 0.18242168426513671875
0.68200922012329101563 0.71663123369216918945 0.74032437801361083984 0.78134453296661376953 0.80253767967224121094 0.80566841363906860352 0.83112084865570068359 0.83284622430801391602 0.77199250459671020508 0.70283561944961547852 0.66130477190017700195 0.63779497146606445313 0.63290029764175415039 0.61830157041549682617 0.59050405025482177734 0.54949486255645751953 0.51048237085342407227 0.46287974715232849121 0.31882408261299133301 0.19915558397769927979 0.24605597555637359619 0.28053313493728637695 0.25169321894645690918 0.2219676971435546875 0.22447049617767333984 -9999 -9999 -9999 -9999 -9999 -9999 -9999 -9999 -9999 0.39234855771064758301 0.39067542552947998047 0.33708074688911437988 0.21571621298789978027 0.1622654646635055542 0.15500827133655548096
0.66704744100570678711 0.68758779764175415039 0.70573443174362182617 0.75911641120910644531 0.79387688636779785156 0.79743123054504394531 0.8048928380012512207 0.78996866941452026367 0.75099104642868041992 0.70827388763427734375 0.67540019750595092773 0.63845413923263549805 0.62359958887100219727 0.63538020849227905273 0.6224930882453918457 0.56806319952011108398 0.50975996255874633789 0.45301616191864013672 0.30973425507545471191 0.18080265820026397705 0.19566725194454193115 0.21602608263492584229 0.16831159591674804688 0.13286814093589782715 0.13315968215465545654 -9999 -9999 -9999 -9999 -9999 -9999 -9999 -9999 -9999 0.35578572750091552734 0.35766419768333435059 0.3227093815803527832 0.20195083320140838623 0.12091156095266342163 0.10142458230257034302
0.62377011775970458984 0.63114744424819946289 0.67443662881851196289 0.73715692758560180664 0.75957024097442626953 0.76043844223022460938 0.75184363126754760742 0.71790277957916259766 0.68722748756408691406 0.66324830055236816406 0.63705146312713623047 0.60195636749267578125 0.59196811914443969727 0.63972383737564086914 0.65533196926116943359 0.60100662708282470703 0.52555143833160400391 0.45223507285118103027 0.31575196981430053711 0.18277738988399505615 0.15273740887641906738 0.15077459812164306641 0.11933745443820953369 0.10809779167175292969 0.10983233153820037842 -9999 -9999 -9999 -9999 -9999 -9999 -9999 0.27847588062286376953 0.28996491432189941406 0.29380071163177490234 0.33762991428375244141 0.30915302038192749023 0.18745477497577667236 0.10760731250047683716 0.075635693967342376709
0.55049598217010498047 0.57122606039047241211 0.63576155900955200195 0.68618786334991455078 0.69910979270935058594 0.70085352659225463867 0.68188452720642089844 0.64686369895935058594 0.62350153923034667969 0.60821521282196044922 0.59460109472274780273 0.56807422637939453125 0.56895154714584350586 0.63329815864562988281 0.67490971088409423828 0.62460440397262573242 0.53162413835525512695 0.45532643795013427734 0.34016752243041992188 0.21134594082832336426 0.1435870826244354248 0.11981143057346343994 0.11287143826484680176 0.11391014605760574341 0.11372954398393630981 -9999 -9999 -9999 -9999 -9999 -9999 0.17350879311561584473 0.23283606767654418945 0.28270131349563598633 0.31061896681785583496 0.32593825459480285645 0.28471270203590393066 0.16754791140556335449 0.10889721661806106567 0.067466311156749725342
0.48324131965637207031 0.52100789546966552734 0.58322757482528686523 0.62644159793853759766 0.64778417348861694336 0.65457838773727416992 0.623424530029296875 0.60714900493621826172 0.59566545486450195313 0.58523255586624145508 0.57232439517974853516 0.53770875930786132813 0.53352552652359008789 0.58146554231643676758 0.62368762493133544922 0.59651809930801391602 0.505519866943359375 0.43889507651329040527 0.36396884918212890625 0.24541513621807098389 0.16357736289501190186 0.12534324824810028076 0.12697786092758178711 0.14305901527404785156 -9999 -9999 -9999 -9999 -9999 -9999 -9999 0.10648701339960098267 0.15413457155227661133 0.26213255524635314941 0.3324152827262878418 0.33144718408584594727 0.26654222607612609863 0.15659886598587036133 0.10585077106952667236 0.05381002277135848999
0.47560000419616699219 0.51197212934494018555 0.55966734886169433594 0.58364564180374145508 0.61640566587448120117 0.61541187763214111328 0.54799133539199829102 0.55237257480621337891 0.55173546075820922852 0.5401776432991027832 0.51382219791412353516 0.47422301769256591797 0.46699056029319763184 0.49447181820869445801 0.53859621286392211914 0.53475493192672729492 0.43740347027778625488 0.36543568968772888184 0.31394135951995849609 0.23223741352558135986 0.16841976344585418701 0.13188627362251281738 0.14926099777221679688 0.20304636657238006592 0.25670614838600158691 0.2633610069751739502 -9999 -9999 -9999 -9999 -9999 0.075302906334400177002 0.09538761526346206665 0.19724501669406890869 0.32532218098640441895 0.32867667078971862793 0.23568081855773925781 0.14124746620655059814 0.10024469345808029175 0.056384328752756118774
0.48964592814445495605 0.52336764335632324219 0.54197084903717041016 0.54968827962875366211 0.55227541923522949219 0.53683692216873168945 0.49759069085121154785 0.49516856670379638672 0.48640877008438110352 0.47740972042083740234 0.43808281421661376953 0.40204346179962158203 0.399250030517578125 0.41699880361557006836 0.47013509273529052734 0.48625385761260986328 0.38822031021118164063 0.31282654404640197754 0.25150343775749206543 0.18582749366760253906 0.13912604749202728271 0.12467584013938903809 0.18343839049339294434 0.24540323019027709961 0.28560841083526611328 0.30475893616676330566 0.32042479515075683594 -9999 -9999 -9999 -9999 -9999 0.077655352652072906494 0.13085123896598815918 0.27015981078147888184 0.31021556258201599121 0.20553357899188995361 0.11990493535995483398 0.090051069855690002441 0.060829773545265197754
0.48496761918067932129 0.51176589727401733398 0.51194739341735839844 0.50640457868576049805 0.49632370471954345703 0.47758939862251281738 0.45560055971145629883 0.44431963562965393066 0.41414764523506164551 0.39749532938003540039 0.36413204669952392578 0.33222275972366333008 0.3230889439582824707 0.33250421285629272461 0.36646249890327453613 0.36922290921211242676 0.31401652097702026367 0.2713782191276550293 0.23176252841949462891 0.15457279980182647705 0.11889556795358657837 0.17695127427577972412 0.27112060785293579102 0.31208029389381408691 0.33003899455070495605 0.33405539393424987793 0.31058135628700256348 0.20020711421966552734 -9999 -9999 -9999 -9999 0.029570486396551132202 0.067184858024120330811 0.19212482869625091553 0.26309058070182800293 0.18307533860206604004 0.092903159558773040771 0.067307710647583007813 0.051941636949777603149
0.45219656825065612793 0.46831622719764709473 0.46253320574760437012 0.45600852370262145996 0.45083698630332946777 0.43646651506423950195 0.40853422880172729492 0.38741356134414672852 0.35275760293006896973 0.31916788220405578613 0.29838457703590393066 0.27803307771682739258 0.26767718791961669922 0.25796121358871459961 0.25486800074577331543 0.22950817644596099854 0.21155405044555664063 0.2052869647741317749 0.17952924966812133789 0.11065559089183807373 0.13001605868339538574 0.26524406671524047852 0.36093431711196899414 0.36823186278343200684 0.3544508814811706543 0.29882830381393432617 0.22301191091537475586 0.11047957092523574829 0.067245364189147949219 -9999 -9999 -9999 0.028046805411577224731 0.050623312592506408691 0.13884551823139190674 0.20839300751686096191 0.15436193346977233887 0.057831916958093643188 0.042978323996067047119 0.038904175162315368652
0.42195123434066772461 0.42476388812065124512 0.42196956276893615723 0.42348775267601013184 0.4213727414608001709 0.40900087356567382813 0.38035804033279418945 0.35633671283721923828 0.32884901762008666992 0.29071483016014099121 0.2615146338939666748 0.23041670024394989014 0.22723273932933807373 0.20812071859836578369 0.18112811446189880371 0.1551732867956161499 0.14372734725475311279 0.1443205028772354126 0.10608271509408950806 0.08604475855827331543 0.17703653872013092041 0.33560475707054138184 0.39162430167198181152 0.38312762975692749023 0.34890440106391906738 0.23931859433650970459 0.1483093947172164917 0.082436330616474151611 0.060327380895614624023 -9999 -9999 -9999 0.034759432077407836914 0.046145781874656677246 0.095149256289005279541 0.14271706342697143555 0.096943385899066925049 0.013234467245638370514 0.0098598171025514602661 0.013390318490564823151
0.40026399493217468262 0.39882007241249084473 0.39834794402122497559 0.39956358075141906738 0.3975448310375213623 0.3874823153018951416 0.3635673224925994873 0.33290299773216247559 0.30238357186317443848 0.26001569628715515137 0.21028430759906768799 0.17742617428302764893 0.16665773093700408936 0.1474412083625793457 0.12071261554956436157 0.10596628487110137939 0.095717653632164001465 0.072957791388034820557 0.033657468855381011963 0.092806898057460784912 0.21319599449634552002 0.34908959269523620605 0.36288338899612426758 0.32893979549407958984 0.27570173144340515137 0.18396277725696563721 0.1157180294394493103 0.073615118861198425293 0.062713742256164550781 -9999 -9999 -9999 0.034396391361951828003 0.041689340025186538696 0.076211430132389068604 0.11389914155006408691 0.032627016305923461914 -0.031540837138891220093 -0.052411228418350219727 -0.053424265235662460327
0.36707031726837158203 0.37612253427505493164 0.37903055548667907715 0.38009217381477355957 0.37564858794212341309 0.36599400639533996582 0.34477066993713378906 0.31161090731620788574 0.2662131190299987793 0.22102066874504089355 0.16048966348171234131 0.13330818712711334229 0.11515512317419052124 0.09525559842586517334 0.07675507664680480957 0.065652012825012207031 0.039715521037578582764 -0.0098737711086869239807 -0.0075304936617612838745 0.10466263443231582642 0.21610492467880249023 0.32191821932792663574 0.31586933135986328125 0.25004944205284118652 0.18386468291282653809 0.13189819455146789551 0.095301441848278045654 0.074409961700439453125 0.069775663316249847412 -9999 -9999 -9999 -9999 -9999 -9999 -9999 0.020161621272563934326 -0.024921720847487449646 -0.087829925119876861572 -0.11344279348850250244
0.3329213559627532959 0.35667499899864196777 0.36912754178047180176 0.37085199356079101563 0.36344629526138305664 0.35196644067764282227 0.32594010233879089355 0.2822704315185546875 0.22866749763488769531 0.17936056852340698242 0.14089450240135192871 0.11317214369773864746 0.080844812095165252686 0.051213715225458145142 0.030956650152802467346 0.016501853242516517639 -0.017461920157074928284 -0.04513203352689743042 0.010447469539940357208 0.12960809469223022461 0.22208780050277709961 0.29663813114166259766 0.28226584196090698242 0.21824467182159423828 0.14547197520732879639 0.10930701345205307007 0.091141112148761749268 0.075858473777770996094 -9999 -9999 -9999 -9999 -9999 -9999 -9999 -9999 0.027344554662704467773 -0.014990294352173805237 -0.10068219900131225586 -0.15179425477981567383
0.31140553951263427734 0.33790311217308044434 0.34763926267623901367 0.34864497184753417969 0.34116041660308837891 0.32681930065155029297 0.29252639412879943848 0.23808918893337249756 0.18554788827896118164 0.14708182215690612793 0.13139487802982330322 0.10203607380390167236 0.0578594207763671875 0.018592102453112602234 -0.020748559385538101196 -0.041691374033689498901 -0.052898034453392028809 -0.034984245896339416504 0.05305185168981552124 0.17860330641269683838 0.25305372476577758789 0.26962625980377197266 0.22646357119083404541 0.17414228618144989014 0.11596922576427459717 0.091252960264682769775 0.085828401148319244385 -9999 -9999 -9999 -9999 -9999 -9999 -9999 -9999 -9999 0.00079657643800601363182 -0.02282963879406452179 -0.083444073796272277832 -0.1689443737268447876
0.26251116394996643066 0.29151886701583862305 0.29220277070999145508 0.28737962245941162109 0.28116112947463989258 0.27132597565650939941 0.2398411482572555542 0.19429117441177368164 0.13628955185413360596 0.098640337586402893066 0.097680471837520599365 0.082131043076515197754 0.047410015016794204712 0.0050815842114388942719 -0.05667515099048614502 -0.094839587807655334473 -0.060950074344873428345 -0.0099324444308876991272 0.077683769166469573975 0.21191342175006866455 0.27006173133850097656 0.24009235203266143799 0.16776794195175170898 0.12905251979827880859 0.099760636687278747559 0.087419919669628143311 0.082607768476009368896 0.071401111781597137451 0.067993454635143280029 0.062940187752246856689 0.052679639309644699097 0.045149248093366622925 0.038090996444225311279 0.036306951195001602173 -9999 -9999 -0.0045143025927245616913 -0.015177316032350063324 -0.05028430745005607605 -0.16404420137405395508
0.2182941734790802002 0.24926193058490753174 0.2458038628101348877 0.2334823906421661377 0.22073188424110412598 0.21161821484565734863 0.19917757809162139893 0.16492868959903717041 0.11119190603494644165 0.08086681365966796875 0.074939861893653869629 0.047950912266969680786 0.011457756161689758301 -0.038201209157705307007 -0.091761060059070587158 -0.12132064253091812134 -0.061762336641550064087 -6.8859430029988288879e-05 0.088863842189311981201 0.20796579122543334961 0.24690857529640197754 0.20740747451782226563 0.1445331871509552002 0.11611407250165939331 0.097020395100116729736 0.089465245604515075684 -9999 0.071389190852642059326 0.067711085081100463867 0.061724543571472167969 0.048834685236215591431 0.039593588560819625854 0.03413052484393119812 0.033402606844902038574 -9999 -9999 -9999 0.00070031505310907959938 -0.028316538780927658081 -0.15573821961879730225
