INPUT/RASTER/ASCII/BIO13.asc
ncols        113
nrows        135
xllcorner    473009.983799999987
yllcorner    4429001.174800000153
cellsize     100.000000000000
NODATA_value  -9999
[rows 72 to 89 of 135, columns 40 to 79 of 113]
0.50611984729766845703 0.51776862144470214844 0.50188070535659790039 0.48557165265083312988 0.47051602602005004883 0.45433133840560913086 0.43835350871086120605 0.41270551085472106934 0.38097515702247619629 0.3492374122142791748 0.32026505470275878906 0.27563130855560302734 0.23010733723640441895 0.19575937092304229736 0.19131705164909362793 0.19709403812885284424 0.22725577652454376221 0.26104477047920227051 0.32269430160522460938 0.37800171971321105957 0.37797093391418457031 0.34422010183334350586 0.30890315771102905273 0.29410240054130554199 0.28650069236755371094 -9999 -9999 0.21117205917835235596 0.20198206603527069092 0.18896783888339996338 0.16912883520126342773 0.15501633286476135254 0.14906942844390869141 0.14378985762596130371 -9999 -9999 -9999 0.067237369716167449951 0.042219754308462142944 -0.064043849706649780273
0.44462299346923828125 0.45351627469062805176 0.43422517180442810059 0.42021238803863525391 0.41179683804512023926 0.39553952217102050781 0.37342149019241333008 0.35595139861106872559 0.34260225296020507813 0.30685558915138244629 0.24451780319213867188 0.21033112704753875732 0.20458123087882995605 0.21786263585090637207 0.23121915757656097412 0.23610964417457580566 0.24515928328037261963 0.27341997623443603516 0.33305028080940246582 0.38048511743545532227 0.37760400772094726563 0.33646696805953979492 0.28992849588394165039 0.24998697638511657715 0.23968148231506347656 -9999 0.21039392054080963135 0.19954298436641693115 0.18843594193458557129 0.1732953488826751709 0.15268805623054504395 0.13523395359516143799 0.1192105710506439209 0.10384466499090194702 0.091705851256847381592 0.079191498458385467529 -9999 0.038006443530321121216 0.021404372528195381165 -0.084431990981101989746
0.39927881956100463867 0.41082540154457092285 0.39363232254981994629 0.38085696101188659668 0.372280120849609375 0.3550021052360534668 0.33338025212287902832 0.31990924477577209473 0.30934762954711914063 0.25244575738906860352 0.15596193075180053711 0.16898846626281738281 0.25318205356597900391 0.29168668389320373535 0.2772713005542755127 0.2534332275390625 0.25672680139541625977 0.28220981359481811523 0.33806881308555603027 0.38174960017204284668 0.3899065852165222168 0.3530604243278503418 0.29331809282302856445 0.26297658681869506836 0.23619459569454193115 0.22049748897552490234 0.21365916728973388672 0.19974243640899658203 0.18103495240211486816 0.16332721710205078125 0.13711406290531158447 0.11000087857246398926 0.091276146471500396729 0.090128630399703979492 0.077041752636432647705 0.058935102075338363647 0.049549341201782226563 0.030382592231035232544 0.0066774827428162097931 -0.096389815211296081543
0.36143535375595092773 0.37166079878807067871 0.35854193568229675293 0.34945166110992431641 0.34021243453025817871 0.31620934605598449707 0.28751769661903381348 0.26853194832801818848 0.22523531317710876465 0.12594054639339447021 0.042337954044342041016 0.13994346559047698975 0.27597358822822570801 0.30883419513702392578 0.29014518857002258301 0.26626646518707275391 0.2693137824535369873 0.29634940624237060547 0.34113955497741699219 0.37015253305435180664 0.37759169936180114746 0.3640111088752746582 0.3274173438549041748 0.29398295283317565918 0.2540537714958190918 0.23027479648590087891 0.21865309774875640869 0.19916376471519470215 0.17568026483058929443 0.15524780750274658203 0.11888182908296585083 0.062990814447402954102 0.032247923314571380615 0.012001374736428260803 0.011523652821779251099 0.023662472143769264221 0.029798982664942741394 0.022804295644164085388 -2.0475579731282778084e-05 -0.08940620720386505127
0.31507536768913269043 0.32068246603012084961 0.31351909041404724121 0.30600234866142272949 0.29475125670433044434 0.26030108332633972168 0.20282547175884246826 0.15368412435054779053 0.057440374046564102173 -0.012329205870628356934 0.019186904653906822205 0.14025250077247619629 0.25662830471992492676 0.29280713200569152832 0.28585675358772277832 0.27215304970741271973 0.28973764181137084961 0.32167112827301025391 0.34018656611442565918 0.35115078091621398926 0.35555246472358703613 0.35330298542976379395 0.34052145481109619141 0.32069230079650878906 0.28561174869537353516 0.25268340110778808594 0.22741584479808807373 0.19778722524642944336 0.17155930399894714355 0.14781725406646728516 0.10418818145990371704 0.042249307036399841309 -0.016668103635311126709 -0.097350187599658966064 -0.1013714224100112915 -0.04214496910572052002 0.0040684803389012813568 0.010633464902639389038 -0.0040688002482056617737 -0.071862235665321350098
0.2726911008358001709 0.2709624171257019043 0.2679938971996307373 0.26175028085708618164 0.24891948699951171875 0.20195129513740539551 0.088593266904354095459 0.022117262706160545349 -0.045620769262313842773 -0.02536929398775100708 0.056834604591131210327 0.15717838704586029053 0.23931457102298736572 0.26955386996269226074 0.27097597718238830566 0.26434695720672607422 0.2848249971866607666 0.31695425510406494141 0.32615777850151062012 0.32782858610153198242 0.32948213815689086914 0.33365482091903686523 0.32702457904815673828 0.31622165441513061523 0.29239711165428161621 0.25860074162483215332 0.22830726206302642822 0.19244118034839630127 0.16379632055759429932 0.13886612653732299805 0.089839287102222442627 0.027287248522043228149 -0.037846703082323074341 -0.16800256073474884033 -0.21124748885631561279 -0.14276702702045440674 -0.051214300096035003662 -0.013573991134762763977 -0.013578916899859905243 -0.066524803638458251953
0.22645054757595062256 0.21818152070045471191 0.22033250331878662109 0.2151797562837600708 0.1968539506196975708 0.12074469774961471558 -0.025860559195280075073 -0.076606214046478271484 -0.056548044085502624512 0.015265398658812046051 0.093342170119285583496 0.17057184875011444092 0.22552466392517089844 0.24024662375450134277 0.24060738086700439453 0.24344415962696075439 0.258869171142578125 0.27816271781921386719 0.29723098874092102051 0.30417519807815551758 0.30258566141128540039 0.30689868330955505371 0.30314710736274719238 0.29713863134384155273 0.28146493434906005859 0.24884068965911865234 0.21155621111392974854 0.1642100214958190918 0.13069683313369750977 0.11005874723196029663 0.055328793823719024658 -0.061887942254543304443 -0.17521148920059204102 -0.30226954817771911621 -0.32358604669570922852 -0.25182801485061645508 -0.14035502076148986816 -0.055779747664928436279 -0.039913959801197052002 -0.099016055464744567871
0.16425187885761260986 0.14259801805019378662 0.14924795925617218018 0.15034376084804534912 0.13255724310874938965 0.028530804440379142761 -0.096624985337257385254 -0.066767357289791107178 0.025754351168870925903 0.0902271270751953125 0.13550482690334320068 0.17762686312198638916 0.21451365947723388672 0.21959006786346435547 0.21433758735656738281 0.22043716907501220703 0.21683208644390106201 0.23736305534839630127 0.28128024935722351074 0.29644420742988586426 0.2885913550853729248 0.28387814760208129883 0.28013271093368530273 0.27434587478637695313 0.26010778546333312988 0.22451257705688476563 0.1667143702507019043 0.088926933705806732178 0.050863076001405715942 0.035130262374877929688 -0.024541897699236869812 -0.16989621520042419434 -0.30149510502815246582 -0.39109876751899719238 -0.38340842723846435547 -0.31179320812225341797 -0.19107358157634735107 -0.085855305194854736328 -0.063007138669490814209 -0.13313500583171844482
0.10657433420419692993 0.070122167468070983887 0.083563640713691711426 0.096484303474426269531 0.08028361201286315918 -0.022946208715438842773 -0.13134232163429260254 -0.068779207766056060791 0.060071539133787155151 0.14189252257347106934 0.17353667318820953369 0.1911754608154296875 0.22342538833618164063 0.2348636239767074585 0.23532287776470184326 0.23535735905170440674 0.21160545945167541504 0.23267571628093719482 0.26440361142158508301 0.2691192626953125 0.27574950456619262695 0.2749430239200592041 0.26648193597793579102 0.25779551267623901367 0.23584246635437011719 0.1904083937406539917 0.11848783493041992188 0.019853007048368453979 -0.040762286633253097534 -0.071494095027446746826 -0.12184821069240570068 -0.2372919619083404541 -0.33757418394088745117 -0.4036623537540435791 -0.40842109918594360352 -0.33203113079071044922 -0.18038024008274078369 -0.09046630561351776123 -0.087548263370990753174 -0.16891737282276153564
0.040403675287961959839 0.011859782040119171143 0.040891245007514953613 0.04316781461238861084 0.0098122255876660346985 -0.084741033613681793213 -0.15772907435894012451 -0.09103514254093170166 0.042725797742605209351 0.14645797014236450195 0.18735121190547943115 0.2020657956600189209 0.22583369910717010498 0.24165147542953491211 0.26101890206336975098 0.27120745182037353516 0.23290964961051940918 0.21127057075500488281 0.16482071578502655029 0.18260970711708068848 0.23099014163017272949 0.25846776366233825684 0.24862769246101379395 0.23121300339698791504 0.18538123369216918945 0.12395577877759933472 0.058750417083501815796 -0.031443011015653610229 -0.091885931789875030518 -0.12394747883081436157 -0.17124812304973602295 -0.2212464064359664917 -0.26894351840019226074 -0.38518634438514709473 -0.43360248208045959473 -0.38651731610298156738 -0.26630988717079162598 -0.19449767470359802246 -0.17316393554210662842 -0.2162574082612991333
-0.024240244179964065552 -0.056543119251728057861 -0.044931270182132720947 -0.061493944376707077026 -0.10344237089157104492 -0.16445659101009368896 -0.1739174574613571167 -0.098247759044170379639 0.022373359650373458862 0.13237501680850982666 0.1840995103120803833 0.20173336565494537354 0.21727164089679718018 0.23438344895839691162 0.26144000887870788574 0.24011488258838653564 0.12479056417942047119 0.030245924368500709534 0.033482860773801803589 0.12892137467861175537 0.18766517937183380127 0.22058245539665222168 0.20967487990856170654 0.18057937920093536377 0.12034085392951965332 0.052427984774112701416 0.00014451089373324066401 -0.041113190352916717529 -0.052675787359476089478 -0.070252999663352966309 -0.1403821110725402832 -0.19599485397338867188 -0.25788080692291259766 -0.39484295248985290527 -0.46710950136184692383 -0.47942560911178588867 -0.44970220327377319336 -0.38111090660095214844 -0.31989601254463195801 -0.30369532108306884766
-0.081571809947490692139 -0.10087769478559494019 -0.12298341840505599976 -0.15652738511562347412 -0.19155131280422210693 -0.20925657451152801514 -0.15450444817543029785 -0.068482473492622375488 0.043087780475616455078 0.14451260864734649658 0.18862555921077728271 0.20253613591194152832 0.21236759424209594727 0.22392404079437255859 0.20599591732025146484 0.082331173121929168701 -0.076223298907279968262 -0.11540143191814422607 0.044136799871921539307 0.19108927249908447266 0.20803609490394592285 0.1927859187126159668 0.16414968669414520264 0.13768413662910461426 0.085724472999572753906 0.020360279828310012817 -0.0051092002540826797485 -0.02000230737030506134 -0.056591138243675231934 -0.10082598030567169189 -0.17140695452690124512 -0.23466572165489196777 -0.29546692967414855957 -0.4032732844352722168 -0.49147087335586547852 -0.5475711822509765625 -0.57814419269561767578 -0.51713979244232177734 -0.43152660131454467773 -0.38346505165100097656
-0.1408462822437286377 -0.15717010200023651123 -0.18123719096183776855 -0.21576122939586639404 -0.22890473902225494385 -0.19593453407287597656 -0.11473286151885986328 -0.034208383411169052124 0.061475154012441635132 0.14197377860546112061 0.16851444542407989502 0.18374490737915039063 0.19650673866271972656 0.19009196758270263672 0.078514315187931060791 -0.13599765300750732422 -0.28136304020881652832 -0.21442532539367675781 0.038613446056842803955 0.21780475974082946777 0.22098137438297271729 0.18607687950134277344 0.13986958563327789307 0.077630288898944854736 -0.01724309287965297699 -0.088327638804912567139 -0.10691447556018829346 -0.14251707494258880615 -0.23299369215965270996 -0.28915682435035705566 -0.31294563412666320801 -0.32093518972396850586 -0.35787615180015563965 -0.4254627227783203125 -0.51953089237213134766 -0.60196626186370849609 -0.67311853170394897461 -0.62360900640487670898 -0.50997519493103027344 -0.43530160188674926758
-0.15938140451908111572 -0.20043349266052246094 -0.22669957578182220459 -0.24270081520080566406 -0.22212181985378265381 -0.16681441664695739746 -0.10566353052854537964 -0.03569941595196723938 0.039567660540342330933 0.099944092333316802979 0.1204578205943107605 0.13965658843517303467 0.15649752318859100342 0.14264357089996337891 0.0028520128689706325531 -0.27139121294021606445 -0.42009943723678588867 -0.34394955635070800781 -0.10329215973615646362 0.099690459668636322021 0.16102233529090881348 0.17868080735206604004 0.16839624941349029541 0.085634596645832061768 -0.10171616822481155396 -0.2465718388557434082 -0.30027738213539123535 -0.32156312465667724609 -0.38243573904037475586 -0.43708688020706176758 -0.46565416455268859863 -0.45778283476829528809 -0.47109749913215637207 -0.50962555408477783203 -0.58000701665878295898 -0.65323269367218017578 -0.71395266056060791016 -0.65842366218566894531 -0.52009481191635131836 -0.44828626513481140137
-0.1614929884672164917 -0.20996084809303283691 -0.23942570388317108154 -0.24283008277416229248 -0.2078123241662979126 -0.14126367866992950439 -0.081474542617797851563 -0.028989145532250404358 0.023354660719633102417 0.061411131173372268677 0.085991650819778442383 0.10766028612852096558 0.12603165209293365479 0.11572738736867904663 -0.018922507762908935547 -0.30199989676475524902 -0.45091867446899414063 -0.43125450611114501953 -0.24077391624450683594 -0.021361598744988441467 0.035312484949827194214 0.0963857993483543396 0.17288903892040252686 0.14988082647323608398 -0.047058857977390289307 -0.2468328624963760376 -0.3636913001537322998 -0.4141648411750793457 -0.43841785192489624023 -0.49856898188591003418 -0.56407845020294189453 -0.57520639896392822266 -0.59173339605331420898 -0.61917656660079956055 -0.66013628244400024414 -0.70601606369018554688 -0.73252594470977783203 -0.64397376775741577148 -0.50301748514175415039 -0.45287758111953735352
-0.18717670440673828125 -0.22874221205711364746 -0.24222432076930999756 -0.22175984084606170654 -0.16742141544818878174 -0.080879852175712585449 -0.012287342920899391174 0.015157048590481281281 0.019947813823819160461 0.033189825713634490967 0.058172963559627532959 0.082684539258480072021 0.10221696645021438599 0.080460913479328155518 -0.098642989993095397949 -0.38108015060424804688 -0.49908486008644104004 -0.47156044840812683105 -0.34354200959205627441 -0.21233713626861572266 -0.19361363351345062256 -0.10212124884128570557 0.031331878155469894409 0.11185882240533828735 0.030942806974053382874 -0.1445067673921585083 -0.32752847671508789063 -0.4887116551399230957 -0.5416107177734375 -0.58598721027374267578 -0.6510251164436340332 -0.67217046022415161133 -0.68886858224868774414 -0.71156775951385498047 -0.75380307435989379883 -0.77543967962265014648 -0.75672727823257446289 -0.62592989206314086914 -0.48575666546821594238 -0.46652343869209289551
-0.22590912878513336182 -0.25258767604827880859 -0.24155575037002563477 -0.19722732901573181152 -0.14475055038928985596 -0.05527124553918838501 0.022050775587558746338 0.037032533437013626099 0.0087730577215552330017 0.010395835153758525848 0.0372923240065574646 0.061215363442897796631 0.061366807669401168823 -0.027725892141461372375 -0.26779597997665405273 -0.52590376138687133789 -0.62372475862503051758 -0.52522045373916625977 -0.44916784763336181641 -0.46804153919219970703 -0.47447973489761352539 -0.36936363577842712402 -0.23409688472747802734 -0.060746580362319946289 0.039561502635478973389 -0.043720960617065429688 -0.26494443416595458984 -0.53414940834045410156 -0.64507699012756347656 -0.67328721284866333008 -0.71617627143859863281 -0.74166667461395263672 -0.74538874626159667969 -0.76294380426406860352 -0.79974931478500366211 -0.80530220270156860352 -0.76330333948135375977 -0.62704908847808837891 -0.50150179862976074219 -0.49937912821769714355
-0.25528532266616821289 -0.27001222968101501465 -0.23774506151676177979 -0.17793992161750793457 -0.13926413655281066895 -0.068933106958866119385 -5.7412849855609238148e-05 0.011720651760697364807 -0.049907952547073364258 -0.052837077528238296509 0.0092273857444524765015 0.046670697629451751709 0.0047395075671374797821 -0.15655817091464996338 -0.40384703874588012695 -0.62776446342468261719 -0.69696277379989624023 -0.56613588333129882813 -0.49195474386215209961 -0.55648541450500488281 -0.60600101947784423828 -0.5362733006477355957 -0.44186410307884216309 -0.26588141918182373047 -0.080676697194576263428 -0.068310104310512542725 -0.24016198515892028809 -0.50264072418212890625 -0.66953188180923461914 -0.73663336038589477539 -0.79319912195205688477 -0.81695961952209472656 -0.79845285415649414063 -0.77718555927276611328 -0.77136552333831787109 -0.76823073625564575195 -0.74852347373962402344 -0.64482581615447998047 -0.55586975812911987305 -0.56936049461364746094
