INPUT/RASTER/ASCII/BIO12.asc
ncols        113
nrows        135
xllcorner    473009.983799999987
yllcorner    4429001.174800000153
cellsize     100.000000000000
NODATA_value  -9999
[rows 72 to 89 of 135, columns 0 to 39 of 113]
-9999 -9999 -9999 -0.4693895876407623291 -0.38221177458763122559 -0.17241200804710388184 -0.11575365811586380005 -0.11065455526113510132 -0.11809876561164855957 -0.0087070995941758155823 0.17960639297962188721 0.35315471887588500977 0.4027462005615234375 0.42484131455421447754 0.40860295295715332031 0.40938466787338256836 0.4379393160343170166 0.44984826445579528809 0.44576084613800048828 0.44185534119606018066 0.45423629879951477051 0.48609817028045654297 0.51578181982040405273 0.54122471809387207031 0.55583351850509643555 0.56226903200149536133 0.56724935770034790039 0.57920789718627929688 0.57885760068893432617 0.4869835972785949707 0.35590723156929016113 0.39622950553894042969 0.42902189493179321289 0.41453787684440612793 0.39550793170928955078 0.39722767472267150879 0.45145976543426513672 0.46821373701095581055 0.4454301297664642334 0.40607145428657531738
-9999 -9999 -9999 -0.48369020223617553711 -0.44204354286193847656 -0.26999396085739135742 -0.14251491427421569824 -0.10943990945816040039 -0.082871064543724060059 0.046813279390335083008 0.27432611584663391113 0.34609836339950561523 0.37292727828025817871 0.37169909477233886719 0.34078431129455566406 0.3326034843921661377 0.37143754959106445313 0.37656819820404052734 0.368373870849609375 0.37450271844863891602 0.39742311835289001465 0.42644679546356201172 0.45756456255912780762 0.4806683659553527832 0.49059295654296875 0.50384432077407836914 0.52215570211410522461 0.5341472625732421875 0.51081800460815429688 0.38228967785835266113 0.29411369562149047852 0.37018230557441711426 0.38065409660339355469 0.34109997749328613281 0.31351643800735473633 0.33392637968063354492 0.39861369132995605469 0.41309171915054321289 0.38776457309722900391 0.34528210759162902832
-9999 -9999 -0.4897002875804901123 -0.48482969403266906738 -0.43794110417366027832 -0.25057017803192138672 -0.077492356300354003906 -0.034065809100866317749 -0.011734691448509693146 0.11924847960472106934 0.28879210352897644043 0.31321728229522705078 0.32712256908416748047 0.31885606050491333008 0.27581736445426940918 0.26128822565078735352 0.30195176601409912109 0.30459600687026977539 0.29206323623657226563 0.31650793552398681641 0.34421175718307495117 0.37696057558059692383 0.40872621536254882813 0.42191594839096069336 0.43167519569396972656 0.44198915362358093262 0.45937299728393554688 0.46740198135375976563 0.40402397513389587402 0.26028102636337280273 0.23681344091892242432 0.32706993818283081055 0.31633657217025756836 0.27434566617012023926 0.29330945014953613281 0.33029145002365112305 0.36930137872695922852 0.37069493532180786133 0.35362225770950317383 0.30732595920562744141
-9999 -9999 -0.50035250186920166016 -0.46265941858291625977 -0.34486296772956848145 -0.20408748090267181396 -0.095845811069011688232 -0.053536199033260345459 -0.016737584024667739868 0.18211385607719421387 0.28068494796752929688 0.29597625136375427246 0.30422770977020263672 0.27542349696159362793 0.21666356921195983887 0.20110769569873809814 0.2374162524938583374 0.24647797644138336182 0.25130349397659301758 0.28874099254608154297 0.31658911705017089844 0.34003716707229614258 0.35885664820671081543 0.36980649828910827637 0.39035323262214660645 0.39094850420951843262 0.36710509657859802246 0.34481307864189147949 0.27315056324005126953 0.15947155654430389404 0.17328362166881561279 0.25192433595657348633 0.25158610939979553223 0.23603174090385437012 0.2714939415454864502 0.29239395260810852051 0.32140862941741943359 0.32224893569946289063 0.30495530366897583008 0.26140397787094116211
-9999 -9999 -0.51039737462997436523 -0.47865876555442810059 -0.36164399981498718262 -0.22865846753120422363 -0.15272815525531768799 -0.12215459346771240234 -0.031594429165124893188 0.17569486796855926514 0.23623166978359222412 0.26234802603721618652 0.25663408637046813965 0.21362695097923278809 0.14620216190814971924 0.13112433254718780518 0.17349107563495635986 0.19874306023120880127 0.22563509643077850342 0.2547264397144317627 0.27412918210029602051 0.29195347428321838379 0.30627667903900146484 0.32347410917282104492 0.3389638364315032959 0.30522286891937255859 0.17603611946105957031 0.081072866916656494141 0.10382640361785888672 0.075235657393932342529 0.11716945469379425049 0.18674844503402709961 0.18808785080909729004 0.1821619570255279541 0.20908857882022857666 0.22526228427886962891 0.25481063127517700195 0.25810128450393676758 0.2340173572301864624 0.20035757124423980713
-9999 -9999 -0.50900834798812866211 -0.54495161771774291992 -0.51501393318176269531 -0.31160154938697814941 -0.22414864599704742432 -0.20364701747894287109 -0.048865530639886856079 0.11497166752815246582 0.17957331240177154541 0.20983721315860748291 0.19441212713718414307 0.1424665302038192749 0.090233810245990753174 0.082361169159412384033 0.12293601036071777344 0.15746769309043884277 0.18757975101470947266 0.19958338141441345215 0.21322408318519592285 0.2375545501708984375 0.25354486703872680664 0.27013647556304931641 0.25241741538047790527 0.15713846683502197266 -0.041624266654253005981 -0.17294116318225860596 -0.12456133216619491577 -0.089375726878643035889 0.062684834003448486328 0.15557807683944702148 0.15487003326416015625 0.11813756078481674194 0.14024920761585235596 0.17593239247798919678 0.19737356901168823242 0.18908452987670898438 0.15413042902946472168 0.14254169166088104248
-9999 -9999 -9999 -0.67640227079391479492 -0.61003130674362182617 -0.34822127223014831543 -0.26472949981689453125 -0.21838510036468505859 -0.049474354833364486694 0.047503281384706497192 0.12383947521448135376 0.13857154548168182373 0.12232117354869842529 0.086144909262657165527 0.055993765592575073242 0.049795769155025482178 0.083948627114295959473 0.12395222485065460205 0.14457111060619354248 0.15315480530261993408 0.16325679421424865723 0.18113221228122711182 0.20016515254974365234 0.19575154781341552734 0.092521794140338897705 -0.065771341323852539063 -0.22347067296504974365 -0.31501397490501403809 -0.2773660123348236084 -0.17648738622665405273 0.022266333922743797302 0.1183630526065826416 0.11785795539617538452 0.08728739619255065918 0.099116653203964233398 0.12651079893112182617 0.12357941269874572754 0.085112161934375762939 0.058113381266593933105 0.095347948372364044189
-9999 -9999 -9999 -0.77329421043395996094 -0.66269093751907348633 -0.42378479242324829102 -0.32150810956954956055 -0.20230458676815032959 -0.054367508739233016968 -0.0065288571640849113464 0.05365467071533203125 0.066588833928108215332 0.046505108475685119629 0.029564725235104560852 0.015016050077974796295 0.0044660805724561214447 0.037130698561668395996 0.071256496012210845947 0.10013286024332046509 0.12252862006425857544 0.12805615365505218506 0.13055910170078277588 0.130583152174949646 0.10421425104141235352 -0.051954757422208786011 -0.23334717750549316406 -0.35096323490142822266 -0.37796953320503234863 -0.27112293243408203125 -0.16013327240943908691 -0.012081947177648544312 0.056898735463619232178 0.054364215582609176636 0.059362597763538360596 0.073162645101547241211 0.078099392354488372803 0.038784295320510864258 -0.02792043052613735199 -0.0080802347511053085327 0.052597872912883758545
-9999 -9999 -9999 -0.80479979515075683594 -0.73330718278884887695 -0.51372408866882324219 -0.34139642119407653809 -0.17489090561866760254 -0.097780525684356689453 -0.049097035080194473267 -0.0080997776240110397339 0.012705519795417785645 -0.0028578646015375852585 -0.020755831152200698853 -0.044507544487714767456 -0.041445374488830566406 0.003780588274821639061 0.038140896707773208618 0.071491003036499023438 0.090905770659446716309 0.093838661909103393555 0.091950550675392150879 0.082938425242900848389 0.060142796486616134644 -0.083255901932716369629 -0.28532585501670837402 -0.41292515397071838379 -0.40869793295860290527 -0.26629590988159179688 -0.20172283053398132324 -0.089440368115901947021 -0.0085552688688039779663 0.012380812317132949829 0.039986915886402130127 0.055828403681516647339 0.044248692691326141357 -0.02291002124547958374 -0.08610610663890838623 -0.046446766704320907593 0.0002990083303302526474
-9999 -9999 -0.7043902277946472168 -0.74564450979232788086 -0.747280120849609375 -0.51758301258087158203 -0.30615818500518798828 -0.18376773595809936523 -0.14277197420597076416 -0.079667590558528900146 -0.044754080474376678467 -0.028902066871523857117 -0.055622741580009460449 -0.079780340194702148438 -0.08724559098482131958 -0.052864238619804382324 -0.0025421774480491876602 0.023589214310050010681 0.048184260725975036621 0.057746581733226776123 0.055935136973857879639 0.055115852504968643188 0.049207992851734161377 0.026821251958608627319 -0.12417799979448318481 -0.32436284422874450684 -0.45172160863876342773 -0.46010988950729370117 -0.37069520354270935059 -0.28982514142990112305 -0.15521156787872314453 -0.013827246613800525665 0.016794420778751373291 0.028906291350722312927 0.033734802156686782837 0.015241540968418121338 -0.058181311935186386108 -0.13013546168804168701 -0.11436162889003753662 -0.081161841750144958496
-9999 -9999 -0.67662930488586425781 -0.63901889324188232422 -0.6334387660026550293 -0.50036752223968505859 -0.30256536602973937988 -0.24995984137058258057 -0.17600032687187194824 -0.1130898594856262207 -0.094294436275959014893 -0.08312962949275970459 -0.13608993589878082275 -0.20469780266284942627 -0.14593937993049621582 -0.053797770291566848755 -0.0067122564651072025299 0.0099334837868809700012 0.017257429659366607666 0.020002406090497970581 0.015432456508278846741 0.01373977120965719223 0.010951199568808078766 -0.0094978213310241699219 -0.18436153233051300049 -0.37395581603050231934 -0.43983072042465209961 -0.49130579829216003418 -0.39207625389099121094 -0.23277142643928527832 -0.092398807406425476074 -0.014112868346273899078 0.0026125453878194093704 0.0044345119968056678772 0.0012956782011315226555 -0.013149270787835121155 -0.074957840144634246826 -0.17166788876056671143 -0.1930294036865234375 -0.1707614213228225708
-9999 -9999 -0.6869297027587890625 -0.61449301242828369141 -0.60299295186996459961 -0.51675772666931152344 -0.36128923296928405762 -0.30498716235160827637 -0.18857820332050323486 -0.15670731663703918457 -0.20968717336654663086 -0.22587139904499053955 -0.27148970961570739746 -0.29670411348342895508 -0.15687417984008789063 -0.062730215489864349365 -0.023093421012163162231 -0.0092362519353628158569 -0.0070850681513547897339 -0.0090227862820029258728 -0.014923132956027984619 -0.022929564118385314941 -0.028977230191230773926 -0.050501093268394470215 -0.2264261096715927124 -0.37322071194648742676 -0.37405049800872802734 -0.46801710128784179688 -0.3575611114501953125 -0.19665078818798065186 -0.073634959757328033447 -0.026014279574155807495 -0.013946005143225193024 -0.014517249539494514465 -0.024584667757153511047 -0.039878964424133300781 -0.087045654654502868652 -0.18626166880130767822 -0.24527263641357421875 -0.25909373164176940918
-9999 -9999 -0.74964624643325805664 -0.66110646724700927734 -0.63794255256652832031 -0.51696515083312988281 -0.45196664333343505859 -0.39347580075263977051 -0.27352514863014221191 -0.29354274272918701172 -0.34930664300918579102 -0.36214008927345275879 -0.3373450934886932373 -0.24431204795837402344 -0.1413348466157913208 -0.083476886153221130371 -0.049215793609619140625 -0.030390307307243347168 -0.024350157007575035095 -0.027287552133202552795 -0.0346716269850730896 -0.054713264107704162598 -0.078897915780544281006 -0.11785523593425750732 -0.29653576016426086426 -0.44164216518402099609 -0.46495792269706726074 -0.49018886685371398926 -0.3262163698673248291 -0.18134295940399169922 -0.084336757659912109375 -0.038240399211645126343 -0.024730484932661056519 -0.031406518071889877319 -0.048339385539293289185 -0.067905984818935394287 -0.1022602766752243042 -0.17391078174114227295 -0.23425815999507904053 -0.28564906120300292969
-9999 -0.98846065998077392578 -0.89097040891647338867 -0.72800964117050170898 -0.66582828760147094727 -0.55640500783920288086 -0.58576697111129760742 -0.54587912559509277344 -0.43743601441383361816 -0.36288872361183166504 -0.33070364594459533691 -0.28968381881713867188 -0.2291425168514251709 -0.17745849490165710449 -0.13653790950775146484 -0.1008938029408454895 -0.074388094246387481689 -0.057080917060375213623 -0.054196137934923171997 -0.055598691105842590332 -0.068955272436141967773 -0.15360908210277557373 -0.26935055851936340332 -0.38538369536399841309 -0.56422507762908935547 -0.615367889404296875 -0.50354546308517456055 -0.36980074644088745117 -0.25230795145034790039 -0.15006436407566070557 -0.08885860443115234375 -0.062322828918695449829 -0.052792079746723175049 -0.064779177308082580566 -0.083455838263034820557 -0.096326865255832672119 -0.11282377690076828003 -0.14151073992252349854 -0.170373573899269104 -0.23484744131565093994
-9999 -1.0350681543350219727 -0.94259583950042724609 -0.76825827360153198242 -0.66657239198684692383 -0.60548239946365356445 -0.63596874475479125977 -0.5959441065788269043 -0.45620286464691162109 -0.27704581618309020996 -0.20505256950855255127 -0.1821832805871963501 -0.16628466546535491943 -0.15640366077423095703 -0.14774329960346221924 -0.13361553847789764404 -0.11996582895517349243 -0.11812281608581542969 -0.14377766847610473633 -0.16122014820575714111 -0.21392789483070373535 -0.39906495809555053711 -0.58320540189743041992 -0.70272910594940185547 -0.780460357666015625 -0.66368156671524047852 -0.39543756842613220215 -0.21055455505847930908 -0.1835091710090637207 -0.12187498807907104492 -0.084284141659736633301 -0.085874602198600769043 -0.092788159847259521484 -0.10970148444175720215 -0.12179230153560638428 -0.11844150722026824951 -0.11664509773254394531 -0.12999415397644042969 -0.14524787664413452148 -0.20833121240139007568
-1.0872843265533447266 -0.97959136962890625 -0.86629271507263183594 -0.77550703287124633789 -0.65400201082229614258 -0.6463744044303894043 -0.63805377483367919922 -0.54499518871307373047 -0.37150847911834716797 -0.25225082039833068848 -0.21350547671318054199 -0.17827026546001434326 -0.17049083113670349121 -0.17928196489810943604 -0.19281592965126037598 -0.21461790800094604492 -0.26349380612373352051 -0.35051077604293823242 -0.44505760073661804199 -0.49572992324829101563 -0.58562111854553222656 -0.72481215000152587891 -0.81041753292083740234 -0.82987141609191894531 -0.73094403743743896484 -0.48188328742980957031 -0.26936560869216918945 -0.15122488141059875488 -0.13280978798866271973 -0.095406860113143920898 -0.086901344358921051025 -0.1005194932222366333 -0.11772895604372024536 -0.13709412515163421631 -0.14041635394096374512 -0.12906363606452941895 -0.11612496525049209595 -0.12915983796119689941 -0.1495081484317779541 -0.22707101702690124512
-1.027538299560546875 -0.93276441097259521484 -0.86317789554595947266 -0.80347394943237304688 -0.69436341524124145508 -0.73225486278533935547 -0.66647166013717651367 -0.53258264064788818359 -0.35156306624412536621 -0.26424846053123474121 -0.2335290759801864624 -0.18901716172695159912 -0.21201272308826446533 -0.2711950838565826416 -0.37018859386444091797 -0.46647474169731140137 -0.60817927122116088867 -0.78208237886428833008 -0.89252632856369018555 -0.93527638912200927734 -0.95866280794143676758 -0.90635645389556884766 -0.82468813657760620117 -0.67920887470245361328 -0.44056433439254760742 -0.26965272426605224609 -0.19553685188293457031 -0.15845863521099090576 -0.14338381588459014893 -0.10830343514680862427 -0.10940683633089065552 -0.12736643850803375244 -0.14106726646423339844 -0.14982834458351135254 -0.14727729558944702148 -0.14188204705715179443 -0.13129448890686035156 -0.13800661265850067139 -0.1641635596752166748 -0.27450978755950927734
-0.93064028024673461914 -0.92239034175872802734 -0.89444148540496826172 -0.78101050853729248047 -0.79218286275863647461 -0.85191237926483154297 -0.70288395881652832031 -0.52757525444030761719 -0.32403963804244995117 -0.23992399871349334717 -0.20969618856906890869 -0.19108566641807556152 -0.24876774847507476807 -0.37646025419235229492 -0.58767157793045043945 -0.76748108863830566406 -0.91915076971054077148 -1.081641077995300293 -1.1457751989364624023 -1.1499843597412109375 -1.0705679655075073242 -0.90285533666610717773 -0.73211658000946044922 -0.50863403081893920898 -0.2846629023551940918 -0.23379665613174438477 -0.21233743429183959961 -0.2234811931848526001 -0.21904353797435760498 -0.16098262369632720947 -0.15044920146465301514 -0.16346754133701324463 -0.16442812979221343994 -0.15691627562046051025 -0.15410214662551879883 -0.15812189877033233643 -0.15194344520568847656 -0.15268756449222564697 -0.19086919724941253662 -0.33009332418441772461
