INPUT/RASTER/ASCII/BIO11.asc
ncols        113
nrows        135
xllcorner    473009.983799999987
yllcorner    4429001.174800000153
cellsize     100.000000000000
NODATA_value  -9999
[rows 36 to 53 of 135, columns 0 to 39 of 113]
-9999 -9999 -9999 -9999 -9999 -9999 -9999 -9999 -9999 -0.5160344243049621582 -0.47851189970970153809 -0.48410177230834960938 -0.515697479248046875 -0.55512279272079467773 -0.58738607168197631836 -0.63003671169281005859 -0.68465942144393920898 -0.72495496273040771484 -0.74588572978973388672 -0.79305630922317504883 -0.84817492961883544922 -0.88694202899932861328 -0.91199344396591186523 -0.9320538640022277832 -0.94831186532974243164 -0.9667065739631652832 -0.96802604198455810547 -0.95084476470947265625 -0.89709550142288208008 -0.84272861480712890625 -0.82934975624084472656 -0.83770960569381713867 -0.84777253866195678711 -0.86099541187286376953 -0.87061858177185058594 -0.87127363681793212891 -0.86427384614944458008 -0.85247337818145751953 -0.83341425657272338867 -0.82621484994888305664
-9999 -9999 -9999 -9999 -9999 -9999 -9999 -9999 -9999 -9999 -0.43956390023231506348 -0.43260467052459716797 -0.44372820854187011719 -0.4661655724048614502 -0.44698166847229003906 -0.44840097427368164063 -0.50061237812042236328 -0.61839222908020019531 -0.68782240152359008789 -0.75754266977310180664 -0.81867539882659912109 -0.85588282346725463867 -0.88293367624282836914 -0.90393304824829101563 -0.92536604404449462891 -0.95137190818786621094 -0.94847714900970458984 -0.92550951242446899414 -0.86829155683517456055 -0.82432138919830322266 -0.82263070344924926758 -0.83555722236633300781 -0.84591966867446899414 -0.85083574056625366211 -0.85022747516632080078 -0.84281903505325317383 -0.83096557855606079102 -0.80655056238174438477 -0.77989268302917480469 -0.78021401166915893555
-9999 -9999 -9999 -9999 -9999 -9999 -9999 -9999 -9999 -9999 -9999 -0.39216247200965881348 -0.41145870089530944824 -0.34452712535858154297 -0.26503086090087890625 -0.27091705799102783203 -0.36885792016983032227 -0.50009149312973022461 -0.61042237281799316406 -0.72051614522933959961 -0.78637778759002685547 -0.82702589035034179688 -0.86432063579559326172 -0.88965898752212524414 -0.90586084127426147461 -0.91107636690139770508 -0.89106893539428710938 -0.85399252176284790039 -0.80240803956985473633 -0.79561728239059448242 -0.80734598636627197266 -0.82145470380783081055 -0.83258450031280517578 -0.83613741397857666016 -0.83838957548141479492 -0.83017641305923461914 -0.81824183464050292969 -0.79070746898651123047 -0.75949227809906005859 -0.74808174371719360352
-9999 -9999 -9999 -9999 -9999 -9999 -9999 -9999 -9999 -9999 -9999 -9999 -9999 -0.24174191057682037354 -0.19338597357273101807 -0.3204364776611328125 -0.44253039360046386719 -0.50297999382019042969 -0.56926274299621582031 -0.67087817192077636719 -0.73954725265502929688 -0.78068500757217407227 -0.82863545417785644531 -0.86322259902954101563 -0.86889982223510742188 -0.84177720546722412109 -0.81018143892288208008 -0.78035438060760498047 -0.76325726509094238281 -0.78374195098876953125 -0.79437577724456787109 -0.80184972286224365234 -0.80990070104598999023 -0.81403696537017822266 -0.81438630819320678711 -0.80460095405578613281 -0.79795676469802856445 -0.78194832801818847656 -0.75464481115341186523 -0.72681409120559692383
-9999 -9999 -9999 -9999 -9999 -9999 -9999 -9999 -9999 -9999 -9999 -9999 -9999 -9999 -9999 -0.45609638094902038574 -0.51290571689605712891 -0.55740922689437866211 -0.57866752147674560547 -0.61873537302017211914 -0.66928422451019287109 -0.71600246429443359375 -0.75475084781646728516 -0.77712273597717285156 -0.7840258479118347168 -0.76680707931518554688 -0.74558311700820922852 -0.73046058416366577148 -0.74059218168258666992 -0.77585941553115844727 -0.78673654794692993164 -0.79284107685089111328 -0.79906725883483886719 -0.79885512590408325195 -0.78969991207122802734 -0.77279621362686157227 -0.76494175195693969727 -0.75510960817337036133 -0.73347073793411254883 -0.70667880773544311523
-9999 -9999 -9999 -9999 -9999 -9999 -9999 -9999 -9999 -9999 -9999 -9999 -9999 -9999 -9999 -0.46133062243461608887 -0.48819121718406677246 -0.53642863035202026367 -0.57057911157608032227 -0.60469835996627807617 -0.63273185491561889648 -0.66272109746932983398 -0.69240474700927734375 -0.69645673036575317383 -0.71147942543029785156 -0.72155487537384033203 -0.71059042215347290039 -0.7037372589111328125 -0.71039080619812011719 -0.74389249086380004883 -0.76601481437683105469 -0.78224468231201171875 -0.79528975486755371094 -0.7954425811767578125 -0.78100943565368652344 -0.76419931650161743164 -0.75387120246887207031 -0.73436599969863891602 -0.70131975412368774414 -0.66425269842147827148
-9999 -9999 -9999 -9999 -9999 -9999 -9999 -9999 -9999 -9999 -9999 -9999 -9999 -9999 -9999 -0.45316731929779052734 -0.47956937551498413086 -0.50859481096267700195 -0.54875934123992919922 -0.59469777345657348633 -0.62428468465805053711 -0.63359588384628295898 -0.63581687211990356445 -0.62742274999618530273 -0.63082277774810791016 -0.65806394815444946289 -0.66947758197784423828 -0.67250961065292358398 -0.68848371505737304688 -0.71599000692367553711 -0.7355950474739074707 -0.75632613897323608398 -0.77774971723556518555 -0.77951216697692871094 -0.7691122889518737793 -0.75733989477157592773 -0.74289429187774658203 -0.71458321809768676758 -0.66773390769958496094 -0.61554431915283203125
-9999 -9999 -9999 -9999 -9999 -9999 -9999 -9999 -9999 -9999 -9999 -9999 -9999 -9999 -9999 -9999 -0.47664967179298400879 -0.49262690544128417969 -0.53277897834777832031 -0.56538230180740356445 -0.5735518336296081543 -0.56477713584899902344 -0.5665614008903503418 -0.56721329689025878906 -0.54767382144927978516 -0.5703232884407043457 -0.59904611110687255859 -0.6131954193115234375 -0.65006285905838012695 -0.68980008363723754883 -0.7031071782112121582 -0.71720969676971435547 -0.73854589462280273438 -0.74776357412338256836 -0.74277573823928833008 -0.72922223806381225586 -0.71223121881484985352 -0.68232613801956176758 -0.63570767641067504883 -0.57129967212677001953
-9999 -9999 -9999 -9999 -9999 -9999 -9999 -9999 -9999 -9999 -9999 -9999 -9999 -9999 -9999 -0.34755286574363708496 -0.39978614449501037598 -0.45682942867279052734 -0.50869148969650268555 -0.52358007431030273438 -0.50700080394744873047 -0.49158504605293273926 -0.4965572655200958252 -0.51149886846542358398 -0.52088499069213867188 -0.51466810703277587891 -0.52490890026092529297 -0.54861587285995483398 -0.59301644563674926758 -0.64511561393737792969 -0.66606193780899047852 -0.67653352022171020508 -0.68904209136962890625 -0.69499689340591430664 -0.6924889683723449707 -0.68199551105499267578 -0.66492646932601928711 -0.63364583253860473633 -0.56923466920852661133 -0.53353077173233032227
-9999 -9999 -9999 -9999 -9999 -9999 -9999 -9999 -9999 -9999 0.22962704300880432129 0.16946130990982055664 0.11296392232179641724 -0.17936144769191741943 -0.1946773827075958252 -0.28451421856880187988 -0.37633186578750610352 -0.44165071845054626465 -0.48644125461578369141 -0.48308798670768737793 -0.45959314703941345215 -0.44018152356147766113 -0.43062388896942138672 -0.44655433297157287598 -0.48051765561103820801 -0.47573882341384887695 -0.47778823971748352051 -0.49627029895782470703 -0.5401312708854675293 -0.58822828531265258789 -0.61123961210250854492 -0.61979907751083374023 -0.62520486116409301758 -0.62796550989151000977 -0.62648695707321166992 -0.6144962310791015625 -0.5906613469123840332 -0.56065648794174194336 -0.54044944047927856445 -0.62417864799499511719
-9999 -9999 -9999 -9999 -9999 -9999 0.35401678085327148438 0.35654032230377197266 0.34988054633140563965 0.29869535565376281738 0.18946249783039093018 0.11493846029043197632 0.029696390032768249512 -0.10353665053844451904 -0.20281884074211120605 -0.27528724074363708496 -0.35943752527236938477 -0.4279537200927734375 -0.45859807729721069336 -0.44175991415977478027 -0.42334336042404174805 -0.40635856986045837402 -0.38973876833915710449 -0.40703234076499938965 -0.43910223245620727539 -0.45470201969146728516 -0.46004855632781982422 -0.46947830915451049805 -0.49311664700508117676 -0.51765644550323486328 -0.53455698490142822266 -0.55409342050552368164 -0.56374150514602661133 -0.57074755430221557617 -0.57676786184310913086 -0.5580736994743347168 -0.53689652681350708008 -0.60663235187530517578 -0.66287088394165039063 -0.67189198732376098633
-9999 -9999 -9999 -9999 -9999 0.36103215813636779785 0.31823176145553588867 0.30936038494110107422 0.29956877231597900391 0.20234534144401550293 0.1166135445237159729 0.066289305686950683594 0.014857713133096694946 -0.057470306754112243652 -0.1729106605052947998 -0.25761309266090393066 -0.33644491434097290039 -0.40267464518547058105 -0.43588307499885559082 -0.40787768363952636719 -0.39568108320236206055 -0.38872185349464416504 -0.37185561656951904297 -0.40830814838409423828 -0.45316731929779052734 -0.47078844904899597168 -0.46128693222999572754 -0.45931553840637207031 -0.47252279520034790039 -0.47673076391220092773 -0.47279417514801025391 -0.50588405132293701172 -0.53839379549026489258 -0.54620146751403808594 -0.54166907072067260742 -0.55120176076889038086 -0.61761242151260375977 -0.70787036418914794922 -0.68217015266418457031 -0.66099923849105834961
-9999 -9999 -9999 -9999 0.46862426400184631348 0.41914224624633789063 0.32741820812225341797 0.25824695825576782227 0.2549622952938079834 0.18290877342224121094 0.11524727195501327515 0.086911231279373168945 0.037126645445823669434 -0.011045245453715324402 -0.074929229915142059326 -0.20863015949726104736 -0.31368312239646911621 -0.37159669399261474609 -0.39886903762817382813 -0.36473417282104492188 -0.34517282247543334961 -0.3451696932315826416 -0.3512274622917175293 -0.41555437445640563965 -0.47079154849052429199 -0.48061123490333557129 -0.46348607540130615234 -0.45473945140838623047 -0.46272185444831848145 -0.46842399239540100098 -0.46145227551460266113 -0.45905661582946777344 -0.50067478418350219727 -0.53886169195175170898 -0.5810413360595703125 -0.66593092679977416992 -0.70342218875885009766 -0.68285953998565673828 -0.64397394657135009766 -0.63348048925399780273
-9999 -9999 -9999 -9999 0.5573756098747253418 0.5072447657585144043 0.37902760505676269531 0.28521671891212463379 0.24274073541164398193 0.20696507394313812256 0.19143390655517578125 0.16183453798294067383 0.10811647027730941772 0.054928690195083618164 0.0059800855815410614014 -0.089540190994739532471 -0.230577811598777771 -0.3189049065113067627 -0.33841946721076965332 -0.282489776611328125 -0.23470157384872436523 -0.23140442371368408203 -0.29576879739761352539 -0.39458933472633361816 -0.45942470431327819824 -0.46782818436622619629 -0.44477942585945129395 -0.43758624792098999023 -0.44574955105781555176 -0.45203500986099243164 -0.44600844383239746094 -0.43024957180023193359 -0.45181977748870849609 -0.59045547246932983398 -0.72237527370452880859 -0.72435921430587768555 -0.67310225963592529297 -0.60458606481552124023 -0.57743227481842041016 -0.60328841209411621094
-9999 -9999 -9999 -9999 0.60316115617752075195 0.55584084987640380859 0.45485863089561462402 0.33754044771194458008 0.28181663155555725098 0.22502602636814117432 0.2222092747688293457 0.21756769716739654541 0.1800670623779296875 0.12871655821800231934 0.061803705990314483643 -0.022630454972386360168 -0.12367195636034011841 -0.24560365080833435059 -0.2989661097526550293 -0.25649011135101318359 -0.20459686219692230225 -0.16935461759567260742 -0.20805308222770690918 -0.30211976170539855957 -0.39500418305397033691 -0.43183106184005737305 -0.41711404919624328613 -0.40498295426368713379 -0.41512703895568847656 -0.4192663729190826416 -0.41537970304489135742 -0.41821515560150146484 -0.51065355539321899414 -0.6472835540771484375 -0.71255564689636230469 -0.70625144243240356445 -0.66190075874328613281 -0.58691501617431640625 -0.55298292636871337891 -0.57473403215408325195
-9999 -9999 -9999 -9999 -9999 0.61351114511489868164 0.5223547816276550293 0.39944988489151000977 0.33827349543571472168 0.26254540681838989258 0.20378959178924560547 0.22831693291664123535 0.24127152562141418457 0.18177644908428192139 0.094800032675266265869 -0.00049253460019826889038 -0.06928323209285736084 -0.13649241626262664795 -0.24288357794284820557 -0.25718262791633605957 -0.22748966515064239502 -0.18846054375171661377 -0.13745005428791046143 -0.15359573066234588623 -0.26356476545333862305 -0.36964401602745056152 -0.37524944543838500977 -0.3540566861629486084 -0.37761703133583068848 -0.38609537482261657715 -0.40277135372161865234 -0.48119455575942993164 -0.57542967796325683594 -0.58543336391448974609 -0.63088518381118774414 -0.65259575843811035156 -0.6472148895263671875 -0.59444200992584228516 -0.53534621000289916992 -0.54284822940826416016
-9999 -9999 -9999 -9999 0.73112565279006958008 0.63303196430206298828 0.56258797645568847656 0.46883949637413024902 0.4087829291820526123 0.34558209776878356934 0.29948145151138305664 0.2872162163257598877 0.28779640793800354004 0.20642544329166412354 0.11652307957410812378 0.035124033689498901367 -0.01549653615802526474 -0.043476972728967666626 -0.098573789000511169434 -0.19173896312713623047 -0.22797940671443939209 -0.19807745516300201416 -0.12472940981388092041 -0.074860602617263793945 -0.13178846240043640137 -0.26279741525650024414 -0.28467020392417907715 -0.2834224700927734375 -0.3301563262939453125 -0.38578656315803527832 -0.51717919111251831055 -0.56527310609817504883 -0.55395615100860595703 -0.51496446132659912109 -0.56264036893844604492 -0.60651069879531860352 -0.62323343753814697266 -0.61223471164703369141 -0.53507792949676513672 -0.50679492950439453125
-9999 -9999 -9999 -9999 0.75096154212951660156 0.69567751884460449219 0.59311068058013916016 0.52803510427474975586 0.48856616020202636719 0.46555483341217041016 0.45013907551765441895 0.42332217097282409668 0.32982945442199707031 0.23046927154064178467 0.16771449148654937744 0.083342716097831726074 0.036970678716897964478 0.028021307662129402161 -0.0045071188360452651978 -0.085288539528846740723 -0.16360880434513092041 -0.12311359494924545288 -0.068821571767330169678 -0.039686977863311767578 -0.055071540176868438721 -0.1262235790491104126 -0.15245093405246734619 -0.21237336099147796631 -0.3155765533447265625 -0.50996416807174682617 -0.56727260351181030273 -0.54814171791076660156 -0.51313030719757080078 -0.45893496274948120117 -0.50011330842971801758 -0.56361985206604003906 -0.58517760038375854492 -0.58361476659774780273 -0.53316581249237060547 -0.49083018302917480469
