INPUT/RASTER/ASCII/BIO13.asc
ncols        113
nrows        135
xllcorner    473009.983799999987
yllcorner    4429001.174800000153
cellsize     100.000000000000
NODATA_value  -9999
[rows 18 to 35 of 135, columns 0 to 39 of 113]
-9999 -9999 -9999 -9999 -9999 -9999 -9999 -9999 -9999 -9999 -9999 -9999 -9999 -9999 1.2275848388671875 1.2657458782196044922 1.3355586528778076172 1.3364795446395874023 1.3306435346603393555 1.3641628026962280273 1.4376471042633056641 1.4837114810943603516 1.4994406700134277344 1.4874175786972045898 1.4714692831039428711 1.4595041275024414063 1.4489067792892456055 1.4392722845077514648 1.4311276674270629883 1.4213811159133911133 1.3916552066802978516 1.3553127050399780273 1.321782231330871582 1.2887430191040039063 1.3013386726379394531 1.4143137931823730469 1.5533505678176879883 1.5802409648895263672 1.5892560482025146484 1.5589034557342529297
-9999 -9999 -9999 -9999 -9999 -9999 -9999 -9999 -9999 -9999 -9999 -9999 -9999 -9999 1.2244303226470947266 1.2430713176727294922 1.3012499809265136719 1.3285405635833740234 1.3422983884811401367 1.3966602087020874023 1.4604189395904541016 1.479493260383605957 1.4773718118667602539 1.4554569721221923828 1.4304873943328857422 1.4087054729461669922 1.399590611457824707 1.3912057876586914063 1.3916269540786743164 1.3913166522979736328 1.3763915300369262695 1.3465265035629272461 1.3133666515350341797 1.3174778223037719727 1.3235737085342407227 1.3295304775238037109 -9999 -9999 -9999 -9999
-9999 -9999 -9999 -9999 -9999 -9999 -9999 -9999 -9999 -9999 -9999 -9999 1.247961878776550293 1.2446042299270629883 1.2513096332550048828 1.2638818025588989258 1.3120615482330322266 1.3433067798614501953 1.3653780221939086914 1.4220139980316162109 1.4616550207138061523 1.4629725217819213867 1.4525734186172485352 1.4248507022857666016 1.3983347415924072266 1.3764629364013671875 1.3655467033386230469 1.3638944625854492188 1.3726632595062255859 1.3768236637115478516 1.3678232431411743164 1.3416643142700195313 1.3494236469268798828 1.4627964496612548828 1.4798171520233154297 1.4406611919403076172 -9999 -9999 -9999 -9999
-9999 -9999 -9999 -9999 -9999 -9999 -9999 -9999 -9999 -9999 -9999 1.2667468786239624023 1.2537597417831420898 1.2533546686172485352 1.2724648714065551758 1.2950371503829956055 1.3278067111968994141 1.3599753379821777344 1.3809508085250854492 1.4244765043258666992 1.4429438114166259766 1.4313812255859375 1.4239088296890258789 1.3929702043533325195 1.3678122758865356445 1.3516114950180053711 1.3414438962936401367 1.3392239809036254883 1.3477306365966796875 1.3568652868270874023 1.3501217365264892578 1.3312603235244750977 1.4182119369506835938 1.5075914859771728516 1.4942090511322021484 1.4792655706405639648 -9999 -9999 -9999 -9999
-9999 -9999 -9999 -9999 -9999 -9999 -9999 -9999 -9999 -9999 -9999 1.2738044261932373047 1.2700749635696411133 1.2920920848846435547 1.325884699821472168 1.3325235843658447266 1.3364019393920898438 1.3542956113815307617 1.3659517765045166016 1.3782937526702880859 1.3816033601760864258 1.3789808750152587891 1.3850853443145751953 1.3635878562927246094 1.3469389677047729492 1.3397276401519775391 1.3374472856521606445 1.3344209194183349609 1.3329718112945556641 1.3401597738265991211 1.3394973278045654297 1.3491687774658203125 1.4799611568450927734 1.5042301416397094727 1.4771441221237182617 1.4599977731704711914 1.4496848583221435547 -9999 -9999 -9999
-9999 -9999 -9999 -9999 -9999 -9999 -9999 -9999 -9999 -9999 -9999 1.2568994760513305664 1.2755157947540283203 1.3172019720077514648 1.3429781198501586914 1.3419191837310791016 1.3382980823516845703 1.3462138175964355469 1.3483277559280395508 1.3482637405395507813 1.34549713134765625 1.3439371585845947266 1.3440639972686767578 1.3358466625213623047 1.3312073945999145508 1.3314671516418457031 1.3360621929168701172 1.333119511604309082 1.3283262252807617188 1.3367098569869995117 1.3454614877700805664 1.4191526174545288086 1.5299754142761230469 1.5030802488327026367 1.470059514045715332 1.450879216194152832 1.4511858224868774414 -9999 -9999 -9999
-9999 -9999 -9999 -9999 -9999 -9999 -9999 -9999 -9999 -9999 1.1718193292617797852 1.2154903411865234375 1.2691798210144042969 1.3181623220443725586 1.3346610069274902344 1.3342374563217163086 1.3345170021057128906 1.3414032459259033203 1.3416705131530761719 1.3341364860534667969 1.3224077224731445313 1.3136228322982788086 1.3090413808822631836 1.3139699697494506836 1.3257259130477905273 1.3328621387481689453 1.3415954113006591797 1.3386772871017456055 1.3345502614974975586 1.3487623929977416992 1.3730031251907348633 1.5140247344970703125 1.5532176494598388672 1.5066286325454711914 1.4700262546539306641 1.4485976696014404297 1.4522027969360351563 1.4606417417526245117 1.4532530307769775391 1.4413863420486450195
-9999 -9999 -9999 -9999 -9999 -9999 -9999 -9999 -9999 -9999 1.2078024148941040039 1.2424311637878417969 1.2945435047149658203 1.3232645988464355469 1.3262565135955810547 1.323762059211730957 1.3220764398574829102 1.3243752717971801758 1.3228853940963745117 1.3103132247924804688 1.2999855279922485352 1.300455927848815918 1.3041311502456665039 1.3192175626754760742 1.3339062929153442383 1.3413491249084472656 1.3500195741653442383 1.3459761142730712891 1.3484485149383544922 1.3642625808715820313 1.4241230487823486328 1.5769572257995605469 1.5523520708084106445 1.5047190189361572266 1.4688775539398193359 1.4506490230560302734 1.4475831985473632813 1.4492404460906982422 1.4420857429504394531 1.3999046087265014648
-9999 -9999 -9999 -9999 -9999 -9999 -9999 -9999 -9999 -9999 1.2319926023483276367 1.2704628705978393555 1.3032655715942382813 1.3220075368881225586 1.321045994758605957 1.3169533014297485352 1.3071279525756835938 1.3050878047943115234 1.3044955730438232422 1.2975538969039916992 1.2912683486938476563 1.3015443086624145508 1.3154376745223999023 1.3290908336639404297 1.3350156545639038086 1.3348014354705810547 1.3434287309646606445 1.3426517248153686523 1.3467037677764892578 1.3783651590347290039 1.5121285915374755859 1.59406280517578125 1.5451160669326782227 1.5022884607315063477 1.4687888622283935547 1.4498659372329711914 1.4381173849105834961 1.4223562479019165039 1.4169117212295532227 1.3890461921691894531
-9999 -9999 -9999 -9999 -9999 -9999 -9999 -9999 -9999 1.1990716457366943359 1.2382326126098632813 1.2712273597717285156 1.293088078498840332 1.3024344444274902344 1.3050594329833984375 1.3077608346939086914 1.2980611324310302734 1.2982519865036010742 1.301192164421081543 1.2994018793106079102 1.299649357795715332 1.3109078407287597656 1.3266862630844116211 1.3387992382049560547 1.3425877094268798828 1.3370324373245239258 1.3415362834930419922 1.3459774255752563477 1.3506634235382080078 1.4263085126876831055 1.5798728466033935547 1.5938966274261474609 1.5450729131698608398 1.5037450790405273438 1.4705667495727539063 1.4416768550872802734 1.4143630266189575195 1.3884958028793334961 1.3823975324630737305 1.369220733642578125
-9999 -9999 -9999 -9999 -9999 -9999 -9999 1.1688594818115234375 1.1766939163208007813 1.2085732221603393555 1.2522699832916259766 1.3000581264495849609 1.3061208724975585938 1.2941482067108154297 1.2930573225021362305 1.3011404275894165039 1.3030303716659545898 1.3085894584655761719 1.3143320083618164063 1.3200178146362304688 1.3274853229522705078 1.3265076875686645508 1.3386564254760742188 1.3625572919845581055 1.3728972673416137695 1.3658976554870605469 1.3651564121246337891 1.3725340366363525391 1.3841964006423950195 1.5121778249740600586 1.6059591770172119141 1.5839494466781616211 1.5305320024490356445 1.4894515275955200195 1.4664605855941772461 1.438915252685546875 1.4062676429748535156 1.3743156194686889648 1.3539263010025024414 1.344456791877746582
-9999 -9999 -9999 -9999 -9999 -9999 1.1514275074005126953 1.1583150625228881836 1.2042108774185180664 1.2515619993209838867 1.3078223466873168945 1.3263095617294311523 1.3187767267227172852 1.3077989816665649414 1.3054769039154052734 1.3087260723114013672 1.3144083023071289063 1.3265187740325927734 1.341304779052734375 1.3494248390197753906 1.3543239831924438477 1.3521126508712768555 1.360879063606262207 1.3840830326080322266 1.3894796371459960938 1.3837987184524536133 1.3854067325592041016 1.3925158977508544922 1.4261596202850341797 1.5780395269393920898 1.5946120023727416992 1.5571687221527099609 1.5033388137817382813 1.4752085208892822266 1.4635486602783203125 1.4404259920120239258 1.4101386070251464844 1.3778874874114990234 1.3520239591598510742 1.3370163440704345703
-9999 -9999 -9999 -9999 -9999 -9999 1.164963841438293457 1.1731737852096557617 1.2623181343078613281 1.3279384374618530273 1.3409181833267211914 1.3378412723541259766 1.3308330774307250977 1.3217551708221435547 1.3171601295471191406 1.3205891847610473633 1.3316284418106079102 1.3545849323272705078 1.3725303411483764648 1.3790066242218017578 1.3877447843551635742 1.3907921314239501953 1.3915826082229614258 1.39678955078125 1.3933962583541870117 1.3908832073211669922 1.3933506011962890625 1.3969914913177490234 1.4897618293762207031 1.6057165861129760742 1.5712183713912963867 1.5179991722106933594 1.4806026220321655273 1.4726967811584472656 1.4627447128295898438 1.4337711334228515625 1.404703974723815918 1.3766623735427856445 1.3527319431304931641 1.3340331315994262695
-9999 -9999 -9999 -9999 -9999 1.2033686637878417969 1.1736711263656616211 1.2029415369033813477 1.316540837287902832 1.3704446554183959961 1.3723001480102539063 1.35943603515625 1.346165776252746582 1.3324570655822753906 1.3276047706604003906 1.3356263637542724609 1.3551316261291503906 1.3795951604843139648 1.3949820995330810547 1.4092214107513427734 1.4223611354827880859 1.4246242046356201172 1.4122378826141357422 1.397991180419921875 1.3940733671188354492 1.3960531949996948242 1.3995856046676635742 1.4177957773208618164 1.563425898551940918 1.6023700237274169922 1.5430315732955932617 1.4877057075500488281 1.4651345014572143555 1.4628887176513671875 1.4531077146530151367 1.4237204790115356445 1.3962095975875854492 1.3706502914428710938 1.3501845598220825195 1.3312640190124511719
-9999 -9999 -9999 -9999 1.2014553546905517578 1.1977308988571166992 1.1796094179153442383 1.2253279685974121094 1.343564152717590332 1.3836497068405151367 1.3815762996673583984 1.3674883842468261719 1.3525313138961791992 1.3394455909729003906 1.3416162729263305664 1.3561437129974365234 1.3786643743515014648 1.3971637487411499023 1.409290313720703125 1.4289224147796630859 1.440462946891784668 1.4361819028854370117 1.4184211492538452148 1.4030208587646484375 1.3983606100082397461 1.4005719423294067383 1.4037743806838989258 1.4663436412811279297 1.6125006675720214844 1.5834249258041381836 1.5180201530456542969 1.4730391502380371094 1.4529193639755249023 1.4477493762969970703 1.4356548786163330078 1.4121615886688232422 1.3911417722702026367 1.3663852214813232422 1.342282414436340332 1.3204327821731567383
-9999 -9999 -9999 1.1861891746520996094 1.1975104808807373047 1.1938302516937255859 1.1854664087295532227 1.264037013053894043 1.3645888566970825195 1.3911135196685791016 1.3845213651657104492 1.3679045438766479492 1.3545726537704467773 1.3453691005706787109 1.3571213483810424805 1.37857818603515625 1.4026784896850585938 1.4167897701263427734 1.4208258390426635742 1.4342968463897705078 1.4416486024856567383 1.4344803094863891602 1.4195798635482788086 1.4102580547332763672 1.4074655771255493164 1.404941558837890625 1.4096055030822753906 1.5299458503723144531 1.6186150312423706055 1.5588653087615966797 1.4976085424423217773 1.4636262655258178711 1.4446712732315063477 1.4346441030502319336 1.4191673994064331055 1.3993985652923583984 1.3847246170043945313 1.3621312379837036133 1.326273798942565918 1.2979626655578613281
-9999 -9999 -9999 1.1861891746520996094 1.1995025873184204102 1.19896697998046875 1.2118864059448242188 1.305317997932434082 1.387204289436340332 1.3973214626312255859 1.3869838714599609375 1.3737394809722900391 1.3629512786865234375 1.3585015535354614258 1.3706034421920776367 1.3903452157974243164 1.4132254123687744141 1.4215227365493774414 1.4206571578979492188 1.4265559911727905273 1.4305883646011352539 1.4272923469543457031 1.4211803674697875977 1.4189814329147338867 1.4159082174301147461 1.4072046279907226563 1.4570674896240234375 1.591037750244140625 1.6013370752334594727 1.5340939760208129883 1.479022979736328125 1.4573653936386108398 1.4411561489105224609 1.4283241033554077148 1.4086574316024780273 1.3889354467391967773 1.3755691051483154297 1.3533241748809814453 1.314637303352355957 1.2875659465789794922
-9999 -9999 -9999 -9999 -9999 -9999 1.2259386777877807617 1.3067820072174072266 1.3856725692749023438 1.3969495296478271484 1.3836559057235717773 1.3730856180191040039 1.3660109043121337891 1.3643400669097900391 1.3717029094696044922 1.3848193883895874023 1.4070186614990234375 1.4137585163116455078 1.4140096902847290039 1.4200501441955566406 1.4268884658813476563 1.4288363456726074219 1.4246660470962524414 1.4229004383087158203 1.4185566902160644531 1.4195194244384765625 1.5476278066635131836 1.6171375513076782227 1.5734382867813110352 1.5091378688812255859 1.4702085256576538086 1.4532419443130493164 1.4369932413101196289 1.4266213178634643555 1.4096916913986206055 1.3857920169830322266 1.3668900728225708008 1.3444850444793701172 1.3073225021362304688 1.2809517383575439453
