INPUT/RASTER/ASCII/BIO15.asc
ncols        113
nrows        135
xllcorner    473009.983799999987
yllcorner    4429001.174800000153
cellsize     100.000000000000
NODATA_value  -9999
[rows 90 to 107 of 135, columns 40 to 79 of 113]
0.47748255729675292969 0.45567086338996887207 0.38361427187919616699 0.28214442729949951172 0.21852751076221466064 0.13160954415798187256 0.054588399827480316162 0.031635507941246032715 0.049830187112092971802 0.020636171102523803711 -0.061581607908010482788 -0.13791932165622711182 -0.13505665957927703857 -0.055533908307552337646 0.051674157381057739258 0.15024265646934509277 0.14802472293376922607 0.0093789370730519294739 -0.11011150479316711426 -0.11990516632795333862 -0.08373501896858215332 -0.12737774848937988281 -0.2113427966833114624 -0.35625550150871276855 -0.52983355522155761719 -0.62359869480133056641 -0.6212711334228515625 -0.54557818174362182617 -0.44956287741661071777 -0.39097496867179870605 -0.37780284881591796875 -0.4077898859977722168 -0.49775749444961547852 -0.63218665122985839844 -0.73227673768997192383 -0.78202521800994873047 -0.80608063936233520508 -0.87132227420806884766 -0.93638342618942260742 -0.96177345514297485352
0.44186043739318847656 0.43293073773384094238 0.37540665268898010254 0.2632598578929901123 0.1836468428373336792 0.096735328435897827148 0.047837927937507629395 0.060623206198215484619 0.10166762024164199829 0.099752731621265411377 0.042602606117725372314 -0.012929212301969528198 0.011667779646813869476 0.05520090833306312561 0.097167305648326873779 0.16039736568927764893 0.17551662027835845947 0.056716054677963256836 -0.089028365910053253174 -0.13478586077690124512 -0.086120575666427612305 -0.073909118771553039551 -0.13330939412117004395 -0.26044005155563354492 -0.42411482334136962891 -0.52765429019927978516 -0.57380509376525878906 -0.56295400857925415039 -0.4677124321460723877 -0.37920194864273071289 -0.37500464916229248047 -0.43604257702827453613 -0.55086511373519897461 -0.73203176259994506836 -0.89317268133163452148 -0.94760841131210327148 -0.92921388149261474609 -0.94937503337860107422 -0.98354649543762207031 -0.98228275775909423828
0.41600620746612548828 0.41455551981925964355 0.36099663376808166504 0.23445913195610046387 0.14667077362537384033 0.074865601956844329834 0.060881104320287704468 0.087618649005889892578 0.12901766598224639893 0.14749604463577270508 0.1056198999285697937 0.064923651516437530518 0.10667728632688522339 0.14269270002841949463 0.14361467957496643066 0.17389830946922302246 0.19172549247741699219 0.08217700570821762085 -0.089434556663036346436 -0.15403792262077331543 -0.12177492678165435791 -0.091033525764942169189 -0.11267113685607910156 -0.19653300940990447998 -0.32887321710586547852 -0.41419866681098937988 -0.46484977006912231445 -0.49953699111938476563 -0.44452741742134094238 -0.37358620762825012207 -0.41992399096488952637 -0.52167749404907226563 -0.61772507429122924805 -0.78029727935791015625 -0.94756329059600830078 -1.0158417224884033203 -1.0167829990386962891 -1.0226373672485351563 -1.0237785577774047852 -0.99873018264770507813
0.4138011932373046875 0.39319515228271484375 0.31699284911155700684 0.18727675080299377441 0.11137101799249649048 0.06678695976734161377 0.082944251596927642822 0.11805702000856399536 0.15460756421089172363 0.17996536195278167725 0.14673523604869842529 0.10578109323978424072 0.13273784518241882324 0.15976552665233612061 0.161712646484375 0.18437540531158447266 0.19093890488147735596 0.09507188946008682251 -0.074992291629314422607 -0.16606239974498748779 -0.16151051223278045654 -0.11130428314208984375 -0.094579614698886871338 -0.13907985389232635498 -0.23210355639457702637 -0.28800287842750549316 -0.32144576311111450195 -0.3678544461727142334 -0.36905366182327270508 -0.38072353601455688477 -0.48864728212356567383 -0.62814414501190185547 -0.71323102712631225586 -0.83149641752243041992 -0.96990370750427246094 -1.037472844123840332 -1.0639718770980834961 -1.0706385374069213867 -1.0515218973159790039 -1.0187172889709472656
0.38067421317100524902 0.30681878328323364258 0.21454298496246337891 0.13353088498115539551 0.092054486274719238281 0.090513549745082855225 0.12354379147291183472 0.13759921491146087646 0.13416917622089385986 0.14969462156295776367 0.16695441305637359619 0.13855344057083129883 0.12527170777320861816 0.099578648805618286133 0.074130594730377197266 0.11391776055097579956 0.15074555575847625732 0.11594225466251373291 -0.023322489112615585327 -0.15774521231651306152 -0.21332216262817382813 -0.13746155798435211182 -0.072271466255187988281 -0.072774365544319152832 -0.13486967980861663818 -0.17312879860401153564 -0.19608815014362335205 -0.24933756887912750244 -0.32304471731185913086 -0.41092979907989501953 -0.57178705930709838867 -0.7423540949821472168 -0.84300512075424194336 -0.91952979564666748047 -1.0024503469467163086 -1.0519666671752929688 -1.0840297937393188477 -1.0992329120635986328 -1.08194732666015625 -1.0498906373977661133
0.29412376880645751953 0.21508456766605377197 0.14719301462173461914 0.097902312874794006348 0.066703140735626220703 0.080481328070163726807 0.10268631577491760254 0.077573530375957489014 0.042679976671934127808 0.068495534360408782959 0.12309891730546951294 0.15543928742408752441 0.1497719883918762207 0.091815933585166931152 0.0091919610276818275452 0.02168065682053565979 0.070313714444637298584 0.11463342607021331787 0.025445962324738502502 -0.13290965557098388672 -0.25783529877662658691 -0.18528223037719726563 -0.084128312766551971436 -0.051033593714237213135 -0.093438416719436645508 -0.12773880362510681152 -0.15165881812572479248 -0.21142660081386566162 -0.31092354655265808105 -0.43405032157897949219 -0.62775725126266479492 -0.80869829654693603516 -0.91786634922027587891 -0.97825956344604492188 -1.0283045768737792969 -1.0663832426071166992 -1.1018570661544799805 -1.1238878965377807617 -1.1108382940292358398 -1.0800453424453735352
0.22087436914443969727 0.17596794664859771729 0.11883071064949035645 0.066593535244464874268 0.031564585864543914795 0.035800553858280181885 0.040861796587705612183 0.0060649523511528968811 -0.014463703148066997528 0.036986883729696273804 0.094775304198265075684 0.15178358554840087891 0.18235090374946594238 0.12661921977996826172 0.037515573203563690186 0.017883112654089927673 0.026587160304188728333 0.090197622776031494141 0.057006191462278366089 -0.088080592453479766846 -0.25038206577301025391 -0.23180052638053894043 -0.12648156285285949707 -0.067667990922927856445 -0.094837516546249389648 -0.14617849886417388916 -0.21607521176338195801 -0.29348319768905639648 -0.3631413578987121582 -0.47553962469100952148 -0.65366309881210327148 -0.81867891550064086914 -0.93167036771774291992 -1.0009480714797973633 -1.0467894077301025391 -1.0818763971328735352 -1.1170471906661987305 -1.1396068334579467773 -1.1265572309494018555 -1.1050871610641479492
0.18583253026008605957 0.16884352266788482666 0.12053928524255752563 0.0517063923180103302 0.0015001632273197174072 -0.016797676682472229004 -0.013206452131271362305 -0.028970448300242424011 0.0016871390398591756821 0.093898452818393707275 0.16549730300903320313 0.21265389025211334229 0.18317618966102600098 0.11910150200128555298 0.10763794928789138794 0.11519435793161392212 0.095961637794971466064 0.092073827981948852539 0.075110606849193572998 -0.01368356216698884964 -0.16303211450576782227 -0.21900880336761474609 -0.15124619007110595703 -0.082935534417629241943 -0.12244546413421630859 -0.21681666374206542969 -0.33915042877197265625 -0.4179897606372833252 -0.4493243098258972168 -0.53731256723403930664 -0.68385648727416992188 -0.82686072587966918945 -0.93978124856948852539 -1.0156096220016479492 -1.060993194580078125 -1.0948486328125 -1.1283109188079833984 -1.1492199897766113281 -1.1394907236099243164 -1.1301355361938476563
0.21836632490158081055 0.20240889489650726318 0.1173284575343132019 0.030739312991499900818 -0.015991747379302978516 -0.030898232012987136841 -0.037925943732261657715 -0.044076804071664810181 0.022389875724911689758 0.15284740924835205078 0.26195102930068969727 0.2799587249755859375 0.1667223125696182251 0.12980425357818603516 0.14875973761081695557 0.15460112690925598145 0.135568276047706604 0.083859786391258239746 0.048211880028247833252 0.018985625356435775757 -0.058325652033090591431 -0.1525421142578125 -0.13523718714714050293 -0.072684101760387420654 -0.14490835368633270264 -0.28102675080299377441 -0.41548815369606018066 -0.50783485174179077148 -0.56733185052871704102 -0.65711247920989990234 -0.76488149166107177734 -0.86368209123611450195 -0.95567417144775390625 -1.0253903865814208984 -1.0689041614532470703 -1.1018183231353759766 -1.132907867431640625 -1.1516764163970947266 -1.1533398628234863281 -1.153752446174621582
0.30610311031341552734 0.22850814461708068848 0.090507097542285919189 0.013453721068799495697 -0.017442421987652778625 -0.029002685099840164185 -0.028532020747661590576 -0.016829913482069969177 0.056864347308874130249 0.16179646551609039307 0.26672857999801635742 0.30218306183815002441 0.22046174108982086182 0.19708330929279327393 0.16812784969806671143 0.15075199306011199951 0.12981070578098297119 0.034033954143524169922 -0.032858256250619888306 -0.01838374696671962738 0.010487897321581840515 -0.05901552736759185791 -0.092503540217876434326 -0.0653211250901222229 -0.15899601578712463379 -0.30640387535095214844 -0.47922110557556152344 -0.63623565435409545898 -0.72501051425933837891 -0.79590010643005371094 -0.86444288492202758789 -0.91648018360137939453 -0.97338527441024780273 -1.0300196409225463867 -1.0721472501754760742 -1.1041780710220336914 -1.1352676153182983398 -1.157685399055480957 -1.1698710918426513672 -1.1782785654067993164
0.35690250992774963379 0.19115811586380004883 0.049675449728965759277 0.03692885860800743103 0.021861184388399124146 -0.018125850707292556763 0.019888266921043395996 0.10059089958667755127 0.16594861447811126709 0.21832764148712158203 0.27338233590126037598 0.33189287781715393066 0.30748286843299865723 0.27514249086380004883 0.19743147492408752441 0.16927549242973327637 0.12434972077608108521 -0.015514636412262916565 -0.1069587022066116333 -0.078119300305843353271 0.016026249155402183533 0.019256418570876121521 -0.047203812748193740845 -0.089653767645359039307 -0.20268388092517852783 -0.33345088362693786621 -0.52642285823822021484 -0.72559076547622680664 -0.83271503448486328125 -0.88816303014755249023 -0.92117393016815185547 -0.94674444198608398438 -0.98533242940902709961 -1.0332111120223999023 -1.0751194953918457031 -1.1088203191757202148 -1.1418311595916748047 -1.1673243045806884766 -1.1884461641311645508 -1.2076466083526611328
0.38194435834884643555 0.18507173657417297363 0.069533571600914001465 0.086638636887073516846 0.095117017626762390137 0.047296345233917236328 0.050552301108837127686 0.14234453439712524414 0.25138366222381591797 0.30220240354537963867 0.30879169702529907227 0.34251827001571655273 0.35425904393196105957 0.31839194893836975098 0.25488463044166564941 0.22230571508407592773 0.15270556509494781494 0.018121669068932533264 -0.053451385349035263062 -0.038041997700929641724 0.032750915735960006714 0.022048160433769226074 -0.051613863557577133179 -0.11648802459239959717 -0.22135566174983978271 -0.33237418532371520996 -0.51234161853790283203 -0.70467525720596313477 -0.83472013473510742188 -0.90486186742782592773 -0.92953622341156005859 -0.95161229372024536133 -0.9902324676513671875 -1.0400969982147216797 -1.080303192138671875 -1.1174404621124267578 -1.15019989013671875 -1.1769955158233642578 -1.2041392326354980469 -1.2324177026748657227
0.41917189955711364746 0.22961066663265228271 0.13284100592136383057 0.12403380125761032104 0.14398218691349029541 0.12946899235248565674 0.11529751121997833252 0.17572939395904541016 0.28616762161254882813 0.34305340051651000977 0.3377342522144317627 0.35065492987632751465 0.36546471714973449707 0.32716044783592224121 0.2827053368091583252 0.26694780588150024414 0.20462682843208312988 0.11886294931173324585 0.06376311182975769043 0.046503309160470962524 0.036774117499589920044 -0.039099380373954772949 -0.097068332135677337646 -0.14278069138526916504 -0.2303949892520904541 -0.34033676981925964355 -0.51461756229400634766 -0.70894992351531982422 -0.85288906097412109375 -0.90915590524673461914 -0.92920744419097900391 -0.95791143178939819336 -0.99961996078491210938 -1.0521923303604125977 -1.0928821563720703125 -1.1296454668045043945 -1.1625016927719116211 -1.1918826103210449219 -1.2220180034637451172 -1.2558799982070922852
0.49899768829345703125 0.36729577183723449707 0.25157710909843444824 0.19988794624805450439 0.17277000844478607178 0.14277650415897369385 0.13423365354537963867 0.18459461629390716553 0.26352420449256896973 0.30291807651519775391 0.32090643048286437988 0.34657371044158935547 0.35920423269271850586 0.3310095667839050293 0.29424625635147094727 0.27811476588249206543 0.23344044387340545654 0.17657400667667388916 0.10870178043842315674 0.042473655194044113159 -0.07878338545560836792 -0.20456008613109588623 -0.24740977585315704346 -0.24220669269561767578 -0.28388294577598571777 -0.39817675948143005371 -0.56334733963012695313 -0.74113553762435913086 -0.87061953544616699219 -0.90822100639343261719 -0.93075484037399291992 -0.96569347381591796875 -1.0082659721374511719 -1.0626952648162841797 -1.1069376468658447266 -1.1450999975204467773 -1.179638981819152832 -1.21112823486328125 -1.2424564361572265625 -1.2808380126953125
0.5587590336799621582 0.4750067591667175293 0.34483289718627929688 0.26695424318313598633 0.17782481014728546143 0.082802407443523406982 0.067908816039562225342 0.095445841550827026367 0.15201570093631744385 0.19741858541965484619 0.23246042430400848389 0.26267957687377929688 0.30217015743255615234 0.33244735002517700195 0.31808891892433166504 0.23285372555255889893 0.14912079274654388428 0.078746967017650604248 -0.012013674713671207428 -0.11570788174867630005 -0.26390233635902404785 -0.36792537569999694824 -0.38294145464897155762 -0.35178098082542419434 -0.3436571955680847168 -0.43112963438034057617 -0.59058779478073120117 -0.75086474418640136719 -0.8689238429069519043 -0.90875613689422607422 -0.93719577789306640625 -0.97243750095367431641 -1.0147455930709838867 -1.0700001716613769531 -1.116421818733215332 -1.1572663784027099609 -1.1948549747467041016 -1.2289103269577026367 -1.2616697549819946289 -1.301953434944152832
0.61515480279922485352 0.52074491977691650391 0.40351751446723937988 0.32500702142715454102 0.203633919358253479 0.059249900281429290771 0.025323461741209030151 0.032383408397436141968 0.064201533794403076172 0.11686424165964126587 0.17036511003971099854 0.20353075861930847168 0.24835337698459625244 0.312389373779296875 0.31171882152557373047 0.14447218179702758789 0.0069031193852424621582 -0.076513886451721191406 -0.16113011538982391357 -0.26457932591438293457 -0.40224510431289672852 -0.50600379705429077148 -0.52901470661163330078 -0.50131005048751831055 -0.46056866645812988281 -0.48810568451881408691 -0.60540401935577392578 -0.74749916791915893555 -0.85568726062774658203 -0.9104582667350769043 -0.94785344600677490234 -0.98030340671539306641 -1.0242104530334472656 -1.0802000761032104492 -1.127678990364074707 -1.170431971549987793 -1.2095808982849121094 -1.2456350326538085938 -1.2826368808746337891 -1.3269114494323730469
0.68812692165374755859 0.60013222694396972656 0.50750827789306640625 0.42891398072242736816 0.31613531708717346191 0.14124846458435058594 0.046600021421909332275 0.050204139202833175659 0.077663794159889221191 0.11130654811859130859 0.12367919087409973145 0.083679258823394775391 0.13000412285327911377 0.27179628610610961914 0.29106122255325317383 0.11175142228603363037 -0.048486854881048202515 -0.18834476172924041748 -0.28159412741661071777 -0.3605817258358001709 -0.47243195772171020508 -0.57307004928588867188 -0.62560385465621948242 -0.64408862590789794922 -0.61159998178482055664 -0.60156130790710449219 -0.65687394142150878906 -0.78088402748107910156 -0.86786001920700073242 -0.91616427898406982422 -0.95609325170516967773 -0.9877631068229675293 -1.0358738899230957031 -1.0947648286819458008 -1.1444810628890991211 -1.1875563859939575195 -1.2266086339950561523 -1.2655898332595825195 -1.3069050312042236328 -1.3562408685684204102
0.732311248779296875 0.67817211151123046875 0.59353005886077880859 0.5044199824333190918 0.40382054448127746582 0.19629028439521789551 0.046915944665670394897 0.024504635483026504517 0.041880492120981216431 0.077167339622974395752 0.073382690548896789551 0.0091661717742681503296 0.062699280679225921631 0.23015868663787841797 0.29416888952255249023 0.15443994104862213135 0.013208718039095401764 -0.16446344554424285889 -0.31762242317199707031 -0.39800268411636352539 -0.49175494909286499023 -0.58830535411834716797 -0.63908541202545166016 -0.69146442413330078125 -0.71346312761306762695 -0.71683514118194580078 -0.74769902229309082031 -0.83246999979019165039 -0.88994896411895751953 -0.9240881800651550293 -0.95841431617736816406 -0.9873053431510925293 -1.0425212383270263672 -1.10774993896484375 -1.1584656238555908203 -1.2005609273910522461 -1.2405866384506225586 -1.2836878299713134766 -1.327330470085144043 -1.3716051578521728516
