INPUT/RASTER/ASCII/BIO14.asc
ncols        113
nrows        135
xllcorner    473009.983799999987
yllcorner    4429001.174800000153
cellsize     100.000000000000
NODATA_value  -9999
[rows 0 to 17 of 135, columns 0 to 39 of 113]
-9999.0 -9999 -9999 -9999 -9999 -9999 -9999 -9999 -9999 -9999 -9999 -9999 -9999 -9999 -9999 -9999 -9999 -9999 -9999 -9999 -9999 -9999 0.70591551065444946289 0.73820656538009643555 0.75234371423721313477 0.80998945236206054688 0.80075550079345703125 0.80533421039581298828 0.83093857765197753906 0.88874697685241699219 0.92487114667892456055 0.96411418914794921875 0.99625384807586669922 1.0400068759918212891 -9999 -9999 -9999 -9999 -9999 -9999
-9999 -9999 -9999 -9999 -9999 -9999 -9999 -9999 -9999 -9999 -9999 -9999 -9999 -9999 -9999 -9999 -9999 -9999 -9999 -9999 0.58251243829727172852 0.59040659666061401367 0.67326784133911132813 0.73072648048400878906 0.78224319219589233398 0.80526894330978393555 0.79772448539733886719 0.80355334281921386719 0.82795363664627075195 0.87592869997024536133 0.93025892972946166992 0.97624689340591430664 1.0313435792922973633 1.1083185672760009766 1.1618231534957885742 -9999 -9999 -9999 -9999 -9999
-9999 -9999 -9999 -9999 -9999 -9999 -9999 -9999 -9999 -9999 -9999 -9999 -9999 -9999 -9999 -9999 -9999 -9999 -9999 -9999 0.59578484296798706055 0.61358809471130371094 0.68043035268783569336 0.73702341318130493164 0.77418285608291625977 0.79621243476867675781 0.79640996456146240234 0.80212485790252685547 0.8227894902229309082 0.88540363311767578125 0.95839232206344604492 1.0051606893539428711 1.0587514638900756836 1.1367442607879638672 1.1669168472290039063 1.1484481096267700195 1.1565570831298828125 -9999 -9999 -9999
-9999 -9999 -9999 -9999 -9999 -9999 -9999 -9999 -9999 -9999 -9999 -9999 -9999 -9999 -9999 -9999 -9999 -9999 -9999 -9999 0.61206388473510742188 0.63993626832962036133 0.70878040790557861328 0.75374180078506469727 0.77538686990737915039 0.78745090961456298828 0.79586100578308105469 0.80827993154525756836 0.83530062437057495117 0.90831714868545532227 0.98013657331466674805 1.0200781822204589844 1.0526058673858642578 1.1112589836120605469 1.1442461013793945313 1.1540185213088989258 1.1613498926162719727 1.1643973588943481445 -9999 -9999
-9999 -9999 -9999 -9999 -9999 -9999 -9999 -9999 -9999 -9999 -9999 -9999 -9999 -9999 -9999 -9999 -9999 -9999 -9999 -9999 0.64945995807647705078 0.67512172460556030273 0.72443389892578125 0.7581221461296081543 0.77343380451202392578 0.77949059009552001953 0.78092604875564575195 0.79618287086486816406 0.83532762527465820313 0.90613001585006713867 0.96808648109436035156 0.99353337287902832031 1.0116567611694335938 1.062302708625793457 1.1187409162521362305 1.1685297489166259766 1.1718235015869140625 1.1682801246643066406 1.1563370227813720703 1.1638275384902954102
-9999 -9999 -9999 -9999 -9999 -9999 -9999 -9999 -9999 -9999 -9999 -9999 -9999 -9999 -9999 -9999 -9999 -9999 -9999 0.60753649473190307617 0.67277538776397705078 0.70525085926055908203 0.73907482624053955078 0.76450341939926147461 0.77021831274032592773 0.77233237028121948242 0.77429765462875366211 0.78450250625610351563 0.81640380620956420898 0.87649679183959960938 0.93679159879684448242 0.95479929447174072266 0.96951150894165039063 1.0257217884063720703 1.1014412641525268555 1.1782100200653076172 1.1915007829666137695 1.1779733896255493164 1.1537497043609619141 1.1529493331909179688
-9999 -9999 -9999 -9999 -9999 -9999 -9999 -9999 -9999 -9999 -9999 -9999 -9999 -9999 -9999 -9999 -9999 -9999 -9999 0.4990622401237487793 0.63831984996795654297 0.72349780797958374023 0.7467454075813293457 0.76584148406982421875 0.76664882898330688477 0.77242720127105712891 0.78834259510040283203 0.80513411760330200195 0.81883889436721801758 0.84099376201629638672 0.88124513626098632813 0.9059734344482421875 0.93651145696640014648 1.0071737766265869141 1.0851126909255981445 1.1735608577728271484 1.2122262716293334961 1.1991052627563476563 1.1569129228591918945 1.1171252727508544922
-9999 -9999 -9999 -9999 -9999 -9999 -9999 -9999 -9999 -9999 -9999 -9999 -9999 -9999 -9999 -9999 -9999 -9999 0.43974006175994873047 0.5311349034309387207 0.650482177734375 0.72389107942581176758 0.73027843236923217773 0.74549698829650878906 0.75631433725357055664 0.76458954811096191406 0.80180120468139648438 0.83075499534606933594 0.82831907272338867188 0.82988154888153076172 0.84846079349517822266 0.8696683049201965332 0.91750937700271606445 1.0019843578338623047 1.0838702917098999023 1.1649620532989501953 1.2059345245361328125 1.209376215934753418 1.1801205873489379883 1.1165050268173217773
-9999 -9999 -9999 -9999 -9999 -9999 -9999 -9999 -9999 -9999 -9999 -9999 -9999 -9999 -9999 -9999 -9999 -9999 0.41489866375923156738 0.50324511528015136719 0.65419000387191772461 0.70684903860092163086 0.70980346202850341797 0.73823267221450805664 0.75790202617645263672 0.77099698781967163086 0.80277121067047119141 0.82489740848541259766 0.82285296916961669922 0.82669305801391601563 0.84347581863403320313 0.86444759368896484375 0.9142042994499206543 1.0074913501739501953 1.0931878089904785156 1.139832615852355957 1.1692928075790405273 1.1963430643081665039 1.1984597444534301758 1.1466306447982788086
-9999 -9999 -9999 -9999 -9999 -9999 -9999 -9999 -9999 -9999 -9999 -9999 -9999 -9999 -9999 -9999 -9999 0.35025134682655334473 0.37178593873977661133 0.4897473454475402832 0.66335701942443847656 0.70767378807067871094 0.7132294774055480957 0.73325902223587036133 0.75147634744644165039 0.77629774808883666992 0.79872757196426391602 0.81082201004028320313 0.81618720293045043945 0.83248800039291381836 0.85284984111785888672 0.87598872184753417969 0.92935067415237426758 1.0186088085174560547 1.0784347057342529297 1.1055067777633666992 1.1377768516540527344 1.1594611406326293945 1.1716208457946777344 1.1575697660446166992
-9999 -9999 -9999 -9999 -9999 -9999 -9999 -9999 -9999 -9999 -9999 -9999 -9999 -9999 -9999 -9999 -9999 0.35043230652809143066 0.35284650325775146484 0.49714305996894836426 0.68229907751083374023 0.70865422487258911133 0.72055643796920776367 0.74337601661682128906 0.76027446985244750977 0.78391700983047485352 0.81019735336303710938 0.82730901241302490234 0.83861786127090454102 0.85992801189422607422 0.88458931446075439453 0.91260617971420288086 0.96708601713180541992 1.0370550155639648438 1.0790079832077026367 1.0976656675338745117 1.1188338994979858398 1.1163109540939331055 1.1318044662475585938 1.1370347738265991211
-9999 -9999 -9999 -9999 -9999 -9999 -9999 -9999 -9999 -9999 -9999 -9999 -9999 -9999 -9999 -9999 -9999 0.38450765609741210938 0.38383692502975463867 0.52694684267044067383 0.69845283031463623047 0.7052847743034362793 0.71718263626098632813 0.76136368513107299805 0.78095042705535888672 0.79637342691421508789 0.82474952936172485352 0.84861391782760620117 0.86906194686889648438 0.90002799034118652344 0.92745149135589599609 0.95701426267623901367 1.006600499153137207 1.0499681234359741211 1.0846062898635864258 1.1020581722259521484 1.1020424365997314453 1.0871971845626831055 1.1057659387588500977 1.1243896484375
-9999 -9999 -9999 -9999 -9999 -9999 -9999 -9999 -9999 -9999 -9999 -9999 -9999 -9999 -9999 -9999 -9999 0.4773527681827545166 0.47894135117530822754 0.58017736673355102539 0.71922969818115234375 0.72660714387893676758 0.73751580715179443359 0.78630250692367553711 0.80050665140151977539 0.80716985464096069336 0.84666258096694946289 0.8958790898323059082 0.92825448513031005859 0.96375054121017456055 0.98207747936248779297 0.99528294801712036133 1.009555816650390625 1.0169941186904907227 1.0505901575088500977 1.0668952465057373047 1.0672911405563354492 1.055729985237121582 1.0819146633148193359 1.1121299266815185547
-9999 -9999 -9999 -9999 -9999 -9999 -9999 -9999 -9999 -9999 -9999 -9999 -9999 -9999 -9999 -9999 -9999 0.56223404407501220703 0.53472268581390380859 0.63970398902893066406 0.79914861917495727539 0.8262946009635925293 0.79970717430114746094 0.79966020584106445313 0.81592792272567749023 0.83610796928405761719 0.89256531000137329102 0.96338772773742675781 0.99923527240753173828 1.0217756032943725586 1.0221800804138183594 1.0099368095397949219 0.98591500520706176758 0.97199708223342895508 0.98211407661437988281 0.98470658063888549805 0.98885554075241088867 0.99556130170822143555 1.0488623380661010742 1.0952008962631225586
-9999 -9999 -9999 -9999 -9999 -9999 -9999 -9999 -9999 -9999 -9999 -9999 -9999 -9999 -9999 -9999 -9999 0.69806307554244995117 0.65346449613571166992 0.75009310245513916016 0.86298167705535888672 0.87919545173645019531 0.8862927556037902832 0.89559197425842285156 0.90315383672714233398 0.92325556278228759766 0.97582232952117919922 1.0341153144836425781 1.0446038246154785156 1.033923029899597168 1.0176866054534912109 0.9992396235466003418 0.96178609132766723633 0.93872034549713134766 0.94300150871276855469 0.94329470396041870117 0.93729615211486816406 0.9534403681755065918 1.0289564132690429688 1.0949425697326660156
-9999 -9999 -9999 -9999 -9999 -9999 -9999 -9999 -9999 -9999 -9999 -9999 -9999 -9999 -9999 0.61309742927551269531 0.69533395767211914063 0.74857234954833984375 0.80002993345260620117 0.83558249473571777344 0.86090499162673950195 0.88303381204605102539 0.93753021955490112305 1.0220434665679931641 1.0776073932647705078 1.0988974571228027344 1.1117775440216064453 1.1336383819580078125 1.0846194028854370117 1.0324789285659790039 0.99561876058578491211 0.96937322616577148438 0.92257267236709594727 0.88905668258666992188 0.90391069650650024414 0.91858381032943725586 0.9077212214469909668 0.93107581138610839844 1.0124311447143554688 1.0837128162384033203
-9999 -9999 -9999 -9999 -9999 -9999 -9999 -9999 -9999 -9999 -9999 -9999 -9999 -9999 0.54432290792465209961 0.60496222972869873047 0.72364485263824462891 0.80957359075546264648 0.83285427093505859375 0.83058798313140869141 0.84994155168533325195 0.92504167556762695313 1.0466630458831787109 1.1546170711517333984 1.1882174015045166016 1.206498265266418457 1.2305350303649902344 1.2324619293212890625 1.1754939556121826172 1.0816709995269775391 1.0034694671630859375 0.95236337184906005859 0.89793831110000610352 0.85839426517486572266 0.86088240146636962891 0.8813025355339050293 0.89092886447906494141 0.92651015520095825195 1.0035494565963745117 1.060448765754699707
-9999 -9999 -9999 -9999 -9999 -9999 -9999 -9999 -9999 -9999 -9999 -9999 -9999 -9999 0.55542039871215820313 0.61489826440811157227 0.77330416440963745117 0.81147277355194091797 0.80384916067123413086 0.83310914039611816406 0.91560673713684082031 1.0193613767623901367 1.1224199533462524414 1.179406285285949707 1.1862539052963256836 1.1986711025238037109 1.2069724798202514648 1.2097225189208984375 1.1960359811782836914 1.170843958854675293 1.1039443016052246094 1.0137578248977661133 0.92166614532470703125 0.91376322507858276367 0.91222161054611206055 0.88135647773742675781 0.88263273239135742188 0.938934326171875 1.0160188674926757813 1.0994734764099121094
