INPUT/RASTER/ASCII/BIO16.asc
ncols        113
nrows        135
xllcorner    473009.983799999987
yllcorner    4429001.174800000153
cellsize     100.000000000000
NODATA_value  -9999
[rows 0 to 17 of 135, columns 0 to 39 of 113]
-9999.0 -9999 -9999 -9999 -9999 -9999 -9999 -9999 -9999 -9999 -9999 -9999 -9999 -9999 -9999 -9999 -9999 -9999 -9999 -9999 -9999 -9999 1.5550302267074584961 1.6026079654693603516 1.6102547645568847656 1.6272417306900024414 1.6079230308532714844 1.5961242914199829102 1.6015161275863647461 1.6225244998931884766 1.6383254528045654297 1.6564908027648925781 1.6674591302871704102 1.6851862668991088867 -9999 -9999 -9999 -9999 -9999 -9999
-9999 -9999 -9999 -9999 -9999 -9999 -9999 -9999 -9999 -9999 -9999 -9999 -9999 -9999 -9999 -9999 -9999 -9999 -9999 -9999 1.4513303041458129883 1.455884099006652832 1.5055955648422241211 1.5623770952224731445 1.6116887331008911133 1.6223264932632446289 1.604180455207824707 1.5932677984237670898 1.5978024005889892578 1.6155275106430053711 1.6392000913619995117 1.6587667465209960938 1.6816685199737548828 1.7189699411392211914 1.7445070743560791016 -9999 -9999 -9999 -9999 -9999
-9999 -9999 -9999 -9999 -9999 -9999 -9999 -9999 -9999 -9999 -9999 -9999 -9999 -9999 -9999 -9999 -9999 -9999 -9999 -9999 1.4584733247756958008 1.4689688682556152344 1.5049612522125244141 1.5337336063385009766 1.5646626949310302734 1.5964586734771728516 1.5967797040939331055 1.5875893831253051758 1.58929443359375 1.6168673038482666016 1.6518927812576293945 1.6716996431350708008 1.693182826042175293 1.7307840585708618164 1.7403146028518676758 1.7122765779495239258 1.697880864143371582 -9999 -9999 -9999
-9999 -9999 -9999 -9999 -9999 -9999 -9999 -9999 -9999 -9999 -9999 -9999 -9999 -9999 -9999 -9999 -9999 -9999 -9999 -9999 1.4590404033660888672 1.4776479005813598633 1.5146666765213012695 1.5314557552337646484 1.5341910123825073242 1.5435928106307983398 1.5608085393905639648 1.5738991498947143555 1.5893251895904541016 1.6248216629028320313 1.6589858531951904297 1.6740410327911376953 1.6804785728454589844 1.7044588327407836914 1.7151868343353271484 1.7066712379455566406 1.69701385498046875 1.6874276399612426758 -9999 -9999
-9999 -9999 -9999 -9999 -9999 -9999 -9999 -9999 -9999 -9999 -9999 -9999 -9999 -9999 -9999 -9999 -9999 -9999 -9999 -9999 1.4766367673873901367 1.4908133745193481445 1.5135902166366577148 1.5226113796234130859 1.5203585624694824219 1.5137094259262084961 1.5037925243377685547 1.5152453184127807617 1.559418797492980957 1.6124403476715087891 1.6422045230865478516 1.6473965644836425781 1.6444959640502929688 1.6631994247436523438 1.6898380517959594727 1.7088569402694702148 1.6959527730941772461 1.6814454793930053711 1.6579401493072509766 1.7356820106506347656
-9999 -9999 -9999 -9999 -9999 -9999 -9999 -9999 -9999 -9999 -9999 -9999 -9999 -9999 -9999 -9999 -9999 -9999 -9999 1.4402811527252197266 1.4841182231903076172 1.5022220611572265625 1.5141419172286987305 1.5174635648727416992 1.5085616111755371094 1.4989945888519287109 1.4867901802062988281 1.481673121452331543 1.5002017021179199219 1.5583922863006591797 1.6099452972412109375 1.6135648488998413086 1.6089341640472412109 1.6313918828964233398 1.6711095571517944336 1.7083686590194702148 1.7021886110305786133 1.681270599365234375 1.6594048738479614258 1.7828137874603271484
-9999 -9999 -9999 -9999 -9999 -9999 -9999 -9999 -9999 -9999 -9999 -9999 -9999 -9999 -9999 -9999 -9999 -9999 -9999 1.3689769506454467773 1.4563858509063720703 1.5052264928817749023 1.5094459056854248047 1.508019566535949707 1.4948924779891967773 1.4876494407653808594 1.4848544597625732422 1.4838222265243530273 1.4818230867385864258 1.4881895780563354492 1.5266077518463134766 1.5487560033798217773 1.5738798379898071289 1.6107103824615478516 1.6518754959106445313 1.6968312263488769531 1.7078515291213989258 1.6873872280120849609 1.7023308277130126953 1.8125395774841308594
-9999 -9999 -9999 -9999 -9999 -9999 -9999 -9999 -9999 -9999 -9999 -9999 -9999 -9999 -9999 -9999 -9999 -9999 1.3243325948715209961 1.3837707042694091797 1.4556957483291625977 1.4936333894729614258 1.4862576723098754883 1.4823727607727050781 1.4773460626602172852 1.471106410026550293 1.4825745820999145508 1.4897292852401733398 1.4766272306442260742 1.463855743408203125 1.4640498161315917969 1.4729595184326171875 1.5213446617126464844 1.5948709249496459961 1.6427812576293945313 1.6826065778732299805 1.6951415538787841797 1.6880984306335449219 1.7541587352752685547 1.8264452219009399414
-9999 -9999 -9999 -9999 -9999 -9999 -9999 -9999 -9999 -9999 -9999 -9999 -9999 -9999 -9999 -9999 -9999 -9999 1.3202900886535644531 1.3618934154510498047 1.4487659931182861328 1.4724385738372802734 1.4626293182373046875 1.4678155183792114258 1.4696993827819824219 1.4661797285079956055 1.4737726449966430664 1.4762099981307983398 1.4633194208145141602 1.4519262313842773438 1.4498943090438842773 1.4532371759414672852 1.4789896011352539063 1.5524582862854003906 1.6294465065002441406 1.657519221305847168 1.6690642833709716797 1.7052949666976928711 1.7982610464096069336 1.8367215394973754883
-9999 -9999 -9999 -9999 -9999 -9999 -9999 -9999 -9999 -9999 -9999 -9999 -9999 -9999 -9999 -9999 -9999 1.280037999153137207 1.2881383895874023438 1.3453677892684936523 1.4447753429412841797 1.4627081155776977539 1.4545885324478149414 1.4539906978607177734 1.4548249244689941406 1.4592192173004150391 1.4603803157806396484 1.4559205770492553711 1.448018193244934082 1.4450310468673706055 1.4453597068786621094 1.4501249790191650391 1.4726269245147705078 1.5215195417404174805 1.5652489662170410156 1.6113196611404418945 1.7090606689453125 1.7472232580184936523 1.7632355690002441406 1.806697845458984375
-9999 -9999 -9999 -9999 -9999 -9999 -9999 -9999 -9999 -9999 -9999 -9999 -9999 -9999 -9999 -9999 -9999 1.2722893953323364258 1.2634392976760864258 1.3365216255187988281 1.4461824893951416016 1.451808929443359375 1.4479163885116577148 1.4491196870803833008 1.448965907096862793 1.4524682760238647461 1.4561570882797241211 1.4550191164016723633 1.4510842561721801758 1.4514071941375732422 1.4545634984970092773 1.4625831842422485352 1.4857367277145385742 1.5201528072357177734 1.5374896526336669922 1.5855038166046142578 1.7271645069122314453 1.7234430313110351563 1.7153580188751220703 1.7465350627899169922
-9999 -9999 -9999 -9999 -9999 -9999 -9999 -9999 -9999 -9999 -9999 -9999 -9999 -9999 -9999 -9999 -9999 1.2821485996246337891 1.2710437774658203125 1.3455004692077636719 1.4479452371597290039 1.4403580427169799805 1.4364615678787231445 1.4521299600601196289 1.4537349939346313477 1.4515725374221801758 1.4565742015838623047 1.4599112272262573242 1.46213531494140625 1.4689574241638183594 1.4741204977035522461 1.4829783439636230469 1.5026621818542480469 1.5189225673675537109 1.5312000513076782227 1.5545285940170288086 1.6842328310012817383 1.6931539773941040039 1.6857841014862060547 1.6902071237564086914
-9999 -9999 -9999 -9999 -9999 -9999 -9999 -9999 -9999 -9999 -9999 -9999 -9999 -9999 -9999 -9999 -9999 1.2535531520843505859 1.2419523000717163086 1.3157188892364501953 1.4225233793258666992 1.4266908168792724609 1.4386011362075805664 1.4593172073364257813 1.4571931362152099609 1.4490042924880981445 1.4609223604202270508 1.480717778205871582 1.4909729957580566406 1.5008341073989868164 1.5007706880569458008 1.4976066350936889648 1.4929375648498535156 1.4847044944763183594 1.4962188005447387695 1.5118525028228759766 1.6447477340698242188 1.6629592180252075195 1.6583496332168579102 1.6599220037460327148
-9999 -9999 -9999 -9999 -9999 -9999 -9999 -9999 -9999 -9999 -9999 -9999 -9999 -9999 -9999 -9999 -9999 1.2114076614379882813 1.179171442985534668 1.2511407136917114258 1.3555673360824584961 1.3834553956985473633 1.4188287258148193359 1.445553898811340332 1.4539715051651000977 1.4565626382827758789 1.4804294109344482422 1.5153164863586425781 1.5278725624084472656 1.5288126468658447266 1.5166984796524047852 1.4959419965744018555 1.4650398492813110352 1.4421995878219604492 1.437651515007019043 1.4703798294067382813 1.6129305362701416016 1.6264055967330932617 1.637106776237487793 1.6484384536743164063
-9999 -9999 -9999 -9999 -9999 -9999 -9999 -9999 -9999 -9999 -9999 -9999 -9999 -9999 -9999 -9999 -9999 1.2850762605667114258 1.249149322509765625 1.3078953027725219727 1.3714432716369628906 1.3728464841842651367 1.380139470100402832 1.4120451211929321289 1.452789306640625 1.4905327558517456055 1.5257600545883178711 1.553379058837890625 1.5492845773696899414 1.5276496410369873047 1.5041538476943969727 1.479114532470703125 1.4389759302139282227 1.4098633527755737305 1.4026645421981811523 1.4937794208526611328 1.5908361673355102539 1.5904401540756225586 1.6211289167404174805 1.6481289863586425781
-9999 -9999 -9999 -9999 -9999 -9999 -9999 -9999 -9999 -9999 -9999 -9999 -9999 -9999 -9999 1.2360644340515136719 1.2866524457931518555 1.3178199529647827148 1.3438512086868286133 1.3565591573715209961 1.3602787256240844727 1.3649114370346069336 1.3894009590148925781 1.4342799186706542969 1.4710929393768310547 1.5135575532913208008 1.553732752799987793 1.5674979686737060547 1.5519872903823852539 1.5140804052352905273 1.4783725738525390625 1.4479932785034179688 1.4014111757278442383 1.3651555776596069336 1.3826538324356079102 1.5299409627914428711 1.5618158578872680664 1.5618811845779418945 1.5958917140960693359 1.6266208887100219727
-9999 -9999 -9999 -9999 -9999 -9999 -9999 -9999 -9999 -9999 -9999 -9999 -9999 -9999 1.1920621395111083984 1.2306052446365356445 1.3042123317718505859 1.3515709638595581055 1.3563457727432250977 1.3423479795455932617 1.3419327735900878906 1.3825538158416748047 1.4526643753051757813 1.5125406980514526367 1.5244029760360717773 1.5263540744781494141 1.5333837270736694336 1.5285050868988037109 1.5081849098205566406 1.4845103025436401367 1.4577372074127197266 1.422046661376953125 1.3724447488784790039 1.3318524360656738281 1.3894759416580200195 1.5306637287139892578 1.5369687080383300781 1.5458149909973144531 1.5776071548461914063 1.5951439142227172852
-9999 -9999 -9999 -9999 -9999 -9999 -9999 -9999 -9999 -9999 -9999 -9999 -9999 -9999 1.1969658136367797852 1.2350399494171142578 1.3317774534225463867 1.3441836833953857422 1.3286403417587280273 1.3355277776718139648 1.3780673742294311523 1.438168644905090332 1.4956536293029785156 1.5208736658096313477 1.5145398378372192383 1.5112085342407226563 1.5037636756896972656 1.4946963787078857422 1.4740686416625976563 1.4544520378112792969 1.4294569492340087891 1.4004539251327514648 1.3563899993896484375 1.318617701530456543 1.3982644081115722656 1.5213196277618408203 1.5234994888305664063 1.5440676212310791016 1.572913050651550293 1.5698893070220947266
