INPUT/RASTER/ASCII/BIO11.asc
ncols        113
nrows        135
xllcorner    473009.983799999987
yllcorner    4429001.174800000153
cellsize     100.000000000000
NODATA_value  -9999
[rows 72 to 89 of 135, columns 40 to 79 of 113]
-0.14389461278915405273 -0.18043760955333709717 -0.18455514311790466309 -0.19094040989875793457 -0.19315826892852783203 -0.19494564831256866455 -0.20057292282581329346 -0.19096225500106811523 -0.17026546597480773926 -0.15471558272838592529 -0.13961488008499145508 -0.10617872327566146851 -0.074682801961898803711 -0.054784562438726425171 -0.069972604513168334961 -0.10234194248914718628 -0.16422955691814422607 -0.22665992379188537598 -0.33092993497848510742 -0.4277884066104888916 -0.44722497463226318359 -0.42643150687217712402 -0.40192911028861999512 -0.39605852961540222168 -0.39241826534271240234 -9999 -9999 -0.40775603055953979492 -0.40806797146797180176 -0.40940615534782409668 -0.40805861353874206543 -0.41116857528686523438 -0.42478448152542114258 -0.44018152356147766113 -9999 -9999 -9999 -0.46996805071830749512 -0.45027256011962890625 -0.33768951892852783203
-0.065805174410343170166 -0.10871162265539169312 -0.10679947584867477417 -0.1146321222186088562 -0.12440499663352966309 -0.12641073763370513916 -0.1246919780969619751 -0.12560594081878662109 -0.13026623427867889404 -0.11113222688436508179 -0.05429170653223991394 -0.034087773412466049194 -0.05230781063437461853 -0.091982632875442504883 -0.12932731211185455322 -0.16053625941276550293 -0.1962276846170425415 -0.25207003951072692871 -0.35430935025215148926 -0.4402033686637878418 -0.45636150240898132324 -0.42655003070831298828 -0.38800442218780517578 -0.37063905596733093262 -0.36912620067596435547 -9999 -0.38832882046699523926 -0.39362543821334838867 -0.39670112729072570801 -0.39600861072540283203 -0.39402472972869873047 -0.39363792538642883301 -0.39415574073791503906 -0.40412825345993041992 -0.41060709953308105469 -0.40553507208824157715 -9999 -0.44104558229446411133 -0.4258918464183807373 -0.31472811102867126465
0.013285567983984947205 -0.048265151679515838623 -0.062333352863788604736 -0.074461326003074645996 -0.085191838443279266357 -0.086851328611373901367 -0.086604900658130645752 -0.091932721436023712158 -0.10131256282329559326 -0.056509554386138916016 0.041721425950527191162 0.0037279257085174322128 -0.12678505480289459229 -0.19855159521102905273 -0.2008536607027053833 -0.19571611285209655762 -0.22419877350330352783 -0.27665975689888000488 -0.37432301044464111328 -0.45541325211524963379 -0.48626658320426940918 -0.46295267343521118164 -0.40790265798568725586 -0.38987913727760314941 -0.37661883234977722168 -0.38278886675834655762 -0.39192852377891540527 -0.39472970366477966309 -0.39308580756187438965 -0.38891524076461791992 -0.37813484668731689453 -0.36653089523315429688 -0.36734506487846374512 -0.38785156607627868652 -0.3955344855785369873 -0.39248377084732055664 -0.40160471200942993164 -0.41034197807312011719 -0.39835125207901000977 -0.29419663548469543457
0.061257820576429367065 0.017783649265766143799 -0.020799405872821807861 -0.048018723726272583008 -0.059039335697889328003 -0.053399577736854553223 -0.044412773102521896362 -0.041436925530433654785 -0.012411514297127723694 0.082831144332885742188 0.16392761468887329102 0.023713504895567893982 -0.17112328112125396729 -0.23602728545665740967 -0.23287051916122436523 -0.2276487499475479126 -0.25592240691184997559 -0.31062304973602294922 -0.39407464861869812012 -0.45586243271827697754 -0.4857394099235534668 -0.493297576904296875 -0.46877959370613098145 -0.44307315349578857422 -0.41503345966339111328 -0.40748777985572814941 -0.41068196296691894531 -0.40993332862854003906 -0.40180745720863342285 -0.39274579286575317383 -0.36837443709373474121 -0.31844323873519897461 -0.29718807339668273926 -0.29391902685165405273 -0.31726101040840148926 -0.35268107056617736816 -0.38380265235900878906 -0.4017232358455657959 -0.39360985159873962402 -0.30144909024238586426
0.1017436683177947998 0.0737226828932762146 0.046634379774332046509 0.0011264003114774823189 -0.01926157437264919281 -0.0010477763134986162186 0.043212469667196273804 0.082906007766723632813 0.17453335225582122803 0.2325280308723449707 0.17535997927188873291 0.0067256065085530281067 -0.16370238363742828369 -0.23292042315006256104 -0.24483004212379455566 -0.25268766283988952637 -0.29963052272796630859 -0.36120620369911193848 -0.41056966781616210938 -0.44853821396827697754 -0.47434759140014648438 -0.49698463082313537598 -0.50403118133544921875 -0.49627965688705444336 -0.47451603412628173828 -0.45475816726684570313 -0.43941730260848999023 -0.42410758137702941895 -0.41177061200141906738 -0.39827948808670043945 -0.36485895514488220215 -0.30650243163108825684 -0.24801489710807800293 -0.16740815341472625732 -0.18383769690990447998 -0.27665662765502929688 -0.35785916447639465332 -0.39119237661361694336 -0.39451757073402404785 -0.32991302013397216797
0.14211410284042358398 0.12079969048500061035 0.09896434098482131958 0.066563807427883148193 0.032460119575262069702 0.05719332769513130188 0.16751173138618469238 0.22673854231834411621 0.28316420316696166992 0.23577526211738586426 0.1182855069637298584 -0.026485953480005264282 -0.15460328757762908936 -0.21625381708145141602 -0.2389001995325088501 -0.25581324100494384766 -0.30470567941665649414 -0.36800634860992431641 -0.40558809041976928711 -0.43119785189628601074 -0.45331391692161560059 -0.48446983098983764648 -0.4996890723705291748 -0.50427448749542236328 -0.49766463041305541992 -0.47674638032913208008 -0.45476129651069641113 -0.43110114336013793945 -0.4155730903148651123 -0.40055349469184875488 -0.36012068390846252441 -0.30105295777320861816 -0.23504468798637390137 -0.093043208122253417969 -0.060174770653247833252 -0.162538871169090271 -0.29855436086654663086 -0.36877995729446411133 -0.38810735940933227539 -0.34136411547660827637
0.20848107337951660156 0.18417209386825561523 0.15103228390216827393 0.12999236583709716797 0.11727172136306762695 0.15565514564514160156 0.29378554224967956543 0.33371302485466003418 0.28807091712951660156 0.18133974075317382813 0.06858514249324798584 -0.0489732399582862854 -0.14349533617496490479 -0.18536616861820220947 -0.20662131905555725098 -0.23570287227630615234 -0.27743646502494812012 -0.32389271259307861328 -0.37436667084693908691 -0.40687325596809387207 -0.42468154430389404297 -0.45604646205902099609 -0.47511497139930725098 -0.48672199249267578125 -0.49277976155281066895 -0.47513991594314575195 -0.44440510869026184082 -0.40735986828804016113 -0.38704988360404968262 -0.37814730405807495117 -0.3313229680061340332 -0.20387941598892211914 -0.079489693045616149902 0.054847586899995803833 0.0605622120201587677 -0.043264858424663543701 -0.20173019170761108398 -0.33024680614471435547 -0.36785039305686950684 -0.31248530745506286621
0.28697913885116577148 0.28352916240692138672 0.2492383122444152832 0.22453629970550537109 0.22186926007270812988 0.30469071865081787109 0.39088106155395507813 0.32302930951118469238 0.1896527707576751709 0.087145186960697174072 0.01227178424596786499 -0.062657766044139862061 -0.13492339849472045898 -0.16451965272426605225 -0.17853793501853942871 -0.2117869257926940918 -0.22882162034511566162 -0.27704343199729919434 -0.36017683148384094238 -0.40351063013076782227 -0.41299962997436523438 -0.43238943815231323242 -0.45132377743721008301 -0.46254402399063110352 -0.47027376294136047363 -0.44763049483299255371 -0.38978865742683410645 -0.31472811102867126465 -0.28938663005828857422 -0.28909030556678771973 -0.23930570483207702637 -0.080331914126873016357 0.062524273991584777832 0.14759166538715362549 0.11779577285051345825 0.014835877344012260437 -0.1539014279842376709 -0.30798098444938659668 -0.35425007343292236328 -0.2846202850341796875
0.32443612813949584961 0.36905196309089660645 0.32863163948059082031 0.29112786054611206055 0.2923755943775177002 0.38943994045257568359 0.47313794493675231934 0.34877318143844604492 0.1507733762264251709 0.017006935551762580872 -0.045984916388988494873 -0.091237112879753112793 -0.1580314338207244873 -0.195928230881690979 -0.21739861369132995605 -0.24296779930591583252 -0.2338562309741973877 -0.28297951817512512207 -0.35015752911567687988 -0.3796227574348449707 -0.40825513005256652832 -0.43282300233840942383 -0.44540953636169433594 -0.45273995399475097656 -0.44871914386749267578 -0.40910670161247253418 -0.33245527744293212891 -0.22799499332904815674 -0.16112893819808959961 -0.13520102202892303467 -0.0959909781813621521 0.024468384683132171631 0.1282549053430557251 0.18523579835891723633 0.17037840187549591064 0.060771204531192779541 -0.14869526028633117676 -0.28444561362266540527 -0.30529835820198059082 -0.22113558650016784668
0.34156125783920288086 0.40248501300811767578 0.36846864223480224609 0.34601569175720214844 0.36654403805732727051 0.452487945556640625 0.5111408233642578125 0.40546709299087524414 0.19412901997566223145 0.020135628059506416321 -0.064070820808410644531 -0.10810335725545883179 -0.16801954805850982666 -0.21591068804264068604 -0.26515251398086547852 -0.30488973855972290039 -0.27703094482421875 -0.27189964056015014648 -0.23695996403694152832 -0.28157582879066467285 -0.36082875728607177734 -0.413074493408203125 -0.41405397653579711914 -0.40847036242485046387 -0.36891406774520874023 -0.29619303345680236816 -0.21636299788951873779 -0.12031867355108261108 -0.046256300061941146851 -0.012919965200126171112 0.022712199017405509949 0.063868708908557891846 0.10644762963056564331 0.22978614270687103271 0.26857194304466247559 0.19359248876571655273 0.022409623488783836365 -0.090298190712928771973 -0.13484853506088256836 -0.099547021090984344482
0.38334164023399353027 0.41283807158470153809 0.42145055532455444336 0.45456230640411376953 0.48697844147682189941 0.53266423940658569336 0.51930409669876098633 0.41306266188621520996 0.23783090710639953613 0.046958789229393005371 -0.053159385919570922852 -0.099219486117362976074 -0.1479434967041015625 -0.19695761799812316895 -0.26572024822235107422 -0.27258276939392089844 -0.14750991761684417725 -0.047834683209657669067 -0.068347431719303131104 -0.19826461374759674072 -0.27367764711380004883 -0.32512485980987548828 -0.32158753275871276855 -0.29825177788734436035 -0.2356061786413192749 -0.16074213385581970215 -0.10738902539014816284 -0.077337354421615600586 -0.080506600439548492432 -0.073862411081790924072 -0.0062227533198893070221 0.04383945465087890625 0.10532154887914657593 0.25544890761375427246 0.3236687779426574707 0.32169109582901000977 0.26529040932655334473 0.15959797799587249756 0.065662324428558349609 0.024477742612361907959
0.43828248977661132813 0.44191652536392211914 0.45695793628692626953 0.52603876590728759766 0.57295042276382446289 0.5727227330207824707 0.4891681969165802002 0.37019988894462585449 0.21155361831188201904 0.047142829746007919312 -0.05787894129753112793 -0.10821565240621566772 -0.14701081812381744385 -0.18307657539844512939 -0.18317639827728271484 -0.043835695832967758179 0.14881443977355957031 0.18927533924579620361 -0.031286608427762985229 -0.23324483633041381836 -0.26919829845428466797 -0.2657794952392578125 -0.24668917059898376465 -0.22831940650939941406 -0.17842876911163330078 -0.10957255959510803223 -0.094434425234794616699 -0.098960585892200469971 -0.072124943137168884277 -0.031991578638553619385 0.0365370921790599823 0.096447043120861053467 0.15656286478042602539 0.27023455500602722168 0.35887044668197631836 0.4101803898811340332 0.42653506994247436523 0.33249023556709289551 0.21016240119934082031 0.12755928933620452881
0.49866968393325805664 0.50024807453155517578 0.50686728954315185547 0.54633939266204833984 0.587299346923828125 0.56033271551132202148 0.45568525791168212891 0.34119006991386413574 0.19975629448890686035 0.072172373533248901367 0.0066725779324769973755 -0.059572741389274597168 -0.10753251612186431885 -0.11782944202423095703 0.015865258872509002686 0.28736594319343566895 0.46142172813415527344 0.36929839849472045898 0.02396305277943611145 -0.23922459781169891357 -0.2628161311149597168 -0.24572530388832092285 -0.20892962813377380371 -0.14554473757743835449 -0.043158799409866333008 0.033813912421464920044 0.039940286427736282349 0.067240707576274871826 0.16717171669006347656 0.22156980633735656738 0.22900941967964172363 0.218013763427734375 0.24765992164611816406 0.3109169304370880127 0.40721392631530761719 0.4904034733772277832 0.55469608306884765625 0.47561156749725341797 0.32065236568450927734 0.20720839500427246094
0.53254568576812744141 0.56396049261093139648 0.57109129428863525391 0.56819969415664672852 0.53604555130004882813 0.49521970748901367188 0.43672907352447509766 0.33657658100128173828 0.22234652936458587646 0.12899729609489440918 0.097083382308483123779 0.055349800735712051392 -0.0037678363732993602753 -0.010589822195470333099 0.15212404727935791016 0.47689363360404968262 0.63888067007064819336 0.53090804815292358398 0.21079562604427337646 -0.070440500974655151367 -0.16924856603145599365 -0.21524627506732940674 -0.22398352622985839844 -0.13418723642826080322 0.085089541971683502197 0.25338390469551086426 0.30198314785957336426 0.30829980969429016113 0.36708679795265197754 0.41807857155799865723 0.43070563673973083496 0.39982420206069946289 0.39943116903305053711 0.42588001489639282227 0.49253708124160766602 0.56439095735549926758 0.61630916595458984375 0.52976948022842407227 0.34379470348358154297 0.23367282748222351074
0.53037774562835693359 0.56744480133056640625 0.5761165618896484375 0.55655205249786376953 0.4988225400447845459 0.41062334179878234863 0.37479153275489807129 0.32641065120697021484 0.25798180699348449707 0.20542101562023162842 0.16889359056949615479 0.12550364434719085693 0.069393046200275421143 0.038826685398817062378 0.18021990358829498291 0.51016134023666381836 0.67244476079940795898 0.63461029529571533203 0.38817349076271057129 0.098508924245834350586 0.0093614449724555015564 -0.091826662421226501465 -0.21534296870231628418 -0.20238837599754333496 0.033817030489444732666 0.26813524961471557617 0.39000141620635986328 0.42065200209617614746 0.42585507035255432129 0.48185959458351135254 0.5392335057258605957 0.53198730945587158203 0.53527820110321044922 0.54749351739883422852 0.57735180854797363281 0.61568528413772583008 0.62691801786422729492 0.50049763917922973633 0.3101870119571685791 0.22697249054908752441
0.5454254150390625 0.57444459199905395508 0.56621265411376953125 0.52209591865539550781 0.44561293721199035645 0.33197867870330810547 0.26818513870239257813 0.27935236692428588867 0.28615877032279968262 0.25615388154983520508 0.206777915358543396 0.15167486667633056641 0.10271690040826797485 0.10436079651117324829 0.29370132088661193848 0.61359226703643798828 0.74184679985046386719 0.69666635990142822266 0.5269152522087097168 0.34502062201499938965 0.3025290369987487793 0.15963852405548095703 -0.037718679755926132202 -0.16643804311752319336 -0.082693248987197875977 0.12938098609447479248 0.34521400928497314453 0.51758843660354614258 0.55134588479995727539 0.58173757791519165039 0.63704025745391845703 0.63747072219848632813 0.6368967890739440918 0.63969171047210693359 0.66945326328277587891 0.6787707209587097168 0.63698726892471313477 0.45950645208358764648 0.26917085051536560059 0.22478896379470825195
0.57158100605010986328 0.58826947212219238281 0.57065147161483764648 0.51797837018966674805 0.45391035079956054688 0.33717235922813415527 0.22631743550300598145 0.20274150371551513672 0.26047104597091674805 0.27009731531143188477 0.22054043412208557129 0.17082133889198303223 0.15742692351341247559 0.2632160484790802002 0.54492318630218505859 0.80564969778060913086 0.88704252243041992188 0.75553137063980102539 0.64370006322860717773 0.64460468292236328125 0.63341563940048217773 0.48118582367897033691 0.29058197140693664551 0.043845694512128829956 -0.11494093388319015503 -0.024399118497967720032 0.24590061604976654053 0.56029528379440307617 0.67314344644546508789 0.68903023004531860352 0.71726024150848388672 0.72395741939544677734 0.70485776662826538086 0.69338792562484741211 0.71071583032608032227 0.69837266206741333008 0.62826246023178100586 0.44389104843139648438 0.27151972055435180664 0.24876105785369873047
0.60842353105545043945 0.63054269552230834961 0.60103070735931396484 0.52343100309371948242 0.46390783786773681641 0.35563260316848754883 0.2447932511568069458 0.21022479236125946045 0.2806936800479888916 0.32272985577583312988 0.25906422734260559082 0.1994381248950958252 0.23754703998565673828 0.42664736509323120117 0.70898461341857910156 0.93277508020401000977 0.96372514963150024414 0.78923887014389038086 0.6802399754524230957 0.73684966564178466797 0.77459669113159179688 0.66941583156585693359 0.5356743931770324707 0.29462775588035583496 0.028798021376132965088 -0.0080132512375712394714 0.19830892980098724365 0.50614988803863525391 0.68781369924545288086 0.74961709976196289063 0.79306632280349731445 0.80234634876251220703 0.76429980993270874023 0.71646481752395629883 0.685695648193359375 0.65680748224258422852 0.603778839111328125 0.4530182182788848877 0.32527211308479309082 0.32211846113204956055
