INPUT/RASTER/ASCII/BIO15.asc
ncols        113
nrows        135
xllcorner    473009.983799999987
yllcorner    4429001.174800000153
cellsize     100.000000000000
NODATA_value  -9999
[rows 72 to 89 of 135, columns 0 to 39 of 113]
-9999 -9999 -9999 1.6274031400680541992 1.5704916715621948242 1.4189058542251586914 1.3501696586608886719 1.3189318180084228516 1.2921233177185058594 1.2141221761703491211 1.2859724760055541992 1.4043539762496948242 1.3610399961471557617 1.3131742477416992188 1.2886288166046142578 1.2454180717468261719 1.1951988935470581055 1.1557211875915527344 1.1157342195510864258 1.0826652050018310547 1.0430843830108642578 0.98603743314743041992 0.93437409400939941406 0.89031225442886352539 0.84388422966003417969 0.80244654417037963867 0.76914548873901367188 0.72596698999404907227 0.68919724225997924805 0.70229196548461914063 0.72937124967575073242 0.76136988401412963867 0.77839756011962890625 0.74695342779159545898 0.71397471427917480469 0.68187934160232543945 0.61943590641021728516 0.57087373733520507813 0.55048048496246337891 0.53284674882888793945
-9999 -9999 -9999 1.6308461427688598633 1.5953530073165893555 1.4612784385681152344 1.3503630161285400391 1.3031419515609741211 1.2572103738784790039 1.2308274507522583008 1.4020780324935913086 1.4092798233032226563 1.3540445566177368164 1.3185126781463623047 1.3008402585983276367 1.2606146335601806641 1.2060693502426147461 1.1685709953308105469 1.1302022933959960938 1.0918786525726318359 1.0465983152389526367 0.99064737558364868164 0.93793308734893798828 0.89475458860397338867 0.85042196512222290039 0.80569607019424438477 0.76575416326522827148 0.72228550910949707031 0.69638609886169433594 0.72815263271331787109 0.7361087799072265625 0.75815904140472412109 0.77808809280395507813 0.75794631242752075195 0.72870069742202758789 0.68726944923400878906 0.61922311782836914063 0.57212454080581665039 0.55405241250991821289 0.53628969192504882813
-9999 -9999 1.6291891336441040039 1.6216005086898803711 1.5786283016204833984 1.4325356483459472656 1.2960498332977294922 1.2434773445129394531 1.201066136360168457 1.2928067445755004883 1.4411816596984863281 1.4038703441619873047 1.3526453971862792969 1.3208788633346557617 1.3106145858764648438 1.275353550910949707 1.2195574045181274414 1.1830390691757202148 1.146817326545715332 1.0986936092376708984 1.050576329231262207 0.9924526214599609375 0.93910652399063110352 0.90058302879333496094 0.85608923435211181641 0.81469666957855224609 0.77394884824752807617 0.73104757070541381836 0.72478711605072021484 0.76544469594955444336 0.75414872169494628906 0.77984827756881713867 0.78705650568008422852 0.76942920684814453125 0.71811401844024658203 0.6685009002685546875 0.61278212070465087891 0.5718924403190612793 0.54991960525512695313 0.53393638134002685547
-9999 -9999 1.6345082521438598633 1.6018583774566650391 1.5080739259719848633 1.3899245262145996094 1.2921426296234130859 1.2400473356246948242 1.2147797346115112305 1.3815815448760986328 1.4353080987930297852 1.3920716047286987305 1.3439027070999145508 1.3238060474395751953 1.3218202590942382813 1.2873005867004394531 1.2335160970687866211 1.1932711601257324219 1.1477392911911010742 1.0926330089569091797 1.0442450046539306641 0.99078273773193359375 0.9437808990478515625 0.90619879961013793945 0.8561344146728515625 0.81971925497055053711 0.79862320423126220703 0.77030605077743530273 0.76847493648529052734 0.79519313573837280273 0.77168577909469604492 0.8078301548957824707 0.79861676692962646484 0.76768839359283447266 0.70801085233688354492 0.66633456945419311523 0.61514192819595336914 0.57440698146820068359 0.55259525775909423828 0.53530323505401611328
-9999 -9999 1.6352819204330444336 1.6006205081939697266 1.5029288530349731445 1.3888800144195556641 1.3089963197708129883 1.2625037431716918945 1.29558563232421875 1.4549857378005981445 1.4348051548004150391 1.3851469755172729492 1.3449407815933227539 1.3352953195571899414 1.3356306552886962891 1.3005565404891967773 1.2430776357650756836 1.1937611103057861328 1.1362563371658325195 1.0855021476745605469 1.0413435697555541992 0.99062800407409667969 0.94572806358337402344 0.90479320287704467773 0.8570499420166015625 0.83668243885040283203 0.87010598182678222656 0.88051217794418334961 0.82931303977966308594 0.81218218803405761719 0.79213708639144897461 0.82225304841995239258 0.80461931228637695313 0.76872640848159790039 0.71406501531600952148 0.67465823888778686523 0.62155067920684814453 0.57949399948120117188 0.56108009815216064453 0.53897184133529663086
-9999 -9999 1.616062164306640625 1.619530797004699707 1.5791246891021728516 1.4194345474243164063 1.3309755325317382813 1.3038641214370727539 1.4234061241149902344 1.5027998685836791992 1.4406400918960571289 1.3883191347122192383 1.3534256219863891602 1.3496474027633666992 1.3409755229949951172 1.3017170429229736328 1.2449731826782226563 1.1902730464935302734 1.1307953596115112305 1.0889708995819091797 1.0475331544876098633 0.99316829442977905273 0.94726896286010742188 0.90630835294723510742 0.87565076351165771484 0.88982874155044555664 0.96474796533584594727 0.99743008613586425781 0.93118262290954589844 0.87902277708053588867 0.82060897350311279297 0.82479339838027954102 0.79917120933532714844 0.77910035848617553711 0.72793990373611450195 0.67850089073181152344 0.62757259607315063477 0.59118318557739257813 0.57832700014114379883 0.54513555765151977539
-9999 -9999 -9999 1.6831992864608764648 1.6243664026260375977 1.4258625507354736328 1.3390220403671264648 1.3490413427352905273 1.5354111194610595703 1.5294343233108520508 1.4505820274353027344 1.4065654277801513672 1.3720909357070922852 1.3597569465637207031 1.3386738300323486328 1.2983967065811157227 1.2451086044311523438 1.1867785453796386719 1.1322009563446044922 1.0920785665512084961 1.0522849559783935547 1.0011502504348754883 0.95586341619491577148 0.92367136478424072266 0.93857139348983764648 0.98927408456802368164 1.0454699993133544922 1.0577974319458007813 0.99628245830535888672 0.90594732761383056641 0.823703765869140625 0.82371020317077636719 0.79737883806228637695 0.7740262150764465332 0.72811394929885864258 0.6826788783073425293 0.64276272058486938477 0.62131851911544799805 0.60455518960952758789 0.54628324508666992188
-9999 -9999 -9999 1.7317228317260742188 1.6394276618957519531 1.4544570446014404297 1.3645087480545043945 1.4411946535110473633 1.5866553783416748047 1.5368359088897705078 1.4670810699462890625 1.4223939180374145508 1.3899954557418823242 1.3669780492782592773 1.3370232582092285156 1.299170374870300293 1.2463077306747436523 1.1887062788009643555 1.1286935806274414063 1.0809502601623535156 1.0434647798538208008 1.000453948974609375 0.96688210964202880859 0.94482541084289550781 0.98975759744644165039 1.0565788745880126953 1.092226862907409668 1.0669206380844116211 0.96414840221405029297 0.87292999029159545898 0.84306544065475463867 0.83204030990600585938 0.80398100614547729492 0.76189857721328735352 0.71482580900192260742 0.68091225624084472656 0.65914571285247802734 0.65232431888580322266 0.61119604110717773438 0.54035156965255737305
-9999 -9999 -9999 1.7155655622482299805 1.6590343713760375977 1.4908592700958251953 1.4331417083740234375 1.5950176715850830078 1.6051272153854370117 1.5343987941741943359 1.4771648645401000977 1.4251855611801147461 1.3900663852691650391 1.3676873445510864258 1.3429484367370605469 1.2971651554107666016 1.2371137142181396484 1.1811563968658447266 1.1192737817764282227 1.0730391740798950195 1.0367852449417114258 0.99605679512023925781 0.96725606918334960938 0.94309747219085693359 0.98155647516250610352 1.0610083341598510742 1.1033550500869750977 1.0592094659805297852 0.93501240015029907227 0.87358117103576660156 0.87798476219177246094 0.84494805335998535156 0.80207902193069458008 0.74728864431381225586 0.69906824827194213867 0.67382651567459106445 0.66835266351699829102 0.66079622507095336914 0.60906839370727539063 0.54501307010650634766
-9999 -9999 1.6641600131988525391 1.6725610494613647461 1.6586152315139770508 1.4821035861968994141 1.5284026861190795898 1.6634637117385864258 1.6110975742340087891 1.5294988155364990234 1.475727081298828125 1.426217198371887207 1.3975712060928344727 1.3789896965026855469 1.3446054458618164063 1.2806210517883300781 1.2177069187164306641 1.1666367053985595703 1.1098154783248901367 1.069357752799987793 1.0350767374038696289 0.99367767572402954102 0.96314901113510131836 0.93874543905258178711 0.98195624351501464844 1.0611823797225952148 1.1038579940795898438 1.067223668098449707 0.97280728816986083984 0.90362626314163208008 0.89563786983489990234 0.82731431722640991211 0.77835887670516967773 0.730480194091796875 0.68802380561828613281 0.66641193628311157227 0.66428428888320922852 0.66162794828414916992 0.62240815162658691406 0.56487762928009033203
-9999 -9999 1.6413425207138061523 1.5966230630874633789 1.5664361715316772461 1.4897825717926025391 1.6382542848587036133 1.6907106637954711914 1.6066875457763671875 1.5236960649490356445 1.4773776531219482422 1.4303435087203979492 1.4175454378128051758 1.4260044097900390625 1.3516396284103393555 1.2536513805389404297 1.1927101612091064453 1.1468882560729980469 1.1001894474029541016 1.0660179853439331055 1.0303571224212646484 0.98911935091018676758 0.9568627476692199707 0.9313824772834777832 0.98890656232833862305 1.0628006458282470703 1.0684357881546020508 1.0580682754516601563 0.95576024055480957031 0.85906797647476196289 0.85574108362197875977 0.79910677671432495117 0.75741761922836303711 0.71481293439865112305 0.676502227783203125 0.65278851985931396484 0.64450353384017944336 0.65530943870544433594 0.63610255718231201172 0.58396852016448974609
-9999 -9999 1.6312136650085449219 1.5602401494979858398 1.5255787372589111328 1.5738314390182495117 1.7320967912673950195 1.6978608369827270508 1.5841988325119018555 1.5206335783004760742 1.5193762779235839844 1.488712310791015625 1.4717490673065185547 1.4540507793426513672 1.3301632404327392578 1.2309564352035522461 1.174296259880065918 1.1298862695693969727 1.0861791372299194336 1.0551991462707519531 1.0194094181060791016 0.98153710365295410156 0.95100206136703491211 0.92606979608535766602 0.98465770483016967773 1.0333745479583740234 0.99942880868911743164 1.0150831937789916992 0.90915817022323608398 0.82038974761962890625 0.82883590459823608398 0.78167933225631713867 0.74240148067474365234 0.70095735788345336914 0.66623789072036743164 0.64296263456344604492 0.62683755159378051758 0.63904899358749389648 0.64038366079330444336 0.60770153999328613281
-9999 -9999 1.6572612524032592773 1.5727288722991943359 1.5459591150283813477 1.6925352811813354492 1.7990018129348754883 1.7313101291656494141 1.6121613979339599609 1.5806269645690917969 1.5822066068649291992 1.5490087270736694336 1.4884672164916992188 1.398344874382019043 1.2972425222396850586 1.2195895910263061523 1.1659597158432006836 1.1185774803161621094 1.072716832160949707 1.0422075986862182617 1.006785273551940918 0.97558611631393432617 0.95517355203628540039 0.94024771451950073242 1.0019303560256958008 1.0508536100387573242 1.0302991867065429688 1.0041869878768920898 0.86848121881484985352 0.81409060955047607422 0.82060897350311279297 0.76576703786849975586 0.72572845220565795898 0.68745642900466918945 0.6563345789909362793 0.6353352665901184082 0.61234372854232788086 0.60968089103698730469 0.61145395040512084961 0.59801751375198364258
-9999 1.8187310695648193359 1.7388665676116943359 1.5972678661346435547 1.6053658723831176758 1.8094983100891113281 1.865990757942199707 1.8047658205032348633 1.6898853778839111328 1.5970098972320556641 1.5437412261962890625 1.4771262407302856445 1.395140528678894043 1.3311432600021362305 1.2677326202392578125 1.2032968997955322266 1.1542963981628417969 1.1073267459869384766 1.0632455348968505859 1.0314145088195800781 0.99673372507095336914 1.0023043155670166016 1.0358180999755859375 1.0685067176818847656 1.1366045475006103516 1.1294929981231689453 1.0242255926132202148 0.9018790125846862793 0.79893267154693603516 0.78691464662551879883 0.80077666044235229492 0.75031894445419311523 0.71239513158798217773 0.6768696904182434082 0.6466763615608215332 0.62216317653656005859 0.58961647748947143555 0.56391698122024536133 0.5483786463737487793 0.540828704833984375
-9999 1.8380733728408813477 1.756693720817565918 1.6071710586547851563 1.7028769254684448242 1.8724188804626464844 1.8687567710876464844 1.8068032264709472656 1.6711813211441040039 1.5125677585601806641 1.4352823495864868164 1.3806079626083374023 1.3266235589981079102 1.288177490234375 1.2438061237335205078 1.1928262710571289063 1.1527425050735473633 1.1119881868362426758 1.0843673944473266602 1.0622590780258178711 1.053439021110534668 1.1217238903045654297 1.2010854482650756836 1.2396605014801025391 1.2476166486740112305 1.1329424381256103516 0.93185961246490478516 0.78153747320175170898 0.73679870367050170898 0.7621822357177734375 0.77283990383148193359 0.73674064874649047852 0.70753371715545654297 0.67454862594604492188 0.64080917835235595703 0.6076628565788269043 0.56530964374542236328 0.53149276971817016602 0.50877845287322998047 0.50209248065948486328
1.8974478244781494141 1.7918064594268798828 1.6864166259765625 1.6257913112640380859 1.8074544668197631836 1.891722559928894043 1.8448947668075561523 1.7473835945129394531 1.5913684368133544922 1.4723099470138549805 1.4159464836120605469 1.353876948356628418 1.3047151565551757813 1.2772684097290039063 1.2458564043045043945 1.2164754867553710938 1.2146250009536743164 1.2270041704177856445 1.2429550886154174805 1.24198150634765625 1.2585836648941040039 1.3039801120758056641 1.3246763944625854492 1.2988930940628051758 1.1913884878158569336 0.99490910768508911133 0.83303320407867431641 0.72446471452713012695 0.69198894500732421875 0.75490957498550415039 0.75229185819625854492 0.72082191705703735352 0.69712114334106445313 0.66541260480880737305 0.62700521945953369141 0.58962291479110717773 0.54133802652359008789 0.50875264406204223633 0.48812085390090942383 0.48839807510375976563
1.8447529077529907227 1.7488923072814941406 1.6674869060516357422 1.7009363174438476563 1.8872802257537841797 1.9269577264785766602 1.8374801874160766602 1.7123353481292724609 1.5520842075347900391 1.4534189701080322266 1.4020521640777587891 1.3340510129928588867 1.3007177114486694336 1.3030130863189697266 1.324669957160949707 1.3431097269058227539 1.4031288623809814453 1.4778418540954589844 1.5097695589065551758 1.5056818723678588867 1.4792280197143554688 1.3961657285690307617 1.3037351369857788086 1.1700990200042724609 0.97913223505020141602 0.84019631147384643555 0.7615826725959777832 0.69975167512893676758 0.67482584714889526367 0.74146664142608642578 0.73594117164611816406 0.70516753196716308594 0.67953252792358398438 0.64209222793579101563 0.6006157994270324707 0.56639921665191650391 0.51929420232772827148 0.48550963401794433594 0.46700546145439147949 0.48382684588432312012
1.7521289587020874023 1.7139664888381958008 1.7157267332077026367 1.8845400810241699219 1.9736307859420776367 1.9796785116195678711 1.8298141956329345703 1.6763778924942016602 1.5025742053985595703 1.406668543815612793 1.3559336662292480469 1.3036061525344848633 1.2931419610977172852 1.3382869958877563477 1.4316588640213012695 1.5089185237884521484 1.5824000835418701172 1.6572097539901733398 1.6598144769668579102 1.6285314559936523438 1.5270551443099975586 1.3625100851058959961 1.2104277610778808594 1.0302604436874389648 0.85425817966461181641 0.79144072532653808594 0.74117648601531982422 0.70595413446426391602 0.70950019359588623047 0.76300108432769775391 0.73101532459259033203 0.69955182075500488281 0.66713404655456542969 0.62086075544357299805 0.57929414510726928711 0.55001628398895263672 0.50512272119522094727 0.46832075715065002441 0.45610928535461425781 0.48864954710006713867
