INPUT/RASTER/ASCII/BIO10.asc
ncols        113
nrows        135
xllcorner    473009.983799999987
yllcorner    4429001.174800000153
cellsize     100.000000000000
NODATA_value  -9999
[rows 54 to 71 of 135, columns 40 to 79 of 113]
-0.37002298235893249512 -0.43565675616264343262 -0.50089019536972045898 -0.56787413358688354492 -0.5587838292121887207 -0.60173898935317993164 -0.6413421630859375 -0.56916940212249755859 -0.44779282808303833008 -0.36938714981079101563 -0.34588426351547241211 -0.3304119408130645752 -0.34020087122917175293 -0.36268326640129089355 -0.35792616009712219238 -0.34583717584609985352 -0.31665092706680297852 -0.27366438508033752441 -0.22252169251441955566 -0.22081039845943450928 -0.27589377760887145996 -0.29828193783760070801 -0.28696227073669433594 -0.27441012859344482422 -0.26650518178939819336 -9999 -9999 -9999 -9999 -9999 -9999 -9999 -9999 -9999 -0.37755897641181945801 -0.40529298782348632813 -0.36030471324920654297 -0.31021392345428466797 -0.28262120485305786133 -0.25272846221923828125
-0.33673903346061706543 -0.39094322919845581055 -0.4347775578498840332 -0.48396560549736022949 -0.49626651406288146973 -0.52053081989288330078 -0.54401803016662597656 -0.5146198272705078125 -0.43368640542030334473 -0.35899376869201660156 -0.32824534177780151367 -0.32257765531539916992 -0.33119693398475646973 -0.32845729589462280273 -0.32313501834869384766 -0.32256981730461120605 -0.31844857335090637207 -0.28408131003379821777 -0.18730664253234863281 -0.15676233172416687012 -0.21795299649238586426 -0.26046070456504821777 -0.25654354691505432129 -0.25281479954719543457 -0.25599405169486999512 -9999 -9999 -9999 -9999 -9999 -9999 -9999 -9999 -9999 -0.36888474225997924805 -0.36697718501091003418 -0.32255411148071289063 -0.25215539336204528809 -0.23928141593933105469 -0.23224782943725585938
-0.28534516692161560059 -0.348804473876953125 -0.37631869316101074219 -0.41481503844261169434 -0.43397685885429382324 -0.44084560871124267578 -0.46999260783195495605 -0.47370564937591552734 -0.42118921875953674316 -0.36081495881080627441 -0.32871633768081665039 -0.32015985250473022461 -0.3273111879825592041 -0.32487770915031433105 -0.32442241907119750977 -0.30740362405776977539 -0.29165655374526977539 -0.26126140356063842773 -0.15626777708530426025 -0.092470914125442504883 -0.14758569002151489258 -0.19449722766876220703 -0.2028417736291885376 -0.19951337575912475586 -0.20971050858497619629 -9999 -9999 -9999 -9999 -9999 -9999 -9999 -9999 -9999 -0.34751707315444946289 -0.34530338644981384277 -0.30318033695220947266 -0.21810214221477508545 -0.19261322915554046631 -0.19370438158512115479
-0.22588934004306793213 -0.28154575824737548828 -0.32711493968963623047 -0.38931825757026672363 -0.42031788825988769531 -0.42688831686973571777 -0.44068074226379394531 -0.4342359006404876709 -0.40341684222221374512 -0.3651167452335357666 -0.33782234787940979004 -0.31433516740798950195 -0.31671372056007385254 -0.34162959456443786621 -0.3384424746036529541 -0.30143764615058898926 -0.26790249347686767578 -0.22825218737125396729 -0.12040902674198150635 -0.042136780917644500732 -0.073316939175128936768 -0.10039155185222625732 -0.082477882504463195801 -0.073293387889862060547 -0.085617877542972564697 -9999 -9999 -9999 -9999 -9999 -9999 -9999 -9999 -9999 -0.31367576122283935547 -0.31384062767028808594 -0.28379872441291809082 -0.19395558536052703857 -0.1436214447021484375 -0.13738855719566345215
-0.16636286675930023193 -0.18485744297504425049 -0.25235950946807861328 -0.35950401425361633301 -0.3900483250617980957 -0.3962027132511138916 -0.39452281594276428223 -0.37152233719825744629 -0.35025671124458312988 -0.33120480179786682129 -0.30691692233085632324 -0.2868131101131439209 -0.30031508207321166992 -0.34776827692985534668 -0.35909581184387207031 -0.31763216853141784668 -0.26670929789543151855 -0.2142792046070098877 -0.10839069634675979614 -0.0187359638512134552 -0.012063472531735897064 -0.022535359486937522888 -0.0069609796628355979919 -0.0087350774556398391724 -0.019026413559913635254 -9999 -9999 -9999 -9999 -9999 -9999 -9999 -0.25081306695938110352 -0.25557014346122741699 -0.25752478837966918945 -0.29090294241905212402 -0.26893082261085510254 -0.176324501633644104 -0.12328212708234786987 -0.10234620422124862671
-0.10337454825639724731 -0.13135191798210144043 -0.19810037314891815186 -0.27971673011779785156 -0.31649392843246459961 -0.32349610328674316406 -0.31385633349418640137 -0.29062819480895996094 -0.27560332417488098145 -0.26516282558441162109 -0.25794869661331176758 -0.25286188721656799316 -0.27145853638648986816 -0.33802643418312072754 -0.37189912796020507813 -0.33074164390563964844 -0.2610651552677154541 -0.20576196908950805664 -0.11906667798757553101 -0.027488702908158302307 0.011360895819962024689 0.017483888193964958191 0.014626491814851760864 0.007247501518577337265 -0.0085859270766377449036 -9999 -9999 -9999 -9999 -9999 -9999 -0.16828611493110656738 -0.21673625707626342773 -0.24874851107597351074 -0.26486453413963317871 -0.2797324061393737793 -0.24633856117725372314 -0.15688793361186981201 -0.11964757740497589111 -0.091992065310478210449
-0.04506482928991317749 -0.085963271558284759521 -0.1440296471118927002 -0.19626347720623016357 -0.23839436471462249756 -0.2622661888599395752 -0.25009086728096008301 -0.23361372947692871094 -0.22600708901882171631 -0.2288723289966583252 -0.23234203457832336426 -0.21374540030956268311 -0.22567738592624664307 -0.2785313725471496582 -0.31873115897178649902 -0.29449823498725891113 -0.22533199191093444824 -0.1798648536205291748 -0.1231800764799118042 -0.033548895269632339478 0.017515286803245544434 0.034879464656114578247 0.023544080555438995361 0.0079461503773927688599 -9999 -9999 -9999 -9999 -9999 -9999 -9999 -0.065372750163078308105 -0.11428603529930114746 -0.20481210947036743164 -0.26656013727188110352 -0.27565041184425354004 -0.23195737600326538086 -0.14990928769111633301 -0.1148983389139175415 -0.076174333691596984863
-0.019803563132882118225 -0.054155115038156509399 -0.0943392142653465271 -0.1243340224027633667 -0.16783080995082855225 -0.18226695060729980469 -0.15989448130130767822 -0.17683474719524383545 -0.18282429873943328857 -0.19379858672618865967 -0.18042220175266265869 -0.15397557616233825684 -0.15866202116012573242 -0.19193813204765319824 -0.23549772799015045166 -0.23501887917518615723 -0.16342696547508239746 -0.11322628706693649292 -0.078333087265491485596 -0.015627367421984672546 0.029282422736287117004 0.0525968894362449646 0.03152751922607421875 -0.0099910758435726165771 -0.056117612868547439575 -0.063425950706005096436 -9999 -9999 -9999 -9999 -9999 -0.020659212023019790649 -0.039216585457324981689 -0.12479717284440994263 -0.225002288818359375 -0.23100753128528594971 -0.18268299102783203125 -0.13175226747989654541 -0.11018048971891403198 -0.07841943204402923584
-0.020839761942625045776 -0.052035618573427200317 -0.074125491082668304443 -0.089935369789600372314 -0.10499949753284454346 -0.10312335193157196045 -0.093860365450382232666 -0.12600606679916381836 -0.13958655297756195068 -0.14251460134983062744 -0.11483553797006607056 -0.091976366937160491943 -0.096819810569286346436 -0.11799123138189315796 -0.17021721601486206055 -0.18800528347492218018 -0.11312423646450042725 -0.062711603939533233643 -0.024427207186818122864 0.018904736265540122986 0.051678441464900970459 0.061585128307342529297 0.013849342241883277893 -0.036178641021251678467 -0.071919642388820648193 -0.087792322039604187012 -0.098538957536220550537 -9999 -9999 -9999 -9999 -9999 -0.010014625266194343567 -0.057004664093255996704 -0.17170870304107666016 -0.19585527479648590088 -0.11735538393259048462 -0.072775289416313171387 -0.07352889329195022583 -0.070844195783138275146
-0.024042556062340736389 -0.049209624528884887695 -0.053943168371915817261 -0.058857262134552001953 -0.057930961251258850098 -0.052969768643379211426 -0.057287260890007019043 -0.083192229270935058594 -0.07326984405517578125 -0.067939698696136474609 -0.043196532875299453735 -0.020847611129283905029 -0.020517911761999130249 -0.035511393100023269653 -0.073952786624431610107 -0.085853375494480133057 -0.041846334934234619141 -0.015336918644607067108 0.007930450141429901123 0.054488737136125564575 0.078745208680629730225 0.030687570571899414063 -0.049547173082828521729 -0.086811073124408721924 -0.10710329562425613403 -0.11630348116159439087 -0.10445784777402877808 -0.016428066417574882507 -9999 -9999 -9999 -9999 0.070832416415214538574 0.035648763179779052734 -0.076912239193916320801 -0.13866025209426879883 -0.07856073230504989624 -0.026201304048299789429 -0.017275866121053695679 -0.016930466517806053162
-0.0014345870586112141609 -0.021750360727310180664 -0.019952712580561637878 -0.019866362214088439941 -0.022064359858632087708 -0.023485207930207252502 -0.028564151376485824585 -0.026688003912568092346 -0.0026670354418456554413 0.017264088615775108337 0.028764322400093078613 0.040201757103204727173 0.044236652553081512451 0.0461599007248878479 0.040947508066892623901 0.053122840821743011475 0.0627155303955078125 0.061082728207111358643 0.074435561895370483398 0.11616610735654830933 0.0951595306396484375 -0.019042113795876502991 -0.10424590110778808594 -0.11972607672214508057 -0.12106842547655105591 -0.088286869227886199951 -0.034545842558145523071 0.053727287799119949341 0.08653239905834197998 -9999 -9999 -9999 0.098637081682682037354 0.07784245908260345459 0.0045628049410879611969 -0.056321714073419570923 -0.023273257538676261902 0.025176877155900001526 0.016290688887238502502 0.012247944250702857971
0.02861517295241355896 0.012020294554531574249 0.0090765487402677536011 0.0028907572850584983826 -0.0031772847287356853485 -0.013680570758879184723 -0.0045117828994989395142 0.0013286093017086386681 0.015482140704989433289 0.039393208920955657959 0.056270685046911239624 0.075903512537479400635 0.072826310992240905762 0.08493884652853012085 0.10081152617931365967 0.11772040277719497681 0.12162184715270996094 0.11743780225515365601 0.14423766732215881348 0.15487439930438995361 0.07887865602970123291 -0.056046962738037109375 -0.10940334200859069824 -0.11339898407459259033 -0.097651906311511993408 -0.020674912258982658386 0.039055660367012023926 0.081484854221343994141 0.0953008309006690979 -9999 -9999 -9999 0.10351977497339248657 0.091336585581302642822 0.048703294247388839722 0.012844543904066085815 0.045767400413751602173 0.091595642268657684326 0.07215906679630279541 0.050689343363046646118
0.04975519329309463501 0.038466908037662506104 0.02574992738664150238 0.011753395199775695801 -0.0021332360338419675827 -0.0019369863439351320267 0.010167697444558143616 0.02593832649290561676 0.038333460688591003418 0.065203972160816192627 0.096776634454727172852 0.12108805030584335327 0.12380414456129074097 0.13590882718563079834 0.15324160456657409668 0.16066770255565643311 0.16417664289474487305 0.17721547186374664307 0.20391328632831573486 0.15233100950717926025 0.053640939295291900635 -0.059100609272718429565 -0.073434688150882720947 -0.055772215127944946289 -0.021255809813737869263 0.047627847641706466675 0.09220008552074432373 0.11309675872325897217 0.10888916254043579102 -9999 -9999 -9999 0.10465802252292633057 0.097396783530712127686 0.065227523446083068848 0.039071358740329742432 0.11699035763740539551 0.15959224104881286621 0.15723724663257598877 0.14241647720336914063
0.073124609887599945068 0.061043478548526763916 0.042957104742527008057 0.01976038515567779541 0.017609488219022750854 0.029290271922945976257 0.043530151247978210449 0.064858578145503997803 0.094256788492202758789 0.12398469448089599609 0.16777978837490081787 0.18539516627788543701 0.19435985386371612549 0.20540478825569152832 0.21637907624244689941 0.22159931063652038574 0.23783309757709503174 0.27311095595359802246 0.26623436808586120605 0.16517359018325805664 0.072009913623332977295 -0.017409315332770347595 -0.018367014825344085693 0.030813170596957206726 0.07488301396369934082 0.10753896832466125488 0.13158348202705383301 0.13878977298736572266 0.13696072995662689209 -9999 -9999 -9999 -9999 -9999 -9999 -9999 0.12985648214817047119 0.16522069275379180908 0.20599353313446044922 0.21330188214778900146
0.10153372585773468018 0.072849862277507781982 0.047604296356439590454 0.038749508559703826904 0.041394956409931182861 0.049503993242979049683 0.068438172340393066406 0.098228879272937774658 0.13705493509769439697 0.17127303779125213623 0.19815139472484588623 0.21525652706623077393 0.23420639336109161377 0.25157058238983154297 0.2628745734691619873 0.27069315314292907715 0.2943922579288482666 0.31455889344215393066 0.26824393868446350098 0.17185392975807189941 0.0953008309006690979 0.027971474453806877136 0.034070916473865509033 0.08392620086669921875 0.13210158050060272217 0.14993676543235778809 0.14715786278247833252 0.14538376033306121826 -9999 -9999 -9999 -9999 -9999 -9999 -9999 -9999 0.11961225420236587524 0.15401090681552886963 0.21704632043838500977 0.25044018030166625977
0.11690400540828704834 0.07693185657262802124 0.065235376358032226563 0.065612174570560455322 0.070455618202686309814 0.08029165118932723999 0.11096940934658050537 0.15344570577144622803 0.1900816112756729126 0.21459712088108062744 0.22477070987224578857 0.24637387692928314209 0.27647858858108520508 0.30177125334739685059 0.32537618279457092285 0.33524361252784729004 0.34449875354766845703 0.3300940096378326416 0.25732460618019104004 0.15795944631099700928 0.096509732306003570557 0.070455618202686309814 0.096125081181526184082 0.13930787146091461182 0.18034762144088745117 0.19361409544944763184 0.19414789974689483643 -9999 -9999 -9999 -9999 -9999 -9999 -9999 -9999 -9999 0.14783295989036560059 0.16653163731098175049 0.21119022369384765625 0.2709757387638092041
0.15641300380229949951 0.12727384269237518311 0.13028824329376220703 0.13342037796974182129 0.13733752071857452393 0.14319361746311187744 0.16972658038139343262 0.20436073839664459229 0.24606773257255554199 0.26931941509246826172 0.26632854342460632324 0.27653354406356811523 0.30018556118011474609 0.32824143767356872559 0.3722877204418182373 0.3936239778995513916 0.36632171273231506348 0.32613763213157653809 0.25365081429481506348 0.14480286836624145508 0.098715580999851226807 0.11889789998531341553 0.17301572859287261963 0.19971354305744171143 0.2166538238525390625 0.21754087507724761963 0.20717103779315948486 0.22805200517177581787 0.22627790272235870361 0.22345191240310668945 0.21646542847156524658 0.20934547483921051025 0.21142572164535522461 0.20856048166751861572 -9999 -9999 0.16303054988384246826 0.19866949319839477539 0.22280035912990570068 0.29998147487640380859
0.19782169163227081299 0.17283518612384796143 0.17480552196502685547 0.18172921240329742432 0.18873140215873718262 0.19213046133518218994 0.19998829066753387451 0.22486491501331329346 0.2650490105152130127 0.28300192952156066895 0.28317463397979736328 0.29915720224380493164 0.32160818576812744141 0.35655632615089416504 0.39663839340209960938 0.41559609770774841309 0.36683195829391479492 0.31906479597091674805 0.24618548154830932617 0.14678107202053070068 0.11574220657348632813 0.14805276691913604736 0.19659709930419921875 0.21604152023792266846 0.22813835740089416504 0.22610521316528320313 -9999 0.23331935703754425049 0.23366475105285644531 0.23258145153522491455 0.23232239484786987305 0.22860935330390930176 0.22688235342502593994 0.22205461561679840088 -9999 -9999 -9999 0.21454218029975891113 0.23271490633487701416 0.31985762715339660645
