INPUT/RASTER/ASCII/BIO14.asc
ncols        113
nrows        135
xllcorner    473009.983799999987
yllcorner    4429001.174800000153
cellsize     100.000000000000
NODATA_value  -9999
[rows 90 to 107 of 135, columns 40 to 79 of 113]
-0.52242606878280639648 -0.53351652622222900391 -0.46218517422676086426 -0.32020103931427001953 -0.23973400890827178955 -0.12174998968839645386 -0.021691028028726577759 -0.032441366463899612427 -0.15516242384910583496 -0.16678361594676971436 -0.037821318954229354858 0.063758365809917449951 -0.026390656828880310059 -0.27807226777076721191 -0.57887643575668334961 -0.84810376167297363281 -0.90380072593688964844 -0.69479513168334960938 -0.52836281061172485352 -0.56963288784027099609 -0.71091407537460327148 -0.69942688941955566406 -0.59142762422561645508 -0.34877291321754455566 -0.036014370620250701904 0.11513501405715942383 0.032382555305957794189 -0.24315738677978515625 -0.53594118356704711914 -0.71996277570724487305 -0.82540339231491088867 -0.83270078897476196289 -0.71534490585327148438 -0.51412123441696166992 -0.36810296773910522461 -0.32389932870864868164 -0.35937622189521789551 -0.29681512713432312012 -0.21523712575435638428 -0.24322089552879333496
-0.50718140602111816406 -0.54555535316467285156 -0.50638276338577270508 -0.34226283431053161621 -0.22673042118549346924 -0.10815569013357162476 -0.071603499352931976318 -0.16459822654724121094 -0.33704730868339538574 -0.40840390324592590332 -0.3442350924015045166 -0.29697343707084655762 -0.42645859718322753906 -0.58161425590515136719 -0.73445141315460205078 -0.92751550674438476563 -1.0141558647155761719 -0.84918344020843505859 -0.63601583242416381836 -0.60378307104110717773 -0.76857459545135498047 -0.86840391159057617188 -0.81399708986282348633 -0.62120091915130615234 -0.35307407379150390625 -0.19030177593231201172 -0.15281522274017333984 -0.26986053586006164551 -0.55830836296081542969 -0.80335116386413574219 -0.89051616191864013672 -0.83640253543853759766 -0.66633892059326171875 -0.35431119799613952637 -0.050873622298240661621 0.0095125306397676467896 -0.13401931524276733398 -0.1782595217227935791 -0.16956841945648193359 -0.26280587911605834961
-0.50835239887237548828 -0.56133848428726196289 -0.52590769529342651367 -0.3297055661678314209 -0.19540420174598693848 -0.11105359345674514771 -0.1553729623556137085 -0.27846288681030273438 -0.44763478636741638184 -0.56014573574066162109 -0.53142857551574707031 -0.5191853642463684082 -0.67729198932647705078 -0.807621002197265625 -0.87384128570556640625 -1.0005146265029907227 -1.0908237695693969727 -0.94594430923461914063 -0.68616664409637451172 -0.61618030071258544922 -0.74883562326431274414 -0.88559210300445556641 -0.90473252534866333008 -0.80177909135818481445 -0.61220532655715942383 -0.49977439641952514648 -0.45478776097297668457 -0.46532669663429260254 -0.65309959650039672852 -0.86292213201522827148 -0.85052669048309326172 -0.71238869428634643555 -0.57699292898178100586 -0.29750937223434448242 0.028061365708708763123 0.12696412205696105957 0.029095770791172981262 -0.053911592811346054077 -0.12832094728946685791 -0.28115636110305786133
-0.55241161584854125977 -0.56573885679244995117 -0.48234608769416809082 -0.27680122852325439453 -0.16763792932033538818 -0.14548216760158538818 -0.25772172212600708008 -0.39699500799179077148 -0.55154776573181152344 -0.67559033632278442383 -0.66562122106552124023 -0.65377032756805419922 -0.77867418527603149414 -0.89122694730758666992 -0.96079134941101074219 -1.0709968805313110352 -1.1385021209716796875 -1.0227756500244140625 -0.77001875638961791992 -0.64794147014617919922 -0.72488248348236083984 -0.90054178237915039063 -0.99268132448196411133 -0.96793562173843383789 -0.86457598209381103516 -0.81854969263076782227 -0.81237369775772094727 -0.79869067668914794922 -0.86129873991012573242 -0.90465766191482543945 -0.7675889134407043457 -0.54407548904418945313 -0.42559298872947692871 -0.24013158679008483887 0.018008751794695854187 0.11538643389940261841 0.079052612185478210449 -0.0052605927921831607819 -0.13220541179180145264 -0.3051312565803527832
-0.54519689083099365234 -0.44677436351776123047 -0.32638224959373474121 -0.22043699026107788086 -0.189685821533203125 -0.26688694953918457031 -0.41372123360633850098 -0.5043818354606628418 -0.57315284013748168945 -0.67677694559097290039 -0.76816481351852416992 -0.78173393011093139648 -0.82679450511932373047 -0.83630251884460449219 -0.85322970151901245117 -0.99719828367233276367 -1.1194164752960205078 -1.1201081275939941406 -0.93134254217147827148 -0.72663116455078125 -0.68147569894790649414 -0.90982276201248168945 -1.0934145450592041016 -1.1507157087326049805 -1.1107332706451416016 -1.101328730583190918 -1.1162010431289672852 -1.0917676687240600586 -1.0138096809387207031 -0.90824025869369506836 -0.65921729803085327148 -0.35570228099822998047 -0.19177290797233581543 -0.098349280655384063721 0.024576228111982345581 0.075535282492637634277 0.059846069663763046265 0.00066483824048191308975 -0.12252949178218841553 -0.29528829455375671387
-0.4144929051399230957 -0.30234295129776000977 -0.23256450891494750977 -0.19130311906337738037 -0.18590402603149414063 -0.30039682984352111816 -0.42364507913589477539 -0.42999246716499328613 -0.43293645977973937988 -0.56279832124710083008 -0.73254263401031494141 -0.86610716581344604492 -0.92473852634429931641 -0.87071371078491210938 -0.77520471811294555664 -0.87042659521102905273 -1.017780303955078125 -1.1640350818634033203 -1.0702643394470214844 -0.82356429100036621094 -0.63970452547073364258 -0.86369556188583374023 -1.1182246208190917969 -1.2365583181381225586 -1.2331932783126831055 -1.2314124107360839844 -1.2449119091033935547 -1.2097308635711669922 -1.0858161449432373047 -0.9126675724983215332 -0.59242284297943115234 -0.25661769509315490723 -0.065291792154312133789 -0.0093964757397770881653 0.030170196667313575745 0.051105383783578872681 0.045480966567993164063 0.0058064176701009273529 -0.10775724053382873535 -0.27965998649597167969
-0.30577763915061950684 -0.26663812994956970215 -0.22005856037139892578 -0.17155283689498901367 -0.15870586037635803223 -0.25561809539794921875 -0.34311890602111816406 -0.32853806018829345703 -0.36313366889953613281 -0.5499165654182434082 -0.72791087627410888672 -0.90897887945175170898 -1.0357018709182739258 -0.98741102218627929688 -0.88161885738372802734 -0.91383683681488037109 -0.98618435859680175781 -1.1683989763259887695 -1.1766576766967773438 -0.96114808320999145508 -0.70829021930694580078 -0.82472133636474609375 -1.0893282890319824219 -1.2556422948837280273 -1.2797989845275878906 -1.2466936111450195313 -1.1815843582153320313 -1.1153154373168945313 -1.0456326007843017578 -0.89107555150985717773 -0.60161679983139038086 -0.30179923772811889648 -0.10179787874221801758 -0.023083865642547607422 0.0054575558751821517944 0.018316723406314849854 0.011967613361775875092 -0.020710559561848640442 -0.13663186132907867432 -0.28817185759544372559
-0.29194670915603637695 -0.31513252854347229004 -0.28886610269546508789 -0.20329317450523376465 -0.15622031688690185547 -0.20365160703659057617 -0.28952991962432861328 -0.31800955533981323242 -0.46448281407356262207 -0.7300345301628112793 -0.92673778533935546875 -1.0823997259140014648 -1.096211552619934082 -1.033621668815612793 -1.0756278038024902344 -1.1560599803924560547 -1.1742852926254272461 -1.2306320667266845703 -1.2685170173645019531 -1.1623665094375610352 -0.94648891687393188477 -0.91610920429229736328 -1.1049922704696655273 -1.2875226736068725586 -1.2898873090744018555 -1.1746976375579833984 -1.0117642879486083984 -0.93855035305023193359 -0.93878781795501708984 -0.82808119058609008789 -0.60195869207382202148 -0.3523241579532623291 -0.15384963154792785645 -0.058895703405141830444 -0.031832378357648849487 -0.022511418908834457397 -0.033496651798486709595 -0.068996168673038482666 -0.17654392123222351074 -0.29816794395446777344
-0.41871055960655212402 -0.44656297564506530762 -0.34085956215858459473 -0.21599748730659484863 -0.17530593276023864746 -0.22633893787860870361 -0.28773599863052368164 -0.33789816498756408691 -0.56044763326644897461 -0.89592307806015014648 -1.1539094448089599609 -1.2504484653472900391 -1.1108646392822265625 -1.0977879762649536133 -1.1982444524765014648 -1.2740361690521240234 -1.2913097143173217773 -1.2628988027572631836 -1.2685118913650512695 -1.270344853401184082 -1.1919736862182617188 -1.0930291414260864258 -1.1837645769119262695 -1.3526797294616699219 -1.2966809272766113281 -1.1041866540908813477 -0.91318523883819580078 -0.80727648735046386719 -0.7474949955940246582 -0.62604236602783203125 -0.47482597827911376953 -0.32159301638603210449 -0.17315012216567993164 -0.093814074993133544922 -0.071910597383975982666 -0.065297015011310577393 -0.082523480057716369629 -0.12352735549211502075 -0.20122088491916656494 -0.29839065670967102051
-0.65040874481201171875 -0.55287271738052368164 -0.33450177311897277832 -0.23161971569061279297 -0.22803191840648651123 -0.28644844889640808105 -0.36300230026245117188 -0.4503116905689239502 -0.68377506732940673828 -0.96318471431732177734 -1.2095167636871337891 -1.3352401256561279297 -1.2537683248519897461 -1.2650398015975952148 -1.2794727087020874023 -1.3127877712249755859 -1.3283725976943969727 -1.2262029647827148438 -1.1756623983383178711 -1.2560859918594360352 -1.367623448371887207 -1.3152976036071777344 -1.3132061958312988281 -1.4177490472793579102 -1.3243505954742431641 -1.1109715700149536133 -0.84045928716659545898 -0.5909073948860168457 -0.46054440736770629883 -0.37353426218032836914 -0.3054974973201751709 -0.25949385762214660645 -0.19698321819305419922 -0.15094737708568572998 -0.13299795985221862793 -0.12895429134368896484 -0.14605635404586791992 -0.17724859714508056641 -0.22748905420303344727 -0.30644667148590087891
-0.81419110298156738281 -0.53610563278198242188 -0.31114542484283447266 -0.35316368937492370605 -0.38533815741539001465 -0.37924480438232421875 -0.53537571430206298828 -0.76110666990280151367 -0.96218770742416381836 -1.1287366151809692383 -1.2797728776931762695 -1.4421215057373046875 -1.4600683450698852539 -1.4559115171432495117 -1.3860660791397094727 -1.4012333154678344727 -1.3758090734481811523 -1.1952273845672607422 -1.0993964672088623047 -1.20703125 -1.433567047119140625 -1.5080546140670776367 -1.4503732919692993164 -1.4341907501220703125 -1.3066413402557373047 -1.121432185173034668 -0.80729478597640991211 -0.45985189080238342285 -0.28090840578079223633 -0.22555942833423614502 -0.24130606651306152344 -0.2595469355583190918 -0.24301992356777191162 -0.21958877146244049072 -0.20168545842170715332 -0.19448028504848480225 -0.20672786235809326172 -0.22983886301517486572 -0.25700744986534118652 -0.3065719306468963623
-0.91277718544006347656 -0.57804560661315917969 -0.41317924857139587402 -0.51948553323745727539 -0.60125488042831420898 -0.57831180095672607422 -0.65664649009704589844 -0.89909499883651733398 -1.1736274957656860352 -1.327526092529296875 -1.3901933431625366211 -1.5075831413269042969 -1.5848433971405029297 -1.5741773843765258789 -1.5299450159072875977 -1.5382655858993530273 -1.4714380502700805664 -1.3019903898239135742 -1.2441210746765136719 -1.3253519535064697266 -1.5072516202926635742 -1.5572563409805297852 -1.4861389398574829102 -1.4347032308578491211 -1.3215606212615966797 -1.1730455160140991211 -0.88970184326171875 -0.56380313634872436523 -0.33507767319679260254 -0.24464678764343261719 -0.28115808963775634766 -0.30803436040878295898 -0.29188406467437744141 -0.26369586586952209473 -0.24316608905792236328 -0.23337706923484802246 -0.24746552109718322754 -0.26718100905418395996 -0.27892136573791503906 -0.30508950352668762207
-1.0292882919311523438 -0.72031682729721069336 -0.60152375698089599609 -0.65017122030258178711 -0.75336736440658569336 -0.79934144020080566406 -0.83899682760238647461 -1.0131258964538574219 -1.2850493192672729492 -1.4420006275177001953 -1.4848130941390991211 -1.5673846006393432617 -1.6477367877960205078 -1.6339128017425537109 -1.6224325895309448242 -1.6576937437057495117 -1.6048859357833862305 -1.5231070518493652344 -1.4968988895416259766 -1.5195993185043334961 -1.56227874755859375 -1.5006493330001831055 -1.4531284570693969727 -1.4386876821517944336 -1.3562362194061279297 -1.2105215787887573242 -0.94102632999420166016 -0.6131222844123840332 -0.35319674015045166016 -0.3018862307071685791 -0.35339772701263427734 -0.36386531591415405273 -0.34046545624732971191 -0.30570977926254272461 -0.28193062543869018555 -0.27502474188804626465 -0.28917407989501953125 -0.30224815011024475098 -0.30624917149543762207 -0.31817919015884399414
-1.2325556278228759766 -1.046993255615234375 -0.90251058340072631836 -0.8651440739631652832 -0.87306350469589233398 -0.88831162452697753906 -0.93829542398452758789 -1.0910482406616210938 -1.3045202493667602539 -1.4304976463317871094 -1.5126341581344604492 -1.6153970956802368164 -1.6922432184219360352 -1.6955221891403198242 -1.696629643440246582 -1.7313365936279296875 -1.7080290317535400391 -1.6756997108459472656 -1.6300005912780761719 -1.5703834295272827148 -1.4224773645401000977 -1.2699960470199584961 -1.246794581413269043 -1.3241392374038696289 -1.3224340677261352539 -1.1660161018371582031 -0.91030555963516235352 -0.61394876241683959961 -0.38668835163116455078 -0.37845399975776672363 -0.42075675725936889648 -0.41599363088607788086 -0.39099213480949401855 -0.3519509434700012207 -0.31957551836967468262 -0.30927062034606933594 -0.31915357708930969238 -0.32691293954849243164 -0.32789340615272521973 -0.32829880714416503906
-1.3892093896865844727 -1.2986027002334594727 -1.1358190774917602539 -1.0510934591293334961 -0.93896186351776123047 -0.82607501745223999023 -0.86462640762329101563 -0.97521740198135375977 -1.1515814065933227539 -1.293988347053527832 -1.4080392122268676758 -1.5223292112350463867 -1.6453747749328613281 -1.7419834136962890625 -1.7783677577972412109 -1.70378875732421875 -1.616840362548828125 -1.5610764026641845703 -1.4744151830673217773 -1.3455946445465087891 -1.1382802724838256836 -1.0138679742813110352 -1.0421335697174072266 -1.1726627349853515625 -1.2638678550720214844 -1.1552709341049194336 -0.90980011224746704102 -0.65097337961196899414 -0.45182895660400390625 -0.43723329901695251465 -0.46335181593894958496 -0.45751774311065673828 -0.43393346667289733887 -0.39318361878395080566 -0.35567706823348999023 -0.33873334527015686035 -0.34086912870407104492 -0.34210276603698730469 -0.33937537670135498047 -0.33498024940490722656
-1.5280894041061401367 -1.4235161542892456055 -1.2887040376663208008 -1.2058367729187011719 -1.0365447998046875 -0.82990121841430664063 -0.83088338375091552734 -0.90418875217437744141 -1.0377558469772338867 -1.1966392993927001953 -1.3472580909729003906 -1.4694344997406005859 -1.6031686067581176758 -1.7544867992401123047 -1.8122786283493041992 -1.6052427291870117188 -1.4244260787963867188 -1.341811060905456543 -1.2589308023452758789 -1.1239194869995117188 -0.92726236581802368164 -0.79266870021820068359 -0.80376267433166503906 -0.93507909774780273438 -1.0971746444702148438 -1.1030721664428710938 -0.94025987386703491211 -0.72283369302749633789 -0.54914140701293945313 -0.50001537799835205078 -0.50365447998046875 -0.49930113554000854492 -0.47782653570175170898 -0.43606230616569519043 -0.39622247219085693359 -0.37458172440528869629 -0.37274083495140075684 -0.3689085841178894043 -0.35538214445114135742 -0.3410300910472869873
-1.7002974748611450195 -1.6107983589172363281 -1.5233193635940551758 -1.445690155029296875 -1.3024010658264160156 -1.0519452095031738281 -0.93265968561172485352 -1.0027574300765991211 -1.1265094280242919922 -1.2471164464950561523 -1.3250727653503417969 -1.3198224306106567383 -1.4613349437713623047 -1.7441949844360351563 -1.8351626396179199219 -1.6090462207794189453 -1.3876581192016601563 -1.2007769346237182617 -1.0947804450988769531 -1.0001761913299560547 -0.85110956430435180664 -0.71880304813385009766 -0.6664155125617980957 -0.7045676112174987793 -0.85863316059112548828 -0.94172835350036621094 -0.90126824378967285156 -0.71982705593109130859 -0.59428375959396362305 -0.56057727336883544922 -0.55772721767425537109 -0.55285704135894775391 -0.52462363243103027344 -0.47629624605178833008 -0.4311008155345916748 -0.40878757834434509277 -0.40722683072090148926 -0.39613634347915649414 -0.37198743224143981934 -0.34433600306510925293
-1.8141509294509887695 -1.7805140018463134766 -1.7099334001541137695 -1.6196460723876953125 -1.504198908805847168 -1.2064901590347290039 -0.98610776662826538086 -1.0085810422897338867 -1.1132674217224121094 -1.2371072769165039063 -1.2868909835815429688 -1.2388881444931030273 -1.3962370157241821289 -1.7246004343032836914 -1.8867968320846557617 -1.7276479005813598633 -1.5442110300064086914 -1.2964425086975097656 -1.0802882909774780273 -0.98047202825546264648 -0.86486130952835083008 -0.74103713035583496094 -0.69285506010055541992 -0.65704756975173950195 -0.69472724199295043945 -0.75129330158233642578 -0.76204282045364379883 -0.6615479588508605957 -0.60140889883041381836 -0.60072511434555053711 -0.61095952987670898438 -0.61278736591339111328 -0.56838709115982055664 -0.50565546751022338867 -0.45801973342895507813 -0.43810066580772399902 -0.4343388676643371582 -0.41325405240058898926 -0.38281956315040588379 -0.3679472506046295166
