INPUT/RASTER/ASCII/BIO19.asc
ncols        113
nrows        135
xllcorner    473009.983799999987
yllcorner    4429001.174800000153
cellsize     100.000000000000
NODATA_value  -9999
[rows 36 to 53 of 135, columns 0 to 39 of 113]
-9999 -9999 -9999 -9999 -9999 -9999 -9999 -9999 -9999 1.2393352985382080078 1.2147142887115478516 1.2104990482330322266 1.2174389362335205078 1.2246723175048828125 1.2336714267730712891 1.2536938190460205078 1.2818084955215454102 1.3007279634475708008 1.3029191493988037109 1.3225004673004150391 1.3487294912338256836 1.3612259626388549805 1.3614313602447509766 1.3637251853942871094 1.3641972541809082031 1.3678295612335205078 1.3839491605758666992 1.3622592687606811523 1.2921057939529418945 1.2211629152297973633 1.1940007209777832031 1.1848475933074951172 1.1754057407379150391 1.1716588735580444336 1.1601598262786865234 1.1393452882766723633 1.115985870361328125 1.0846505165100097656 1.0420929193496704102 1.0162049531936645508
-9999 -9999 -9999 -9999 -9999 -9999 -9999 -9999 -9999 -9999 1.2023836374282836914 1.2004208564758300781 1.2129825353622436523 1.2012075185775756836 1.1510213613510131836 1.1171464920043945313 1.1300400495529174805 1.2191845178604125977 1.2670924663543701172 1.310113072395324707 1.3477411270141601563 1.3650966882705688477 1.3669173717498779297 1.3668962717056274414 1.3704121112823486328 1.3914952278137207031 1.3955179452896118164 1.3579614162445068359 1.2801711559295654297 1.2155302762985229492 1.1972827911376953125 1.1914713382720947266 1.1830763816833496094 1.1733906269073486328 1.1548790931701660156 1.1298584938049316406 1.1041750907897949219 1.0609381198883056641 1.0091036558151245117 0.99138510227203369141
-9999 -9999 -9999 -9999 -9999 -9999 -9999 -9999 -9999 -9999 -9999 1.1936348676681518555 1.2133777141571044922 1.1263426542282104492 1.0332165956497192383 1.0040723085403442383 1.0535910129547119141 1.14415740966796875 1.2197794914245605469 1.2938127517700195313 1.3333936929702758789 1.3533087968826293945 1.3653166294097900391 1.3700700998306274414 1.3716094493865966797 1.3861292600631713867 1.3623765707015991211 1.3097546100616455078 1.239430546760559082 1.2099984884262084961 1.2044243812561035156 1.1967904567718505859 1.1859395503997802734 1.1706321239471435547 1.1510424613952636719 1.1237784624099731445 1.098147273063659668 1.0545133352279663086 1.0041768550872802734 0.97741436958312988281
-9999 -9999 -9999 -9999 -9999 -9999 -9999 -9999 -9999 -9999 -9999 -9999 -9999 1.0353316068649291992 0.97961282730102539063 1.0898046493530273438 1.1813702583312988281 1.2016787528991699219 1.2317911386489868164 1.2855215072631835938 1.3141404390335083008 1.3277857303619384766 1.346554875373840332 1.3573874235153198242 1.3538918495178222656 1.3359798192977905273 1.2930885553359985352 1.2488843202590942383 1.2141908407211303711 1.2148023843765258789 1.21088409423828125 1.1995453834533691406 1.1877758502960205078 1.1722364425659179688 1.1488862037658691406 1.1170833110809326172 1.092529296875 1.0556051731109619141 1.0075908899307250977 0.96494072675704956055
-9999 -9999 -9999 -9999 -9999 -9999 -9999 -9999 -9999 -9999 -9999 -9999 -9999 -9999 -9999 1.2318277359008789063 1.2780185937881469727 1.2992492914199829102 1.2977925539016723633 1.3020939826965332031 1.3116486072540283203 1.3150141239166259766 1.3091477155685424805 1.2993574142456054688 1.3076157569885253906 1.2827619314193725586 1.2401419878005981445 1.2087442874908447266 1.1997158527374267578 1.2157126665115356445 1.2119851112365722656 1.2008975744247436523 1.1895910501480102539 1.1748446226119995117 1.1471269130706787109 1.1109106540679931641 1.0869250297546386719 1.0545270442962646484 1.0055786371231079102 0.95754599571228027344
-9999 -9999 -9999 -9999 -9999 -9999 -9999 -9999 -9999 -9999 -9999 -9999 -9999 -9999 -9999 1.2505565881729125977 1.2712042331695556641 1.301349639892578125 1.3120840787887573242 1.3188481330871582031 1.3235135078430175781 1.3181687593460083008 1.2981326580047607422 1.2648087739944458008 1.2737821340560913086 1.2548314332962036133 1.2181302309036254883 1.1920791864395141602 1.1778635978698730469 1.1926172971725463867 1.1992886066436767578 1.1960240602493286133 1.1902135610580444336 1.1764912605285644531 1.1451090574264526367 1.1108876466751098633 1.0870597362518310547 1.0494948625564575195 0.99418401718139648438 0.93825250864028930664
-9999 -9999 -9999 -9999 -9999 -9999 -9999 -9999 -9999 -9999 -9999 -9999 -9999 -9999 -9999 1.2462596893310546875 1.2669274806976318359 1.2883011102676391602 1.309474945068359375 1.3279122114181518555 1.3339161872863769531 1.3204020261764526367 1.2930426597595214844 1.2628102302551269531 1.2445993423461914063 1.2262299060821533203 1.1991859674453735352 1.1770339012145996094 1.1652698516845703125 1.1720283031463623047 1.1756349802017211914 1.1771228313446044922 1.1800822019577026367 1.1677067279815673828 1.138876795768737793 1.1087663173675537109 1.0814133882522583008 1.0364153385162353516 0.97166067361831665039 0.90667140483856201172
-9999 -9999 -9999 -9999 -9999 -9999 -9999 -9999 -9999 -9999 -9999 -9999 -9999 -9999 -9999 -9999 1.276968836784362793 1.2878665924072265625 1.3085893392562866211 1.3172702789306640625 1.3068566322326660156 1.2781689167022705078 1.2624123096466064453 1.2654852867126464844 1.2249381542205810547 1.2004667520523071289 1.175976872444152832 1.1510360240936279297 1.1475045680999755859 1.1611672639846801758 1.1554210186004638672 1.1478694677352905273 1.1484984159469604492 1.1424760818481445313 1.1196199655532836914 1.0887476205825805664 1.0587497949600219727 1.0109491348266601563 0.94655936956405639648 0.88207888603210449219
-9999 -9999 -9999 -9999 -9999 -9999 -9999 -9999 -9999 -9999 -9999 -9999 -9999 -9999 -9999 1.1766846179962158203 1.2167366743087768555 1.2631282806396484375 1.296204686164855957 1.288935542106628418 1.2555758953094482422 1.2220090627670288086 1.2216093540191650391 1.2372486591339111328 1.2200509309768676758 1.1831635236740112305 1.1518125534057617188 1.1304149627685546875 1.1233007907867431641 1.1369699239730834961 1.1344149112701416016 1.1215442419052124023 1.1130870580673217773 1.1016126871109008789 1.0774757862091064453 1.0461275577545166016 1.0156347751617431641 0.96868026256561279297 0.89851027727127075195 0.83840280771255493164
-9999 -9999 -9999 -9999 -9999 -9999 -9999 -9999 -9999 -9999 0.89444804191589355469 0.94826734066009521484 0.99612945318222045898 1.0863603353500366211 1.0952951908111572266 1.1497020721435546875 1.2022141218185424805 1.2529768943786621094 1.2791544198989868164 1.257699131965637207 1.2195824384689331055 1.1850887537002563477 1.1798740625381469727 1.187802433967590332 1.198628544807434082 1.1658163070678710938 1.1381067037582397461 1.1254771947860717773 1.1158465147018432617 1.1164772510528564453 1.1083381175994873047 1.0867389440536499023 1.0693962574005126953 1.0515017509460449219 1.0258328914642333984 0.99049586057662963867 0.95195275545120239258 0.89778232574462890625 0.81900107860565185547 0.77332645654678344727
-9999 -9999 -9999 -9999 -9999 -9999 0.85573995113372802734 0.84927487373352050781 0.83467519283294677734 0.86008912324905395508 0.94404649734497070313 1.0030868053436279297 1.063312530517578125 1.0893682241439819336 1.1153414249420166016 1.1589074134826660156 1.2004868984222412109 1.2444159984588623047 1.2559059858322143555 1.2217963933944702148 1.1903088092803955078 1.1711922883987426758 1.1609821319580078125 1.1615716218948364258 1.1724234819412231445 1.1633996963500976563 1.14522552490234375 1.1288151741027832031 1.1163259744644165039 1.098453521728515625 1.0743111371994018555 1.0507885217666625977 1.0363520383834838867 1.0216414928436279297 0.99503207206726074219 0.94871103763580322266 0.90478652715682983398 0.83795911073684692383 0.76867836713790893555 0.7356020808219909668
-9999 -9999 -9999 -9999 -9999 0.76652765274047851563 0.80093604326248168945 0.86896532773971557617 0.89909148216247558594 0.97232991456985473633 1.0295412540435791016 1.0592933893203735352 1.0875602960586547852 1.1036460399627685547 1.121626734733581543 1.157688140869140625 1.2012441158294677734 1.2344818115234375 1.2406554222106933594 1.1925109624862670898 1.1670136451721191406 1.1671868562698364258 1.1514357328414916992 1.16991424560546875 1.1946414709091186523 1.1880233287811279297 1.1599681377410888672 1.1355581283569335938 1.119376063346862793 1.0936027765274047852 1.0567483901977539063 1.0315141677856445313 1.0223913192749023438 1.0109417438507080078 0.98244839906692504883 0.93918025493621826172 0.90618091821670532227 0.83406186103820800781 0.76835292577743530273 0.73177820444107055664
-9999 -9999 -9999 -9999 0.67166799306869506836 0.71654230356216430664 0.79501092433929443359 0.86648637056350708008 0.9126561284065246582 1.0003392696380615234 1.0479042530059814453 1.0554475784301757813 1.0798346996307373047 1.098715662956237793 1.1141366958618164063 1.1468564271926879883 1.1954656839370727539 1.2271201610565185547 1.2218147516250610352 1.1639084815979003906 1.131224513053894043 1.1380425691604614258 1.1332240104675292969 1.1784458160400390625 1.2153176069259643555 1.2043244838714599609 1.1687334775924682617 1.1410742998123168945 1.1239801645278930664 1.1045793294906616211 1.0699738264083862305 1.0291315317153930664 1.0179147720336914063 1.0096757411956787109 0.97697889804840087891 0.92018103599548339844 0.88308185338973999023 0.81252044439315795898 0.75103414058685302734 0.72405707836151123047
-9999 -9999 -9999 -9999 0.58084762096405029297 0.62855201959609985352 0.74535840749740600586 0.82084196805953979492 0.86380940675735473633 0.93511986732482910156 0.97853374481201171875 0.99614775180816650391 1.0286777019500732422 1.0562442541122436523 1.0854196548461914063 1.121150970458984375 1.1597517728805541992 1.1909395456314086914 1.1860504150390625 1.1126148700714111328 1.0513330698013305664 1.0388585329055786133 1.08354949951171875 1.1600800752639770508 1.2062075138092041016 1.195673823356628418 1.1579191684722900391 1.1336997747421264648 1.1186041831970214844 1.1029648780822753906 1.0760786533355712891 1.0304250717163085938 1.0036919116973876953 1.0019994974136352539 0.97742813825607299805 0.91361141204833984375 0.85474801063537597656 0.78389960527420043945 0.74980747699737548828 0.75519448518753051758
-9999 -9999 -9999 -9999 0.5336456298828125 0.59105592966079711914 0.68074315786361694336 0.77315223217010498047 0.81105816364288330078 0.86251306533813476563 0.91851061582565307617 0.94410699605941772461 0.96537160873413085938 0.9962266087532043457 1.0458726882934570313 1.1051146984100341797 1.144489288330078125 1.1682081222534179688 1.1621730327606201172 1.0984836816787719727 1.0330498218536376953 0.99181413650512695313 1.0104100704193115234 1.0784200429916381836 1.1465603113174438477 1.1626268625259399414 1.1332918405532836914 1.1059453487396240234 1.0958956480026245117 1.0793286561965942383 1.05710601806640625 1.020785212516784668 0.96463638544082641602 0.97088235616683959961 0.98174798488616943359 0.94357800483703613281 0.88522160053253173828 0.79433709383010864258 0.74369531869888305664 0.75032639503479003906
-9999 -9999 -9999 -9999 -9999 0.55357635021209716797 0.63415902853012084961 0.73157739639282226563 0.76850235462188720703 0.81882691383361816406 0.87776637077331542969 0.89971309900283813477 0.90320783853530883789 0.94664555788040161133 1.0176635980606079102 1.0909441709518432617 1.1349512338638305664 1.157763361930847168 1.1556336879730224609 1.1174811124801635742 1.0758200883865356445 1.0351959466934204102 0.96624070405960083008 0.9551880955696105957 1.0321257114410400391 1.1084059476852416992 1.0963311195373535156 1.0585041046142578125 1.0644438266754150391 1.0582977533340454102 1.0364208221435546875 1.0157190561294555664 0.96466755867004394531 0.95770829916000366211 0.97420656681060791016 0.95235157012939453125 0.901432037353515625 0.80801445245742797852 0.72625464200973510742 0.71987384557723999023
-9999 -9999 -9999 -9999 0.44836536049842834473 0.54046553373336791992 0.60196924209594726563 0.67638111114501953125 0.71909642219543457031 0.75806671380996704102 0.77547627687454223633 0.78776109218597412109 0.82081079483032226563 0.9196364283561706543 0.99738538265228271484 1.0588964223861694336 1.0896221399307250977 1.1056859493255615234 1.1266379356384277344 1.1344130039215087891 1.1185793876647949219 1.0656759738922119141 0.96788907051086425781 0.89969933032989501953 0.93100905418395996094 1.0318524837493896484 1.0282064676284790039 1.0050303936004638672 1.0440400838851928711 1.0529447793960571289 1.0377573966979980469 1.0186766386032104492 0.97455126047134399414 0.91728490591049194336 0.93323314189910888672 0.94385856389999389648 0.92154514789581298828 0.84771633148193359375 0.73151600360870361328 0.68459266424179077148
-9999 -9999 -9999 -9999 0.42735561728477478027 0.48004817962646484375 0.57230418920516967773 0.61973726749420166016 0.64514201879501342773 0.64955902099609375 0.6438172459602355957 0.65450137853622436523 0.73634189367294311523 0.87426155805587768555 0.94982588291168212891 1.0159381628036499023 1.0536414384841918945 1.0623985528945922852 1.0876190662384033203 1.1178514957427978516 1.1009002923965454102 1.0097041130065917969 0.92467230558395385742 0.87301748991012573242 0.86503058671951293945 0.91223621368408203125 0.91682744026184082031 0.954437255859375 1.0106823444366455078 1.0221548080444335938 1.0192945003509521484 0.99405109882354736328 0.9434826970100402832 0.87006181478500366211 0.88429659605026245117 0.92158365249633789063 0.91159355640411376953 0.85260915756225585938 0.74637234210968017578 0.67539924383163452148
