INPUT/RASTER/ASCII/BIO12.asc
ncols        113
nrows        135
xllcorner    473009.983799999987
yllcorner    4429001.174800000153
cellsize     100.000000000000
NODATA_value  -9999
[rows 36 to 53 of 135, columns 40 to 79 of 113]
1.2341943979263305664 1.23365020751953125 1.2253701686859130859 1.2046881914138793945 1.1624056100845336914 1.1578747034072875977 1.1858146190643310547 1.1446549892425537109 1.0916254520416259766 1.0394513607025146484 1.0119159221649169922 1.055199742317199707 1.064417719841003418 1.0583264827728271484 -9999 -9999 -9999 -9999 -9999 -9999 -9999 -9999 1.0607483386993408203 1.0823833942413330078 1.0940487384796142578 1.0983631610870361328 -9999 -9999 -9999 -9999 -9999 -9999 -9999 -9999 -9999 -9999 -9999 -9999 -9999 -9999
1.2167654037475585938 1.2276852130889892578 1.2243103981018066406 1.2050038576126098633 1.1620237827301025391 1.165030360221862793 1.1890766620635986328 1.1487634181976318359 1.1135371923446655273 1.0564774274826049805 0.99781376123428344727 1.0401248931884765625 1.0442483425140380859 1.0472849607467651367 1.0574816465377807617 1.0515933036804199219 1.0277785062789916992 -9999 -9999 -9999 -9999 1.0055481195449829102 1.0367199182510375977 1.0484274625778198242 1.0508266687393188477 1.0558551549911499023 -9999 -9999 -9999 -9999 -9999 -9999 -9999 -9999 -9999 -9999 -9999 -9999 -9999 -9999
1.1753277778625488281 1.2010698318481445313 1.2099616527557373047 1.1939398050308227539 1.153321385383605957 1.1557356119155883789 1.1760568618774414063 1.1353782415390014648 1.1021800041198730469 1.0632001161575317383 0.99337011575698852539 0.96867281198501586914 0.9731871485710144043 1.0145165920257568359 1.0316374301910400391 1.0179756879806518555 0.98837769031524658203 0.95211124420166015625 -9999 -9999 -9999 0.98656624555587768555 1.0062786340713500977 1.0121549367904663086 1.0116378068923950195 1.018894195556640625 -9999 -9999 -9999 -9999 -9999 -9999 -9999 -9999 -9999 -9999 -9999 -9999 -9999 0.59247279167175292969
1.139363408088684082 1.174261927604675293 1.1885656118392944336 1.1717875003814697266 1.1338959932327270508 1.1355090141296386719 1.1413027048110961914 1.1006962060928344727 1.0755028724670410156 1.0574411153793334961 1.0316148996353149414 0.98617690801620483398 0.90934467315673828125 0.90564060211181640625 0.92962831258773803711 0.93673729896545410156 0.9254582524299621582 0.92211347818374633789 0.92353403568267822266 -9999 0.91629278659820556641 0.95086205005645751953 0.97004979848861694336 0.98346048593521118164 1.0010067224502563477 1.0155524015426635742 -9999 -9999 -9999 -9999 -9999 -9999 -9999 -9999 -9999 -9999 -9999 -9999 -9999 0.58970826864242553711
1.1234978437423706055 1.1501028537750244141 1.164980769157409668 1.147835850715637207 1.0990140438079833984 1.0799360275268554688 1.0863219499588012695 1.0549712181091308594 1.0465242862701416016 1.0463259220123291016 1.0440363883972167969 1.0203537940979003906 0.916812896728515625 0.83958077430725097656 0.89017492532730102539 0.9081630706787109375 0.90158474445343017578 0.91456252336502075195 0.91380035877227783203 0.90690034627914428711 0.92312216758728027344 0.9405841827392578125 0.94970148801803588867 0.97603285312652587891 1.0015914440155029297 1.0144956111907958984 -9999 -9999 -9999 -9999 -9999 -9999 -9999 -9999 -9999 -9999 -9999 -9999 -9999 0.58388155698776245117
1.1132847070693969727 1.1403300762176513672 1.1444610357284545898 1.1235851049423217773 1.0603694915771484375 1.020344853401184082 1.0409396886825561523 1.0322912931442260742 1.029931187629699707 1.034412384033203125 1.0286984443664550781 0.99579036235809326172 0.88988029956817626953 0.83443355560302734375 0.91439265012741088867 0.92454874515533447266 0.90405762195587158203 0.90161633491516113281 0.89993715286254882813 0.89295297861099243164 0.93125486373901367188 0.94964587688446044922 0.95120030641555786133 0.97616213560104370117 0.99761229753494262695 1.0299597978591918945 -9999 -9999 -9999 -9999 -9999 -9999 -9999 -9999 -9999 -9999 -9999 -9999 -9999 0.58165073394775390625
1.0963743925094604492 1.1226695775985717773 1.1012899875640869141 1.0639082193374633789 1.0156290531158447266 0.99432617425918579102 0.98332071304321289063 0.99522966146469116211 1.0038434267044067383 1.0041425228118896484 0.98218125104904174805 0.92597687244415283203 0.82273656129837036133 0.83377212285995483398 0.90327745676040649414 0.91442269086837768555 0.90015363693237304688 0.88723450899124145508 0.87599903345108032227 0.86971837282180786133 0.91969919204711914063 0.94772773981094360352 0.95609194040298461914 0.96397358179092407227 0.97590804100036621094 1.0135124921798706055 -9999 -9999 -9999 -9999 -9999 -9999 -9999 -9999 -9999 -9999 -9999 -9999 -9999 -9999
1.0434726476669311523 1.0480411052703857422 1.0171593427658081055 0.98969608545303344727 0.96575194597244262695 0.97024375200271606445 0.94833201169967651367 0.95876473188400268555 0.97457617521286010742 0.96763253211975097656 0.90456724166870117188 0.83422762155532836914 0.77234536409378051758 0.81439644098281860352 0.85663992166519165039 0.88387167453765869141 0.89176237583160400391 0.87333077192306518555 0.85647004842758178711 0.86386013031005859375 0.90713334083557128906 0.93229210376739501953 0.94497674703598022461 0.95112061500549316406 0.95680296421051025391 -9999 -9999 -9999 -9999 -9999 -9999 -9999 -9999 -9999 -9999 -9999 -9999 -9999 -9999 0.53184729814529418945
0.97884094715118408203 0.95636254549026489258 0.94154477119445800781 0.94207841157913208008 0.93262434005737304688 0.95158660411834716797 0.93455004692077636719 0.9320666193962097168 0.95855426788330078125 0.94615530967712402344 0.85436844825744628906 0.78911590576171875 0.7483666539192199707 0.77989780902862548828 0.81997358798980712891 0.85866630077362060547 0.88086962699890136719 0.86499810218811035156 0.85430383682250976563 0.86935007572174072266 0.89580315351486206055 0.90012508630752563477 0.91265636682510375977 0.92781233787536621094 -9999 -9999 -9999 -9999 -9999 -9999 -9999 -9999 -9999 -9999 -9999 -9999 -9999 -9999 -9999 0.52913987636566162109
0.92646992206573486328 0.91361993551254272461 0.91795992851257324219 0.91372817754745483398 0.90479421615600585938 0.93479806184768676758 0.91701734066009521484 0.91233015060424804688 0.93571203947067260742 0.91982096433639526367 0.82602423429489135742 0.77452510595321655273 0.7350642085075378418 0.72071850299835205078 0.76773035526275634766 0.82125586271286010742 0.83700567483901977539 0.8368899226188659668 0.85047197341918945313 0.86307239532470703125 0.86052584648132324219 0.84994733333587646484 0.87056171894073486328 0.88400095701217651367 0.87136894464492797852 -9999 -9999 -9999 -9999 -9999 -9999 -9999 -9999 -9999 -9999 -9999 -9999 -9999 -9999 -9999
0.88911509513854980469 0.88504123687744140625 0.91024661064147949219 0.91043603420257568359 0.90719044208526611328 -9999 0.86851727962493896484 0.88006538152694702148 0.88588756322860717773 0.86646682024002075195 0.80673122406005859375 0.76987552642822265625 0.74734896421432495117 0.69484567642211914063 0.72615581750869750977 0.79005092382431030273 0.75613260269165039063 0.76316940784454345703 0.82245850563049316406 0.84853577613830566406 0.83343988656997680664 0.81433027982711791992 0.82559883594512939453 0.85545980930328369141 0.87136894464492797852 -9999 -9999 -9999 -9999 -9999 -9999 -9999 -9999 -9999 -9999 -9999 -9999 -9999 -9999 -9999
0.88515847921371459961 0.88427454233169555664 0.91584628820419311523 0.94370794296264648438 0.94769614934921264648 0.95428496599197387695 0.86851727962493896484 0.86614507436752319336 0.8605664372444152832 0.84811633825302124023 0.77865910530090332031 0.77121192216873168945 0.75127851963043212891 0.68633562326431274414 0.68477976322174072266 0.72947806119918823242 0.68151462078094482422 0.69964259862899780273 0.78110045194625854492 0.82795596122741699219 0.81960076093673706055 0.80311286449432373047 0.80158251523971557617 0.82349276542663574219 -9999 -9999 -9999 -9999 -9999 -9999 -9999 -9999 -9999 -9999 -9999 -9999 -9999 -9999 -9999 -9999
0.94560205936431884766 0.97150647640228271484 0.98120713233947753906 0.97708815336227416992 0.96584212779998779297 0.96355718374252319336 0.95920670032501220703 -9999 -9999 -9999 0.77656507492065429688 0.77072185277938842773 0.75333350896835327148 0.68574786186218261719 0.63102269172668457031 0.62950891256332397461 0.62635654211044311523 0.67244535684585571289 0.76606923341751098633 0.81128764152526855469 0.80164867639541625977 0.79502224922180175781 0.79205781221389770508 -9999 -9999 -9999 -9999 -9999 -9999 -9999 -9999 -9999 -9999 -9999 -9999 -9999 -9999 0.69704645872116088867 0.61266475915908813477 0.47395622730255126953
1.0033518075942993164 1.0072407722473144531 1.0036510229110717773 1.0027023553848266602 0.99240499734878540039 0.97808027267456054688 0.95489531755447387695 -9999 -9999 0.87027311325073242188 0.83033716678619384766 0.79858648777008056641 0.76567536592483520508 0.69374674558639526367 0.6190776824951171875 0.59438341856002807617 0.6324132084846496582 0.68997955322265625 0.76821136474609375 0.79439389705657958984 0.78761410713195800781 0.78453242778778076172 -9999 -9999 -9999 -9999 -9999 -9999 -9999 -9999 -9999 -9999 -9999 -9999 -9999 -9999 -9999 0.69545745849609375 0.62023371458053588867 0.52047049999237060547
0.98198878765106201172 0.9923839569091796875 1.0122151374816894531 1.0340441465377807617 1.0230627059936523438 0.99553781747817993164 0.94483089447021484375 -9999 0.9184710383415222168 0.88855737447738647461 0.85490214824676513672 0.81857550144195556641 0.78247141838073730469 0.73120230436325073242 0.68577790260314941406 0.63598197698593139648 0.66666978597640991211 0.72368294000625610352 0.74903410673141479492 0.75012850761413574219 0.76564377546310424805 0.76958239078521728516 -9999 -9999 -9999 -9999 -9999 -9999 -9999 -9999 -9999 -9999 -9999 -9999 -9999 -9999 -9999 0.68188291788101196289 0.62752008438110351563 0.53968536853790283203
0.93976640701293945313 0.98673766851425170898 1.0386726856231689453 1.0599319934844970703 1.0537655353546142578 1.0179395675659179688 0.96283859014511108398 1.0225005149841308594 0.94336819648742675781 0.91544646024703979492 0.87335479259490966797 0.82471489906311035156 0.78791326284408569336 0.77658158540725708008 0.78120267391204833984 0.69547849893569946289 0.6312211155891418457 0.68873035907745361328 0.7336451411247253418 0.7430540919303894043 0.76035225391387939453 0.75478112697601318359 -9999 -9999 -9999 -9999 -9999 -9999 -9999 -9999 -9999 -9999 -9999 -9999 -9999 -9999 -9999 0.64911156892776489258 0.60822707414627075195 0.52824395895004272461
0.90090829133987426758 0.97884094715118408203 1.0609061717987060547 1.0944080352783203125 1.0776375532150268555 1.0674543380737304688 1.0956031084060668945 1.0799119472503662109 0.97873419523239135742 0.92901349067687988281 0.87965500354766845703 0.83230191469192504883 0.80664855241775512695 0.81394845247268676758 0.81206035614013671875 0.72987341880798339844 0.60399985313415527344 0.61647403240203857422 0.67280918359756469727 0.7179419398307800293 0.73815643787384033203 0.71823656558990478516 0.66545218229293823242 -9999 -9999 -9999 -9999 -9999 -9999 -9999 -9999 -9999 -9999 -9999 -9999 -9999 0.63349556922912597656 0.62318915128707885742 0.57897639274597167969 0.49844756722450256348
0.89690506458282470703 0.98330414295196533203 1.0715222358703613281 1.1321657896041870117 1.0949733257293701172 1.1340854167938232422 1.2204048633575439453 1.1585571765899658203 1.0086463689804077148 0.92297333478927612305 0.87157338857650756836 0.82685256004333496094 0.81173712015151977539 0.83374804258346557617 0.82459163665771484375 0.75598376989364624023 0.62785679101943969727 0.56934791803359985352 0.57144951820373535156 0.61997663974761962891 0.67491227388381958008 0.65994864702224731445 0.61317884922027587891 0.59181129932403564453 -9999 -9999 -9999 -9999 -9999 -9999 -9999 -9999 -9999 -9999 -9999 0.70161640644073486328 0.63612180948257446289 0.58963912725448608398 0.53345429897308349609 0.46074247360229492188
