INPUT/RASTER/ASCII/BIO18.asc
ncols        113
nrows        135
xllcorner    473009.983799999987
yllcorner    4429001.174800000153
cellsize     100.000000000000
NODATA_value  -9999
[rows 72 to 89 of 135, columns 40 to 79 of 113]
0.13640287518501281738 0.18435989320278167725 0.19442789256572723389 0.20768375694751739502 0.21453587710857391357 0.22204571962356567383 0.23539528250694274902 0.22745631635189056396 0.20844130218029022217 0.19555853307247161865 0.18027698993682861328 0.14207969605922698975 0.10667790472507476807 0.085716910660266876221 0.11018717288970947266 0.15623673796653747559 0.23927763104438781738 0.3212089240550994873 0.45466777682304382324 0.57765752077102661133 0.60536205768585205078 0.58499747514724731445 0.55592757463455200195 0.54661101102828979492 0.54350811243057250977 -9999 -9999 0.58641362190246582031 0.58958572149276733398 0.59351712465286254883 0.59465384483337402344 0.60118633508682250977 0.61233943700790405273 0.62684851884841918945 -9999 -9999 -9999 0.66463160514831542969 0.63876354694366455078 0.48266744613647460938
0.059463553130626678467 0.10293393582105636597 0.10759222507476806641 0.12436172366142272949 0.14168734848499298096 0.14903867244720458984 0.15249364078044891357 0.15748648345470428467 0.16762454807758331299 0.14825396239757537842 0.079854413866996765137 0.058181405067443847656 0.085908703505992889404 0.1403894275426864624 0.19204752147197723389 0.23640856146812438965 0.28579047322273254395 0.35886409878730773926 0.48908343911170959473 0.59798973798751831055 0.62170678377151489258 0.59111571311950683594 0.54848170280456542969 0.53388589620590209961 0.53486412763595581055 -9999 0.57220053672790527344 0.58052659034729003906 0.58557724952697753906 0.58599847555160522461 0.58590739965438842773 0.58807146549224853516 0.59229803085327148438 0.61049592494964599609 0.62304586172103881836 0.61887627840042114258 -9999 0.64388161897659301758 0.62477993965148925781 0.48273313045501708984
0.0040746363811194896698 0.051676087081432342529 0.05968950316309928894 0.078312158584594726563 0.095311991870403289795 0.10104749351739883423 0.1050218045711517334 0.11535779386758804321 0.13090120255947113037 0.077899664640426635742 -0.044843994081020355225 0.0084877088665962219238 0.17914284765720367432 0.2735557854175567627 0.28045171499252319336 0.27897340059280395508 0.31910440325736999512 0.38768875598907470703 0.5118853449821472168 0.61467516422271728516 0.6559035181999206543 0.63353949785232543945 0.57248163223266601563 0.55509996414184570313 0.54439526796340942383 0.55774658918380737305 0.57372963428497314453 0.58276420831680297852 0.5862979888916015625 0.58459812402725219727 0.57570540904998779297 0.56398218870162963867 0.56772965192794799805 0.59487193822860717773 0.60692971944808959961 0.60637533664703369141 0.6213328242301940918 0.6339537501335144043 0.6154397130012512207 0.47823423147201538086
-0.039237227290868759155 0.0061563733033835887909 0.020644456148147583008 0.044998239725828170776 0.060997925698757171631 0.057269714772701263428 0.049870222806930541992 0.049154706299304962158 0.014936101622879505157 -0.10537725687026977539 -0.20771254599094390869 -0.019988385960459709167 0.23296849429607391357 0.31832233071327209473 0.31832584738731384277 0.31671351194381713867 0.3563295900821685791 0.42728379368782043457 0.5338351130485534668 0.61316353082656860352 0.65317630767822265625 0.66776335239410400391 0.64374941587448120117 0.61714136600494384766 0.58916443586349487305 0.58582860231399536133 0.59403383731842041016 0.59883224964141845703 0.59481149911880493164 0.58849185705184936523 0.56489390134811401367 0.50906705856323242188 0.48646396398544311523 0.48744660615921020508 0.51979714632034301758 0.5660184025764465332 0.60667049884796142578 0.62952494621276855469 0.62091946601867675781 0.50738555192947387695
-0.09187968820333480835 -0.053946886211633682251 -0.030029240995645523071 -0.0033134715631604194641 0.0093652438372373580933 -0.011333019472658634186 -0.064772441983222961426 -0.11370508372783660889 -0.23195071518421173096 -0.30541405081748962402 -0.22476667165756225586 0.00018177960009779781103 0.22178035974502563477 0.31233459711074829102 0.33092221617698669434 0.34541207551956176758 0.40764698386192321777 0.48662072420120239258 0.55144357681274414063 0.60195088386535644531 0.63707327842712402344 0.66964632272720336914 0.68337160348892211914 0.67834371328353881836 0.65806931257247924805 0.64007461071014404297 0.62600600719451904297 0.61339735984802246094 0.60415083169937133789 0.59243816137313842773 0.55810219049453735352 0.49260845780372619629 0.42502775788307189941 0.3301226496696472168 0.3568261563777923584 0.4779408574104309082 0.5823237299919128418 0.62616980075836181641 0.63091832399368286133 0.55186659097671508789
-0.14124934375286102295 -0.11505641788244247437 -0.084481067955493927002 -0.055869229137897491455 -0.04586252942681312561 -0.087488509714603424072 -0.23021928966045379639 -0.30675750970840454102 -0.37973654270172119141 -0.31016430258750915527 -0.14897200465202331543 0.042961169034242630005 0.21002559363842010498 0.29106619954109191895 0.32290181517601013184 0.34849658608436584473 0.41270551085472106934 0.49406576156616210938 0.54467028379440307617 0.58028399944305419922 0.61098808050155639648 0.65375173091888427734 0.67714303731918334961 0.68642455339431762695 0.68404507637023925781 0.66456854343414306641 0.64237970113754272461 0.61957603693008422852 0.60638409852981567383 0.59279721975326538086 0.5498409271240234375 0.48331466317176818848 0.40586563944816589355 0.23226085305213928223 0.19656831026077270508 0.33240580558776855469 0.50885951519012451172 0.60199904441833496094 0.62986999750137329102 0.57492506504058837891
-0.19688434898853302002 -0.18118506669998168945 -0.14250871539115905762 -0.11257006973028182983 -0.11181776970624923706 -0.19914825260639190674 -0.3948726952075958252 -0.44645982980728149414 -0.37991607189178466797 -0.22848524153232574463 -0.073922626674175262451 0.081168964505195617676 0.20491276681423187256 0.26118710637092590332 0.29124400019645690918 0.33179625868797302246 0.38732179999351501465 0.45021003484725952148 0.51712250709533691406 0.56097912788391113281 0.58644866943359375 0.62938743829727172852 0.65721720457077026367 0.6740506291389465332 0.68459594249725341797 0.66685694456100463867 0.63351500034332275391 0.59240746498107910156 0.57136589288711547852 0.56460136175155639648 0.51251590251922607422 0.35899284482002258301 0.20491802692413330078 0.036188736557960510254 0.035316456109285354614 0.17635698616504669189 0.3844483494758605957 0.55149352550506591797 0.60329437255859375 0.54083174467086791992
-0.27407765388488769531 -0.27975711226463317871 -0.23396940529346466064 -0.19514155387878417969 -0.195088997483253479 -0.32454204559326171875 -0.48626944422721862793 -0.40975663065910339355 -0.22807538509368896484 -0.088450118899345397949 0.013885160908102989197 0.11306411772966384888 0.20798063278198242188 0.2488219141960144043 0.26985123753547668457 0.31551370024681091309 0.34058210253715515137 0.4043426513671875 0.51036846637725830078 0.56718140840530395508 0.58263725042343139648 0.61120092868804931641 0.63892382383346557617 0.65606904029846191406 0.66886687278747558594 0.64565688371658325195 0.57999062538146972656 0.49079823493957519531 0.46243423223495483398 0.46348604559898376465 0.40350100398063659668 0.20518250763416290283 0.022064100950956344604 -0.087140820920467376709 -0.041918877512216567993 0.098901830613613128662 0.32167834043502807617 0.52132976055145263672 0.58384495973587036133 0.50394022464752197266
-0.34843426942825317383 -0.37770122289657592773 -0.32113260030746459961 -0.26379421353340148926 -0.26150926947593688965 -0.38934037089347839355 -0.52453589439392089844 -0.39606201648712158203 -0.15667189657688140869 0.010430196300148963928 0.091038167476654052734 0.15122200548648834229 0.23869173228740692139 0.28957387804985046387 0.31960797309875488281 0.35557815432548522949 0.34847906231880187988 0.41247341036796569824 0.49888521432876586914 0.53897678852081298828 0.57740968465805053711 0.61216425895690917969 0.63227748870849609375 0.64478284120559692383 0.64528203010559082031 0.60429275035858154297 0.51711201667785644531 0.39581602811813354492 0.33150723576545715332 0.30876228213310241699 0.26372423768043518066 0.11292311549186706543 -0.020391246303915977478 -0.092244014143943786621 -0.066858559846878051758 0.081546425819396972656 0.35347977280616760254 0.52878004312515258789 0.5595874786376953125 0.46175986528396606445
-0.4360949397087097168 -0.45286005735397338867 -0.37153220176696777344 -0.33127593994140625 -0.35631984472274780273 -0.47040987014770507813 -0.54944407939910888672 -0.41417145729064941406 -0.16570647060871124268 0.03631046786904335022 0.131536141037940979 0.18697497248649597168 0.26073256134986877441 0.31734058260917663574 0.37853068113327026367 0.43063804507255554199 0.40030702948570251465 0.39629420638084411621 0.35834214091300964355 0.419086456298828125 0.52382928133010864258 0.60351240634918212891 0.6212978363037109375 0.61987555027008056641 0.58235263824462890625 0.51553034782409667969 0.43914365768432617188 0.33134785294532775879 0.26720198988914489746 0.24271859228610992432 0.20406062901020050049 0.15744356811046600342 0.10773059725761413574 -0.043935805559158325195 -0.088027119636535644531 0.013738905079662799835 0.23563437163829803467 0.38211700320243835449 0.44217035174369812012 0.40516325831413269043
-0.51683604717254638672 -0.5396773219108581543 -0.48606276512145996094 -0.47594219446182250977 -0.51472014188766479492 -0.57556432485580444336 -0.55375552177429199219 -0.40434166789054870605 -0.17710216343402862549 0.034714791923761367798 0.14708304405212402344 0.20707157254219055176 0.26741042733192443848 0.32384151220321655273 0.39942073822021484375 0.40148320794105529785 0.24858020246028900146 0.12855584919452667236 0.16955476999282836914 0.35364267230033874512 0.47479680180549621582 0.5630906224250793457 0.57905352115631103516 0.5590190887451171875 0.49854016304016113281 0.42127504944801330566 0.36543422937393188477 0.33538872003555297852 0.34886351227760314941 0.34704801440238952637 0.27052295207977294922 0.21471278369426727295 0.14245015382766723633 -0.042197376489639282227 -0.12442029267549514771 -0.11716530472040176392 -0.038948219269514083862 0.10240233689546585083 0.22585538029670715332 0.28311496973037719727
-0.59049117565155029297 -0.59291356801986694336 -0.59168398380279541016 -0.60869431495666503906 -0.63649868965148925781 -0.62852382659912109375 -0.50473970174789428711 -0.33914661407470703125 -0.12745751440525054932 0.070445001125335693359 0.17064511775970458984 0.22463890910148620605 0.27581354975700378418 0.32321882247924804688 0.32733237743377685547 0.16662089526653289795 -0.055095911026000976563 -0.087156586349010467529 0.20233884453773498535 0.46825116872787475586 0.52298766374588012695 0.53466796875 0.52227038145065307617 0.50644147396087646484 0.45910799503326416016 0.38577690720558166504 0.37257537245750427246 0.38440281152725219727 0.35798919200897216797 0.31373059749603271484 0.23618699610233306885 0.16810885071754455566 0.097571514546871185303 -0.040764592587947845459 -0.14965511858463287354 -0.21236908435821533203 -0.22845196723937988281 -0.099185474216938018799 0.063034124672412872314 0.17092624306678771973
-0.66719400882720947266 -0.66513764858245849609 -0.66578400135040283203 -0.68450826406478881836 -0.67758691310882568359 -0.5891030430793762207 -0.42341884970664978027 -0.26663875579833984375 -0.08029044419527053833 0.084205307066440582275 0.1563803553581237793 0.21237006783485412598 0.26811105012893676758 0.28685805201530456543 0.14196847379207611084 -0.16327179968357086182 -0.36411255598068237305 -0.22753238677978515625 0.21058084070682525635 0.52796643972396850586 0.56231904029846191406 0.54287141561508178711 0.50080579519271850586 0.42930334806442260742 0.31410107016563415527 0.2315295785665512085 0.22924904525279998779 0.20807084441184997559 0.095853224396705627441 0.032607655972242355347 0.029391780495643615723 0.049098655581474304199 0.016476603224873542786 -0.057978115975856781006 -0.17668354511260986328 -0.28140884637832641602 -0.36156666278839111328 -0.25062504410743713379 -0.043893769383430480957 0.10626365989446640015
-0.67424935102462768555 -0.71157258749008178711 -0.71577107906341552734 -0.70521700382232666016 -0.64473891258239746094 -0.52081120014190673828 -0.38716843724250793457 -0.24725940823554992676 -0.093465730547904968262 0.038839731365442276001 0.10123404115438461304 0.16360644996166229248 0.22573189437389373779 0.23256474733352661133 0.04270456358790397644 -0.35760024189949035645 -0.56385946273803710938 -0.41273078322410583496 0.0056282761506736278534 0.36048868298530578613 0.48620823025703430176 0.54998451471328735352 0.56331223249435424805 0.46043044328689575195 0.19857209920883178711 -0.0014209038345143198967 -0.059541389346122741699 -0.058008767664432525635 -0.12325549870729446411 -0.18409267067909240723 -0.1949637681245803833 -0.1501140296459197998 -0.14518161118030548096 -0.17348079383373260498 -0.25456345081329345703 -0.34466141462326049805 -0.40828442573547363281 -0.28779765963554382324 -0.041827794164419174194 0.10373965650796890259
-0.65954405069351196289 -0.70869123935699462891 -0.71801394224166870117 -0.68757611513137817383 -0.60417789220809936523 -0.46242186427116394043 -0.33107098937034606934 -0.21900576353073120117 -0.10174188017845153809 -0.0057481494732201099396 0.061885967850685119629 0.13002279400825500488 0.19453823566436767578 0.20695246756076812744 0.025190647691488265991 -0.38922038674354553223 -0.59589123725891113281 -0.53465121984481811523 -0.19611103832721710205 0.18463225662708282471 0.30228149890899658203 0.43493026494979858398 0.58608084917068481445 0.57823467254638671875 0.3010921776294708252 0.013653954491019248962 -0.14488209784030914307 -0.18981678783893585205 -0.19693514704704284668 -0.26651877164840698242 -0.33618557453155517578 -0.32162216305732727051 -0.32177895307540893555 -0.33228307962417602539 -0.36656913161277770996 -0.41320809721946716309 -0.42249751091003417969 -0.24954083561897277832 0.00056887581013143062592 0.11164009571075439453
-0.6823450922966003418 -0.72057735919952392578 -0.70454967021942138672 -0.63632440567016601563 -0.52226501703262329102 -0.34878021478652954102 -0.20357622206211090088 -0.1313880234956741333 -0.089846991002559661865 -0.033839773386716842651 0.034255005419254302979 0.10922030359506607056 0.17556877434253692627 0.16967475414276123047 -0.08288714289665222168 -0.49637684226036071777 -0.65400731563568115234 -0.58037847280502319336 -0.34123972058296203613 -0.10089675337076187134 -0.043655555695295333862 0.13728652894496917725 0.37884071469306945801 0.53558403253555297852 0.44285696744918823242 0.19395059347152709961 -0.069810822606086730957 -0.29085591435432434082 -0.34364724159240722656 -0.38817033171653747559 -0.45716452598571777344 -0.45950463414192199707 -0.45927691459655761719 -0.46026918292045593262 -0.49624899029731750488 -0.5043849945068359375 -0.44185760617256164551 -0.20178873836994171143 0.047017794102430343628 0.10887962579727172852
-0.72102051973342895508 -0.73565661907196044922 -0.68073010444641113281 -0.57475417852401733398 -0.46373379230499267578 -0.28566512465476989746 -0.12674899399280548096 -0.074459478259086608887 -0.085602946579456329346 -0.048197366297245025635 0.022733200341463088989 0.096314765512943267822 0.13173407316207885742 0.018699342384934425354 -0.33089408278465270996 -0.70577400922775268555 -0.83139723539352416992 -0.64498591423034667969 -0.48858150839805603027 -0.48741409182548522949 -0.46978369355201721191 -0.26721149682998657227 -0.022917006164789199829 0.28139755129814147949 0.47676029801368713379 0.37426912784576416016 0.049748487770557403564 -0.34312790632247924805 -0.4883047640323638916 -0.50713497400283813477 -0.54098397493362426758 -0.55222290754318237305 -0.53064799308776855469 -0.52420049905776977539 -0.5519733428955078125 -0.5345452427864074707 -0.43504488468170166016 -0.18632766604423522949 0.039200555533170700073 0.073821142315864562988
-0.74853849411010742188 -0.74419724941253662109 -0.65553033351898193359 -0.52508854866027832031 -0.43605989217758178711 -0.2884921729564666748 -0.14317782223224639893 -0.09604053199291229248 -0.16026085615158081055 -0.13017769157886505127 -0.0038039102219045162201 0.090121224522590637207 0.05848530307412147522 -0.16942417621612548828 -0.53057271242141723633 -0.85114526748657226563 -0.93133378028869628906 -0.69359099864959716797 -0.54048216342926025391 -0.61431074142456054688 -0.66278970241546630859 -0.51639288663864135742 -0.33717784285545349121 -0.028589453548192977905 0.30175074934959411621 0.35122463107109069824 0.10520308464765548706 -0.27703428268432617188 -0.51130545139312744141 -0.59198784828186035156 -0.64764392375946044922 -0.65636497735977172852 -0.59940487146377563477 -0.53150713443756103516 -0.49161696434020996094 -0.46040055155754089355 -0.39641582965850830078 -0.19951082766056060791 -0.03220643848180770874 -0.022458970546722412109
