INPUT/RASTER/ASCII/BIO10.asc
ncols        113
nrows        135
xllcorner    473009.983799999987
yllcorner    4429001.174800000153
cellsize     100.000000000000
NODATA_value  -9999
[rows 108 to 125 of 135, columns 40 to 79 of 113]
0.97380101680755615234 0.97933524847030639648 0.97292178869247436523 0.95878398418426513672 0.93115985393524169922 0.81794732809066772461 0.72121977806091308594 0.71350318193435668945 0.76112908124923706055 0.8458697199821472168 0.88637566566467285156 0.88036257028579711914 0.93778526782989501953 1.0225729942321777344 1.0684876441955566406 1.05849456787109375 1.0291826725006103516 0.95126366615295410156 0.8370463252067565918 0.76736986637115478516 0.70438939332962036133 0.63917165994644165039 0.59901899099349975586 0.56743061542510986328 0.54972887039184570313 0.55431324243545532227 0.58008480072021484375 0.6312510371208190918 0.73458826541900634766 0.76856303215026855469 0.78740298748016357422 0.79406768083572387695 0.7681077122688293457 0.73478454351425170898 0.75665462017059326172 0.84613662958145141602 0.8781096339225769043 0.86085534095764160156 0.84253346920013427734 0.84809130430221557617
0.97863662242889404297 0.98897504806518554688 0.99109452962875366211 0.98510497808456420898 0.96704214811325073242 0.91574251651763916016 0.8481776118278503418 0.80898261070251464844 0.84920597076416015625 0.92554712295532226563 0.9550316929817199707 0.94789606332778930664 0.98949313163757324219 1.0360200405120849609 1.0713057518005371094 1.0740218162536621094 1.0575604438781738281 0.99358296394348144531 0.85645937919616699219 0.74752503633499145508 0.68133395910263061523 0.62423312664031982422 0.59863430261611938477 0.58393913507461547852 0.57684272527694702148 0.58308351039886474609 0.59578478336334228516 0.61518996953964233398 0.64231950044631958008 0.73962014913558959961 0.81678551435470581055 0.82297915220260620117 0.79970395565032958984 0.75810682773590087891 0.73112642765045166016 0.77509421110153198242 0.87022823095321655273 0.87858062982559204102 0.85822564363479614258 0.85916763544082641602
0.98285204172134399414 0.99278229475021362305 0.99078840017318725586 0.98298549652099609375 0.98359781503677368164 0.96348613500595092773 0.91361516714096069336 0.90231901407241821289 0.94688338041305541992 0.9838097691535949707 0.99423456192016601563 0.99720966815948486328 1.0234365463256835938 1.0437915325164794922 1.0711330175399780273 1.0788338184356689453 1.0655988454818725586 1.0151704549789428711 0.89968138933181762695 0.76711076498031616211 0.66853845119476318359 0.61856544017791748047 0.60605257749557495117 0.60616242885589599609 0.62322050333023071289 0.64079660177230834961 0.64780664443969726563 0.65866315364837646484 0.65652799606323242188 0.6916802525520324707 0.8178374171257019043 0.84477859735488891602 0.82188016176223754883 0.78144484758377075195 0.75575971603393554688 0.75934714078903198242 0.80037903785705566406 0.88319641351699829102 0.87609219551086425781 0.86668789386749267578
0.98876309394836425781 0.99189525842666625977 0.96296805143356323242 0.94431644678115844727 0.96205741167068481445 0.95033740997314453125 0.90734297037124633789 0.90868532657623291016 0.95116162300109863281 0.98205918073654174805 0.99914860725402832031 1.0058839321136474609 1.0125249624252319336 1.0439170598983764648 1.0734958648681640625 1.0856006145477294922 1.077365875244140625 1.04274749755859375 0.96824324131011962891 0.85284835100173950195 0.70520579814910888672 0.63523882627487182617 0.62785196304321289063 0.63599240779876708984 0.6596444249153137207 0.67377442121505737305 0.68142032623291015625 0.68880712985992431641 0.69268500804901123047 0.70179104804992675781 0.75444090366363525391 0.82845842838287353516 0.83627706766128540039 0.80216884613037109375 0.78641390800476074219 0.79019761085510253906 0.7698033452033996582 0.8091945648193359375 0.87107604742050170898 0.88887983560562133789
0.99160480499267578125 0.99636185169219970703 0.98659646511077880859 0.97777312994003295898 0.98361349105834960938 0.98128205537796020508 0.9493090510368347168 0.88809484243392944336 0.89805644750595092773 0.95120090246200561523 0.98659646511077880859 0.97397369146347045898 0.94386899471282958984 1.0048948526382446289 1.064507603645324707 1.0896433591842651367 1.0894941091537475586 1.0739040374755859375 1.0308233499526977539 0.94926977157592773438 0.81632238626480102539 0.71530872583389282227 0.66794973611831665039 0.6603901982307434082 0.67722058296203613281 0.69124066829681396484 0.70289003849029541016 0.71330696344375610352 0.72432047128677368164 0.73834055662155151367 0.73002743721008300781 0.72535669803619384766 0.80600750446319580078 0.84013140201568603516 0.83435380458831787109 0.83361589908599853516 0.80136811733245849609 0.78106808662414550781 0.80173707008361816406 0.88935869932174682617
0.99154198169708251953 0.99841070175170898438 1.0057976245880126953 1.0102720260620117188 1.0154608488082885742 1.0166697502136230469 0.99135357141494750977 0.93274557590484619141 0.91985589265823364258 0.94300550222396850586 0.97615599632263183594 0.97437405586242675781 0.93571287393569946289 1.0079877376556396484 1.0747361183166503906 1.0923279523849487305 1.0912133455276489258 1.0753248929977416992 1.0142205953598022461 0.91380351781845092773 0.81990194320678710938 0.73696684837341308594 0.66896235942840576172 0.66535139083862304688 0.6880614161491394043 0.70278799533843994141 0.71295368671417236328 0.72199690341949462891 0.73499649763107299805 0.75698429346084594727 0.74875754117965698242 0.72482287883758544922 0.73521625995635986328 0.834918975830078125 0.86503940820693969727 0.85515624284744262695 0.8237641453742980957 0.80388015508651733398 0.79077064990997314453 0.82000404596328735352
0.99103957414627075195 0.99798685312271118164 1.0052716732025146484 1.0113160610198974609 1.0198882818222045898 1.0256658792495727539 1.0161831378936767578 0.99644041061401367188 0.99280583858489990234 0.992115020751953125 0.99834793806076049805 1.0069279670715332031 0.98675352334976196289 1.0312629938125610352 1.0826097726821899414 1.0940393209457397461 1.0936075448989868164 1.0795639753341674805 1.0031207799911499023 0.85108214616775512695 0.76117616891860961914 0.71728688478469848633 0.66729819774627685547 0.67390787601470947266 0.70332175493240356445 0.71614080667495727539 0.72197335958480834961 0.72537237405776977539 0.74131572246551513672 0.77376759052276611328 0.77119278907775878906 0.75232142210006713867 0.72654986381530761719 0.76017922163009643555 0.85128623247146606445 0.86324959993362426758 0.83629274368286132813 0.82001972198486328125 0.80493986606597900391 0.78286570310592651367
0.99159693717956542969 0.99720185995101928711 1.0037801265716552734 1.0086941719055175781 1.0170073509216308594 1.0287979841232299805 1.0299441814422607422 1.0313885211944580078 1.0376213788986206055 1.040070652961730957 1.0423235893249511719 1.0475437641143798828 1.0360357761383056641 1.0313571691513061523 1.0757802724838256836 1.0966454744338989258 1.101292729377746582 1.0931365489959716797 1.0377234220504760742 0.89226317405700683594 0.73186433315277099609 0.69146043062210083008 0.6795991063117980957 0.69597417116165161133 0.72096854448318481445 0.72844171524047851563 0.71901392936706542969 0.71365237236022949219 0.74291712045669555664 0.78219848871231079102 0.77566725015640258789 0.75802052021026611328 0.72944653034210205078 0.707042694091796875 0.73359131813049316406 0.81389671564102172852 0.84915101528167724609 0.84119111299514770508 0.82947897911071777344 0.80618804693222045898
0.99067848920822143555 0.9951922297477722168 1.0026104450225830078 1.0079720020294189453 1.0148407220840454102 1.029135584831237793 1.035517573356628418 1.0430300235748291016 1.0521752834320068359 1.0585259199142456055 1.0628591775894165039 1.0697357654571533203 1.0611085891723632813 1.0298264026641845703 1.0689271688461303711 1.096676945686340332 1.0957976579666137695 1.0709210634231567383 1.0143147706985473633 0.87437301874160766602 0.72001868486404418945 0.6763413548469543457 0.6733112335205078125 0.69065976142883300781 0.71643126010894775391 0.72486215829849243164 0.71662747859954833984 0.71289873123168945313 0.74546051025390625 0.78621768951416015625 0.78467905521392822266 0.76859444379806518555 0.73775964975357055664 0.71700429916381835938 0.71660393476486206055 0.7419751286506652832 0.84287101030349731445 0.87511092424392700195 0.86400318145751953125 0.83250904083251953125
0.98815864324569702148 0.99474477767944335938 1.0031678676605224609 1.0089139938354492188 1.0136083364486694336 1.0264273881912231445 1.0379353761672973633 1.0449846982955932617 1.0512568950653076172 1.0571678876876831055 1.0616581439971923828 1.0647588968276977539 1.0669960975646972656 1.0526149272918701172 1.0647588968276977539 1.0793520212173461914 1.0683383941650390625 1.0121482610702514648 0.90045070648193359375 0.76506191492080688477 0.69361132383346557617 0.67375868558883666992 0.67278534173965454102 0.70212858915328979492 0.72848886251449584961 0.73653507232666015625 0.73745352029800415039 0.7353026270866394043 0.76586264371871948242 0.8113219141960144043 0.80730271339416503906 0.78712040185928344727 0.75991237163543701172 0.74788618087768554688 0.74349802732467651367 0.73616611957550048828 0.78161758184432983398 0.86953747272491455078 0.89052832126617431641 0.89128977060317993164
0.98459476232528686523 0.98569375276565551758 0.9892184138298034668 0.99492532014846801758 0.99531781673431396484 1.0013859272003173828 1.0160340070724487305 1.0210893154144287109 1.0237897634506225586 1.0276755094528198242 1.0336964130401611328 1.0404945611953735352 1.0496790409088134766 1.0556215047836303711 1.0635027885437011719 1.0712115764617919922 1.0693902969360351563 1.0271809101104736328 0.91828590631484985352 0.82741439342498779297 0.75191318988800048828 0.70982939004898071289 0.6984469294548034668 0.72368466854095458984 0.74578237533569335938 0.75068074464797973633 0.75316917896270751953 0.76461446285247802734 0.80314224958419799805 0.83888322114944458008 0.82682567834854125977 0.81094515323638916016 0.80452382564544677734 0.79489976167678833008 0.77973359823226928711 0.76854735612869262695 0.77315527200698852539 0.78713613748550415039 0.86543977260589599609 1.0010483264923095703
0.96085637807846069336 0.96230864524841308594 0.96422404050827026367 0.96876919269561767578 0.98127418756484985352 0.98892796039581298828 1.0046358108520507813 1.0089689493179321289 1.0102485418319702148 1.0135062932968139648 1.0220862627029418945 1.035242915153503418 1.0457932949066162109 1.0590126514434814453 1.0670195817947387695 1.0723105669021606445 1.0698142051696777344 1.0399999618530273438 0.967136383056640625 0.90812802314758300781 0.80870789289474487305 0.7329476475715637207 0.71937501430511474609 0.74608850479125976563 0.7633349299430847168 0.76530528068542480469 0.76802921295166015625 0.79176759719848632813 0.82796388864517211914 0.85816282033920288086 0.85104286670684814453 0.84112834930419921875 0.84347546100616455078 0.83417326211929321289 0.80619591474533081055 0.79174405336380004883 0.79982167482376098633 0.78707331418991088867 0.8068866729736328125 1.0566734075546264648
0.95733171701431274414 0.95737880468368530273 0.96305435895919799805 0.96876919269561767578 0.97838538885116577148 0.98986208438873291016 1.0022258758544921875 1.0037801265716552734 1.0059152841567993164 1.0107195377349853516 1.0237269401550292969 1.0377156734466552734 1.0456441640853881836 1.0585259199142456055 1.0666978359222412109 1.0565006732940673828 1.0294182300567626953 0.97640722990036010742 0.8905518651008605957 0.84336560964584350586 0.77445054054260253906 0.73493367433547973633 0.73965936899185180664 0.77032929658889770508 0.7867514491081237793 0.78710472583770751953 0.78317970037460327148 0.80502623319625854492 0.84180343151092529297 0.87778776884078979492 0.88180696964263916016 0.87497746944427490234 0.86675852537155151367 0.85097223520278930664 0.82670003175735473633 0.81956440210342407227 0.82531058788299560547 0.80565422773361206055 0.80623513460159301758 1.0169053077697753906
0.96725410223007202148 0.96723842620849609375 0.96764659881591796875 0.97028422355651855469 0.97862088680267333984 0.9895794987678527832 0.99858343601226806641 0.99977660179138183594 1.0058447122573852539 1.0134513378143310547 1.0254539251327514648 1.0361142158508300781 1.0460680723190307617 1.0581884384155273438 1.0600645542144775391 1.0073832273483276367 0.93390738964080810547 0.86898010969161987305 0.79141438007354736328 0.74827867746353149414 0.74060922861099243164 0.74327039718627929688 0.75462931394577026367 0.79124164581298828125 0.81234240531921386719 0.81649506092071533203 0.81414008140563964844 0.83078205585479736328 0.86106729507446289063 0.90070974826812744141 0.91229635477066040039 0.90570235252380371094 0.8857319951057434082 0.86405813694000244141 0.85178077220916748047 0.8535391688346862793 0.85743278264999389648 0.83204591274261474609 0.85827273130416870117 1.0292612314224243164
0.9744446873664855957 0.97800076007843017578 0.97599899768829345703 0.973651885986328125 0.97928029298782348633 0.98759347200393676758 0.99238979816436767578 0.99663662910461425781 1.0083330869674682617 1.0163401365280151367 1.0223846435546875 1.0341203212738037109 1.049710392951965332 1.0631574392318725586 1.0631574392318725586 1.0084195137023925781 0.92119824886322021484 0.85412794351577758789 0.80548155307769775391 0.75190538167953491211 0.74835717678070068359 0.75719624757766723633 0.76338988542556762695 0.80289101600646972656 0.8239682316780090332 0.82918065786361694336 0.83211654424667358398 0.84597963094711303711 0.87516587972640991211 0.91754800081253051758 0.92540580034255981445 0.91224139928817749023 0.89183926582336425781 0.88049602508544921875 0.87036955356597900391 0.86649948358535766602 0.8694667816162109375 0.85742491483688354492 0.93237662315368652344 1.0790536403656005859
0.97679972648620605469 0.98356640338897705078 0.98437494039535522461 0.98148614168167114258 0.98194146156311035156 0.98678487539291381836 0.9872951507568359375 0.99140852689743041992 1.009314417839050293 1.0167483091354370117 1.0249594449996948242 1.0419231653213500977 1.0555900335311889648 1.0648844242095947266 1.073291778564453125 1.0624744892120361328 1.0220706462860107422 0.9565938115119934082 0.92801988124847412109 0.86995351314544677734 0.82552254199981689453 0.81089019775390625 0.78814876079559326172 0.81744492053985595703 0.83564907312393188477 0.83967608213424682617 0.84221947193145751953 0.85735428333282470703 0.8894450068473815918 0.92455804347991943359 0.92075079679489135742 0.90812802314758300781 0.89931243658065795898 0.8884480595588684082 0.87569969892501831055 0.86646026372909545898 0.87129586935043334961 0.86461549997329711914 0.93656849861145019531 1.085741877555847168
0.97468018531799316406 0.9863452911376953125 0.98866105079650878906 0.98855113983154296875 0.9895794987678527832 0.98977571725845336914 0.9874756932258605957 0.98742073774337768555 0.9988110661506652832 1.0093221664428710938 1.0295752286911010742 1.0438150167465209961 1.0472533702850341797 1.0536353588104248047 1.069492340087890625 1.077672123908996582 1.0600645542144775391 1.0401334762573242188 1.0385948419570922852 1.0138987302780151367 0.95746517181396484375 0.89826053380966186523 0.83513092994689941406 0.83939349651336669922 0.85090160369873046875 0.84862506389617919922 0.83885186910629272461 0.85019505023956298828 0.87856495380401611328 0.92051529884338378906 0.92041325569152832031 0.91095399856567382813 0.90952527523040771484 0.90596139430999755859 0.89386457204818725586 0.88395005464553833008 0.89206689596176147461 0.87153136730194091797 0.90463477373123168945 1.0756624937057495117
0.96264618635177612305 0.98756206035614013672 0.99412465095520019531 0.99775135517120361328 1.0027595758438110352 1.0001926422119140625 0.99617350101470947266 0.99147135019302368164 0.99431306123733520508 1.0050439834594726563 1.0277460813522338867 1.0315141677856445313 1.0306742191314697266 1.0462328195571899414 1.0628277063369750977 1.0674121379852294922 1.0439956188201904297 1.0439170598983764648 1.0524029731750488281 1.0545459985733032227 1.0199353694915771484 0.94337445497512817383 0.86082398891448974609 0.8631083369255065918 0.85372757911682128906 0.84512400627136230469 0.83753305673599243164 0.84579908847808837891 0.86919987201690673828 0.92273682355880737305 0.9370238184928894043 0.92758029699325561523 0.92824751138687133789 0.92836529016494750977 0.91998934745788574219 0.90934473276138305664 0.90790820121765136719 0.88048034906387329102 0.88581049442291259766 1.0597819089889526367
