INPUT/RASTER/ASCII/BIO11.asc
ncols        113
nrows        135
xllcorner    473009.983799999987
yllcorner    4429001.174800000153
cellsize     100.000000000000
NODATA_value  -9999
[rows 0 to 17 of 135, columns 0 to 39 of 113]
-9999.0 -9999 -9999 -9999 -9999 -9999 -9999 -9999 -9999 -9999 -9999 -9999 -9999 -9999 -9999 -9999 -9999 -9999 -9999 -9999 -9999 -9999 -2.2141098976135253906 -2.2461736202239990234 -2.2555658817291259766 -2.3007993698120117188 -2.305210113525390625 -2.3213214874267578125 -2.3527300357818603516 -2.4428257942199707031 -2.4895658493041992188 -2.583492279052734375 -2.6102998256683349609 -2.6463375091552734375 -9999 -9999 -9999 -9999 -9999 -9999
-9999 -9999 -9999 -9999 -9999 -9999 -9999 -9999 -9999 -9999 -9999 -9999 -9999 -9999 -9999 -9999 -9999 -9999 -9999 -9999 -2.0796821117401123047 -2.0859208106994628906 -2.1628499031066894531 -2.2270271778106689453 -2.26763153076171875 -2.2910451889038085938 -2.2971653938293457031 -2.3130738735198974609 -2.3423240184783935547 -2.4017877578735351563 -2.4691030979156494141 -2.5212833881378173828 -2.5845029354095458984 -2.6665663719177246094 -2.7397928237915039063 -9999 -9999 -9999 -9999 -9999
-9999 -9999 -9999 -9999 -9999 -9999 -9999 -9999 -9999 -9999 -9999 -9999 -9999 -9999 -9999 -9999 -9999 -9999 -9999 -9999 -2.0822649002075195313 -2.0954036712646484375 -2.1482045650482177734 -2.2017512321472167969 -2.2408800125122070313 -2.2623815536499023438 -2.2763314247131347656 -2.2919218540191650391 -2.31595611572265625 -2.3730962276458740234 -2.443256378173828125 -2.4963474273681640625 -2.5586061477661132813 -2.64410400390625 -2.6795678138732910156 -2.6617593765258789063 -2.6420545578002929688 -9999 -9999 -9999
-9999 -9999 -9999 -9999 -9999 -9999 -9999 -9999 -9999 -9999 -9999 -9999 -9999 -9999 -9999 -9999 -9999 -9999 -9999 -9999 -2.0701119899749755859 -2.0954596996307373047 -2.1490125656127929688 -2.1885437965393066406 -2.2122039794921875 -2.2268211841583251953 -2.2430884838104248047 -2.2615892887115478516 -2.2911794185638427734 -2.3570597171783447266 -2.4208283424377441406 -2.4607369899749755859 -2.5001466274261474609 -2.5654499530792236328 -2.6075954437255859375 -2.6344122886657714844 -2.6367704868316650391 -2.631595611572265625 -9999 -9999
-9999 -9999 -9999 -9999 -9999 -9999 -9999 -9999 -9999 -9999 -9999 -9999 -9999 -9999 -9999 -9999 -9999 -9999 -9999 -9999 -2.0798444747924804688 -2.0991094112396240234 -2.1391336917877197266 -2.1707231998443603516 -2.1890430450439453125 -2.1998951435089111328 -2.2087945938110351563 -2.2229096889495849609 -2.2505407333374023438 -2.3127214908599853516 -2.3760066032409667969 -2.40610504150390625 -2.4321014881134033203 -2.4840946197509765625 -2.5394129753112792969 -2.6034996509552001953 -2.6264548301696777344 -2.6337354183197021484 -2.6915116310119628906 -2.7534990310668945313
-9999 -9999 -9999 -9999 -9999 -9999 -9999 -9999 -9999 -9999 -9999 -9999 -9999 -9999 -9999 -9999 -9999 -9999 -9999 -1.9733284711837768555 -2.0682218074798583984 -2.0984480381011962891 -2.1317470073699951172 -2.1584236621856689453 -2.1700992584228515625 -2.1784217357635498047 -2.1878421306610107422 -2.2019009590148925781 -2.2274262905120849609 -2.2673602104187011719 -2.3155412673950195313 -2.3434593677520751953 -2.3738167285919189453 -2.4287824630737304688 -2.4930782318115234375 -2.5658400058746337891 -2.6015501022338867188 -2.6127827167510986328 -2.6296148300170898438 -2.7013905048370361328
-9999 -9999 -9999 -9999 -9999 -9999 -9999 -9999 -9999 -9999 -9999 -9999 -9999 -9999 -9999 -9999 -9999 -9999 -9999 -1.8433551788330078125 -1.9668371677398681641 -2.0458281040191650391 -2.0867879390716552734 -2.1207857131958007813 -2.1344451904296875 -2.1537320613861083984 -2.1767153739929199219 -2.1963109970092773438 -2.2120854854583740234 -2.2331066131591796875 -2.259845733642578125 -2.279079437255859375 -2.3107812404632568359 -2.3763496875762939453 -2.4445726871490478516 -2.5215203762054443359 -2.5656933784484863281 -2.5747518539428710938 -2.5687534809112548828 -2.5785107612609863281
-9999 -9999 -9999 -9999 -9999 -9999 -9999 -9999 -9999 -9999 -9999 -9999 -9999 -9999 -9999 -9999 -9999 -9999 -1.7354323863983154297 -1.8356940746307373047 -1.9258677959442138672 -1.9786437749862670898 -1.9812078475952148438 -2.0003638267517089844 -2.0376772880554199219 -2.0759327411651611328 -2.1384472846984863281 -2.1843390464782714844 -2.1966073513031005859 -2.2072100639343261719 -2.2268586158752441406 -2.2451660633087158203 -2.2757885456085205078 -2.3330750465393066406 -2.399379730224609375 -2.4745807647705078125 -2.5224437713623046875 -2.5370452404022216797 -2.5300705432891845703 -2.510662078857421875
-9999 -9999 -9999 -9999 -9999 -9999 -9999 -9999 -9999 -9999 -9999 -9999 -9999 -9999 -9999 -9999 -9999 -9999 -1.6973795890808105469 -1.7735257148742675781 -1.8953014612197875977 -1.946932673454284668 -1.9544751644134521484 -1.9635961055755615234 -1.9692702293395996094 -1.9864546060562133789 -2.0450918674468994141 -2.1108660697937011719 -2.1442556381225585938 -2.1777665615081787109 -2.2059247493743896484 -2.2270333766937255859 -2.2661964893341064453 -2.3285958766937255859 -2.382232666015625 -2.421421051025390625 -2.4608805179595947266 -2.4897031784057617188 -2.5002684593200683594 -2.4847247600555419922
-9999 -9999 -9999 -9999 -9999 -9999 -9999 -9999 -9999 -9999 -9999 -9999 -9999 -9999 -9999 -9999 -9999 -1.6153504848480224609 -1.6387236118316650391 -1.7336636781692504883 -1.8640019893646240234 -1.9070332050323486328 -1.923830866813659668 -1.9534957408905029297 -1.9697443246841430664 -1.9724206924438476563 -1.9850914478302001953 -2.0091571807861328125 -2.0374338626861572266 -2.0950574874877929688 -2.1463985443115234375 -2.1895451545715332031 -2.2499978542327880859 -2.3228280544281005859 -2.3642153739929199219 -2.3768362998962402344 -2.3879256248474121094 -2.4069972038269042969 -2.4320578575134277344 -2.4482784271240234375
-9999 -9999 -9999 -9999 -9999 -9999 -9999 -9999 -9999 -9999 -9999 -9999 -9999 -9999 -9999 -9999 -9999 -1.5995229482650756836 -1.6046479940414428711 -1.7105213403701782227 -1.8452204465866088867 -1.8719532489776611328 -1.8908812999725341797 -1.919582366943359375 -1.9416984319686889648 -1.9695633649826049805 -1.9962275028228759766 -1.9974565505981445313 -1.9964739084243774414 -2.0153801441192626953 -2.0543031692504882813 -2.1077656745910644531 -2.1975431442260742188 -2.2905118465423583984 -2.3408048152923583984 -2.3557620048522949219 -2.3463261127471923828 -2.34665679931640625 -2.3667702674865722656 -2.3912038803100585938
-9999 -9999 -9999 -9999 -9999 -9999 -9999 -9999 -9999 -9999 -9999 -9999 -9999 -9999 -9999 -9999 -9999 -1.6039898395538330078 -1.6072402000427246094 -1.7136875391006469727 -1.8397241830825805664 -1.8518396615982055664 -1.8674395084381103516 -1.9071767330169677734 -1.9288997650146484375 -1.9506258964538574219 -1.9846017360687255859 -2.0120830535888671875 -2.0282785892486572266 -2.0357370376586914063 -2.0434978008270263672 -2.0737493038177490234 -2.1352469921112060547 -2.2088849544525146484 -2.2783496379852294922 -2.3287549018859863281 -2.3205447196960449219 -2.3094086647033691406 -2.3286175727844238281 -2.3496544361114501953
-9999 -9999 -9999 -9999 -9999 -9999 -9999 -9999 -9999 -9999 -9999 -9999 -9999 -9999 -9999 -9999 -9999 -1.6043828725814819336 -1.604239344596862793 -1.6945316791534423828 -1.8160609006881713867 -1.835787653923034668 -1.8634904623031616211 -1.9071393013000488281 -1.9236187934875488281 -1.9354317188262939453 -1.9717469215393066406 -2.0144131183624267578 -2.0469884872436523438 -2.07859039306640625 -2.0806927680969238281 -2.0840616226196289063 -2.0908744335174560547 -2.107391357421875 -2.1565799713134765625 -2.213008880615234375 -2.2394888401031494141 -2.25045013427734375 -2.2905867099761962891 -2.3186888694763183594
-9999 -9999 -9999 -9999 -9999 -9999 -9999 -9999 -9999 -9999 -9999 -9999 -9999 -9999 -9999 -9999 -9999 -1.6003308296203613281 -1.5711401700973510742 -1.6497817039489746094 -1.7720190286636352539 -1.8118467330932617188 -1.8500772714614868164 -1.888510584831237793 -1.9130411148071289063 -1.935200810432434082 -1.9821561574935913086 -2.0385506153106689453 -2.0702242851257324219 -2.0932264328002929688 -2.0915856361389160156 -2.0843050479888916016 -2.0660381317138671875 -2.0468356609344482422 -2.0565054416656494141 -2.0710353851318359375 -2.0901725292205810547 -2.1338338851928710938 -2.230377197265625 -2.2927639484405517578
-9999 -9999 -9999 -9999 -9999 -9999 -9999 -9999 -9999 -9999 -9999 -9999 -9999 -9999 -9999 -9999 -9999 -1.6262369155883789063 -1.6167541742324829102 -1.6913998126983642578 -1.7812678813934326172 -1.8029503822326660156 -1.828937530517578125 -1.873965144157409668 -1.9206366539001464844 -1.9688677787780761719 -2.0239958763122558594 -2.0729975700378417969 -2.0866320133209228516 -2.0806803703308105469 -2.0600054264068603516 -2.0516049861907958984 -2.0355780124664306641 -2.0253403186798095703 -2.0231597423553466797 -2.0087361335754394531 -2.0023288726806640625 -2.033618927001953125 -2.1386439800262451172 -2.2453656196594238281
-9999 -9999 -9999 -9999 -9999 -9999 -9999 -9999 -9999 -9999 -9999 -9999 -9999 -9999 -9999 -1.5145740509033203125 -1.6055152416229248047 -1.6520119905471801758 -1.6934149265289306641 -1.7258528470993041992 -1.7536835670471191406 -1.7773593664169311523 -1.8271346092224121094 -1.8993971347808837891 -1.9548058509826660156 -2.0102207660675048828 -2.0630967617034912109 -2.0946457386016845703 -2.0857899188995361328 -2.0523941516876220703 -2.0239365100860595703 -2.0104079246520996094 -1.9842180013656616211 -1.968665003776550293 -1.9848201274871826172 -1.977854609489440918 -1.9654458761215209961 -1.9812546968460083008 -2.0508751869201660156 -2.1302435398101806641
-9999 -9999 -9999 -9999 -9999 -9999 -9999 -9999 -9999 -9999 -9999 -9999 -9999 -9999 -1.3653669357299804688 -1.4650796651840209961 -1.5906609296798706055 -1.6749484539031982422 -1.6994477510452270508 -1.7056739330291748047 -1.7277994155883789063 -1.7859967947006225586 -1.8790652751922607422 -1.9643541574478149414 -1.9958781003952026367 -2.0212132930755615234 -2.0549738407135009766 -2.07253265380859375 -2.0530493259429931641 -2.0218186378479003906 -1.9988197088241577148 -1.9766068458557128906 -1.9463212490081787109 -1.9235968589782714844 -1.9241989850997924805 -1.9334353208541870117 -1.9481397867202758789 -1.9724519252777099609 -2.016147613525390625 -2.0568797588348388672
-9999 -9999 -9999 -9999 -9999 -9999 -9999 -9999 -9999 -9999 -9999 -9999 -9999 -9999 -1.3670077323913574219 -1.4201487302780151367 -1.5594675540924072266 -1.6312901973724365234 -1.6539740562438964844 -1.6931092739105224609 -1.7596477270126342773 -1.838161468505859375 -1.9186278581619262695 -1.9676543474197387695 -1.9792926311492919922 -1.9954227209091186523 -2.0102207660675048828 -2.0199532508850097656 -2.0075507164001464844 -2.0052859783172607422 -1.9900200366973876953 -1.9647284746170043945 -1.9300227165222167969 -1.9116716384887695313 -1.909138798713684082 -1.9118026494979858398 -1.9228669404983520508 -1.9685152769088745117 -2.0216281414031982422 -2.0275394916534423828
