INPUT/RASTER/ASCII/BIO13.asc
ncols        113
nrows        135
xllcorner    473009.983799999987
yllcorner    4429001.174800000153
cellsize     100.000000000000
NODATA_value  -9999
[rows 36 to 53 of 135, columns 0 to 39 of 113]
-9999 -9999 -9999 -9999 -9999 -9999 -9999 -9999 -9999 1.3918091058731079102 1.3680744171142578125 1.361728668212890625 1.3629302978515625 1.3631322383880615234 1.365688323974609375 1.3764925003051757813 1.3923447132110595703 1.4024655818939208984 1.4004672765731811523 1.4102469682693481445 1.4254269599914550781 1.4310106039047241211 1.4263997077941894531 1.4239150285720825195 1.4204688072204589844 1.4442735910415649414 1.5956178903579711914 1.6166894435882568359 1.5554105043411254883 1.4933115243911743164 1.4659163951873779297 1.4505369663238525391 1.4345923662185668945 1.4247633218765258789 1.4077143669128417969 1.3830636739730834961 1.3587219715118408203 1.3264498710632324219 1.2852290868759155273 1.2590135335922241211
-9999 -9999 -9999 -9999 -9999 -9999 -9999 -9999 -9999 -9999 1.3568135499954223633 1.3524216413497924805 1.3575621843338012695 1.343602299690246582 1.301747441291809082 1.272112727165222168 1.2765549421310424805 1.3391451835632324219 1.3713927268981933594 1.3990155458450317383 1.4227859973907470703 1.4320240020751953125 1.4286478757858276367 1.4244567155838012695 1.4268651008605957031 1.5267089605331420898 1.6336300373077392578 1.6094102859497070313 1.5422583818435668945 1.4849206209182739258 1.4642579555511474609 1.451424717903137207 1.4365636110305786133 1.4223809242248535156 1.3998343944549560547 1.3720895051956176758 1.3460708856582641602 1.3050779104232788086 1.257006525993347168 1.2369606494903564453
-9999 -9999 -9999 -9999 -9999 -9999 -9999 -9999 -9999 -9999 -9999 1.3447141647338867188 1.355556488037109375 1.2850136756896972656 1.2115626335144042969 1.1854566335678100586 1.2174184322357177734 1.2811069488525390625 1.3340576887130737305 1.3851604461669921875 1.4104685783386230469 1.4216371774673461914 1.4259330034255981445 1.4253395795822143555 1.4403631687164306641 1.5837339162826538086 1.615763545036315918 1.5698184967041015625 1.5082674026489257813 1.4773768186569213867 1.4662611484527587891 1.4520870447158813477 1.4354099035263061523 1.4170434474945068359 1.3937114477157592773 1.3643474578857421875 1.3384335041046142578 1.2972805500030517578 1.2504181861877441406 1.2236177921295166016
-9999 -9999 -9999 -9999 -9999 -9999 -9999 -9999 -9999 -9999 -9999 -9999 -9999 1.2143981456756591797 1.1698062419891357422 1.2475826740264892578 1.3116922378540039063 1.3226945400238037109 1.341338038444519043 1.3771783113479614258 1.3944834470748901367 1.4009252786636352539 1.4103159904479980469 1.4145945310592651367 1.454554438591003418 1.575077056884765625 1.5610581636428833008 1.5207694768905639648 1.4858070611953735352 1.4772462844848632813 1.4673963785171508789 1.4504729509353637695 1.4331394433975219727 1.4146388769149780273 1.3885142803192138672 1.3557965755462646484 1.3307431936264038086 1.2946776151657104492 1.2496362924575805664 1.2109581232070922852
-9999 -9999 -9999 -9999 -9999 -9999 -9999 -9999 -9999 -9999 -9999 -9999 -9999 -9999 -9999 1.3507213592529296875 1.3819640874862670898 1.3938764333724975586 1.3887691497802734375 1.387232661247253418 1.3908339738845825195 1.3893835544586181641 1.3802490234375 1.3743021488189697266 1.4957234859466552734 1.5545227527618408203 1.5169907808303833008 1.4863488674163818359 1.4707305431365966797 1.4738837480545043945 1.4641606807708740234 1.4473824501037597656 1.430407404899597168 1.4125308990478515625 1.3831535577774047852 1.3471704721450805664 1.3225750923156738281 1.2899336814880371094 1.2442816495895385742 1.2016314268112182617
-9999 -9999 -9999 -9999 -9999 -9999 -9999 -9999 -9999 -9999 -9999 -9999 -9999 -9999 -9999 1.3617656230926513672 1.3744941949844360352 1.3937385082244873047 1.3977806568145751953 1.3979419469833374023 1.3978557586669921875 1.3900496959686279297 1.3705295324325561523 1.3663840293884277344 1.5169427394866943359 1.5326484441757202148 1.4968230724334716797 1.470215916633605957 1.4508521556854248047 1.4537394046783447266 1.4516537189483642578 1.4404900074005126953 1.4276592731475830078 1.4105609655380249023 1.3784279823303222656 1.3439717292785644531 1.3195204734802246094 1.2830091714859008789 1.2326205968856811523 1.1840898990631103516
-9999 -9999 -9999 -9999 -9999 -9999 -9999 -9999 -9999 -9999 -9999 -9999 -9999 -9999 -9999 1.3565648794174194336 1.3685436248779296875 1.3821796178817749023 1.3941743373870849609 1.403084874153137207 1.4036868810653686523 1.3898195028305053711 1.3756884336471557617 1.4380706548690795898 1.5164071321487426758 1.5075261592864990234 1.4788986444473266602 1.4552464485168457031 1.437756657600402832 1.4348114728927612305 1.4303963184356689453 1.4227465391159057617 1.4165374040603637695 1.400478363037109375 1.370274662971496582 1.338930964469909668 1.3118547201156616211 1.2697708606719970703 1.2125906944274902344 1.1572451591491699219
-9999 -9999 -9999 -9999 -9999 -9999 -9999 -9999 -9999 -9999 -9999 -9999 -9999 -9999 -9999 -9999 1.3721756935119628906 1.3794400691986083984 1.3914262056350708008 1.3930391073226928711 1.3812093734741210938 1.355742335319519043 1.3874295949935913086 1.5258692502975463867 1.5109059810638427734 1.4836906194686889648 1.45700836181640625 1.4312913417816162109 1.4200131893157958984 1.4222786426544189453 1.4108736515045166016 1.3964669704437255859 1.3885475397109985352 1.377291560173034668 1.3515943288803100586 1.3197247982025146484 1.2906920909881591797 1.2465126514434814453 1.1898927688598632813 1.1350347995758056641
-9999 -9999 -9999 -9999 -9999 -9999 -9999 -9999 -9999 -9999 -9999 -9999 -9999 -9999 -9999 1.2969899177551269531 1.3261346817016601563 1.3593375682830810547 1.3801923990249633789 1.369842529296875 1.3409059047698974609 1.312529444694519043 1.3992938995361328125 1.5197118520736694336 1.5036478042602539063 1.4670872688293457031 1.4352842569351196289 1.4122415781021118164 1.3982989788055419922 1.4005903005599975586 1.3916034698486328125 1.3732161521911621094 1.3585052490234375 1.3431836366653442383 1.316540837287902832 1.2843512296676635742 1.2549774646759033203 1.2114444971084594727 1.1505286693572998047 1.0989999771118164063
-9999 -9999 -9999 -9999 -9999 -9999 -9999 -9999 -9999 -9999 1.2445968389511108398 1.283682703971862793 1.3175443410873413086 1.3732727766036987305 1.3729587793350219727 1.3424670696258544922 1.3163967132568359375 1.3503925800323486328 1.3656194210052490234 1.3446106910705566406 1.3121428489685058594 1.2944166660308837891 1.4137252569198608398 1.4822882413864135742 1.4838542938232421875 1.4503842592239379883 1.4216667413711547852 1.4049588441848754883 1.3890979290008544922 1.3816292285919189453 1.3684722185134887695 1.3433351516723632813 1.3218141794204711914 1.30170440673828125 1.2739336490631103516 1.2387939691543579102 1.2034130096435546875 1.1544834375381469727 1.087155461311340332 1.0464887619018554688
-9999 -9999 -9999 -9999 -9999 -9999 1.2228051424026489258 1.2173199653625488281 1.2047550678253173828 1.2211576700210571289 1.2802610397338867188 1.3219423294067382813 1.3622802495956420898 1.3765084743499755859 1.3914040327072143555 1.393262028694152832 1.3382735252380371094 1.3422147035598754883 1.3458936214447021484 1.3154104948043823242 1.2887762784957885742 1.3341722488403320313 1.4460428953170776367 1.4586261510848999023 1.459529876708984375 1.4439522027969360352 1.4229447841644287109 1.4029875993728637695 1.3849203586578369141 1.3635927438735961914 1.3384556770324707031 1.3119692802429199219 1.2927199602127075195 1.2750270366668701172 1.2465668916702270508 1.2033009529113769531 1.1638778448104858398 1.1054209470748901367 1.0452661514282226563 1.0140787363052368164
-9999 -9999 -9999 -9999 -9999 1.1597359180450439453 1.1839889287948608398 1.2316073179244995117 1.2517098188400268555 1.3026474714279174805 1.3410105705261230469 1.3599359989166259766 1.3771327733993530273 1.3846236467361450195 1.3945486545562744141 1.4160202741622924805 1.4007085561752319336 1.3526593446731567383 1.3335479497909545898 1.291497349739074707 1.2730114459991455078 1.3788182735443115234 1.4526804685592651367 1.4607452154159545898 1.4721969366073608398 1.4584932327270507813 1.4301229715347290039 1.4041486978530883789 1.3833246231079101563 1.3560895919799804688 1.3214362859725952148 1.2938379049301147461 1.2787293195724487305 1.2635087966918945313 1.2336449623107910156 1.1931912899017333984 1.1617810726165771484 1.0990837812423706055 1.0416487455368041992 1.0078092813491821289
-9999 -9999 -9999 -9999 1.0887732505798339844 1.1216967105865478516 1.1779017448425292969 1.2272683382034301758 1.258520960807800293 1.3201348781585693359 1.3512482643127441406 1.3535150289535522461 1.3677998781204223633 1.3774368762969970703 1.3855162858963012695 1.4061592817306518555 1.4342451095581054688 1.4198740720748901367 1.344684600830078125 1.2782319784164428711 1.2692216634750366211 1.3993381261825561523 1.4368245601654052734 1.4631103277206420898 1.4836019277572631836 1.4667512178421020508 1.4327504634857177734 1.4043616056442260742 1.3828777074813842773 1.3604494333267211914 1.3275111913681030273 1.2882161140441894531 1.2715660333633422852 1.2587820291519165039 1.2257785797119140625 1.1753160953521728516 1.1404201984405517578 1.0761321783065795898 1.0139014720916748047 0.98445874452590942383
-9999 -9999 -9999 -9999 1.0179387331008911133 1.0523494482040405273 1.1363607645034790039 1.1885851621627807617 1.2174417972564697266 1.2667653560638427734 1.2947688102722167969 1.3046076297760009766 1.3249994516372680664 1.3412641286849975586 1.3598535060882568359 1.382494807243347168 1.4069904088973999023 1.4247547388076782227 1.3799042701721191406 1.2765488624572753906 1.2373645305633544922 1.3119938373565673828 1.3944033384323120117 1.4446504116058349609 1.4718313217163085938 1.4554126262664794922 1.4198691844940185547 1.3940819501876831055 1.3741210699081420898 1.3545393943786621094 1.3274201154708862305 1.2845321893692016602 1.2562654018402099609 1.2483755350112915039 1.2201801538467407227 1.1607898473739624023 1.0974695682525634766 1.0152127742767333984 0.96342664957046508789 0.95709931850433349609
-9999 -9999 -9999 -9999 0.98073673248291015625 1.0193866491317749023 1.0838360786437988281 1.1487754583358764648 1.1738374233245849609 1.2082518339157104492 1.2456951141357421875 1.2615301609039306641 1.2734571695327758789 1.2922053337097167969 1.3261827230453491211 1.366424560546875 1.3915038108825683594 1.4059166908264160156 1.3824197053909301758 1.2802215814590454102 1.2223656177520751953 1.2669894695281982422 1.3386108875274658203 1.3805593252182006836 1.4232944250106811523 1.426647186279296875 1.3975331783294677734 1.3694238662719726563 1.3532626628875732422 1.3330025672912597656 1.3093984127044677734 1.2733069658279418945 1.2217991352081298828 1.2093919515609741211 1.1896342039108276367 1.1357291936874389648 1.07103729248046875 0.98822510242462158203 0.94177156686782836914 0.94091588258743286133
-9999 -9999 -9999 -9999 -9999 0.98718225955963134766 1.0453560352325439453 1.114055633544921875 1.1383899450302124023 1.1719498634338378906 1.2116020917892456055 1.2247073650360107422 1.2232902050018310547 1.2514857053756713867 1.3014950752258300781 1.3521484136581420898 1.3806786537170410156 1.3948171138763427734 1.3811810016632080078 1.3165690898895263672 1.3178656101226806641 1.363590240478515625 1.3319301605224609375 1.3033270835876464844 1.3430408239364624023 1.3871402740478515625 1.3698265552520751953 1.3304157257080078125 1.3237497806549072266 1.3060346841812133789 1.2818517684936523438 1.2471652030944824219 1.1869796514511108398 1.1493947505950927734 1.1409595012664794922 1.1147056818008422852 1.0701174736022949219 0.99201488494873046875 0.92327588796615600586 0.91266995668411254883
-9999 -9999 -9999 -9999 0.90201967954635620117 0.97308087348937988281 1.0169610977172851563 1.0683925151824951172 1.0970841646194458008 1.1221214532852172852 1.1306515932083129883 1.1365220546722412109 1.1572340726852416992 1.227006077766418457 1.2820439338684082031 1.3236820697784423828 1.344024658203125 1.3715921640396118164 1.4264365434646606445 1.4428908824920654297 1.455721735954284668 1.4206682443618774414 1.3404428958892822266 1.2812879085540771484 1.2911661863327026367 1.3553779125213623047 1.3415387868881225586 1.2963361740112304688 1.2757558822631835938 1.2479027509689331055 1.2270492315292358398 1.1965833902359008789 1.1497062444686889648 1.0977650880813598633 1.1011743545532226563 1.1019685268402099609 1.0790809392929077148 1.0157188177108764648 0.92116427421569824219 0.88013559579849243164
-9999 -9999 -9999 -9999 0.88539052009582519531 0.92414760589599609375 0.99039947986602783203 1.0215610265731811523 1.0372642278671264648 1.0363593101501464844 1.0276950597763061523 1.0323922634124755859 1.0895022153854370117 1.1886135339736938477 1.2424827814102172852 1.2991347312927246094 1.3700013160705566406 1.429752349853515625 1.4870580434799194336 1.4791928529739379883 1.4480534791946411133 1.3723826408386230469 1.3005987405776977539 1.2554072141647338867 1.2418831586837768555 1.2692216634750366211 1.2656548023223876953 1.2759615182876586914 1.2298158407211303711 1.1991726160049438477 1.1901870965957641602 1.1632733345031738281 1.1185324192047119141 1.056742548942565918 1.0594069957733154297 1.080271601676940918 1.0666393041610717773 1.0144209861755371094 0.92737340927124023438 0.86829721927642822266
