INPUT/RASTER/ASCII/BIO16.asc
ncols        113
nrows        135
xllcorner    473009.983799999987
yllcorner    4429001.174800000153
cellsize     100.000000000000
NODATA_value  -9999
[rows 72 to 89 of 135, columns 0 to 39 of 113]
-9999 -9999 -9999 -0.17349354922771453857 -0.10540529340505599976 0.05509351193904876709 0.095074526965618133545 0.095741547644138336182 0.086334019899368286133 0.17316620051860809326 0.37616801261901855469 0.56806111335754394531 0.60552781820297241211 0.61753040552139282227 0.60013395547866821289 0.59457480907440185547 0.61172711849212646484 0.61621558666229248047 0.60700410604476928711 0.59894984960556030273 0.60381317138671875 0.62270700931549072266 0.64049172401428222656 0.65574866533279418945 0.66145777702331542969 0.66095221042633056641 0.66038519144058227539 0.66429501771926879883 0.65871089696884155273 0.58279138803482055664 0.47523149847984313965 0.49500766396522521973 0.51179856061935424805 0.49460977315902709961 0.47345918416976928711 0.47017979621887207031 0.50706982612609863281 0.51410913467407226563 0.49172446131706237793 0.45571482181549072266
-9999 -9999 -9999 -0.1868724524974822998 -0.15525709092617034912 -0.024695511907339096069 0.070373527705669403076 0.092804335057735443115 0.10985090583562850952 0.2282273024320602417 0.48865076899528503418 0.56119483709335327148 0.57656711339950561523 0.57043123245239257813 0.54137635231018066406 0.52841454744338989258 0.55376911163330078125 0.55278879404067993164 0.54031908512115478516 0.54007500410079956055 0.55312520265579223633 0.56980460882186889648 0.58869844675064086914 0.60212540626525878906 0.60418415069580078125 0.60900515317916870117 0.61878943443298339844 0.62270319461822509766 0.5992285609245300293 0.49477699398994445801 0.42049524188041687012 0.46734833717346191406 0.46717339754104614258 0.43035256862640380859 0.40240490436553955078 0.41366738080978393555 0.45868086814880371094 0.46393632888793945313 0.43972548842430114746 0.40100741386413574219
-9999 -9999 -0.19509010016918182373 -0.19099953770637512207 -0.15590104460716247559 -0.01389819663017988205 0.11662109941244125366 0.14709077775478363037 0.16104829311370849609 0.31207805871963500977 0.51292693614959716797 0.5298754572868347168 0.53444081544876098633 0.52282851934432983398 0.4845390617847442627 0.46705037355422973633 0.49385431408882141113 0.49090942740440368652 0.47504889965057373047 0.48905253410339355469 0.50579923391342163086 0.52536779642105102539 0.54474991559982299805 0.550445556640625 0.55236399173736572266 0.55518585443496704102 0.56408590078353881836 0.56474137306213378906 0.51008391380310058594 0.3937797248363494873 0.36895570158958435059 0.42586794495582580566 0.41066291928291320801 0.37228506803512573242 0.38086408376693725586 0.40504992008209228516 0.43003156781196594238 0.42504331469535827637 0.40725091099739074707 0.36552831530570983887
-9999 -9999 -0.20493973791599273682 -0.1761366426944732666 -0.086828611791133880615 0.018766706809401512146 0.098807543516159057617 0.1283756941556930542 0.16031783819198608398 0.39430066943168640137 0.50427871942520141602 0.51121419668197631836 0.51137953996658325195 0.48386242985725402832 0.43328595161437988281 0.41506296396255493164 0.43848565220832824707 0.4405155479907989502 0.43815693259239196777 0.46226781606674194336 0.47911253571510314941 0.49143996834754943848 0.50073987245559692383 0.50468045473098754883 0.51497608423233032227 0.51020503044128417969 0.48686307668685913086 0.46384790539741516113 0.40273359417915344238 0.30981940031051635742 0.31350052356719970703 0.36081686615943908691 0.35441574454307556152 0.33658683300018310547 0.35801038146018981934 0.36971306800842285156 0.3868115544319152832 0.38136965036392211914 0.36340036988258361816 0.32378074526786804199
-9999 -9999 -0.21429920196533203125 -0.19159543514251708984 -0.10364258289337158203 -0.004125445149838924408 0.050733834505081176758 0.070994414389133453369 0.16842205822467803955 0.40842539072036743164 0.46353650093078613281 0.47881841659545898438 0.46817296743392944336 0.42996811866760253906 0.37224853038787841797 0.3543542325496673584 0.38249993324279785156 0.39711099863052368164 0.41192007064819335938 0.42953753471374511719 0.43979662656784057617 0.44774898886680603027 0.4535407721996307373 0.46233701705932617188 0.46867853403091430664 0.43684405088424682617 0.33132946491241455078 0.25175380706787109375 0.26409852504730224609 0.23738878965377807617 0.26155924797058105469 0.30228799581527709961 0.29767844080924987793 0.28731748461723327637 0.30228415131568908691 0.31029996275901794434 0.32751953601837158203 0.32397297024726867676 0.30070790648460388184 0.2687676846981048584
-9999 -9999 -0.21673662960529327393 -0.24796368181705474854 -0.22760890424251556396 -0.073299765586853027344 -0.0094866184517741203308 0.0065911347046494483948 0.186658516526222229 0.36531302332878112793 0.41317722201347351074 0.4316616356372833252 0.4134578704833984375 0.36839249730110168457 0.32236406207084655762 0.31005007028579711914 0.33679828047752380371 0.35860243439674377441 0.37590464949607849121 0.38021242618560791016 0.38596192002296447754 0.39896789193153381348 0.40605908632278442383 0.41434979438781738281 0.39485812187194824219 0.3155803978443145752 0.15616960823535919189 0.048292566090822219849 0.080561488866806030273 0.10346516966819763184 0.21162094175815582275 0.27120703458786010742 0.26561519503593444824 0.23125486075878143311 0.24266922473907470703 0.26582473516464233398 0.27647978067398071289 0.26389476656913757324 0.23216792941093444824 0.21740885078907012939
-9999 -9999 -9999 -0.35467582941055297852 -0.30532959103584289551 -0.10555522888898849487 -0.04482730478048324585 0.0051033082418143749237 0.21599023044109344482 0.31009814143180847168 0.36462101340293884277 0.37099906802177429199 0.3521398007869720459 0.3193499445915222168 0.29048341512680053711 0.27945929765701293945 0.30120578408241271973 0.32717931270599365234 0.33706739544868469238 0.33871093392372131348 0.34168657660484313965 0.34966778755187988281 0.35946360230445861816 0.35110947489738464355 0.26501351594924926758 0.13672021031379699707 0.0092669157311320304871 -0.067663714289665222168 -0.043756607919931411743 0.030236812308430671692 0.17438298463821411133 0.23644879460334777832 0.23104341328144073486 0.20146757364273071289 0.20485459268093109131 0.22149941325187683105 0.21286655962467193604 0.17670890688896179199 0.15117365121841430664 0.17437337338924407959
-9999 -9999 -9999 -0.43375170230865478516 -0.35049298405647277832 -0.16852642595767974854 -0.090721175074577331543 0.044690258800983428955 0.22543235123157501221 0.26230892539024353027 0.30421987175941467285 0.30900052189826965332 0.28714254498481750488 0.26932898163795471191 0.25259000062942504883 0.23817114531993865967 0.25871044397354125977 0.27957269549369812012 0.29570811986923217773 0.30809321999549865723 0.30749538540840148926 0.30351054668426513672 0.29876065254211425781 0.27309662103652954102 0.14576058089733123779 -0.00051929184701293706894 -0.09678589552640914917 -0.12350334227085113525 -0.045757677406072616577 0.035724855959415435791 0.13847906887531280518 0.18113586306571960449 0.17434646189212799072 0.17244149744510650635 0.17728173732757568359 0.17643594741821289063 0.13934217393398284912 0.081147775053977966309 0.092058502137660980225 0.13345237076282501221
-9999 -9999 -9999 -0.46672031283378601074 -0.41110560297966003418 -0.24314650893211364746 -0.090894177556037902832 0.11102156341075897217 0.19040691852569580078 0.22261816263198852539 0.24983154237270355225 0.26036167144775390625 0.24199259281158447266 0.22343127429485321045 0.19950880110263824463 0.19566620886325836182 0.22602824866771697998 0.24754022061824798584 0.26732024550437927246 0.2773736417293548584 0.27473053336143493652 0.26731640100479125977 0.25552335381507873535 0.23261196911334991455 0.11519862711429595947 -0.047187834978103637695 -0.15124534070491790771 -0.15367700159549713135 -0.048285443335771560669 -0.0031835392583161592484 0.070408128201961517334 0.12352776527404785156 0.13504785299301147461 0.15060082077980041504 0.15699617564678192139 0.14333854615688323975 0.085030734539031982422 0.029785081744194030762 0.056110385805368423462 0.086624287068843841553
-9999 -9999 -0.38872474431991577148 -0.42226237058639526367 -0.42490932345390319824 -0.24854035675525665283 -0.032684408128261566162 0.12103652209043502808 0.15047779679298400879 0.19342100620269775391 0.21589604020118713379 0.22252397239208221436 0.19545860588550567627 0.1720282137393951416 0.1607541888952255249 0.18127810955047607422 0.21560961008071899414 0.23078583180904388428 0.24379566311836242676 0.24623885750770568848 0.23981659114360809326 0.2332251816987991333 0.2238407135009765625 0.20122921466827392578 0.077899158000946044922 -0.083030231297016143799 -0.18691281974315643311 -0.19918835163116455078 -0.13521181046962738037 -0.077730566263198852539 0.012915358878672122955 0.11361276358366012573 0.13255468010902404785 0.13585519790649414063 0.13367727398872375488 0.11463156342506408691 0.051425844430923461914 -0.010645738802850246429 -0.0029163456056267023087 0.017027065157890319824
-9999 -9999 -0.36844494938850402832 -0.34135457873344421387 -0.3401012718677520752 -0.22957538068294525146 -0.00038281167508102953434 0.066573224961757659912 0.11888551712036132813 0.16141736507415771484 0.17086717486381530762 0.17381592094898223877 0.12632080912590026855 0.068310946226119995117 0.10854954272508621216 0.17402352392673492432 0.20583686232566833496 0.21361239254474639893 0.21325677633285522461 0.21075783669948577881 0.20178090035915374756 0.19447055459022521973 0.18750622868537902832 0.16638831794261932373 0.024487342685461044312 -0.12820710241794586182 -0.1842524111270904541 -0.23011553287506103516 -0.15894590318202972412 -0.042043875902891159058 0.052317772060632705688 0.10571613162755966187 0.11389341205358505249 0.10913775116205215454 0.10073364526033401489 0.084828898310661315918 0.030628953129053115845 -0.050726708024740219116 -0.071906134486198425293 -0.060491770505905151367
-9999 -9999 -0.38055515289306640625 -0.32691845297813415527 -0.32097673416137695313 -0.22268600761890411377 -0.030906323343515396118 0.017305793240666389465 0.10212536156177520752 0.12065398693084716797 0.0745755806565284729 0.056231487542390823364 0.014428175054490566254 -0.0098172463476657867432 0.093479052186012268066 0.16050237417221069336 0.18650858104228973389 0.19208696484565734863 0.18771575391292572021 0.18165294826030731201 0.17151497304439544678 0.15927211940288543701 0.14975695312023162842 0.12777595221996307373 -0.014961204491555690765 -0.13436985015869140625 -0.13980984687805175781 -0.21869924664497375488 -0.13826434314250946045 -0.020564582198858261108 0.060029864311218261719 0.090132400393486022949 0.094668924808502197266 0.087992928922176361084 0.074175752699375152588 0.057596288621425628662 0.014758802950382232666 -0.068569093942642211914 -0.11906100809574127197 -0.13575004041194915771
-9999 -9999 -0.43308082222938537598 -0.36719739437103271484 -0.34817090630531311035 -0.19205485284328460693 -0.098963811993598937988 -0.057035554200410842896 0.030332924798130989075 0.0085595259442925453186 -0.039494965225458145142 -0.05524209141731262207 -0.042261090129613876343 0.025506138801574707031 0.10010122507810592651 0.13888658583164215088 0.16070613265037536621 0.17012518644332885742 0.16878151893615722656 0.16191907227039337158 0.15052585303783416748 0.1289043128490447998 0.10526824742555618286 0.069702662527561187744 -0.075179733335971832275 -0.19328701496124267578 -0.21623492240905761719 -0.24164906144142150879 -0.11945699155330657959 -0.016356762498617172241 0.045111231505870819092 0.07469091564416885376 0.080311596393585205078 0.068854942917823791504 0.04968043789267539978 0.029767781496047973633 -0.003123949514701962471 -0.065009072422981262207 -0.11659282445907592773 -0.16288460791110992432
-9999 -0.6221039891242980957 -0.54713791608810424805 -0.42364445328712463379 -0.35878175497055053711 -0.19913837313652038574 -0.20805956423282623291 -0.18177653849124908447 -0.10337154567241668701 -0.051570579409599304199 -0.031179282814264297485 -0.0050365948118269443512 0.035763300955295562744 0.071355797350406646729 0.097638815641403198242 0.11915847659111022949 0.13497288525104522705 0.14314822852611541748 0.13934986293315887451 0.13356962800025939941 0.11690751463174819946 0.044903628528118133545 -0.049984719604253768921 -0.14554008841514587402 -0.29055702686309814453 -0.33556666970252990723 -0.25334599614143371582 -0.15501104295253753662 -0.068628683686256408691 -0.00065961660584434866905 0.033658429980278015137 0.048467490822076797485 0.050964504480361938477 0.035353858023881912231 0.014806859195232391357 9.7752461442723870277e-05 -0.018930664286017417908 -0.047389671206474304199 -0.07449541240930557251 -0.13118852674961090088
-9999 -0.66210037469863891602 -0.59165930747985839844 -0.45849689841270446777 -0.33408463001251220703 -0.22892756760120391846 -0.25403031706809997559 -0.22769732773303985596 -0.12495656311511993408 0.0082288971170783042908 0.059595435857772827148 0.071584552526473999023 0.077635809779167175293 0.080692201852798461914 0.081841707229614257813 0.086747311055660247803 0.092777423560619354248 0.088535003364086151123 0.062513418495655059814 0.04435002058744430542 -0.0023800360504537820816 -0.1524852067232131958 -0.30061429738998413086 -0.39891657233238220215 -0.46527284383773803711 -0.37959787249565124512 -0.17563877999782562256 -0.037507351487874984741 -0.02179482579231262207 0.013207541778683662415 0.030309857800602912903 0.023235954344272613525 0.01291151437908411026 -0.0065628662705421447754 -0.022010119631886482239 -0.024120757356286048889 -0.028966765850782394409 -0.045480869710445404053 -0.061943076550960540771 -0.11705609411001205444
-0.70234477519989013672 -0.62127745151519775391 -0.53589463233947753906 -0.4601942598819732666 -0.2953377068042755127 -0.26217877864837646484 -0.26116958260536193848 -0.19357150793075561523 -0.064586177468299865723 0.021971108391880989075 0.047464076429605484009 0.069045245647430419922 0.068739607930183410645 0.057248361408710479736 0.041103329509496688843 0.018105451017618179321 -0.024430239573121070862 -0.097996920347213745117 -0.17763023078441619873 -0.22164222598075866699 -0.29723304510116577148 -0.41156885027885437012 -0.48303449153900146484 -0.50347387790679931641 -0.4323273003101348877 -0.2436885833740234375 -0.083107121288776397705 0.0030791722238063812256 0.011483277194201946259 0.025483071804046630859 0.022096056491136550903 0.0055819503031671047211 -0.012767910026013851166 -0.034168392419815063477 -0.042801246047019958496 -0.038712605834007263184 -0.034906540066003799438 -0.050959303975105285645 -0.071481309831142425537 -0.13798369467258453369
-0.65739661455154418945 -0.5875110626220703125 -0.5367634892463684082 -0.46721819043159484863 -0.31304937601089477539 -0.3344344794750213623 -0.28920760750770568848 -0.1898327171802520752 -0.054996039718389511108 0.0067045479081571102142 0.025952102616429328918 0.054672535508871078491 0.029856204986572265625 -0.021022079512476921082 -0.10368679463863372803 -0.18463878333568572998 -0.29940903186798095703 -0.4406026005744934082 -0.53259986639022827148 -0.57044720649719238281 -0.59431779384613037109 -0.5596325993537902832 -0.50090956687927246094 -0.39296141266822814941 -0.21303628385066986084 -0.084971711039543151855 -0.03234993666410446167 -0.0092713255435228347778 -0.003975509200245141983 0.0077906227670609951019 -0.0028990453574806451797 -0.023209607228636741638 -0.03885485231876373291 -0.052031923085451126099 -0.056101337075233459473 -0.056666482239961624146 -0.054713468998670578003 -0.065543465316295623779 -0.090738475322723388672 -0.18294912576675415039
-0.58598673343658447266 -0.58447003364562988281 -0.55344867706298828125 -0.39914530515670776367 -0.38394987583160400391 -0.43474358320236206055 -0.3247655034065246582 -0.19316591322422027588 -0.040830932557582855225 0.018374567851424217224 0.037233825773000717163 0.045812856405973434448 -0.0055402256548404693604 -0.10961119085550308228 -0.27973088622093200684 -0.4256859123706817627 -0.54822784662246704102 -0.68057328462600708008 -0.73654937744140625 -0.74444216489791870117 -0.6883449554443359375 -0.5638154149055480957 -0.43576043844223022461 -0.26712089776992797852 -0.098590895533561706543 -0.063676953315734863281 -0.052347172051668167114 -0.066831372678279876709 -0.071827322244644165039 -0.042409107089042663574 -0.041895862668752670288 -0.057856358587741851807 -0.063584685325622558594 -0.064132526516914367676 -0.068009719252586364746 -0.075925566256046295166 -0.077436462044715881348 -0.083618439733982086182 -0.11820559948682785034 -0.23292970657348632813
