INPUT/RASTER/ASCII/BIO3.asc
ncols        113
nrows        135
xllcorner    473009.983799999987
yllcorner    4429001.174800000153
cellsize     100.000000000000
NODATA_value  -9999
[rows 36 to 53 of 135, columns 0 to 39 of 113]
-9999 -9999 -9999 -9999 -9999 -9999 -9999 -9999 -9999 -1.4368047714233398438 -1.4357239007949829102 -1.4301434755325317383 -1.4255582094192504883 -1.4180188179016113281 -1.4191739559173583984 -1.4344087839126586914 -1.4593448638916015625 -1.4766752719879150391 -1.4797112941741943359 -1.4939236640930175781 -1.5099039077758789063 -1.5093107223510742188 -1.5013382434844970703 -1.502267003059387207 -1.5013967752456665039 -1.495984196662902832 -1.4799727201461791992 -1.4451246261596679688 -1.3653017282485961914 -1.2844916582107543945 -1.2540726661682128906 -1.2442466020584106445 -1.2322350740432739258 -1.2249689102172851563 -1.206760406494140625 -1.1785190105438232422 -1.1476591825485229492 -1.1070315837860107422 -1.0503067970275878906 -1.0132733583450317383
-9999 -9999 -9999 -9999 -9999 -9999 -9999 -9999 -9999 -9999 -1.4550561904907226563 -1.4679378271102905273 -1.4990085363388061523 -1.4631886482238769531 -1.3827648162841796875 -1.3172441720962524414 -1.3078199625015258789 -1.4009889364242553711 -1.4534288644790649414 -1.4965265989303588867 -1.5334078073501586914 -1.5472260713577270508 -1.5408105850219726563 -1.5344029664993286133 -1.532736659049987793 -1.5280576944351196289 -1.5067664384841918945 -1.4577916860580444336 -1.3636862039566040039 -1.2852408885955810547 -1.2619242668151855469 -1.2546581029891967773 -1.2443947792053222656 -1.2332262992858886719 -1.2119623422622680664 -1.1839628219604492188 -1.1538131237030029297 -1.100678563117980957 -1.0311540365219116211 -1.0047038793563842773
-9999 -9999 -9999 -9999 -9999 -9999 -9999 -9999 -9999 -9999 -9999 -1.5051664113998413086 -1.5425510406494140625 -1.4324498176574707031 -1.3166197538375854492 -1.255200505256652832 -1.2781893014907836914 -1.358952641487121582 -1.4257142543792724609 -1.4941227436065673828 -1.5299932956695556641 -1.5458798408508300781 -1.5517138242721557617 -1.5516982078552246094 -1.5445803403854370117 -1.5253572463989257813 -1.4859122037887573242 -1.4233376979827880859 -1.3406778573989868164 -1.3017088174819946289 -1.2925499677658081055 -1.2793600559234619141 -1.2621350288391113281 -1.2388769388198852539 -1.2114471197128295898 -1.1791355609893798828 -1.149415135383605957 -1.0997731685638427734 -1.0399929285049438477 -1.0064443349838256836
-9999 -9999 -9999 -9999 -9999 -9999 -9999 -9999 -9999 -9999 -9999 -9999 -9999 -1.3435109853744506836 -1.2764332294464111328 -1.4015586376190185547 -1.4937949180603027344 -1.4904116392135620117 -1.499890446662902832 -1.5284011363983154297 -1.5334312915802001953 -1.5333063602447509766 -1.5423247814178466797 -1.5454270839691162109 -1.5245378017425537109 -1.4662129878997802734 -1.4111311435699462891 -1.3606228828430175781 -1.3217084407806396484 -1.3217475414276123047 -1.3181885480880737305 -1.3045341968536376953 -1.2891744375228881836 -1.2646753787994384766 -1.2305608987808227539 -1.1891725063323974609 -1.1554248332977294922 -1.1077926158905029297 -1.0489097833633422852 -0.99748837947845458984
-9999 -9999 -9999 -9999 -9999 -9999 -9999 -9999 -9999 -9999 -9999 -9999 -9999 -9999 -9999 -1.5804703235626220703 -1.6364848613739013672 -1.6528162956237792969 -1.6418076753616333008 -1.6259758472442626953 -1.6059410572052001953 -1.5744957923889160156 -1.5342078208923339844 -1.4989773035049438477 -1.4681642055511474609 -1.4100228548049926758 -1.3548746109008789063 -1.317349553108215332 -1.3072228431701660156 -1.3263640403747558594 -1.3231055736541748047 -1.312085270881652832 -1.3003469705581665039 -1.2835355997085571289 -1.2510678768157958984 -1.2080638408660888672 -1.1773521900177001953 -1.1331423521041870117 -1.0649017095565795898 -0.99909222126007080078
-9999 -9999 -9999 -9999 -9999 -9999 -9999 -9999 -9999 -9999 -9999 -9999 -9999 -9999 -9999 -1.6228188276290893555 -1.6480983495712280273 -1.6764801740646362305 -1.6793093681335449219 -1.6770343780517578125 -1.6734051704406738281 -1.6434271335601806641 -1.5795103311538696289 -1.4989773035049438477 -1.4448163509368896484 -1.3911002874374389648 -1.3389530181884765625 -1.3040893077850341797 -1.2859199047088623047 -1.3033049106597900391 -1.3120071887969970703 -1.3082413673400878906 -1.3014044761657714844 -1.2866964340209960938 -1.2520668506622314453 -1.2139486074447631836 -1.1868896484375 -1.142527461051940918 -1.073291778564453125 -1.001343846321105957
-9999 -9999 -9999 -9999 -9999 -9999 -9999 -9999 -9999 -9999 -9999 -9999 -9999 -9999 -9999 -1.6235055923461914063 -1.6486134529113769531 -1.6728705167770385742 -1.6931900978088378906 -1.7047919034957885742 -1.7013343572616577148 -1.6782284975051879883 -1.6268850564956665039 -1.5370057821273803711 -1.4574834108352661133 -1.3960406780242919922 -1.3389686346054077148 -1.3010416030883789063 -1.2769874334335327148 -1.2819901704788208008 -1.2866184711456298828 -1.2892252206802368164 -1.2934474945068359375 -1.2800936698913574219 -1.2467206716537475586 -1.2123447656631469727 -1.1819257736206054688 -1.1306993961334228516 -1.0553331375122070313 -0.9794750213623046875
-9999 -9999 -9999 -9999 -9999 -9999 -9999 -9999 -9999 -9999 -9999 -9999 -9999 -9999 -9999 -9999 -1.6725426912307739258 -1.683867335319519043 -1.7020914554595947266 -1.7067859172821044922 -1.6897521018981933594 -1.6515713930130004883 -1.6116112470626831055 -1.5675691366195678711 -1.5024074316024780273 -1.4389276504516601563 -1.3656647205352783203 -1.3063604831695556641 -1.2757542133331298828 -1.2821853160858154297 -1.271844029426574707 -1.2607574462890625 -1.2594383955001831055 -1.252316594123840332 -1.2269785404205322266 -1.1931645870208740234 -1.1595925092697143555 -1.1036950349807739258 -1.0281842947006225586 -0.95656424760818481445
-9999 -9999 -9999 -9999 -9999 -9999 -9999 -9999 -9999 -9999 -9999 -9999 -9999 -9999 -9999 -1.5540357828140258789 -1.6031743288040161133 -1.6570230722427368164 -1.6937247514724731445 -1.6817015409469604492 -1.6399736404418945313 -1.5977149009704589844 -1.5701212882995605469 -1.5542386770248413086 -1.5196324586868286133 -1.4628999233245849609 -1.3966261148452758789 -1.333727717399597168 -1.2844448089599609375 -1.2749152183532714844 -1.262673497200012207 -1.2432162761688232422 -1.23087310791015625 -1.2145339250564575195 -1.1829988956451416016 -1.1442055702209472656 -1.1096345186233520508 -1.057112574577331543 -0.98017746210098266602 -0.92210245132446289063
-9999 -9999 -9999 -9999 -9999 -9999 -9999 -9999 -9999 -9999 -0.94326108694076538086 -1.0087037086486816406 -1.0658344030380249023 -1.4324965476989746094 -1.4423656463623046875 -1.513256072998046875 -1.5825737714767456055 -1.6414487361907958984 -1.6722500324249267578 -1.64876556396484375 -1.6042630672454833984 -1.5590347051620483398 -1.5196871757507324219 -1.5079410076141357422 -1.5134238004684448242 -1.4651165008544921875 -1.4177105426788330078 -1.3844038248062133789 -1.3297356367111206055 -1.2929754257202148438 -1.2642110586166381836 -1.225390315055847168 -1.2000678777694702148 -1.1720528602600097656 -1.1355930566787719727 -1.089037775993347168 -1.0429743528366088867 -0.98395884037017822266 -0.90530282258987426758 -0.86249774694442749023
-9999 -9999 -9999 -9999 -9999 -9999 -0.94714784622192382813 -0.92473268508911132813 -0.88668459653854370117 -0.90708619356155395508 -1.0057613849639892578 -1.0762888193130493164 -1.1609505414962768555 -1.3458719253540039063 -1.4693310260772705078 -1.5225787162780761719 -1.577566981315612793 -1.6284147500991821289 -1.6412848234176635742 -1.6037830114364624023 -1.5690246820449829102 -1.5331697463989257813 -1.4923276901245117188 -1.4868409633636474609 -1.4956251382827758789 -1.4804019927978515625 -1.4510054588317871094 -1.4214607477188110352 -1.3863511085510253906 -1.3341492414474487305 -1.2735065221786499023 -1.2158490419387817383 -1.1924153566360473633 -1.1668665409088134766 -1.1185474395751953125 -1.0531867742538452148 -1.0049418210983276367 -0.94827562570571899414 -0.87250339984893798828 -0.82781744003295898438
-9999 -9999 -9999 -9999 -9999 -1.0586305856704711914 -1.0965811014175415039 -1.0255854129791259766 -0.98375982046127319336 -1.0614753961563110352 -1.1218762397766113281 -1.1517839431762695313 -1.1818087100982666016 -1.2641096115112304688 -1.4287112951278686523 -1.5194256305694580078 -1.5767592191696166992 -1.6214295625686645508 -1.6251679658889770508 -1.5674793720245361328 -1.5377316474914550781 -1.5140482187271118164 -1.4773503541946411133 -1.5004680156707763672 -1.5278352499008178711 -1.5161788463592529297 -1.4813736677169799805 -1.4468338489532470703 -1.4161846637725830078 -1.3707807064056396484 -1.3055487871170043945 -1.2262722253799438477 -1.1865968704223632813 -1.1681426763534545898 -1.1314096450805664063 -1.0747278928756713867 -1.0442855358123779297 -0.96509873867034912109 -0.88292276859283447266 -0.83586412668228149414
-9999 -9999 -9999 -9999 -0.95071458816528320313 -1.0031428337097167969 -1.0955313444137573242 -1.1404709815979003906 -1.0854789018630981445 -1.1203153133392333984 -1.1636080741882324219 -1.1656138896942138672 -1.1874359846115112305 -1.2106003761291503906 -1.2756488323211669922 -1.4527069330215454102 -1.5636550188064575195 -1.6079703569412231445 -1.6086142063140869141 -1.5362604856491088867 -1.4871842861175537109 -1.4662520885467529297 -1.4535303115844726563 -1.5073829889297485352 -1.5516201257705688477 -1.539628148078918457 -1.4959646463394165039 -1.4622013568878173828 -1.4361609220504760742 -1.4047741889953613281 -1.3490718603134155273 -1.2770420312881469727 -1.2204147577285766602 -1.1806770563125610352 -1.1431947946548461914 -1.1048033237457275391 -1.0671339035034179688 -0.96206659078598022461 -0.86219727993011474609 -0.81910347938537597656
-9999 -9999 -9999 -9999 -0.83653926849365234375 -0.89607763290405273438 -1.0402895212173461914 -1.1312848329544067383 -1.1540278196334838867 -1.1365880966186523438 -1.0935215950012207031 -1.106867671012878418 -1.1469606161117553711 -1.1777658462524414063 -1.2119038105010986328 -1.3035234212875366211 -1.4661779403686523438 -1.56097412109375 -1.5585936307907104492 -1.4704120159149169922 -1.3909871578216552734 -1.3577233552932739258 -1.3966455459594726563 -1.4834614992141723633 -1.5379424095153808594 -1.5292401313781738281 -1.4881989955902099609 -1.4611048698425292969 -1.4399149417877197266 -1.4172344207763671875 -1.3795961141586303711 -1.3132325410842895508 -1.2568316459655761719 -1.2196928262710571289 -1.1891529560089111328 -1.1085028648376464844 -1.0246331691741943359 -0.91546064615249633789 -0.84962385892868041992 -0.83569633960723876953
-9999 -9999 -9999 -9999 -0.776981353759765625 -0.86574065685272216797 -0.97327417135238647461 -1.0786497592926025391 -1.1217552423477172852 -1.158070683479309082 -1.0846320390701293945 -1.0483009815216064453 -1.076058506965637207 -1.1161787509918212891 -1.1748039722442626953 -1.2437548637390136719 -1.338141322135925293 -1.485701441764831543 -1.5293767452239990234 -1.4532415866851806641 -1.3757250308990478516 -1.3123700618743896484 -1.3190431594848632813 -1.3931802511215209961 -1.4683514833450317383 -1.4892096519470214844 -1.4587868452072143555 -1.4304165840148925781 -1.4193572998046875 -1.3972153663635253906 -1.3684939146041870117 -1.3158822059631347656 -1.2299716472625732422 -1.2480083703994750977 -1.2269239425659179688 -1.121056675910949707 -1.0187444686889648438 -0.89894586801528930664 -0.83672654628753662109 -0.82416486740112304688
-9999 -9999 -9999 -9999 -9999 -0.84384834766387939453 -0.94054895639419555664 -1.0511926412582397461 -1.0847218036651611328 -1.1360886096954345703 -1.1543087959289550781 -1.0626109838485717773 -1.0077866315841674805 -1.0567418336868286133 -1.1427929401397705078 -1.2295033931732177734 -1.2815531492233276367 -1.3498718738555908203 -1.483324885368347168 -1.4770381450653076172 -1.4135857820510864258 -1.344591975212097168 -1.2605037689208984375 -1.2512357234954833984 -1.3381296396255493164 -1.4242470264434814453 -1.4121965169906616211 -1.3733133077621459961 -1.3818049430847167969 -1.3712216615676879883 -1.3381725549697875977 -1.3021653890609741211 -1.2688900232315063477 -1.2534132003784179688 -1.2383656501770019531 -1.1712411642074584961 -1.0660294294357299805 -0.91914057731628417969 -0.78901237249374389648 -0.76078265905380249023
-9999 -9999 -9999 -9999 -0.71190553903579711914 -0.83127105236053466797 -0.90783154964447021484 -0.9991156458854675293 -1.0485702753067016602 -1.0896738767623901367 -1.0986688137054443359 -1.0751726627349853516 -0.99825322628021240234 -1.0319149494171142578 -1.1175836324691772461 -1.1922866106033325195 -1.2291834354400634766 -1.2454563379287719727 -1.3019937276840209961 -1.4232324361801147461 -1.4552357196807861328 -1.3866360187530517578 -1.2663183212280273438 -1.1841969490051269531 -1.2195757627487182617 -1.3304342031478881836 -1.3204363584518432617 -1.2951529026031494141 -1.3248147964477539063 -1.3044131994247436523 -1.2805306911468505859 -1.3179271221160888672 -1.285888671875 -1.2119076251983642578 -1.2191191911697387695 -1.2142412662506103516 -1.1541761159896850586 -0.98183596134185791016 -0.77787500619888305664 -0.7117455601692199707
-9999 -9999 -9999 -9999 -0.68492066860198974609 -0.75195550918579101563 -0.86920201778411865234 -0.93058621883392333984 -0.96362364292144775391 -0.97090542316436767578 -0.96355730295181274414 -0.97765654325485229492 -1.0416123867034912109 -1.0555711984634399414 -1.0697327852249145508 -1.1375637054443359375 -1.1701562404632568359 -1.1660197973251342773 -1.1851530075073242188 -1.274852752685546875 -1.3936915397644042969 -1.3395189046859741211 -1.2320984601974487305 -1.1635730266571044922 -1.1495127677917480469 -1.201277613639831543 -1.1997010707855224609 -1.2319853305816650391 -1.2476611137390136719 -1.2235600948333740234 -1.2927840948104858398 -1.3144189119338989258 -1.2570657730102539063 -1.1642129421234130859 -1.1768995523452758789 -1.2156499624252319336 -1.1694655418395996094 -1.0097417831420898438 -0.81638354063034057617 -0.71039140224456787109
