INPUT/RASTER/ASCII/BIO3.asc
ncols        113
nrows        135
xllcorner    473009.983799999987
yllcorner    4429001.174800000153
cellsize     100.000000000000
NODATA_value  -9999
[rows 36 to 53 of 135, columns 40 to 79 of 113]
-1.025284886360168457 -1.0158606767654418945 -0.99748837947845458984 -0.96294462680816650391 -0.89304548501968383789 -0.84727466106414794922 -0.80141407251358032227 -0.7322368621826171875 -0.65644514560699462891 -0.54325705766677856445 -0.40923035144805908203 -0.38146504759788513184 -0.34038874506950378418 -0.30232900381088256836 -9999 -9999 -9999 -9999 -9999 -9999 -9999 -9999 -0.67363506555557250977 -0.6931273341178894043 -0.70334374904632568359 -0.70992702245712280273 -9999 -9999 -9999 -9999 -9999 -9999 -9999 -9999 -9999 -9999 -9999 -9999 -9999 -9999
-1.0253005027770996094 -1.0305843353271484375 -1.0220654010772705078 -0.99088555574417114258 -0.93034034967422485352 -0.89228451251983642578 -0.86468309164047241211 -0.79560732841491699219 -0.73074221611022949219 -0.59993892908096313477 -0.47424376010894775391 -0.48464745283126831055 -0.4197394251823425293 -0.35022270679473876953 -0.33583077788352966309 -0.3149687647819519043 -0.28756636381149291992 -9999 -9999 -9999 -9999 -0.63835769891738891602 -0.65620708465576171875 -0.66593569517135620117 -0.67036485671997070313 -0.67799788713455200195 -9999 -9999 -9999 -9999 -9999 -9999 -9999 -9999 -9999 -9999 -9999 -9999 -9999 -9999
-0.99540060758590698242 -1.016793370246887207 -1.0205630064010620117 -0.99428838491439819336 -0.94294112920761108398 -0.91336899995803833008 -0.88324272632598876953 -0.82118344306945800781 -0.74806481599807739258 -0.63539969921112060547 -0.51431715488433837891 -0.45688602328300476074 -0.42787975072860717773 -0.40761867165565490723 -0.35216608643531799316 -0.30202069878578186035 -0.27120372653007507324 -0.27003693580627441406 -9999 -9999 -9999 -0.64671653509140014648 -0.65299934148788452148 -0.65296423435211181641 -0.63870888948440551758 -0.63728064298629760742 -9999 -9999 -9999 -9999 -9999 -9999 -9999 -9999 -9999 -9999 -9999 -9999 -9999 0.16947464644908905029
-0.96718257665634155273 -1.0037477016448974609 -1.0146040916442871094 -0.99132263660430908203 -0.94881027936935424805 -0.91521090269088745117 -0.86681377887725830078 -0.7984326481819152832 -0.72795593738555908203 -0.68195486068725585938 -0.62451988458633422852 -0.53712642192840576172 -0.41051813960075378418 -0.36924284696578979492 -0.35883912444114685059 -0.30907618999481201172 -0.26216587424278259277 -0.29279550909996032715 -0.42908167839050292969 -9999 -0.63002610206604003906 -0.64999842643737792969 -0.63404166698455810547 -0.60406762361526489258 -0.59937697649002075195 -0.60297495126724243164 -9999 -9999 -9999 -9999 -9999 -9999 -9999 -9999 -9999 -9999 -9999 -9999 -9999 0.16662201285362243652
-0.95527255535125732422 -0.98251885175704956055 -1.0028892755508422852 -0.99471765756607055664 -0.93836754560470581055 -0.8793169856071472168 -0.82582336664199829102 -0.7397645115852355957 -0.71014559268951416016 -0.70189207792282104492 -0.68561142683029174805 -0.63918107748031616211 -0.4741344749927520752 -0.33958485722541809082 -0.37974020838737487793 -0.37079986929893493652 -0.31139808893203735352 -0.41278150677680969238 -0.61214160919189453125 -0.66036307811737060547 -0.62049263715744018555 -0.60464513301849365234 -0.56683123111724853516 -0.58567965030670166016 -0.61721855401992797852 -0.62461745738983154297 -9999 -9999 -9999 -9999 -9999 -9999 -9999 -9999 -9999 -9999 -9999 -9999 -9999 0.16160747408866882324
-0.96473968029022216797 -0.98804074525833129883 -0.99795663356781005859 -0.97882723808288574219 -0.91294753551483154297 -0.83104473352432250977 -0.77275902032852172852 -0.7187932133674621582 -0.70796024799346923828 -0.70678955316543579102 -0.68951767683029174805 -0.63880252838134765625 -0.48750007152557373047 -0.38365036249160766602 -0.45255830883979797363 -0.43425232172012329102 -0.4163990020751953125 -0.59413605928421020508 -0.66075724363327026367 -0.64413315057754516602 -0.58820450305938720703 -0.60061401128768920898 -0.59557604789733886719 -0.62739205360412597656 -0.64752823114395141602 -0.64612340927124023438 -9999 -9999 -9999 -9999 -9999 -9999 -9999 -9999 -9999 -9999 -9999 -9999 -9999 0.15834900736808776855
-0.97301274538040161133 -1.0087584257125854492 -0.99013239145278930664 -0.9422308802604675293 -0.86588889360427856445 -0.76736593246459960938 -0.68984544277191162109 -0.69417709112167358398 -0.70179843902587890625 -0.69099277257919311523 -0.65408807992935180664 -0.57585352659225463867 -0.43539962172508239746 -0.43353429436683654785 -0.49608919024467468262 -0.49627259373664855957 -0.59788233041763305664 -0.67798620462417602539 -0.63218802213668823242 -0.58535969257354736328 -0.62433260679244995117 -0.66024214029312133789 -0.66446059942245483398 -0.65777975320816040039 -0.65455639362335205078 -0.64748919010162353516 -9999 -9999 -9999 -9999 -9999 -9999 -9999 -9999 -9999 -9999 -9999 -9999 -9999 -9999
-0.93290030956268310547 -0.95428919792175292969 -0.92416292428970336914 -0.88746118545532226563 -0.80779445171356201172 -0.70525199174880981445 -0.65164524316787719727 -0.66115528345108032227 -0.68307095766067504883 -0.67107117176055908203 -0.58019292354583740234 -0.48264944553375244141 -0.39637598395347595215 -0.43949708342552185059 -0.48154115676879882813 -0.5751120448112487793 -0.70479935407638549805 -0.62938612699508666992 -0.58966004848480224609 -0.60236227512359619141 -0.66105771064758300781 -0.69583171606063842773 -0.70970070362091064453 -0.70421785116195678711 -0.68934208154678344727 -9999 -9999 -9999 -9999 -9999 -9999 -9999 -9999 -9999 -9999 -9999 -9999 -9999 -9999 0.098947212100028991699
-0.87183225154876708984 -0.85192626714706420898 -0.83576655387878417969 -0.83090031147003173828 -0.76448601484298706055 -0.70350766181945800781 -0.65669488906860351563 -0.64139759540557861328 -0.67013853788375854492 -0.65472811460494995117 -0.53816449642181396484 -0.44686475396156311035 -0.384220123291015625 -0.41045960783958435059 -0.48204067349433898926 -0.63998103141784667969 -0.68396848440170288086 -0.63694113492965698242 -0.6190058588981628418 -0.64332926273345947266 -0.68095976114273071289 -0.68874108791351318359 -0.70073306560516357422 -0.71436792612075805664 -9999 -9999 -9999 -9999 -9999 -9999 -9999 -9999 -9999 -9999 -9999 -9999 -9999 -9999 -9999 0.095618493854999542236
-0.81909567117691040039 -0.80348622798919677734 -0.80609691143035888672 -0.77341848611831665039 -0.72888082265853881836 -0.70995432138442993164 -0.63843184709548950195 -0.64411759376525878906 -0.66948294639587402344 -0.63734698295593261719 -0.51411420106887817383 -0.44740718603134155273 -0.38011872768402099609 -0.330562591552734375 -0.51605367660522460938 -0.64043766260147094727 -0.65541881322860717773 -0.65179741382598876953 -0.66923707723617553711 -0.69068449735641479492 -0.69233906269073486328 -0.67581254243850708008 -0.69762289524078369141 -0.72615694999694824219 -0.74014693498611450195 -9999 -9999 -9999 -9999 -9999 -9999 -9999 -9999 -9999 -9999 -9999 -9999 -9999 -9999 -9999
-0.77517455816268920898 -0.76896589994430541992 -0.78193736076354980469 -0.74918484687805175781 -0.72612965106964111328 -9999 -0.61735123395919799805 -0.62957346439361572266 -0.63636744022369384766 -0.60221397876739501953 -0.50545096397399902344 -0.42974507808685302734 -0.33603760600090026855 -0.34577402472496032715 -0.54149711132049560547 -0.62451207637786865234 -0.57541644573211669922 -0.5858357548713684082 -0.66563522815704345703 -0.70445984601974487305 -0.69068056344985961914 -0.66746932268142700195 -0.68310219049453735352 -0.72068196535110473633 -0.74014693498611450195 -9999 -9999 -9999 -9999 -9999 -9999 -9999 -9999 -9999 -9999 -9999 -9999 -9999 -9999 -9999
-0.77972084283828735352 -0.74640631675720214844 -0.74032646417617797852 -0.74531757831573486328 -0.72751891613006591797 -0.72310531139373779297 -0.61735123395919799805 -0.61645758152008056641 -0.6117318272590637207 -0.59304344654083251953 -0.39883446693420410156 -0.35752403736114501953 -0.36354148387908935547 -0.47013455629348754883 -0.52131408452987670898 -0.57024580240249633789 -0.5017827153205871582 -0.52819782495498657227 -0.63625818490982055664 -0.70104134082794189453 -0.69512146711349487305 -0.67119997739791870117 -0.66462838649749755859 -0.68796449899673461914 -9999 -9999 -9999 -9999 -9999 -9999 -9999 -9999 -9999 -9999 -9999 -9999 -9999 -9999 -9999 -9999
-0.81743323802947998047 -0.79021817445755004883 -0.77138537168502807617 -0.75494080781936645508 -0.73833233118057250977 -0.73708361387252807617 -0.73672068119049072266 -9999 -9999 -9999 -0.36645263433456420898 -0.40544116497039794922 -0.52739393711090087891 -0.53798884153366088867 -0.46763703227043151855 -0.46230641007423400879 -0.45687431097030639648 -0.51977652311325073242 -0.64320832490921020508 -0.7060871124267578125 -0.69886773824691772461 -0.68558800220489501953 -0.66594737768173217773 -9999 -9999 -9999 -9999 -9999 -9999 -9999 -9999 -9999 -9999 -9999 -9999 -9999 -9999 -0.30724987387657165527 -0.19537299871444702148 0.0028241777326911687851
-0.82641261816024780273 -0.80535155534744262695 -0.8004423975944519043 -0.80053991079330444336 -0.78452855348587036133 -0.76464986801147460938 -0.73610800504684448242 -9999 -9999 -0.41130250692367553711 -0.41872870922088623047 -0.52823686599731445313 -0.64995551109313964844 -0.57244676351547241211 -0.47250330448150634766 -0.42967873811721801758 -0.47850123047828674316 -0.55677485466003417969 -0.66079235076904296875 -0.69962871074676513672 -0.69245225191116333008 -0.68842500448226928711 -9999 -9999 -9999 -9999 -9999 -9999 -9999 -9999 -9999 -9999 -9999 -9999 -9999 -9999 -9999 -0.31658431887626647949 -0.21520091593265533447 -0.077829882502555847168
-0.81164604425430297852 -0.80051261186599731445 -0.81864297389984130859 -0.84642004966735839844 -0.83555972576141357422 -0.79733216762542724609 -0.6969477534294128418 -9999 -0.49010685086250305176 -0.48491281270980834961 -0.55103445053100585938 -0.6479575037956237793 -0.64028155803680419922 -0.58194512128829956055 -0.53349334001541137695 -0.46609172224998474121 -0.50926357507705688477 -0.58969908952713012695 -0.63641822338104248047 -0.64414876699447631836 -0.65804117918014526367 -0.66279429197311401367 -9999 -9999 -9999 -9999 -9999 -9999 -9999 -9999 -9999 -9999 -9999 -9999 -9999 -9999 -9999 -0.34580913186073303223 -0.26517459750175476074 -0.13479270040988922119
-0.77750819921493530273 -0.82693552970886230469 -0.87914133071899414063 -0.89087969064712524414 -0.84975653886795043945 -0.77526432275772094727 -0.64610385894775390625 -0.69845795631408691406 -0.5537427067756652832 -0.60207349061965942383 -0.70682853460311889648 -0.68880742788314819336 -0.6458072662353515625 -0.63539969921112060547 -0.6441370844841003418 -0.53608453273773193359 -0.44819545745849609375 -0.51854336261749267578 -0.58635479211807250977 -0.60200327634811401367 -0.62433648109436035156 -0.61917757987976074219 -9999 -9999 -9999 -9999 -9999 -9999 -9999 -9999 -9999 -9999 -9999 -9999 -9999 -9999 -9999 -0.36228492856025695801 -0.28384739160537719727 -0.16166047751903533936
-0.73326319456100463867 -0.83472466468811035156 -0.93448859453201293945 -0.92413949966430664063 -0.8067525029182434082 -0.76042753458023071289 -0.79114305973052978516 -0.77959984540939331055 -0.69269418716430664063 -0.76067727804183959961 -0.76581668853759765625 -0.70794075727462768555 -0.67832177877426147461 -0.68639189004898071289 -0.68596649169921875 -0.58776354789733886719 -0.42852365970611572266 -0.43866589665412902832 -0.50348806381225585938 -0.56341665983200073242 -0.59496730566024780273 -0.57666128873825073242 -0.52547401189804077148 -9999 -9999 -9999 -9999 -9999 -9999 -9999 -9999 -9999 -9999 -9999 -9999 -9999 -0.3942374885082244873 -0.37067890167236328125 -0.29461792111396789551 -0.15674349665641784668
-0.73210805654525756836 -0.84056645631790161133 -0.92020201683044433594 -0.90284043550491333008 -0.82581943273544311523 -0.86453092098236083984 -0.97125667333602905273 -0.91987031698226928711 -0.8845539093017578125 -0.85806077718734741211 -0.79440152645111083984 -0.73269343376159667969 -0.71355623006820678711 -0.73309534788131713867 -0.71952682733535766602 -0.63061541318893432617 -0.46498343348503112793 -0.38270989060401916504 -0.38771271705627441406 -0.45560994744300842285 -0.53034806251525878906 -0.51765364408493041992 -0.46662634611129760742 -0.44393017888069152832 -9999 -9999 -9999 -9999 -9999 -9999 -9999 -9999 -9999 -9999 -9999 -0.49932813644409179688 -0.4131717383861541748 -0.34825593233108520508 -0.27221444249153137207 -0.15957270562648773193
