INPUT/RASTER/ASCII/BIO3.asc
ncols        113
nrows        135
xllcorner    473009.983799999987
yllcorner    4429001.174800000153
cellsize     100.000000000000
NODATA_value  -9999
[rows 0 to 17 of 135, columns 0 to 39 of 113]
-9999.0 -9999 -9999 -9999 -9999 -9999 -9999 -9999 -9999 -9999 -9999 -9999 -9999 -9999 -9999 -9999 -9999 -9999 -9999 -9999 -9999 -9999 -1.3730129003524780273 -1.387478947639465332 -1.3814067840576171875 -1.3581409454345703125 -1.331273198127746582 -1.3169515132904052734 -1.3318741321563720703 -1.3851921558380126953 -1.4042395353317260742 -1.3836779594421386719 -1.3980426788330078125 -1.4189827442169189453 -9999 -9999 -9999 -9999 -9999 -9999
-9999 -9999 -9999 -9999 -9999 -9999 -9999 -9999 -9999 -9999 -9999 -9999 -9999 -9999 -9999 -9999 -9999 -9999 -9999 -9999 -1.3086941242218017578 -1.316455841064453125 -1.3725250959396362305 -1.374866485595703125 -1.3587614297866821289 -1.3507615327835083008 -1.3246430158615112305 -1.3136695623397827148 -1.3272655010223388672 -1.3713074922561645508 -1.4133710861206054688 -1.4387403726577758789 -1.4606872797012329102 -1.4925266504287719727 -1.492663264274597168 -9999 -9999 -9999 -9999 -9999
-9999 -9999 -9999 -9999 -9999 -9999 -9999 -9999 -9999 -9999 -9999 -9999 -9999 -9999 -9999 -9999 -9999 -9999 -9999 -9999 -1.3146139383316040039 -1.3287404775619506836 -1.3657661676406860352 -1.3719085454940795898 -1.3659729957580566406 -1.3506444692611694336 -1.3154881000518798828 -1.3058531284332275391 -1.3148090839385986328 -1.3626637458801269531 -1.425515294075012207 -1.4650696516036987305 -1.4983216524124145508 -1.5395189523696899414 -1.5438934564590454102 -1.5036873817443847656 -1.5014045238494873047 -9999 -9999 -9999
-9999 -9999 -9999 -9999 -9999 -9999 -9999 -9999 -9999 -9999 -9999 -9999 -9999 -9999 -9999 -9999 -9999 -9999 -9999 -9999 -1.25991058349609375 -1.2931587696075439453 -1.338746190071105957 -1.3659417629241943359 -1.3737933635711669922 -1.3643027544021606445 -1.3345589637756347656 -1.3189573287963867188 -1.3219777345657348633 -1.3738089799880981445 -1.4274430274963378906 -1.4554659128189086914 -1.4704861640930175781 -1.5087566375732421875 -1.529852747917175293 -1.5115000009536743164 -1.503023982048034668 -1.4872663021087646484 -9999 -9999
-9999 -9999 -9999 -9999 -9999 -9999 -9999 -9999 -9999 -9999 -9999 -9999 -9999 -9999 -9999 -9999 -9999 -9999 -9999 -9999 -1.2582833766937255859 -1.2808389663696289063 -1.3213807344436645508 -1.3426251411437988281 -1.3454582691192626953 -1.341633915901184082 -1.3316789865493774414 -1.3277883529663085938 -1.3369159698486328125 -1.3718538284301757813 -1.4049147367477416992 -1.4117945432662963867 -1.4077945947647094727 -1.4361219406127929688 -1.4850301742553710938 -1.5213689804077148438 -1.4979704618453979492 -1.4481177330017089844 -1.3202880620956420898 -1.2307366132736206055
-9999 -9999 -9999 -9999 -9999 -9999 -9999 -9999 -9999 -9999 -9999 -9999 -9999 -9999 -9999 -9999 -9999 -9999 -9999 -1.2291170358657836914 -1.2680548429489135742 -1.2950943708419799805 -1.3157963752746582031 -1.3272107839584350586 -1.3199485540390014648 -1.3143368959426879883 -1.3053342103958129883 -1.3030005693435668945 -1.3205378055572509766 -1.3514211177825927734 -1.37894439697265625 -1.3714128732681274414 -1.355971217155456543 -1.388622283935546875 -1.4483830928802490234 -1.4985830783843994141 -1.4763513803482055664 -1.4286723136901855469 -1.3532044887542724609 -1.2371169328689575195
-9999 -9999 -9999 -9999 -9999 -9999 -9999 -9999 -9999 -9999 -9999 -9999 -9999 -9999 -9999 -9999 -9999 -9999 -9999 -1.1840682029724121094 -1.2886359691619873047 -1.3501332998275756836 -1.3390349149703979492 -1.3284556865692138672 -1.3087955713272094727 -1.2964016199111938477 -1.2949889898300170898 -1.298407435417175293 -1.3007020950317382813 -1.3067624568939208984 -1.3226490020751953125 -1.3263132572174072266 -1.3221377134323120117 -1.3537352085113525391 -1.3979645967483520508 -1.4480787515640258789 -1.4541312456130981445 -1.4251874685287475586 -1.3491343259811401367 -1.2485196590423583984
-9999 -9999 -9999 -9999 -9999 -9999 -9999 -9999 -9999 -9999 -9999 -9999 -9999 -9999 -9999 -9999 -9999 -9999 -1.1418290138244628906 -1.2269903421401977539 -1.3393744230270385742 -1.4021362066268920898 -1.3924076557159423828 -1.3832877874374389648 -1.3565721511840820313 -1.3237650394439697266 -1.3150002956390380859 -1.3103994131088256836 -1.2867237329483032227 -1.270895838737487793 -1.2753288745880126953 -1.2817443609237670898 -1.2880232334136962891 -1.3190119266510009766 -1.3727279901504516602 -1.4248323440551757813 -1.4365667104721069336 -1.4189475774765014648 -1.3482679128646850586 -1.2413314580917358398
-9999 -9999 -9999 -9999 -9999 -9999 -9999 -9999 -9999 -9999 -9999 -9999 -9999 -9999 -9999 -9999 -9999 -9999 -1.1157377958297729492 -1.2055000066757202148 -1.3455713987350463867 -1.3793736696243286133 -1.3686265945434570313 -1.3960368633270263672 -1.4101634025573730469 -1.4004542827606201172 -1.3840955495834350586 -1.3436670303344726563 -1.2962260246276855469 -1.2579711675643920898 -1.2473372220993041992 -1.2375968694686889648 -1.2473372220993041992 -1.31322479248046875 -1.377364039421081543 -1.3990299701690673828 -1.3956192731857299805 -1.3924387693405151367 -1.3496844768524169922 -1.2623456716537475586
-9999 -9999 -9999 -9999 -9999 -9999 -9999 -9999 -9999 -9999 -9999 -9999 -9999 -9999 -9999 -9999 -9999 -1.0369685888290405273 -1.0613193511962890625 -1.1840642690658569336 -1.3540824651718139648 -1.3825463056564331055 -1.3721114397048950195 -1.3733797073364257813 -1.3801541328430175781 -1.4025615453720092773 -1.4100307226181030273 -1.3910183906555175781 -1.3584063053131103516 -1.3022201061248779297 -1.2563711404800415039 -1.2282078266143798828 -1.243946075439453125 -1.3151602745056152344 -1.3571653366088867188 -1.3503245115280151367 -1.3372594118118286133 -1.3290839195251464844 -1.2891823053359985352 -1.2313843965530395508
-9999 -9999 -9999 -9999 -9999 -9999 -9999 -9999 -9999 -9999 -9999 -9999 -9999 -9999 -9999 -9999 -9999 -1.0014727115631103516 -1.0058432817459106445 -1.1640100479125976563 -1.3536844253540039063 -1.3728411197662353516 -1.3758966922760009766 -1.3822965621948242188 -1.3834673166275024414 -1.3889032602310180664 -1.3945772647857666016 -1.397449493408203125 -1.3807160854339599609 -1.3610521554946899414 -1.3486542701721191406 -1.3322409391403198242 -1.3207055330276489258 -1.334328770637512207 -1.3467655181884765625 -1.324557185173034668 -1.2783961296081542969 -1.2382173538208007813 -1.2096755504608154297 -1.185024261474609375
-9999 -9999 -9999 -9999 -9999 -9999 -9999 -9999 -9999 -9999 -9999 -9999 -9999 -9999 -9999 -9999 -9999 -1.0054101943969726563 -1.0058120489120483398 -1.1593233346939086914 -1.3343638181686401367 -1.3367208242416381836 -1.3472572565078735352 -1.3855433464050292969 -1.3957909345626831055 -1.3938553333282470703 -1.387943267822265625 -1.3686344623565673828 -1.361114501953125 -1.3825306892395019531 -1.4016444683074951172 -1.412684321403503418 -1.4235601425170898438 -1.4105067253112792969 -1.3862106800079345703 -1.3245182037353515625 -1.2124149799346923828 -1.1583945751190185547 -1.1571067571640014648 -1.1604198217391967773
-9999 -9999 -9999 -9999 -9999 -9999 -9999 -9999 -9999 -9999 -9999 -9999 -9999 -9999 -9999 -9999 -9999 -1.0080325603485107422 -1.0020853281021118164 -1.129716038703918457 -1.2993634939193725586 -1.3117808103561401367 -1.3306566476821899414 -1.3720021247863769531 -1.3782186508178710938 -1.361668705940246582 -1.363537907600402832 -1.3869013786315917969 -1.4058239459991455078 -1.42530059814453125 -1.4341667890548706055 -1.4373511075973510742 -1.4340028762817382813 -1.4065029621124267578 -1.388157963752746582 -1.3137476444244384766 -1.1867607831954956055 -1.1234800815582275391 -1.1108988523483276367 -1.1232810020446777344
-9999 -9999 -9999 -9999 -9999 -9999 -9999 -9999 -9999 -9999 -9999 -9999 -9999 -9999 -9999 -9999 -9999 -1.0017458200454711914 -0.9482288360595703125 -1.0634851455688476563 -1.2372417449951171875 -1.2795083522796630859 -1.3109145164489746094 -1.3283580541610717773 -1.3227621316909790039 -1.3176305294036865234 -1.3580121994018554688 -1.4180148839950561523 -1.4489567279815673828 -1.4639223814010620117 -1.4584238529205322266 -1.4304244518280029297 -1.3697777986526489258 -1.3134120702743530273 -1.2993713617324829102 -1.2619867324829101563 -1.1915841102600097656 -1.1374076604843139648 -1.1023175716400146484 -1.1013380289077758789
-9999 -9999 -9999 -9999 -9999 -9999 -9999 -9999 -9999 -9999 -9999 -9999 -9999 -9999 -9999 -9999 -9999 -1.1238625049591064453 -1.0702557563781738281 -1.1680879592895507813 -1.2738460302352905273 -1.2765893936157226563 -1.2674343585968017578 -1.2786146402359008789 -1.3166393041610717773 -1.3635066747665405273 -1.4175583124160766602 -1.4647105932235717773 -1.4637897014617919922 -1.4420261383056640625 -1.4224830865859985352 -1.3755650520324707031 -1.2970377206802368164 -1.2478094100952148438 -1.2391968965530395508 -1.2056483030319213867 -1.1593779325485229492 -1.1437489986419677734 -1.1505429744720458984 -1.1397919654846191406
-9999 -9999 -9999 -9999 -9999 -9999 -9999 -9999 -9999 -9999 -9999 -9999 -9999 -9999 -9999 -1.0452688932418823242 -1.1170294284820556641 -1.1725717782974243164 -1.2205709218978881836 -1.2506425380706787109 -1.2534639835357666016 -1.2518951892852783203 -1.267332911491394043 -1.3290839195251464844 -1.3837599754333496094 -1.4324498176574707031 -1.4772489070892333984 -1.4977753162384033203 -1.4636920690536499023 -1.3985342979431152344 -1.3348360061645507813 -1.2791882753372192383 -1.2136441469192504883 -1.1697854995727539063 -1.1681504249572753906 -1.1460396051406860352 -1.1108636856079101563 -1.1191328763961791992 -1.1711670160293579102 -1.201324462890625
-9999 -9999 -9999 -9999 -9999 -9999 -9999 -9999 -9999 -9999 -9999 -9999 -9999 -9999 -1.0309082269668579102 -1.0640627145767211914 -1.1549838781356811523 -1.2225571870803833008 -1.2372729778289794922 -1.2095077037811279297 -1.1882241964340209961 -1.2456319332122802734 -1.3582384586334228516 -1.4553917646408081055 -1.4773153066635131836 -1.4799103736877441406 -1.4875862598419189453 -1.4710285663604736328 -1.4106668233871459961 -1.3375910520553588867 -1.2806010246276855469 -1.2256283760070800781 -1.1547887325286865234 -1.0978493690490722656 -1.0780838727951049805 -1.0631104707717895508 -1.0576784610748291016 -1.0851198434829711914 -1.1536726951599121094 -1.1901246309280395508
-9999 -9999 -9999 -9999 -9999 -9999 -9999 -9999 -9999 -9999 -9999 -9999 -9999 -9999 -1.0360710620880126953 -1.0959293842315673828 -1.2374095916748046875 -1.2329218387603759766 -1.1886963844299316406 -1.1643378734588623047 -1.2267756462097167969 -1.3250957727432250977 -1.4194353818893432617 -1.4638872146606445313 -1.4589545726776123047 -1.4580101966857910156 -1.441889643669128418 -1.4046063423156738281 -1.3587574958801269531 -1.3229377269744873047 -1.2718245983123779297 -1.2116930484771728516 -1.1335325241088867188 -1.0824037790298461914 -1.0586774349212646484 -1.0375578403472900391 -1.0287150144577026367 -1.0686519145965576172 -1.1274371147155761719 -1.1500512361526489258
