INPUT/RASTER/ASCII/BIO3.asc
ncols        113
nrows        135
xllcorner    473009.983799999987
yllcorner    4429001.174800000153
cellsize     100.000000000000
NODATA_value  -9999
[rows 72 to 89 of 135, columns 0 to 39 of 113]
-9999 -9999 -9999 0.080371960997581481934 -0.038849171251058578491 -0.32468172907829284668 -0.40644407272338867188 -0.41546243429183959961 -0.40763819217681884766 -0.53354018926620483398 -0.60918748378753662109 -0.61227816343307495117 -0.6395791172981262207 -0.66232210397720336914 -0.63891178369522094727 -0.63724941015243530273 -0.66863614320755004883 -0.6630713343620300293 -0.63116168975830078125 -0.62540572881698608398 -0.63088077306747436523 -0.60362660884857177734 -0.49040344357490539551 -0.37998214364051818848 -0.30388602614402770996 -0.28081527352333068848 -0.28296935558319091797 -0.29115262627601623535 -0.29417306184768676758 -0.19317987561225891113 -0.099546544253826141357 -0.25529769062995910645 -0.34893882274627685547 -0.36537948250770568848 -0.34925884008407592773 -0.34500914812088012695 -0.3938706517219543457 -0.39911153912544250488 -0.38310012221336364746 -0.38861027359962463379
-9999 -9999 -9999 0.09815893322229385376 0.040524918586015701294 -0.19643053412437438965 -0.37209546566009521484 -0.41724190115928649902 -0.45212516188621520996 -0.53210800886154174805 -0.55046862363815307617 -0.58186703920364379883 -0.61791318655014038086 -0.61673855781555175781 -0.57721930742263793945 -0.54797893762588500977 -0.57267308235168457031 -0.5644976496696472168 -0.5470345616340637207 -0.55566269159317016602 -0.57146722078323364258 -0.52987587451934814453 -0.51972192525863647461 -0.52161842584609985352 -0.46487027406692504883 -0.43964537978172302246 -0.41376489400863647461 -0.32874020934104919434 -0.25849765539169311523 -0.17990793287754058838 -0.18415760993957519531 -0.25712400674819946289 -0.24654079973697662354 -0.23992238938808441162 -0.24791052937507629395 -0.28144353628158569336 -0.35021880269050598145 -0.32802605628967285156 -0.28723075985908508301 -0.25810348987579345703
-9999 -9999 0.090424448251724243164 0.090568840503692626953 0.027686139568686485291 -0.22794602811336517334 -0.45891916751861572266 -0.51507419347763061523 -0.52475202083587646484 -0.50003838539123535156 -0.51627218723297119141 -0.54523164033889770508 -0.56974631547927856445 -0.56476688385009765625 -0.50484609603881835938 -0.4535026848316192627 -0.48923271894454956055 -0.48821812868118286133 -0.46924090385437011719 -0.49596041440963745117 -0.47185939550399780273 -0.42926120758056640625 -0.46422249078750610352 -0.48500648140907287598 -0.5024344325065612793 -0.51558929681777954102 -0.52353841066360473633 -0.51194840669631958008 -0.47552371025085449219 -0.30559137463569641113 -0.23546198010444641113 -0.24868710339069366455 -0.18395468592643737793 -0.11747400462627410889 -0.20176897943019866943 -0.27723288536071777344 -0.31702139973640441895 -0.29848906397819519043 -0.26171317696571350098 -0.20939418673515319824
-9999 -9999 0.096036046743392944336 0.048079896718263626099 -0.11060584336519241333 -0.30038952827453613281 -0.4420102238655090332 -0.4832465052604675293 -0.45748698711395263672 -0.47207793593406677246 -0.50446367263793945313 -0.52902901172637939453 -0.54383462667465209961 -0.49836036562919616699 -0.40903913974761962891 -0.38047772645950317383 -0.42694318294525146484 -0.4354152381420135498 -0.42937046289443969727 -0.42724758386611938477 -0.38276451826095581055 -0.38686981797218322754 -0.4100888669490814209 -0.42730611562728881836 -0.45800989866256713867 -0.46512392163276672363 -0.46675902605056762695 -0.55451148748397827148 -0.54345607757568359375 -0.39246970415115356445 -0.37445250153541564941 -0.35325485467910766602 -0.25281190872192382813 -0.13975259661674499512 -0.17025348544120788574 -0.22232273221015930176 -0.25928592681884765625 -0.25778350234031677246 -0.22173736989498138428 -0.16169559955596923828
-9999 -9999 0.09952866286039352417 0.052509080618619918823 -0.10460010170936584473 -0.28154110908508300781 -0.36955502629280090332 -0.36224588751792907715 -0.36122348904609680176 -0.41188007593154907227 -0.45818552374839782715 -0.4867547154426574707 -0.46497952938079833984 -0.39603257179260253906 -0.31137076020240783691 -0.29912126064300537109 -0.35816791653633117676 -0.38525423407554626465 -0.35858938097953796387 -0.32539197802543640137 -0.32765534520149230957 -0.34475550055503845215 -0.35978740453720092773 -0.38108649849891662598 -0.40466460585594177246 -0.40534749627113342285 -0.36950039863586425781 -0.32865825295448303223 -0.36554729938507080078 -0.31070345640182495117 -0.3438345491886138916 -0.39570868015289306641 -0.38314697146415710449 -0.32394808530807495117 -0.3204866945743560791 -0.28929901123046875 -0.26078051328659057617 -0.22029349207878112793 -0.16024000942707061768 -0.096994392573833465576
-9999 -9999 0.081913396716117858887 0.12158872932195663452 0.079443193972110748291 -0.19050675630569458008 -0.25172314047813415527 -0.22799286246299743652 -0.25797861814498901367 -0.32323786616325378418 -0.39541599154472351074 -0.40622162818908691406 -0.37271204590797424316 -0.30974739789962768555 -0.24852320551872253418 -0.24472229182720184326 -0.30129095911979675293 -0.31258830428123474121 -0.25974640250205993652 -0.26218926906585693359 -0.27422025799751281738 -0.29738470911979675293 -0.31354048848152160645 -0.33473813533782958984 -0.35821866989135742188 -0.36527413129806518555 -0.1698827594518661499 -0.0050781099125742912292 -0.077349893748760223389 -0.11116387695074081421 -0.27153155207633972168 -0.35998642444610595703 -0.3638731837272644043 -0.32256665825843811035 -0.33864438533782958984 -0.35395726561546325684 -0.35955718159675598145 -0.32417052984237670898 -0.21642625331878662109 -0.11085949838161468506
-9999 -9999 -9999 0.29337471723556518555 0.19944480061531066895 -0.1394443213939666748 -0.18905507028102874756 -0.18797020614147186279 -0.18910579383373260498 -0.23229326307773590088 -0.30608698725700378418 -0.31214734911918640137 -0.2914492189884185791 -0.24738760292530059814 -0.21332778036594390869 -0.21081075072288513184 -0.2432667165994644165 -0.21542334556579589844 -0.20000900328159332275 -0.21457262337207794189 -0.22868357598781585693 -0.24748127162456512451 -0.26844868063926696777 -0.30940008163452148438 -0.30917763710021972656 -0.14375641942024230957 0.067814148962497711182 0.18889670073986053467 0.127063751220703125 -0.013499411754310131073 -0.23891557753086090088 -0.31943696737289428711 -0.3224105536937713623 -0.28977897763252258301 -0.30518162250518798828 -0.31917551159858703613 -0.29055556654930114746 -0.2508958280086517334 -0.24195551872253417969 -0.27221444249153137207
-9999 -9999 -9999 0.42376050353050231934 0.28219833970069885254 -0.0047425064258277416229 -0.11194825917482376099 -0.14006479084491729736 -0.13976430892944335938 -0.16048195958137512207 -0.22503876686096191406 -0.23872046172618865967 -0.21245364844799041748 -0.19070187211036682129 -0.17245832085609436035 -0.13956919312477111816 -0.11233849078416824341 -0.11557355523109436035 -0.15277868509292602539 -0.18558196723461151123 -0.19759733974933624268 -0.23131376504898071289 -0.2928930819034576416 -0.35160025954246520996 -0.18645219504833221436 0.065909795463085174561 0.2333329319953918457 0.27022978663444519043 0.11100551486015319824 -0.04820313677191734314 -0.21325753629207611084 -0.26600188016891479492 -0.2500177919864654541 -0.25840398669242858887 -0.28314107656478881836 -0.28582200407981872559 -0.20560890436172485352 -0.095511496067047119141 -0.13010986149311065674 -0.24490571022033691406
-9999 -9999 -9999 0.54598253965377807617 0.42839649319648742676 0.12787154316902160645 -0.032796602696180343628 -0.031403459608554840088 -0.060437049716711044312 -0.12112661451101303101 -0.17413243651390075684 -0.19900999963283538818 -0.17498314380645751953 -0.14689782261848449707 -0.10244209319353103638 -0.028027914464473724365 -0.033740974962711334229 -0.077123560011386871338 -0.12516166269779205322 -0.1550693809986114502 -0.18221813440322875977 -0.31114444136619567871 -0.39037802815437316895 -0.37055793404579162598 -0.16836082935333251953 0.1171595454216003418 0.30345451831817626953 0.30128088593482971191 0.096621401607990264893 0.002121752128005027771 -0.11795008927583694458 -0.20627620816230773926 -0.21399898827075958252 -0.23937995731830596924 -0.26581457257270812988 -0.25486063957214355469 -0.15264211595058441162 -0.030154701322317123413 -0.0774669647216796875 -0.15503425896167755127
-9999 -9999 0.34403911232948303223 0.4515609443187713623 0.45760568976402282715 0.15086816251277923584 0.033336762338876724243 0.039744444191455841064 -0.013035030104219913483 -0.099835313856601715088 -0.14615248143672943115 -0.16770133376121520996 -0.13109715282917022705 -0.091792546212673187256 -0.016609596088528633118 0.020205307751893997192 -0.036499947309494018555 -0.070423200726509094238 -0.10510741174221038818 -0.13394588232040405273 -0.23361226916313171387 -0.35939326882362365723 -0.36989843845367431641 -0.34330773353576660156 -0.13514780998229980469 0.15128962695598602295 0.34088599681854248047 0.35912173986434936523 0.23217782378196716309 0.11718686670064926147 -0.032273687422275543213 -0.21163024008274078369 -0.24599055945873260498 -0.24001994729042053223 -0.24147163331508636475 -0.22169053554534912109 -0.1237529069185256958 0.0017744418000802397728 0.0040456177666783332825 -0.04251739010214805603
-9999 -9999 0.3220843970775604248 0.29255911707878112793 0.30329060554504394531 0.17179654538631439209 0.12142483144998550415 0.12681399285793304443 0.022152587771415710449 -0.068756885826587677002 -0.09944117814302444458 -0.11862910538911819458 -0.04565098881721496582 0.082553379237651824951 0.083127029240131378174 0.00062324432656168937683 -0.052757196128368377686 -0.076386012136936187744 -0.14349496364593505859 -0.22947965562343597412 -0.30112707614898681641 -0.32370224595069885254 -0.32600075006484985352 -0.30487334728240966797 -0.070618316531181335449 0.19614340364933013916 0.29782730340957641602 0.37996426224708557129 0.23924891650676727295 0.029961219057440757751 -0.1157998889684677124 -0.21858815848827362061 -0.24519838392734527588 -0.23609027266502380371 -0.21065075695514678955 -0.18976140022277832031 -0.11267409473657608032 0.023834506049752235413 0.077573962509632110596 0.067919515073299407959
-9999 -9999 0.36172461509704589844 0.27911937236785888672 0.28094956278800964355 0.25760173797607421875 0.24228495359420776367 0.18464703857898712158 0.023881334811449050903 -0.022139245644211769104 0.044111192226409912109 0.060419172048568725586 0.1621147841215133667 0.26683083176612854004 0.094381444156169891357 -0.024156767874956130981 -0.071098305284976959229 -0.15871809422969818115 -0.26426142454147338867 -0.29659643769264221191 -0.29178479313850402832 -0.28335961699485778809 -0.27953138947486877441 -0.25676497817039489746 -0.022264121100306510925 0.1765066981315612793 0.17564818263053894043 0.31740546226501464844 0.16905708611011505127 -0.033253178000450134277 -0.14799049496650695801 -0.20821177959442138672 -0.22997915744781494141 -0.23149327933788299561 -0.19759733974933624268 -0.16251508891582489014 -0.10199722647666931152 0.027338828891515731812 0.12062484771013259888 0.17212043702602386475
-9999 -9999 0.46398997306823730469 0.35856759548187255859 0.34096404910087585449 0.34834340214729309082 0.38105693459510803223 0.29638731479644775391 0.12475744634866714478 0.14643898606300354004 0.21914392709732055664 0.2478107064962387085 0.29562637209892272949 0.20686709880828857422 0.065394684672355651855 -0.039535984396934509277 -0.15014459192752838135 -0.2843742072582244873 -0.30932983756065368652 -0.29324430227279663086 -0.2806669771671295166 -0.25249969959259033203 -0.22002813220024108887 -0.17118224501609802246 0.069878503680229187012 0.26672545075416564941 0.29127132892608642578 0.3303769230842590332 0.106482677161693573 -0.062290672212839126587 -0.14536419510841369629 -0.19973583519458770752 -0.22083592414855957031 -0.21801450848579406738 -0.19074478745460510254 -0.143436431884765625 -0.087019950151443481445 0.0044631706550717353821 0.087989374995231628418 0.18407729268074035645
-9999 0.83246290683746337891 0.69142758846282958984 0.45556086301803588867 0.4189879000186920166 0.47701996564865112305 0.56546705961227416992 0.50162827968597412109 0.34023040533065795898 0.22831839323043823242 0.1862118840217590332 0.19528487324714660645 0.17625695466995239258 0.10439100861549377441 -0.001862561679445207119 -0.14556321501731872559 -0.26065173745155334473 -0.30254364013671875 -0.30502942204475402832 -0.29381793737411499023 -0.26917451620101928711 -0.14038868248462677002 0.026667622849345207214 0.19340394437313079834 0.44827514886856079102 0.5111344456672668457 0.33765482902526855469 0.14067129790782928467 -0.02218997664749622345 -0.1209080815315246582 -0.15882734954357147217 -0.18636244535446166992 -0.19525982439517974854 -0.18130888044834136963 -0.16044293344020843506 -0.13339564204216003418 -0.087476529181003570557 -0.04598269239068031311 -0.011189212091267108917 0.077843226492404937744
-9999 0.91311305761337280273 0.77227675914764404297 0.51327681541442871094 0.49869370460510253906 0.57906287908554077148 0.62688243389129638672 0.56193149089813232422 0.35652276873588562012 0.10987383127212524414 0.058233845978975296021 0.094880945980548858643 0.067919515073299407959 -0.00040697981603443622589 -0.13499172031879425049 -0.19223940372467041016 -0.22052763402462005615 -0.22985428571701049805 -0.20133191347122192383 -0.18064938485622406006 -0.10284014046192169189 0.17190581560134887695 0.45138531923294067383 0.63756710290908813477 0.75729554891586303711 0.57523858547210693359 0.17601500451564788818 -0.092693991959095001221 -0.13271664083003997803 -0.1730241626501083374 -0.18403272330760955811 -0.17263391613960266113 -0.15629081428050994873 -0.13057033717632293701 -0.11782912164926528931 -0.12305048108100891113 -0.10529082268476486206 -0.069389075040817260742 -0.051395270973443984985 0.028076376765966415405
0.96830421686172485352 0.82350307703018188477 0.65261465311050415039 0.54071044921875 0.56768751144409179688 0.64108705520629882813 0.62096649408340454102 0.48064917325973510742 0.23174856603145599365 0.10899580270051956177 0.13189877569675445557 0.078709550201892852783 -0.042049109935760498047 -0.10783126205205917358 -0.12260561436414718628 -0.095776855945587158203 -0.027555728331208229065 0.091681011021137237549 0.22127462923526763916 0.28879332542419433594 0.41538602113723754883 0.62369811534881591797 0.76336765289306640625 0.80290639400482177734 0.65874528884887695313 0.2927932441234588623 -0.011259454302489757538 -0.1802981644868850708 -0.20574158430099487305 -0.20930834114551544189 -0.19536128640174865723 -0.16765059530735015869 -0.13771556317806243896 -0.10419426113367080688 -0.10012409090995788574 -0.11920274794101715088 -0.12945036590099334717 -0.084186837077140808105 -0.051633313298225402832 0.048723787069320678711
0.88873112201690673828 0.74909669160842895508 0.64478647708892822266 0.63017213344573974609 0.67271572351455688477 0.76030039787292480469 0.6531219482421875 0.45430430769920349121 0.21313819289207458496 0.16050310432910919189 0.12138970941305160522 -0.01683593355119228363 -0.083160512149333953857 -0.018147127702832221985 0.11743661761283874512 0.25254037976264953613 0.46193733811378479004 0.72661125659942626953 0.89555245637893676758 0.95624977350234985352 0.98047566413879394531 0.88058686256408691406 0.74919813871383666992 0.54016023874282836914 0.20056867599487304688 -0.040792547166347503662 -0.13727849721908569336 -0.18653024733066558838 -0.19971242547035217285 -0.19882659614086151123 -0.1829595714807510376 -0.15263040363788604736 -0.1255206763744354248 -0.10415133088827133179 -0.10140796750783920288 -0.1095951274037361145 -0.12728063762187957764 -0.1049825325608253479 -0.049287993460893630981 0.10695096105337142944
0.74545580148696899414 0.72811758518218994141 0.72140163183212280273 0.74919426441192626953 0.84284317493438720703 0.92964738607406616211 0.69532990455627441406 0.44445082545280456543 0.20637539029121398926 0.046277001500129699707 -0.066516928374767303467 -0.1201159060001373291 -0.053365964442491531372 0.12308333814144134521 0.42585214972496032715 0.69297289848327636719 0.9283205866813659668 1.1895955801010131836 1.2949048280715942383 1.2975895404815673828 1.1498187780380249023 0.86037260293960571289 0.58473694324493408203 0.25480765104293823242 -0.053994245827198028564 -0.11600281298160552979 -0.13793800771236419678 -0.12050224095582962036 -0.10701957345008850098 -0.13407465815544128418 -0.14163354039192199707 -0.12049443274736404419 -0.11042243242263793945 -0.11091803014278411865 -0.10518155992031097412 -0.095851004123687744141 -0.10765565186738967896 -0.10819808393716812134 -0.034599494189023971558 0.16814783215522766113
