INPUT/RASTER/ASCII/BIO4.asc
ncols        113
nrows        135
xllcorner    473009.983799999987
yllcorner    4429001.174800000153
cellsize     100.000000000000
NODATA_value  -9999
[rows 18 to 35 of 135, columns 0 to 40 of 113]
-9999 -9999 -9999 -9999 -9999 -9999 -9999 -9999 -9999 -9999 -9999 -9999 -9999 -9999 -0.38906392455101013184 -0.35583832859992980957 -0.27081802487373352051 -0.20835520327091217041 -0.14526550471782684326 -0.039589975029230117798 0.061718881130218505859 0.11866930872201919556 0.16742683947086334229 0.19731256365776062012 0.21125563979148864746 0.22308023273944854736 0.22836562991142272949 0.22797651588916778564 0.23186761140823364258 0.24884790182113647461 0.25252282619476318359 0.25335508584976196289 0.25595995783805847168 0.26047793030738830566 0.25372257828712463379 0.2765718996524810791 0.3259022831916809082 0.37328711152076721191 0.40553992986679077148 0.37152531743049621582 0.3505890965461730957
-9999 -9999 -9999 -9999 -9999 -9999 -9999 -9999 -9999 -9999 -9999 -9999 -9999 -9999 -0.41111344099044799805 -0.3720944523811340332 -0.25815033912658691406 -0.186910971999168396 -0.14715699851512908936 -0.080986849963665008545 -0.0026570446789264678955 0.037518460303544998169 0.082547023892402648926 0.11972855031490325928 0.11401081085205078125 0.094533741474151611328 0.10904967039823532104 0.11111410707235336304 0.13466601073741912842 0.11253003776073455811 0.091766744852066040039 0.098846368491649627686 0.10554768890142440796 0.1077634468674659729 0.079196363687515258789 0.0546933002769947052 -9999 -9999 -9999 -9999 -9999
-9999 -9999 -9999 -9999 -9999 -9999 -9999 -9999 -9999 -9999 -9999 -9999 -0.75433999300003051758 -0.59907472133636474609 -0.49183192849159240723 -0.39586251974105834961 -0.3234233856201171875 -0.2736822962760925293 -0.23255562782287597656 -0.20706897974014282227 -0.18453308939933776855 -0.15488514304161071777 -0.13477036356925964355 -0.13412185013294219971 -0.14564380049705505371 -0.16302400827407836914 -0.13373273611068725586 -0.10587902367115020752 -0.064352445304393768311 -0.041870586574077606201 -0.031267367303371429443 -0.022717775776982307434 -0.019107708707451820374 -0.015000447630882263184 -0.0053916163742542266846 0.003968617413192987442 -9999 -9999 -9999 -9999 -9999
-9999 -9999 -9999 -9999 -9999 -9999 -9999 -9999 -9999 -9999 -9999 -0.77936190366744995117 -0.75138926506042480469 -0.66887652873992919922 -0.55895322561264038086 -0.53117519617080688477 -0.49102130532264709473 -0.44001558423042297363 -0.40189370512962341309 -0.3485533595085144043 -0.31216084957122802734 -0.30174136161804199219 -0.28582033514976501465 -0.28038361668586730957 -0.26887246966361999512 -0.25103831291198730469 -0.23066411912441253662 -0.1996650993824005127 -0.15407450497150421143 -0.10125295072793960571 -0.076263502240180969238 -0.065260365605354309082 -0.049847323447465896606 -0.036563571542501449585 -0.022696159780025482178 -0.019950779154896736145 -9999 -9999 -9999 -9999 -9999
-9999 -9999 -9999 -9999 -9999 -9999 -9999 -9999 -9999 -9999 -9999 -0.75431841611862182617 -0.723114013671875 -0.63322985172271728516 -0.56335234642028808594 -0.54550737142562866211 -0.51597833633422851563 -0.4720738530158996582 -0.43951839208602905273 -0.40513628721237182617 -0.38729131221771240234 -0.37651515007019042969 -0.34424072504043579102 -0.32727125287055969238 -0.31395506858825683594 -0.29243516921997070313 -0.26077684760093688965 -0.23178821802139282227 -0.20032443106174468994 -0.16094875335693359375 -0.13480278849601745605 -0.1225350499153137207 -0.10846227407455444336 -0.094313837587833404541 -0.066470921039581298828 -0.057089075446128845215 -0.05711068958044052124 -9999 -9999 -9999 -9999
-9999 -9999 -9999 -9999 -9999 -9999 -9999 -9999 -9999 -9999 -9999 -0.72467046976089477539 -0.69190961122512817383 -0.6211350560188293457 -0.57673335075378417969 -0.55935317277908325195 -0.52772724628448486328 -0.49086996912956237793 -0.46792334318161010742 -0.45561236143112182617 -0.43697836995124816895 -0.41329675912857055664 -0.38263282179832458496 -0.35697323083877563477 -0.34143048524856567383 -0.31885135173797607422 -0.28425309062004089355 -0.25685331225395202637 -0.22549761831760406494 -0.18154992163181304932 -0.14618423581123352051 -0.12827441096305847168 -0.12368076294660568237 -0.12307547777891159058 -0.11402869224548339844 -0.093395106494426727295 -0.079495266079902648926 -9999 -9999 -9999 -9999
-9999 -9999 -9999 -9999 -9999 -9999 -9999 -9999 -9999 -9999 -0.81005829572677612305 -0.76025229692459106445 -0.70460975170135498047 -0.64149838685989379883 -0.60792696475982666016 -0.58290505409240722656 -0.54520469903945922852 -0.51575136184692382813 -0.50222980976104736328 -0.48728153109550476074 -0.46488612890243530273 -0.44552797079086303711 -0.41839841008186340332 -0.38722646236419677734 -0.36341515183448791504 -0.33082726597785949707 -0.29417535662651062012 -0.27077478170394897461 -0.24352633953094482422 -0.1975033879280090332 -0.15733869373798370361 -0.13226278126239776611 -0.12932284176349639893 -0.13092251121997833252 -0.1240698695182800293 -0.10443066805601119995 -0.077571339905261993408 -0.055424552410840988159 -0.027689725160598754883 -0.020264228805899620056 -9999
-9999 -9999 -9999 -9999 -9999 -9999 -9999 -9999 -9999 -9999 -0.7978121638298034668 -0.76004695892333984375 -0.70373421907424926758 -0.66566640138626098633 -0.63851523399353027344 -0.61406624317169189453 -0.58853632211685180664 -0.56469261646270751953 -0.54089212417602539063 -0.51590263843536376953 -0.49103209376335144043 -0.46606427431106567383 -0.43483826518058776855 -0.40357986092567443848 -0.37514245510101318359 -0.34013345837593078613 -0.30391389131546020508 -0.28158336877822875977 -0.25118961930274963379 -0.20923070609569549561 -0.17742103338241577148 -0.15577144920825958252 -0.15329627692699432373 -0.14943762123584747314 -0.13564586639404296875 -0.1114778667688369751 -0.086023651063442230225 -0.059747986495494842529 -0.032304991036653518677 -0.033764149993658065796 -0.029408290982246398926
-9999 -9999 -9999 -9999 -9999 -9999 -9999 -9999 -9999 -9999 -0.79397511482238769531 -0.75643688440322875977 -0.71418613195419311523 -0.68733757734298706055 -0.66098630428314208984 -0.6497237086296081543 -0.63412696123123168945 -0.60018801689147949219 -0.56971859931945800781 -0.53494739532470703125 -0.50681263208389282227 -0.47560825943946838379 -0.43867531418800354004 -0.40974074602127075195 -0.38374608755111694336 -0.35386037826538085938 -0.31788939237594604492 -0.29362413287162780762 -0.26310068368911743164 -0.2220821082592010498 -0.19567674398422241211 -0.17752912640571594238 -0.17735618352890014648 -0.17314083874225616455 -0.15393398702144622803 -0.12369156628847122192 -0.10146912187337875366 -0.083126954734325408936 -0.052452191710472106934 -0.042886596173048019409 -0.030035188421607017517
-9999 -9999 -9999 -9999 -9999 -9999 -9999 -9999 -9999 -0.86971086263656616211 -0.81256586313247680664 -0.76918017864227294922 -0.74162912368774414063 -0.71899592876434326172 -0.69986474514007568359 -0.68617027997970581055 -0.65898668766021728516 -0.6232535243034362793 -0.59211397171020507813 -0.55204653739929199219 -0.51469206809997558594 -0.48110982775688171387 -0.44545230269432067871 -0.41491806507110595703 -0.38902068138122558594 -0.36264774203300476074 -0.32941135764122009277 -0.30173057317733764648 -0.27078559994697570801 -0.23338788747787475586 -0.20944687724113464355 -0.19119118154048919678 -0.18900784850120544434 -0.18824043869972229004 -0.17641584575176239014 -0.15409611165523529053 -0.14123390614986419678 -0.12618835270404815674 -0.093492381274700164795 -0.073301948606967926025 -0.050506647676229476929
-9999 -9999 -9999 -9999 -9999 -9999 -9999 -0.96217828989028930664 -0.93909114599227905273 -0.89288443326950073242 -0.82711422443389892578 -0.77189314365386962891 -0.76669424772262573242 -0.76108455657958984375 -0.73692739009857177734 -0.70723623037338256836 -0.67082208395004272461 -0.63436472415924072266 -0.60482490062713623047 -0.56621658802032470703 -0.52557635307312011719 -0.50095438957214355469 -0.46697220206260681152 -0.4220841526985168457 -0.39060956239700317383 -0.36473378539085388184 -0.33463189005851745605 -0.30407601594924926758 -0.26908862590789794922 -0.24229416251182556152 -0.22590835392475128174 -0.20834439992904663086 -0.20836602151393890381 -0.20780396461486816406 -0.19247739017009735107 -0.17543226480484008789 -0.16853637993335723877 -0.1607434004545211792 -0.13881278038024902344 -0.11831970512866973877 -0.092389911413192749023
-9999 -9999 -9999 -9999 -9999 -9999 -1.0354388952255249023 -0.99634420871734619141 -0.93617284297943115234 -0.87876844406127929688 -0.80712914466857910156 -0.78173977136611938477 -0.79325091838836669922 -0.77564376592636108398 -0.74252623319625854492 -0.71377539634704589844 -0.67526441812515258789 -0.63529425859451293945 -0.60087972879409790039 -0.56361174583435058594 -0.53069961071014404297 -0.51498395204544067383 -0.48256897926330566406 -0.43664330244064331055 -0.40830320119857788086 -0.38078454136848449707 -0.3472995460033416748 -0.31506836414337158203 -0.28630670905113220215 -0.26638647913932800293 -0.25638854503631591797 -0.24405595660209655762 -0.24195909500122070313 -0.22961568832397460938 -0.20573952794075012207 -0.18428449332714080811 -0.17556196451187133789 -0.16834183037281036377 -0.15109132230281829834 -0.1355918198823928833 -0.11366119980812072754
-9999 -9999 -9999 -9999 -9999 -9999 -1.0339148044586181641 -1.0026671886444091797 -0.91245877742767333984 -0.84126263856887817383 -0.81054466962814331055 -0.81740808486938476563 -0.80686974525451660156 -0.77823781967163085938 -0.7480818629264831543 -0.71853119134902954102 -0.67764228582382202148 -0.63172745704650878906 -0.59516197443008422852 -0.55905050039291381836 -0.52850544452667236328 -0.50977420806884765625 -0.47918590903282165527 -0.44523614645004272461 -0.423175811767578125 -0.39447903633117675781 -0.36045360565185546875 -0.33342131972312927246 -0.30796712636947631836 -0.28922504186630249023 -0.29122462868690490723 -0.29254326224327087402 -0.27984318137168884277 -0.25527527928352355957 -0.23095595836639404297 -0.21131676435470581055 -0.19961106777191162109 -0.1862408369779586792 -0.16447235643863677979 -0.14980511367321014404 -0.12689091265201568604
-9999 -9999 -9999 -9999 -9999 -1.0496629476547241211 -1.0469068288803100586 -0.9991003870964050293 -0.89494889974594116211 -0.84267854690551757813 -0.83230233192443847656 -0.82860577106475830078 -0.81080406904220581055 -0.78392308950424194336 -0.75543171167373657227 -0.72531896829605102539 -0.67965269088745117188 -0.63472139835357666016 -0.5987396240234375 -0.55802369117736816406 -0.52946740388870239258 -0.50653159618377685547 -0.48272031545639038086 -0.46158951520919799805 -0.43979942798614501953 -0.40788167715072631836 -0.37468850612640380859 -0.35032597184181213379 -0.32571479678153991699 -0.31616002321243286133 -0.32896819710731506348 -0.33155143260955810547 -0.31096109747886657715 -0.28342083096504211426 -0.25866916775703430176 -0.24079176783561706543 -0.22930224239826202393 -0.21442963182926177979 -0.19012112915515899658 -0.17287062108516693115 -0.14878909289836883545
-9999 -9999 -9999 -9999 -1.080553889274597168 -1.0701992511749267578 -1.0600175857543945313 -0.99966245889663696289 -0.90344440937042236328 -0.86753833293914794922 -0.85590827465057373047 -0.83891719579696655273 -0.81962388753890991211 -0.79185658693313598633 -0.75898772478103637695 -0.72438943386077880859 -0.67599940299987792969 -0.63528347015380859375 -0.60127967596054077148 -0.56020706892013549805 -0.53167235851287841797 -0.51058483123779296875 -0.49030792713165283203 -0.46992293000221252441 -0.4484679102897644043 -0.41602054238319396973 -0.38480535149574279785 -0.36079946160316467285 -0.33912825584411621094 -0.34124675393104553223 -0.35745963454246520996 -0.35399007797241210938 -0.33226481080055236816 -0.30745911598205566406 -0.28405854105949401855 -0.26346817612648010254 -0.24960076808929443359 -0.23362568020820617676 -0.21234357357025146484 -0.1993300318717956543 -0.17872887849807739258
-9999 -9999 -9999 -1.1357965469360351563 -1.1126769781112670898 -1.0906599760055541992 -1.07086944580078125 -0.998462677001953125 -0.91928982734680175781 -0.88537245988845825195 -0.8719806671142578125 -0.85368174314498901367 -0.83325350284576416016 -0.80109792947769165039 -0.76074951887130737305 -0.72071450948715209961 -0.67070317268371582031 -0.63266777992248535156 -0.60420876741409301758 -0.57021576166152954102 -0.54181081056594848633 -0.52182573080062866211 -0.49964654445648193359 -0.47521913051605224609 -0.45209959149360656738 -0.4230245053768157959 -0.39623001217842102051 -0.37567207217216491699 -0.35888636112213134766 -0.36700358986854553223 -0.38033059239387512207 -0.37032184004783630371 -0.3480669558048248291 -0.32748740911483764648 -0.30670252442359924316 -0.28459894657135009766 -0.26780241727828979492 -0.25031411647796630859 -0.23792749643325805664 -0.23013450205326080322 -0.20835520327091217041
-9999 -9999 -9999 -1.1357965469360351563 -1.1127851009368896484 -1.0929945707321166992 -1.0708477497100830078 -0.99748992919921875 -0.91896557807922363281 -0.90312016010284423828 -0.88402140140533447266 -0.86250150203704833984 -0.84230029582977294922 -0.80937731266021728516 -0.76998001337051391602 -0.73036658763885498047 -0.67941492795944213867 -0.64337909221649169922 -0.61922192573547363281 -0.59136819839477539063 -0.56134194135665893555 -0.53857904672622680664 -0.51056319475173950195 -0.48134762048721313477 -0.45835775136947631836 -0.43390873074531555176 -0.41167548298835754395 -0.39552745223045349121 -0.38263282179832458496 -0.39301985502243041992 -0.40268275141716003418 -0.38438379764556884766 -0.36038875579833984375 -0.34180879592895507813 -0.3240286707878112793 -0.30285465717315673828 -0.28605812788009643555 -0.26877519488334655762 -0.25928524136543273926 -0.25115719437599182129 -0.23158285021781921387
-9999 -9999 -9999 -9999 -9999 -9999 -1.0732797384262084961 -1.0027428865432739258 -0.92436987161636352539 -0.90896761417388916016 -0.89436525106430053711 -0.8728237152099609375 -0.84989869594573974609 -0.81554901599884033203 -0.78194516897201538086 -0.74535810947418212891 -0.69538998603820800781 -0.66133213043212890625 -0.63962852954864501953 -0.60767835378646850586 -0.5722802281379699707 -0.54555058479309082031 -0.51614046096801757813 -0.48710858821868896484 -0.46515634655952453613 -0.44017770886421203613 -0.42066821455955505371 -0.41051897406578063965 -0.40836805105209350586 -0.41701492667198181152 -0.41612860560417175293 -0.39458709955215454102 -0.37047314643859863281 -0.35018545389175415039 -0.33055704832077026367 -0.31244185566902160645 -0.2993202507495880127 -0.28239402174949645996 -0.2722663581371307373 -0.26392212510108947754 -0.24268327653408050537
