INPUT/RASTER/ASCII/BIO4.asc
ncols        113
nrows        135
xllcorner    473009.983799999987
yllcorner    4429001.174800000153
cellsize     100.000000000000
NODATA_value  -9999
[rows 72 to 89 of 135, columns 41 to 81 of 113]
0.48112437129020690918 0.5012607574462890625 0.52434790134429931641 0.54098230600357055664 0.55878406763076782227 0.58126586675643920898 0.59259331226348876953 0.59832185506820678711 0.60928171873092651367 0.61649107933044433594 0.61521565914154052734 0.61680454015731811523 0.62251144647598266602 0.64479875564575195313 0.67861878871917724609 0.7266737818717956543 0.77146452665328979492 0.84023958444595336914 0.90466952323913574219 0.927097320556640625 0.93224221467971801758 0.93311774730682373047 0.93833827972412109375 0.94123500585556030273 -9999 -9999 1.0159547328948974609 1.0231640338897705078 1.0332159996032714844 1.0315299034118652344 1.0278873443603515625 1.0370098352432250977 1.05205535888671875 -9999 -9999 -9999 1.2413676977157592773 1.2528896331787109375 1.2074719667434692383 1.1297583580017089844 1.0963597297668457031
0.44329431653022766113 0.46301999688148498535 0.48741495609283447266 0.50825393199920654297 0.5261745452880859375 0.54484099149703979492 0.56155103445053100586 0.57952570915222167969 0.58823740482330322266 0.57417547702789306641 0.57969862222671508789 0.60681736469268798828 0.64305859804153442383 0.67654359340667724609 0.70983397960662841797 0.74447554349899291992 0.78583997488021850586 0.85353410243988037109 0.91178160905838012695 0.93291234970092773438 0.93404728174209594727 0.92775666713714599609 0.93896520137786865234 0.94614207744598388672 -9999 0.99358093738555908203 1.0087237358093261719 1.0206131935119628906 1.0243746042251586914 1.0117177963256835938 1.0162681341171264648 1.0274550914764404297 1.0487695932388305664 1.0650796890258789063 1.0688843727111816406 -9999 1.2562619447708129883 1.250782012939453125 1.2011814117431640625 1.1184417009353637695 1.0768287181854248047
0.36262986063957214355 0.43743607401847839355 0.46717047691345214844 0.48813912272453308105 0.50565987825393676758 0.52471536397933959961 0.54324132204055786133 0.56404781341552734375 0.55948662757873535156 0.52387231588363647461 0.55952984094619750977 0.64426910877227783203 0.69679886102676391602 0.71236318349838256836 0.7272574305534362793 0.75825643539428710938 0.79790234565734863281 0.86329430341720581055 0.91913139820098876953 0.94755798578262329102 0.95291906595230102539 0.94107282161712646484 0.94545030593872070313 0.95369726419448852539 0.97345536947250366211 0.99061942100524902344 1.0064431428909301758 1.0126148462295532227 1.003070831298828125 1.0009740591049194336 1.0070809125900268555 1.0203322172164916992 1.0425221920013427734 1.0693923234939575195 1.1440905332565307617 1.2210152149200439453 1.2447400093078613281 1.2455399036407470703 1.1997654438018798828 1.118214726448059082 1.0688086748123168945
0.2009118199348449707 0.36681279540061950684 0.44843921065330505371 0.47365564107894897461 0.48745819926261901855 0.5018660426139831543 0.51508492231369018555 0.51719260215759277344 0.48617196083068847656 0.45906403660774230957 0.54831051826477050781 0.66621053218841552734 0.71523827314376831055 0.72810053825378417969 0.74304878711700439453 0.77397215366363525391 0.81470972299575805664 0.87305444478988647461 0.91935843229293823242 0.94737422466278076172 0.96805107593536376953 0.97189891338348388672 0.97153145074844360352 0.9740174412727355957 0.98607981204986572266 0.9994824528694152832 1.009512782096862793 0.99862855672836303711 0.99495363235473632813 0.99742883443832397461 0.98676073551177978516 0.98719304800033569336 1.0045300722122192383 1.0879507064819335938 1.1816827058792114258 1.2202910184860229492 1.2416595220565795898 1.2476475238800048828 1.2111469507217407227 1.133108973503112793 1.0788606405258178711
0.1270459592342376709 0.20691059529781341553 0.36842325329780578613 0.44972541928291320801 0.45949637889862060547 0.45562690496444702148 0.44963896274566650391 0.41876965761184692383 0.40681535005569458008 0.4524708092212677002 0.55664396286010742188 0.66207087039947509766 0.71334677934646606445 0.73386150598526000977 0.75548946857452392578 0.79560011625289916992 0.83989369869232177734 0.88137704133987426758 0.91594290733337402344 0.94203484058380126953 0.97026681900024414063 0.98973309993743896484 0.99830430746078491211 1.0040761232376098633 1.0101829767227172852 1.0123121738433837891 1.0006929636001586914 0.99394845962524414063 0.99782872200012207031 0.99682354927062988281 0.98223191499710083008 0.96514356136322021484 0.97949737310409545898 1.0835083723068237305 1.1584551334381103516 1.2116224765777587891 1.2409137487411499023 1.2525546550750732422 1.2301268577575683594 1.1493217945098876953 1.084059596061706543
0.076288849115371704102 0.126483917236328125 0.22070235013961791992 0.37941560149192810059 0.4260870516300201416 0.38984587788581848145 0.37322226166725158691 0.36060866713523864746 0.40506437420845031738 0.48268079757690429688 0.57403492927551269531 0.65769338607788085938 0.70519709587097167969 0.73118096590042114258 0.75740259885787963867 0.79730784893035888672 0.84352535009384155273 0.87957203388214111328 0.90808504819869995117 0.93242597579956054688 0.96495980024337768555 0.98849010467529296875 1.0030816793441772461 1.0163329839706420898 1.0211968421936035156 1.0086157321929931641 0.99134355783462524414 0.99573183059692382813 1.0000553131103515625 0.99561297893524169922 0.98144292831420898438 0.97031009197235107422 0.99270546436309814453 1.0369234085083007813 1.1018289327621459961 1.1836283206939697266 1.2325154542922973633 1.2531058788299560547 1.2404382228851318359 1.1507810354232788086 1.0731321573257446289
-0.22181189060211181641 -0.080273486673831939697 -0.03340746462345123291 0.11713448911905288696 0.27904707193374633789 0.28266796469688415527 0.28210592269897460938 0.32470253109931945801 0.4016056060791015625 0.48453986644744873047 0.58160096406936645508 0.64943563938140869141 0.68707114458084106445 0.71427631378173828125 0.7499230504035949707 0.78627228736877441406 0.825107574462890625 0.86797440052032470703 0.90009748935699462891 0.92243885993957519531 0.95518887042999267578 0.98064309358596801758 0.99853128194808959961 1.0157601833343505859 1.0101288557052612305 0.99100852012634277344 0.97967028617858886719 0.98371273279190063477 0.99100852012634277344 0.98433959484100341797 0.96303588151931762695 0.96056073904037475586 0.95773971080780029297 0.976406097412109375 1.0419925451278686523 1.1361786127090454102 1.2147138118743896484 1.2444806098937988281 1.2291648387908935547 1.1393131017684936523 1.0608103275299072266
-0.52802985906600952148 -0.47016072273254394531 -0.43674057722091674805 -0.34213304519653320313 -0.20691765844821929932 -0.0082666995003819465637 0.14718236029148101807 0.25446835160255432129 0.33141466975212097168 0.4006328284740447998 0.49238690733909606934 0.5503533482551574707 0.58228188753128051758 0.6254513859748840332 0.69762033224105834961 0.72443640232086181641 0.76416873931884765625 0.82439416646957397461 0.88403594493865966797 0.91305696964263916016 0.94017571210861206055 0.96580290794372558594 0.98330199718475341797 0.99042487144470214844 0.97435247898101806641 0.95839899778366088867 0.93860846757888793945 0.94007843732833862305 0.9510491490364074707 0.95538341999053955078 0.97265553474426269531 0.94659602642059326172 0.91859102249145507813 0.94841188192367553711 1.0138578414916992188 1.1138263940811157227 1.2055048942565917969 1.2396059036254882813 1.2174050807952880859 1.1263643503189086914 1.052249908447265625
-0.58846068382263183594 -0.5488688349723815918 -0.51003360748291015625 -0.4981441497802734375 -0.51810759305953979492 -0.42979067564010620117 -0.15311253070831298828 0.13835173845291137695 0.31673660874366760254 0.39248317480087280273 0.43570670485496520996 0.48807427287101745605 0.52388310432434082031 0.55479568243026733398 0.59512251615524291992 0.60683900117874145508 0.64678752422332763672 0.69946855306625366211 0.76249343156814575195 0.80614930391311645508 0.83624041080474853516 0.85903567075729370117 0.86790955066680908203 0.85984635353088378906 0.8509724736213684082 0.86544519662857055664 0.85763055086135864258 0.84311467409133911133 0.84568709135055541992 0.89290982484817504883 0.92324948310852050781 0.88856476545333862305 0.87280583381652832031 0.89511477947235107422 0.96414917707443237305 1.0846973657608032227 1.1671559810638427734 1.1887840032577514648 1.159708857536315918 1.0661714076995849609 0.99626147747039794922
-0.60745137929916381836 -0.56580591201782226563 -0.53321802616119384766 -0.52943497896194458008 -0.55830472707748413086 -0.57377183437347412109 -0.45820644497871398926 -0.18553829193115234375 0.065145201981067657471 0.24638353288173675537 0.31434792280197143555 0.40629655122756958008 0.50284963846206665039 0.56774437427520751953 0.61284857988357543945 0.61514002084732055664 0.6275050044059753418 0.62812113761901855469 0.66716170310974121094 0.72173422574996948242 0.76812469959259033203 0.78060859441757202148 0.77212387323379516602 0.76046139001846313477 0.74374055862426757813 0.72958129644393920898 0.70545655488967895508 0.69703662395477294922 0.73253202438354492188 0.80405241250991821289 0.82044905424118041992 0.81085103750228881836 0.76256906986236572266 0.75732690095901489258 0.80815970897674560547 0.90903621912002563477 0.98011344671249389648 1.0138578414916992188 1.0097181797027587891 0.9245141148567199707 0.85568505525588989258
-0.61978393793106079102 -0.59640496969223022461 -0.58661240339279174805 -0.58863359689712524414 -0.59431892633438110352 -0.56876742839813232422 -0.49605810642242431641 -0.35290920734405517578 -0.10770567506551742554 0.0234889201819896698 0.068560712039470672607 0.14824159443378448486 0.25410085916519165039 0.41735371947288513184 0.53682100772857666016 0.51959210634231567383 0.51346367597579956055 0.5512828826904296875 0.63871353864669799805 0.69723117351531982422 0.73964405059814453125 0.73594754934310913086 0.73044598102569580078 0.71897804737091064453 0.69924157857894897461 0.68725484609603881836 0.69193500280380249023 0.76400661468505859375 0.84096372127532958984 0.83799135684967041016 0.82868516445159912109 0.80949997901916503906 0.74773973226547241211 0.72711694240570068359 0.74003320932388305664 0.78274869918823242188 0.8511778712272644043 0.91029000282287597656 0.94448834657669067383 0.89049947261810302734 0.81283980607986450195
-0.63518619537353515625 -0.6215890049934387207 -0.62764179706573486328 -0.63243001699447631836 -0.61194771528244018555 -0.54572355747222900391 -0.46637773513793945313 -0.36346918344497680664 -0.20647451281547546387 -0.02111810632050037384 0.061264920979738235474 0.10124587267637252808 0.13652509450912475586 0.17113417387008666992 0.17019383609294891357 0.13982170820236206055 0.25820812582969665527 0.49616992473602294922 0.66602683067321777344 0.70207345485687255859 0.70453780889511108398 0.70298135280609130859 0.70715349912643432617 0.702030181884765625 0.68441224098205566406 0.69138377904891967773 0.73733103275299072266 0.82269722223281860352 0.84322273731231689453 0.82561552524566650391 0.81068891286849975586 0.79229271411895751953 0.74928534030914306641 0.71760535240173339844 0.7026030421257019043 0.70832079648971557617 0.77158343791961669922 0.84598976373672485352 0.9007460474967956543 0.86381310224533081055 0.77521514892578125
-0.66251027584075927734 -0.64537870883941650391 -0.64106607437133789063 -0.63800722360610961914 -0.59499984979629516602 -0.51442188024520874023 -0.43808084726333618164 -0.34647810459136962891 -0.25892856717109680176 -0.16273216903209686279 0.0049846242181956768036 0.093388035893440246582 0.11794513463973999023 0.071911379694938659668 -0.038682054728269577026 -0.10684098303318023682 -0.026662910357117652893 0.22933840751647949219 0.476314544677734375 0.50273072719573974609 0.57357019186019897461 0.63873511552810668945 0.66351920366287231445 0.64328557252883911133 0.62362474203109741211 0.66274100542068481445 0.73816329240798950195 0.74228137731552124023 0.72906249761581420898 0.74169772863388061523 0.76255828142166137695 0.75965076684951782227 0.74250835180282592773 0.70682919025421142578 0.6751708984375 0.65584510564804077148 0.71172553300857543945 0.80349040031433105469 0.86643958091735839844 0.82412397861480712891 0.76143419742584228516
-0.68251699209213256836 -0.66588258743286132813 -0.64382225275039672852 -0.60899698734283447266 -0.55634838342666625977 -0.4964580237865447998 -0.42736953496932983398 -0.3489748835563659668 -0.27879473567008972168 -0.23827336728572845459 -0.15610651671886444092 0.017533389851450920105 0.093117818236351013184 0.0296822376549243927 -0.1174442097544670105 -0.1857220381498336792 -0.11232093721628189087 0.065804526209831237793 0.20659713447093963623 0.26316925883293151855 0.33285221457481384277 0.40272971987724304199 0.47861677408218383789 0.50872951745986938477 0.52968734502792358398 0.60800635814666748047 0.66675096750259399414 0.65555328130722045898 0.64191287755966186523 0.65175950527191162109 0.68286657333374023438 0.69528567790985107422 0.69693934917449951172 0.676532745361328125 0.65084075927734375 0.63818389177322387695 0.69799858331680297852 0.80236631631851196289 0.84177440404891967773 0.79589194059371948242 0.7496312260627746582
-0.67981481552124023438 -0.66423964500427246094 -0.63389998674392700195 -0.58728253841400146484 -0.51721048355102539063 -0.46395659446716308594 -0.41391286253929138184 -0.35301730036735534668 -0.2997093498706817627 -0.26044178009033203125 -0.21576990187168121338 -0.11285056173801422119 0.033821925520896911621 0.027044944465160369873 -0.12428604066371917725 -0.19496336579322814941 -0.1616405099630355835 -0.031915880739688873291 0.12275495380163192749 0.18225620687007904053 0.2521661221981048584 0.32857200503349304199 0.34696823358535766602 0.32169774174690246582 0.38249602913856506348 0.45563772320747375488 0.55964875221252441406 0.61814481019973754883 0.61165964603424072266 0.59848397970199584961 0.61802589893341064453 0.62882363796234130859 0.63784885406494140625 0.63638967275619506836 0.62816435098648071289 0.63701659440994262695 0.71617865562438964844 0.81081861257553100586 0.83509469032287597656 0.79157930612564086914 0.74461603164672851563
-0.68138206005096435547 -0.65573328733444213867 -0.61102902889251708984 -0.55287879705429077148 -0.46823680400848388672 -0.40192613005638122559 -0.37506681680679321289 -0.3497963249683380127 -0.31165283918380737305 -0.27028837800025939941 -0.2224171757698059082 -0.17512962222099304199 -0.11508793383836746216 -0.079268291592597961426 -0.16562888026237487793 -0.21618062257766723633 -0.19296377897262573242 -0.10000996291637420654 0.009037842974066734314 0.044976383447647094727 0.13499027490615844727 0.24760490655899047852 0.33729454874992370605 0.38195559382438659668 0.35027563571929931641 0.27462637424468994141 0.26752513647079467773 0.37799966335296630859 0.44610455632209777832 0.43887361884117126465 0.50782155990600585938 0.55948662757873535156 0.59091794490814208984 0.59141516685485839844 0.59872174263000488281 0.63215273618698120117 0.71682715415954589844 0.80766248703002929688 0.83575397729873657227 0.79364377260208129883 0.74790185689926147461
-0.68365186452865600586 -0.64570295810699462891 -0.58923888206481933594 -0.53381246328353881836 -0.4471708834171295166 -0.36673340201377868652 -0.33494535088539123535 -0.33491292595863342285 -0.31198790669441223145 -0.27003979682922363281 -0.2233791351318359375 -0.19312591850757598877 -0.22502204775810241699 -0.31434416770935058594 -0.31146910786628723145 -0.30255201458930969238 -0.22316296398639678955 -0.15039958059787750244 -0.13830476999282836914 -0.11915196478366851807 -0.021658536046743392944 0.098111383616924285889 0.29954016208648681641 0.45524862408638000488 0.43306940793991088867 0.31246721744537353516 0.16994524002075195313 0.13612517714500427246 0.14990611374378204346 0.15521313250064849854 0.21800020337104797363 0.31348323822021484375 0.45307609438896179199 0.52831465005874633789 0.5776774287223815918 0.62028485536575317383 0.70543491840362548828 0.80237710475921630859 0.82801508903503417969 0.78791522979736328125 0.75227934122085571289
-0.69021266698837280273 -0.64017975330352783203 -0.5727774500846862793 -0.5239658355712890625 -0.4468574225902557373 -0.36997595429420471191 -0.33635047078132629395 -0.3489964902400970459 -0.33536687493324279785 -0.27851372957229614258 -0.22503285109996795654 -0.22148764133453369141 -0.2999038994312286377 -0.43054726719856262207 -0.49664175510406494141 -0.38878288865089416504 -0.24068367481231689453 -0.16061368584632873535 -0.17774529755115509033 -0.18686774373054504395 -0.1036848798394203186 0.037096928805112838745 0.23288361728191375732 0.39593109488487243652 0.42952418327331542969 0.34091541171073913574 0.20206834375858306885 0.12250635772943496704 0.10211055725812911987 0.095139026641845703125 0.10407771915197372437 0.14276164770126342773 0.21496298909187316895 0.3005885779857635498 0.42020717263221740723 0.53686422109603881836 0.67938619852066040039 0.77291291952133178711 0.79045522212982177734 0.77030801773071289063 0.7509066462516784668
