INPUT/RASTER/ASCII/BIO4.asc
ncols        113
nrows        135
xllcorner    473009.983799999987
yllcorner    4429001.174800000153
cellsize     100.000000000000
NODATA_value  -9999
[rows 54 to 71 of 135, columns 41 to 81 of 113]
0.34419041872024536133 0.53474575281143188477 0.69185930490493774414 0.71464383602142333984 0.7529494166374206543 0.82891219854354858398 0.92264419794082641602 0.95530778169631958008 0.94673657417297363281 0.94774174690246582031 0.95368647575378417969 0.9761574864387512207 1.0050380229949951172 1.016678929328918457 1.026493072509765625 1.0311839580535888672 1.0172193050384521484 0.99468344449996948242 1.0045083761215209961 1.0544008016586303711 1.0882533788681030273 1.1003156900405883789 1.1024990081787109375 1.1028341054916381836 -9999 -9999 -9999 -9999 -9999 -9999 -9999 -9999 -9999 1.3539391756057739258 1.3692873716354370117 1.348491668701171875 1.3253396749496459961 1.3201514482498168945 1.3150281906127929688 1.3464163541793823242 1.4078307151794433594
0.52903884649276733398 0.59187990427017211914 0.64740359783172607422 0.6776568293571472168 0.71167147159576416016 0.85524189472198486328 0.99152731895446777344 0.97209346294403076172 0.94810920953750610352 0.94751477241516113281 0.95794504880905151367 0.98158341646194458008 0.99994719028472900391 1.0130796432495117188 1.033778071403503418 1.049072265625 1.042111515998840332 0.99367821216583251953 0.97820031642913818359 1.0257581472396850586 1.0662902593612670898 1.0813250541687011719 1.0902853012084960938 1.0982944965362548828 -9999 -9999 -9999 -9999 -9999 -9999 -9999 -9999 -9999 1.3459408283233642578 1.3504155874252319336 1.3333163261413574219 1.2977129220962524414 1.2946432828903198242 1.3002420663833618164 1.2964590787887573242 1.3293603658676147461
0.53195714950561523438 0.56550699472427368164 0.61324846744537353516 0.64874386787414550781 0.72183156013488769531 0.91152220964431762695 0.9778544306755065918 0.96724045276641845703 0.95347028970718383789 0.95365405082702636719 0.96217119693756103516 0.98486924171447753906 1.0082266330718994141 1.0264390707015991211 1.034232020378112793 1.0404145717620849609 1.0367180109024047852 0.98869544267654418945 0.95595628023147583008 0.99798005819320678711 1.0383176803588867188 1.0514177083969116211 1.0554385185241699219 1.0653175115585327148 -9999 -9999 -9999 -9999 -9999 -9999 -9999 -9999 -9999 1.3321381807327270508 1.3374452590942382813 1.3250261545181274414 1.2830240726470947266 1.2728855609893798828 1.2823754549026489258 1.2757066488265991211 1.2653087377548217773
0.50791883468627929688 0.54149031639099121094 0.60428816080093383789 0.70615905523300170898 0.83492171764373779297 0.93186396360397338867 0.95163285732269287109 0.9520435333251953125 0.95202195644378662109 0.95583736896514892578 0.95807474851608276367 0.98141050338745117188 1.0231207609176635742 1.0408252477645874023 1.0374529361724853516 1.0338644981384277344 1.0251636505126953125 0.97667634487152099609 0.93867331743240356445 0.96477609872817993164 0.99732071161270141602 0.99969857931137084961 1.0008550882339477539 1.0100640058517456055 -9999 -9999 -9999 -9999 -9999 -9999 -9999 -9999 -9999 1.3114830255508422852 1.3187247514724731445 1.3143256902694702148 1.2722586393356323242 1.2484689950942993164 1.2520358562469482422 1.2461884021759033203 1.2325911521911621094
0.47218567132949829102 0.51851123571395874023 0.62968838214874267578 0.81718486547470092773 0.87832903861999511719 0.90290772914886474609 0.91073316335678100586 0.91564023494720458984 0.9262542724609375 0.93271780014038085938 0.94115930795669555664 0.97375798225402832031 1.0248609781265258789 1.052120208740234375 1.0484993457794189453 1.035982966423034668 1.0193161964416503906 0.9741471409797668457 0.93369060754776000977 0.93748438358306884766 0.95893943309783935547 0.96829968690872192383 0.98008102178573608398 0.99002492427825927734 -9999 -9999 -9999 -9999 -9999 -9999 -9999 1.2324938774108886719 1.2450102567672729492 1.2564997673034667969 1.3086187839508056641 1.3046195507049560547 1.2621526718139648438 1.2391195297241210938 1.2363201379776000977 1.2235119342803955078 1.2030404806137084961
0.43932756781578063965 0.51732230186462402344 0.70819109678268432617 0.82212436199188232422 0.84801095724105834961 0.86376982927322387695 0.86855804920196533203 0.87746435403823852539 0.89399063587188720703 0.91215986013412475586 0.92996162176132202148 0.96037697792053222656 1.0172950029373168945 1.0572867393493652344 1.0556654930114746094 1.0343725681304931641 1.0163329839706420898 0.98200494050979614258 0.94314807653427124023 0.92858892679214477539 0.93955963850021362305 0.96024727821350097656 0.97449296712875366211 0.98736602067947387695 -9999 -9999 -9999 -9999 -9999 -9999 1.1677396297454833984 1.2047806978225708008 1.241810917854309082 1.2709183692932128906 1.2988802194595336914 1.290860295295715332 1.2501550912857055664 1.2371523380279541016 1.2289918661117553711 1.2053643465042114258 1.1903079748153686523
0.44141364097595214844 0.58486515283584594727 0.74425935745239257813 0.79092001914978027344 0.81688219308853149414 0.82894462347030639648 0.83919113874435424805 0.8520209193229675293 0.87867486476898193359 0.90341573953628540039 0.90937125682830810547 0.93444716930389404297 0.98436123132705688477 1.0257472991943359375 1.0358749628067016602 1.0154575109481811523 1.0020440816879272461 0.98736602067947387695 0.95345950126647949219 0.93229627609252929688 0.93602526187896728516 0.96052831411361694336 0.97896772623062133789 -9999 -9999 -9999 -9999 -9999 -9999 -9999 1.1232298612594604492 1.1562068462371826172 1.2253278493881225586 1.2791329622268676758 1.2953026294708251953 1.2793490886688232422 1.242848515510559082 1.2322669029235839844 1.2124223709106445313 1.1899621486663818359 1.1892163753509521484
0.54619204998016357422 0.66089272499084472656 0.71276313066482543945 0.75474369525909423828 0.77645814418792724609 0.77365869283676147461 0.79881024360656738281 0.8254642486572265625 0.85862499475479125977 0.87174659967422485352 0.87167090177536010742 0.89262878894805908203 0.93125867843627929688 0.97462266683578491211 0.99877989292144775391 0.97631967067718505859 0.96047425270080566406 0.95832335948944091797 0.94244551658630371094 0.92932391166687011719 0.93279349803924560547 0.96472203731536865234 1.0057082176208496094 1.0541955232620239258 1.070202946662902832 -9999 -9999 -9999 -9999 -9999 1.1049958467483520508 1.1246674060821533203 1.1880922317504882813 1.268410801887512207 1.2866556644439697266 1.2584128379821777344 1.2319102287292480469 1.2247549295425415039 1.2020893096923828125 1.1916049718856811523 1.1948475837707519531
0.61188662052154541016 0.65880668163299560547 0.69087576866149902344 0.71746486425399780273 0.73153764009475708008 0.74180579185485839844 0.77154022455215454102 0.8011124730110168457 0.82766920328140258789 0.83228445053100585938 0.83485686779022216797 0.85790079832077026367 0.89018601179122924805 0.93485790491104125977 0.96641898155212402344 0.94337505102157592773 0.92768102884292602539 0.92389798164367675781 0.91718590259552001953 0.91192209720611572266 0.9262218475341796875 0.97824358940124511719 1.0253473520278930664 1.0651553869247436523 1.0905555486679077148 1.1055362224578857422 -9999 -9999 -9999 -9999 -9999 1.1215113401412963867 1.1535264253616333008 1.2377036809921264648 1.2733936309814453125 1.2374874353408813477 1.2125736474990844727 1.200954437255859375 1.1921021938323974609 1.1938208341598510742 1.1962742805480957031
0.61987417936325073242 0.64229118824005126953 0.66761565208435058594 0.68675768375396728516 0.7004197239875793457 0.7244904637336730957 0.75476527214050292969 0.76608186960220336914 0.78420788049697875977 0.79168742895126342773 0.79637831449508666992 0.81662279367446899414 0.84561145305633544922 0.88182020187377929688 0.90651780366897583008 0.90174043178558349609 0.8999570012092590332 0.90525317192077636719 0.89354747533798217773 0.89414197206497192383 0.94523417949676513672 1.0170571804046630859 1.0548764467239379883 1.0841352939605712891 1.1063361167907714844 1.1048228740692138672 1.0611345767974853516 -9999 -9999 -9999 -9999 1.0964894294738769531 1.1185605525970458984 1.1932694911956787109 1.2449994087219238281 1.2213286161422729492 1.1849685907363891602 1.1732088327407836914 1.1790994405746459961 1.1846767663955688477 1.1861143112182617188
0.59685188531875610352 0.61622083187103271484 0.64084279537200927734 0.66095757484436035156 0.68356913328170776367 0.71074193716049194336 0.72711694240570068359 0.73221856355667114258 0.74190306663513183594 0.75556510686874389648 0.76591974496841430664 0.78552651405334472656 0.80505764484405517578 0.82310795783996582031 0.83461910486221313477 0.8491566777229309082 0.86513173580169677734 0.87534582614898681641 0.86507767438888549805 0.89159113168716430664 0.97946494817733764648 1.0518392324447631836 1.0748182535171508789 1.0912040472030639648 1.0873562097549438477 1.0651121139526367188 1.0295087099075317383 1.0206673145294189453 -9999 -9999 -9999 1.0944142341613769531 1.1101299524307250977 1.1639566421508789063 1.2116441726684570313 1.1962959766387939453 1.1521968841552734375 1.1560122966766357422 1.169728398323059082 1.1706471443176269531 1.1670154333114624023
0.57375395298004150391 0.59502524137496948242 0.62398141622543334961 0.6493275761604309082 0.67883497476577758789 0.69753384590148925781 0.70985561609268188477 0.71892404556274414063 0.72663056850433349609 0.73628258705139160156 0.74141669273376464844 0.76454704999923706055 0.77887922525405883789 0.78565621376037597656 0.79707008600234985352 0.81476372480392456055 0.83334368467330932617 0.83758068084716796875 0.8519236445426940918 0.91344612836837768555 1.0119447708129882813 1.0621290206909179688 1.0755748748779296875 1.0805035829544067383 1.0510286092758178711 1.0250231027603149414 1.0149819850921630859 1.0155439376831054688 -9999 -9999 -9999 1.0957545042037963867 1.1069954633712768555 1.1440688371658325195 1.175716400146484375 1.1520023345947265625 1.1190794706344604492 1.1336601972579956055 1.1525104045867919922 1.15145111083984375 1.1484030485153198242
0.55834090709686279297 0.58237916231155395508 0.61699908971786499023 0.64858174324035644531 0.67077177762985229492 0.68718999624252319336 0.69571799039840698242 0.70354342460632324219 0.70941245555877685547 0.70912063121795654297 0.71295768022537231445 0.73238068819046020508 0.74582660198211669922 0.75325208902359008789 0.77047014236450195313 0.78830432891845703125 0.79576224088668823242 0.8000100255012512207 0.85324227809906005859 0.92956173419952392578 1.017911076545715332 1.0481535196304321289 1.0481426715850830078 1.0419709682464599609 1.0184623003005981445 1.0016225576400756836 1.0018171072006225586 1.0096966028213500977 -9999 -9999 -9999 1.0952248573303222656 1.1043580770492553711 1.135508418083190918 1.1606276035308837891 1.1057416200637817383 1.0864483118057250977 1.091679692268371582 1.1077088117599487305 1.1146262884140014648 1.1473978757858276367
0.54772686958312988281 0.57669389247894287109 0.61705309152603149414 0.63937282562255859375 0.65681791305541992188 0.67365765571594238281 0.68060761690139770508 0.68054276704788208008 0.68476891517639160156 0.67932134866714477539 0.68635773658752441406 0.70248419046401977539 0.71561658382415771484 0.7269115447998046875 0.74541586637496948242 0.75586777925491333008 0.75075531005859375 0.7751827239990234375 0.85456097126007080078 0.9267947077751159668 1.0008335113525390625 1.0222561359405517578 1.007178187370300293 0.99595886468887329102 0.99259734153747558594 0.98949527740478515625 0.99435919523239135742 1.0000768899917602539 -9999 -9999 -9999 -9999 -9999 -9999 -9999 1.1015802621841430664 1.0890098810195922852 1.0714243650436401367 1.074310302734375 1.1101191043853759766 1.1688097715377807617
0.54935896396636962891 0.58876705169677734375 0.62123602628707885742 0.63838928937911987305 0.6521269679069519043 0.66596198081970214844 0.66558367013931274414 0.66037392616271972656 0.66255724430084228516 0.66733467578887939453 0.67377656698226928711 0.68310439586639404297 0.69155669212341308594 0.70181405544281005859 0.71893483400344848633 0.7258955836296081543 0.73133230209350585938 0.78130036592483520508 0.86316460371017456055 0.9260165095329284668 0.98491245508193969727 1.0008875131607055664 0.98656618595123291016 0.97350943088531494141 0.97556304931640625 0.98370188474655151367 0.99121385812759399414 -9999 -9999 -9999 -9999 -9999 -9999 -9999 -9999 1.1077843904495239258 1.0959166288375854492 1.0679223537445068359 1.0651445388793945313 1.1212195158004760742 1.145074009895324707
0.55062353610992431641 0.58423823118209838867 0.61235135793685913086 0.63026118278503417969 0.64587962627410888672 0.65538036823272705078 0.64916539192199707031 0.64434480667114257813 0.6518351435661315918 0.66511887311935424805 0.66877222061157226563 0.67233902215957641602 0.67620849609375 0.67760282754898071289 0.69203227758407592773 0.70999610424041748047 0.73735266923904418945 0.80260407924652099609 0.88476014137268066406 0.93845719099044799805 0.96955347061157226563 0.97106665372848510742 0.96214956045150756836 0.95621567964553833008 0.96249544620513916016 0.96618121862411499023 -9999 -9999 -9999 -9999 -9999 -9999 -9999 -9999 -9999 1.0993105173110961914 1.093560338020324707 1.0797793865203857422 1.0956572294235229492 1.1197928190231323242 1.1062712669372558594
0.52843356132507324219 0.55333650112152099609 0.57846647500991821289 0.59708964824676513672 0.61569124460220336914 0.6273428797721862793 0.62806707620620727539 0.62198185920715332031 0.62999099493026733398 0.6511433720588684082 0.66543233394622802734 0.67410081624984741211 0.6764895319938659668 0.66707521677017211914 0.67331176996231079102 0.71299010515213012695 0.75633251667022705078 0.82169204950332641602 0.90884166955947875977 0.95467007160186767578 0.96244144439697265625 0.94915765523910522461 0.94723373651504516602 0.95241105556488037109 0.95781534910202026367 0.96320885419845581055 1.0185920000076293945 1.0255419015884399414 1.0361883640289306641 1.05179595947265625 1.0644204616546630859 1.0538280010223388672 1.0488992929458618164 -9999 -9999 1.0954194068908691406 1.1116214990615844727 1.1425881385803222656 1.1558285951614379883 1.1139236688613891602 1.0943493843078613281
0.50550854206085205078 0.52893072366714477539 0.5509045720100402832 0.56660944223403930664 0.58564335107803344727 0.60699033737182617188 0.61355113983154296875 0.60951954126358032227 0.62105226516723632813 0.63958901166915893555 0.64934915304183959961 0.65727186203002929688 0.65611535310745239258 0.6506894230842590332 0.66110891103744506836 0.71316301822662353516 0.76167196035385131836 0.82816636562347412109 0.91019272804260253906 0.94695270061492919922 0.94986021518707275391 0.94106203317642211914 0.94292110204696655273 0.950130462646484375 0.96025806665420532227 -9999 1.016873478889465332 1.0244394540786743164 1.0362964868545532227 1.0487804412841796875 1.0504665374755859375 1.0445326566696166992 1.0519473552703857422 -9999 -9999 -9999 1.1811530590057373047 1.2315427064895629883 1.2053751945495605469 1.1372594833374023438 1.1123456954956054688
