INPUT/RASTER/ASCII/BIO4.asc
ncols        113
nrows        135
xllcorner    473009.983799999987
yllcorner    4429001.174800000153
cellsize     100.000000000000
NODATA_value  -9999
[rows 108 to 125 of 135, columns 41 to 81 of 113]
-1.0219713449478149414 -0.91378825902938842773 -0.84182471036911010742 -0.78112369775772094727 -0.64269816875457763672 -0.52956467866897583008 -0.48747608065605163574 -0.49064299464225769043 -0.53766036033630371094 -0.55348408222198486328 -0.51797789335250854492 -0.54029762744903564453 -0.61436885595321655273 -0.65949469804763793945 -0.61013191938400268555 -0.54930120706558227539 -0.45660677552223205566 -0.33217835426330566406 -0.2470931708812713623 -0.1743622124195098877 -0.12713950872421264648 -0.12212432175874710083 -0.092843867838382720947 -0.052495423704385757446 -0.033645253628492355347 -0.025128090754151344299 0.0085082221776247024536 0.043744206428527832031 0.079909726977348327637 0.11216254532337188721 0.13138020038604736328 0.17288516461849212646 0.2272631525993347168 0.30984073877334594727 0.43306940793991088867 0.5255368351936340332 0.56375598907470703125 0.59421455860137939453 0.61428612470626831055 0.59645193815231323242 0.57859617471694946289
-0.97518098354339599609 -0.92350518703460693359 -0.87500703334808349609 -0.81812149286270141602 -0.72930735349655151367 -0.63318657875061035156 -0.56772983074188232422 -0.56991314888000488281 -0.61188286542892456055 -0.61479038000106811523 -0.57464730739593505859 -0.58780133724212646484 -0.62098371982574462891 -0.65405797958374023438 -0.63826662302017211914 -0.5982532501220703125 -0.4979928433895111084 -0.34111705422401428223 -0.22363854944705963135 -0.14434677362442016602 -0.12209189683198928833 -0.11227770149707794189 -0.086909957230091094971 -0.060623481869697570801 -0.046172402799129486084 -0.029375864192843437195 -0.012633367441594600677 0.011880500242114067078 0.048337854444980621338 0.077758818864822387695 0.10941716283559799194 0.16326552629470825195 0.21812990307807922363 0.26006719470024108887 0.31252127885818481445 0.46986183524131774902 0.56160509586334228516 0.59623581171035766602 0.62024164199829101563 0.60368287563323974609 0.58772945404052734375
-0.96411299705505371094 -0.90975666046142578125 -0.85653519630432128906 -0.8224124908447265625 -0.76208978891372680664 -0.67464834451675415039 -0.63263535499572753906 -0.64584344625473022461 -0.65932178497314453125 -0.6471405029296875 -0.61940562725067138672 -0.61977314949035644531 -0.62554490566253662109 -0.65901911258697509766 -0.66351550817489624023 -0.61156940460205078125 -0.51325452327728271484 -0.3725375831127166748 -0.23933260142803192139 -0.13500815629959106445 -0.11932490020990371704 -0.10400913655757904053 -0.081332728266716003418 -0.076630994677543640137 -0.073755912482738494873 -0.054603099822998046875 -0.035525947809219360352 -0.015162575989961624146 0.013026210479438304901 0.049591649323701858521 0.08644892275333404541 0.14600421488285064697 0.21168798208236694336 0.25262010097503662109 0.27450746297836303711 0.36452135443687438965 0.52620697021484375 0.59279865026473999023 0.62461912631988525391 0.61667484045028686523 0.60277497768402099609
-0.96016788482666015625 -0.86173409223556518555 -0.7981688380241394043 -0.78471213579177856445 -0.74001866579055786133 -0.66371005773544311523 -0.62567460536956787109 -0.63361895084381103516 -0.64420056343078613281 -0.64067697525024414063 -0.61557942628860473633 -0.59065485000610351563 -0.62063783407211303711 -0.66909271478652954102 -0.67495095729827880859 -0.62624746561050415039 -0.53861147165298461914 -0.42793157696723937988 -0.30528658628463745117 -0.1743513941764831543 -0.1357539445161819458 -0.11157514899969100952 -0.088542051613330841064 -0.078825138509273529053 -0.07468544691801071167 -0.063087835907936096191 -0.045188821852207183838 -0.02923535369336605072 -0.0094880694523453712463 0.024602204561233520508 0.068928204476833343506 0.12337104231119155884 0.19144350290298461914 0.23297008872032165527 0.26022934913635253906 0.30690079927444458008 0.4005896151065826416 0.52912527322769165039 0.61453473567962646484 0.6251811981201171875 0.61660999059677124023
-0.97845602035522460938 -0.91049164533615112305 -0.85563808679580688477 -0.81976437568664550781 -0.78023737668991088867 -0.70774424076080322266 -0.60693252086639404297 -0.5727017521858215332 -0.59640496969223022461 -0.61183965206146240234 -0.57948952913284301758 -0.52895945310592651367 -0.57823574542999267578 -0.64438426494598388672 -0.67401063442230224609 -0.63878542184829711914 -0.56727588176727294922 -0.4742031395435333252 -0.36835467815399169922 -0.26426801085472106934 -0.18852145969867706299 -0.12698818743228912354 -0.091427944600582122803 -0.074858382344245910645 -0.065098233520984649658 -0.052344106137752532959 -0.04351349174976348877 -0.036001525819301605225 -0.021453171968460083008 0.011858883313834667206 0.050326634198427200317 0.10778506845235824585 0.16181717813014984131 0.19266487658023834229 0.23621265590190887451 0.29291447997093200684 0.33292788267135620117 0.39736863970756530762 0.55670881271362304688 0.62932085990905761719 0.62263035774230957031
-0.99418246746063232422 -0.96265387535095214844 -0.92527776956558227539 -0.88269197940826416016 -0.83591240644454956055 -0.75376719236373901367 -0.65228539705276489258 -0.59917199611663818359 -0.58867686986923217773 -0.5982316136360168457 -0.59330290555953979492 -0.53233170509338378906 -0.58313202857971191406 -0.65978652238845825195 -0.67093014717102050781 -0.62750130891799926758 -0.55633759498596191406 -0.44233942031860351563 -0.31970524787902832031 -0.25877726078033447266 -0.18999142944812774658 -0.11576887965202331543 -0.084024064242839813232 -0.072675049304962158203 -0.063055410981178283691 -0.044551115483045578003 -0.028478752821683883667 -0.02466332167387008667 -0.022447561845183372498 0.0069085522554814815521 0.044327870011329650879 0.091669470071792602539 0.14552864432334899902 0.17827865481376647949 0.21421718597412109375 0.2776203453540802002 0.32118976116180419922 0.35387489199638366699 0.44252690672874450684 0.56793892383575439453 0.59097200632095336914
-0.99529576301574707031 -0.97012257575988769531 -0.9481055140495300293 -0.91419899463653564453 -0.85364925861358642578 -0.78461486101150512695 -0.71997952461242675781 -0.67892855405807495117 -0.65297710895538330078 -0.64545434713363647461 -0.63542395830154418945 -0.58511000871658325195 -0.60301983356475830078 -0.66545021533966064453 -0.66417479515075683594 -0.62408578395843505859 -0.55800211429595947266 -0.42948803305625915527 -0.28204813599586486816 -0.21371626853942871094 -0.1610676497220993042 -0.10389024019241333008 -0.080089740455150604248 -0.074188254773616790771 -0.063109457492828369141 -0.041373394429683685303 -0.01984269358217716217 -0.012881965376436710358 -0.023441951721906661987 -0.025819839909672737122 -0.0021490412764251232147 0.043852292001247406006 0.093247517943382263184 0.13690339028835296631 0.15801255404949188232 0.16257378458976745605 0.20177651941776275635 0.24730226397514343262 0.2763773500919342041 0.30315023660659790039 0.34600624442100524902
-0.99431222677230834961 -0.97059816122055053711 -0.95227760076522827148 -0.92411047220230102539 -0.86243665218353271484 -0.80188697576522827148 -0.76733195781707763672 -0.75765824317932128906 -0.74744415283203125 -0.7214711308479309082 -0.69257974624633789063 -0.63945555686950683594 -0.58896869421005249023 -0.63103568553924560547 -0.65569007396697998047 -0.63115459680557250977 -0.56690835952758789063 -0.45135378837585449219 -0.32909789681434631348 -0.19918952882289886475 -0.13762383162975311279 -0.10719767212867736816 -0.11327209323644638062 -0.12322679907083511353 -0.10874329507350921631 -0.10286342352628707886 -0.11526086926460266113 -0.11661194264888763428 -0.12588571012020111084 -0.14656253159046173096 -0.13805617392063140869 -0.094692140817642211914 -0.048042289912700653076 -0.019994013011455535889 0.018722334876656532288 0.050791401416063308716 0.077639922499656677246 0.12315487116575241089 0.18024581670761108398 0.2023169398307800293 0.10008935630321502686
-0.99497151374816894531 -0.96876072883605957031 -0.9489809870719909668 -0.92491030693054199219 -0.87005668878555297852 -0.81123638153076171875 -0.80650222301483154297 -0.81184166669845581055 -0.79403996467590332031 -0.75764745473861694336 -0.73322004079818725586 -0.67872315645217895508 -0.59220045804977416992 -0.62734997272491455078 -0.66225087642669677734 -0.62604212760925292969 -0.5715993046760559082 -0.47773754596710205078 -0.37912002205848693848 -0.29081389307975769043 -0.24823887646198272705 -0.2228819429874420166 -0.23842468857765197754 -0.25588056445121765137 -0.24202394485473632813 -0.21570503711700439453 -0.19550380110740661621 -0.19741691648960113525 -0.20305900275707244873 -0.17781014740467071533 -0.1492214500904083252 -0.11045105010271072388 -0.072394028306007385254 -0.04964195936918258667 -0.016664968803524971008 0.033108558505773544312 0.064648009836673736572 0.097387209534645080566 0.15547253191471099854 0.14847938716411590576 -0.037568770349025726318
-0.99387985467910766602 -0.96643686294555664063 -0.94609510898590087891 -0.93744826316833496094 -0.90393084287643432617 -0.86195027828216552734 -0.86118286848068237305 -0.85344392061233520508 -0.83370745182037353516 -0.81793773174285888672 -0.82550370693206787109 -0.78785741329193115234 -0.72726452350616455078 -0.7743899226188659668 -0.79010564088821411133 -0.72722131013870239258 -0.63939070701599121094 -0.53151023387908935547 -0.43147680163383483887 -0.35516819357872009277 -0.31304714083671569824 -0.28867378830909729004 -0.28108617663383483887 -0.2738660275936126709 -0.25850704312324523926 -0.22988590598106384277 -0.20086485147476196289 -0.20223754644393920898 -0.21114382147789001465 -0.18165799975395202637 -0.14488719403743743896 -0.10363083332777023315 -0.076771505177021026611 -0.056094683706760406494 -0.027106061577796936035 0.0099133383482694625854 0.044403530657291412354 0.086567819118499755859 0.11282186955213546753 0.048975560814142227173 -0.096767388284206390381
-1.0726095438003540039 -1.0644166469573974609 -1.0454151630401611328 -1.064751744270324707 -1.0631412267684936523 -1.0294833183288574219 -1.0158429145812988281 -1.0049370527267456055 -0.98875659704208374023 -0.97227346897125244141 -0.95953017473220825195 -0.92539668083190917969 -0.86269605159759521484 -0.84618055820465087891 -0.84559690952301025391 -0.78674417734146118164 -0.68011748790740966797 -0.58757436275482177734 -0.49925744533538818359 -0.3974081575870513916 -0.32888174057006835938 -0.29421859979629516602 -0.28225350379943847656 -0.27182319760322570801 -0.25406470894813537598 -0.22620017826557159424 -0.20777153968811035156 -0.21545644104480743408 -0.21701288223266601563 -0.18122565746307373047 -0.14697325229644775391 -0.11726046353578567505 -0.085602119565010070801 -0.05953181535005569458 -0.031732134521007537842 -0.010039307177066802979 0.016971344128251075745 0.072419382631778717041 0.049905098974704742432 -0.055673148483037948608 -0.15245321393013000488
-1.1958166360855102539 -1.1804900169372558594 -1.1620506048202514648 -1.1301329135894775391 -1.1026141643524169922 -1.0671728849411010742 -1.0516841411590576172 -1.0439884662628173828 -1.0309424400329589844 -1.0051316022872924805 -0.97024148702621459961 -0.93863719701766967773 -0.88454020023345947266 -0.85300076007843017578 -0.81577599048614501953 -0.75802576541900634766 -0.67461591958999633789 -0.61393648386001586914 -0.54248094558715820313 -0.4241701960563659668 -0.33258906006813049316 -0.2973098456859588623 -0.28700926899909973145 -0.2730337679386138916 -0.25277850031852722168 -0.2246761620044708252 -0.21404051780700683594 -0.22137954831123352051 -0.21969340741634368896 -0.18848903477191925049 -0.15834388136863708496 -0.13291129469871520996 -0.099383063614368438721 -0.05772678181529045105 -0.026846656575798988342 -0.016092114150524139404 0.012410121038556098938 0.049440331757068634033 -0.014092526398599147797 -0.12150823324918746948 -0.19561187922954559326
-1.2000752687454223633 -1.1761666536331176758 -1.1559653282165527344 -1.1277225017547607422 -1.0958048105239868164 -1.0646544694900512695 -1.0485172271728515625 -1.032153010368347168 -1.0179289579391479492 -0.99208563566207885742 -0.95909786224365234375 -0.93444347381591796875 -0.89564061164855957031 -0.84621298313140869141 -0.75122714042663574219 -0.66622841358184814453 -0.59243822097778320313 -0.52564120292663574219 -0.46102747321128845215 -0.37749874591827392578 -0.31972685456275939941 -0.2991797327995300293 -0.29257568717002868652 -0.27894607186317443848 -0.25788015127182006836 -0.22484910488128662109 -0.211824759840965271 -0.21932591497898101807 -0.22216857969760894775 -0.19984884560108184814 -0.1727301180362701416 -0.13858579099178314209 -0.098885871469974517822 -0.059845261275768280029 -0.029667695984244346619 -0.017994426190853118896 0.011188751086592674255 0.033681415021419525146 -0.067638248205184936523 -0.18309554457664489746 -0.2479578554630279541
-1.1761125326156616211 -1.1617803573608398438 -1.1465618610382080078 -1.1201673746109008789 -1.0898060798645019531 -1.0645787715911865234 -1.0460636615753173828 -1.0213119983673095703 -0.99844110012054443359 -0.97152769565582275391 -0.94447380304336547852 -0.9208787083625793457 -0.88781523704528808594 -0.80196261405944824219 -0.66100788116455078125 -0.54584240913391113281 -0.49308574199676513672 -0.43247118592262268066 -0.37139189243316650391 -0.33434006571769714355 -0.30983701348304748535 -0.29394838213920593262 -0.29185152053833007813 -0.28192922472953796387 -0.26374921202659606934 -0.23309604823589324951 -0.21702368557453155518 -0.22011494636535644531 -0.22697839140892028809 -0.211759909987449646 -0.18493300676345825195 -0.14280115067958831787 -0.099901877343654632568 -0.069983713328838348389 -0.045426610857248306274 -0.025463156402111053467 0.010518618859350681305 0.001028682338073849678 -0.12806904315948486328 -0.24363441765308380127 -0.28834953904151916504
-1.149501800537109375 -1.142022252082824707 -1.1346184015274047852 -1.1121473312377929688 -1.0851907730102539063 -1.0657461881637573242 -1.0427994728088378906 -1.0114545822143554688 -0.98755681514739990234 -0.96410220861434936523 -0.93191426992416381836 -0.89570546150207519531 -0.85724854469299316406 -0.78170734643936157227 -0.66019725799560546875 -0.54586404561996459961 -0.4966849982738494873 -0.44654396176338195801 -0.3744398951530456543 -0.33291333913803100586 -0.31189063191413879395 -0.29080307483673095703 -0.29107329249382019043 -0.28206974267959594727 -0.26521918177604675293 -0.23932179808616638184 -0.2231197357177734375 -0.22650282084941864014 -0.2362089306116104126 -0.21751007437705993652 -0.1853545457124710083 -0.14316864311695098877 -0.10961879044771194458 -0.082078516483306884766 -0.053003430366516113281 -0.036931063979864120483 -0.01077429112046957016 -0.051349714398384094238 -0.19072639942169189453 -0.28295606374740600586 -0.31793263554573059082
-1.1283278465270996094 -1.12290191650390625 -1.1179840564727783203 -1.1021926403045654297 -1.0793324708938598633 -1.0638545751571655273 -1.0406918525695800781 -1.0044614076614379883 -0.98079067468643188477 -0.95375841856002807617 -0.91345316171646118164 -0.87808752059936523438 -0.84647238254547119141 -0.78895992040634155273 -0.72645390033721923828 -0.66510432958602905273 -0.61469310522079467773 -0.56576263904571533203 -0.48566022515296936035 -0.40353661775588989258 -0.35816219449043273926 -0.31038823723793029785 -0.29995796084403991699 -0.28923583030700683594 -0.2714881598949432373 -0.24668245017528533936 -0.23218813538551330566 -0.23867328464984893799 -0.25138416886329650879 -0.22565974295139312744 -0.19382846355438232422 -0.159673348069190979 -0.13494330644607543945 -0.10967283695936203003 -0.076609373092651367188 -0.062860853970050811768 -0.038725290447473526001 -0.069064982235431671143 -0.20615024864673614502 -0.29519137740135192871 -0.33190813660621643066
-1.1090993881225585938 -1.1086237430572509766 -1.1006902456283569336 -1.0830074548721313477 -1.0666865110397338867 -1.0545483827590942383 -1.0346822738647460938 -1.0059962272644042969 -0.98113656044006347656 -0.94310110807418823242 -0.90838396549224853516 -0.89034444093704223633 -0.86860835552215576172 -0.82676833868026733398 -0.79169446229934692383 -0.77676784992218017578 -0.7481791377067565918 -0.71085709333419799805 -0.63979065418243408203 -0.52735978364944458008 -0.43294677138328552246 -0.35200127959251403809 -0.3223641514778137207 -0.31394425034523010254 -0.29319179058074951172 -0.26623517274856567383 -0.25143823027610778809 -0.25395661592483520508 -0.27139085531234741211 -0.25084376335144042969 -0.22067698836326599121 -0.19119118154048919678 -0.16373737156391143799 -0.13407862186431884766 -0.098788589239120483398 -0.079116970300674438477 -0.042097568511962890625 -0.039968278259038925171 -0.17990700900554656982 -0.28224268555641174316 -0.3215427100658416748
-1.0767276287078857422 -1.0868228673934936523 -1.074436187744140625 -1.0548727512359619141 -1.047901153564453125 -1.0408539772033691406 -1.0275161266326904297 -1.0071636438369750977 -0.98374140262603759766 -0.9459870457649230957 -0.92369973659515380859 -0.91086995601654052734 -0.88045459985733032227 -0.84325140714645385742 -0.82236921787261962891 -0.82797890901565551758 -0.80604827404022216797 -0.77604365348815917969 -0.71949315071105957031 -0.6246477961540222168 -0.50600200891494750977 -0.41017308831214904785 -0.37713125348091125488 -0.34098735451698303223 -0.31236621737480163574 -0.27711942791938781738 -0.25544819235801696777 -0.25267040729522705078 -0.2726230323314666748 -0.26328444480895996094 -0.23161527514457702637 -0.20476675033569335938 -0.17839381098747253418 -0.15119941532611846924 -0.11541219055652618408 -0.086877532303333282471 -0.044162008911371231079 -0.023604080080986022949 -0.15825742483139038086 -0.27775713801383972168 -0.31545746326446533203
