INPUT/RASTER/ASCII/BIO7.asc
ncols        113
nrows        135
xllcorner    473009.983799999987
yllcorner    4429001.174800000153
cellsize     100.000000000000
NODATA_value  -9999
[rows 90 to 107 of 135, columns 0 to 39 of 113]
-9999 -0.72193902730941772461 -0.68660300970077514648 -0.61978316307067871094 -0.48748418688774108887 -0.44493162631988525391 -0.6817410588264465332 -0.86484861373901367188 -0.88878917694091796875 -0.82730221748352050781 -0.82777315378189086914 -0.81834197044372558594 -0.7462317347526550293 -0.58879148960113525391 -0.29536977410316467285 -0.0090585025027394294739 0.18767602741718292236 0.3460368812084197998 0.40515226125717163086 0.38695183396339416504 0.17913581430912017822 -0.049744348973035812378 -0.23936414718627929688 -0.42306986451148986816 -0.5279833674430847168 -0.51314300298690795898 -0.47824820876121520996 -0.43286162614822387695 -0.40364757180213928223 -0.43341314792633056641 -0.44290792942047119141 -0.42151710391044616699 -0.40479305386543273926 -0.38429740071296691895 -0.35729372501373291016 -0.33207187056541442871 -0.31634482741355895996 -0.30441907048225402832 -0.24947834014892578125 -0.12179096788167953491
-9999 -9999 -0.66430425643920898438 -0.56505030393600463867 -0.42560690641403198242 -0.40390214323997497559 -0.53985822200775146484 -0.63503932952880859375 -0.76051211357116699219 -0.84616452455520629883 -0.86005878448486328125 -0.85165435075759887695 -0.76133513450622558594 -0.54381221532821655273 -0.18769015371799468994 0.10376305133104324341 0.29378166794776916504 0.43091714382171630859 0.46934172511100769043 0.41972959041595458984 0.12236230075359344482 -0.15663485229015350342 -0.36861702799797058105 -0.50751316547393798828 -0.51848435401916503906 -0.48828178644180297852 -0.44866505265235900879 -0.41467392444610595703 -0.39527282118797302246 -0.41295143961906433105 -0.42386323213577270508 -0.41730004549026489258 -0.40051659941673278809 -0.37016129493713378906 -0.34135028719902038574 -0.32158011198043823242 -0.31021013855934143066 -0.30662518739700317383 -0.28771200776100158691 -0.21460476517677307129
-9999 -9999 -9999 -9999 -0.35263118147850036621 -0.35453182458877563477 -0.36214715242385864258 -0.51116597652435302734 -0.74403411149978637695 -0.88251447677612304688 -0.89435112476348876953 -0.88584488630294799805 -0.73951584100723266602 -0.38784417510032653809 0.028509085997939109802 0.2403682321310043335 0.3779322206974029541 0.50076186656951904297 0.49812728166580200195 0.42043384909629821777 0.17103682458400726318 -0.11435805261135101318 -0.33932235836982727051 -0.49025455117225646973 -0.48657202720642089844 -0.46020048856735229492 -0.44110062718391418457 -0.42984095215797424316 -0.42790636420249938965 -0.43167796730995178223 -0.4219074249267578125 -0.41054594516754150391 -0.39101758599281311035 -0.35734885931015014648 -0.32053220272064208984 -0.30513608455657958984 -0.32142737507820129395 -0.32926756143569946289 -0.30735492706298828125 -0.23902899026870727539
-9999 -9999 -9999 -9999 -9999 -9999 -0.46650063991546630859 -0.56402790546417236328 -0.70464646816253662109 -0.85268950462341308594 -0.88527214527130126953 -0.87918412685394287109 -0.7072811126708984375 -0.33062943816184997559 0.095558002591133117676 0.32923647761344909668 0.46486586332321166992 0.52815586328506469727 0.47551459074020385742 0.42899951338768005371 0.26906892657279968262 -0.039897441864013671875 -0.29339274764060974121 -0.44893658161163330078 -0.44921234250068664551 -0.43124097585678100586 -0.43438470363616943359 -0.45075237751007080078 -0.45775678753852844238 -0.45182573795318603516 -0.41618424654006958008 -0.36969462037086486816 -0.35223662853240966797 -0.33274644613265991211 -0.28763139247894287109 -0.26134893298149108887 -0.27808994054794311523 -0.28908234834671020508 -0.25715732574462890625 -0.158590659499168396
-9999 -9999 -9999 -9999 -9999 -9999 -9999 -0.53984546661376953125 -0.64900147914886474609 -0.78477084636688232422 -0.83492177724838256836 -0.84714025259017944336 -0.7439619898796081543 -0.45761254429817199707 -0.063379831612110137939 0.2246666252613067627 0.41813015937805175781 0.53647124767303466797 0.48910766839981079102 0.49043133854866027832 0.3544285893440246582 0.047689557075500488281 -0.2385368645191192627 -0.36743760108947753906 -0.38840416073799133301 -0.40624824166297912598 -0.42698147892951965332 -0.4659830629825592041 -0.47095528244972229004 -0.40587913990020751953 -0.25766640901565551758 -0.14859525859355926514 -0.12589348852634429932 -0.15693606436252593994 -0.15127229690551757813 -0.031395412981510162354 -0.016376864165067672729 -0.032324526458978652954 -0.0074972519651055335999 -0.016249587759375572205
-9999 -9999 -9999 -9999 -9999 -9999 -9999 -0.46602547168731689453 -0.5655085444450378418 -0.69902938604354858398 -0.7479966282844543457 -0.79024797677993774414 -0.80836778879165649414 -0.67123234272003173828 -0.28861567378044128418 0.085702612996101379395 0.32071322202682495117 0.54488843679428100586 0.56406891345977783203 0.55745053291320800781 0.43891006708145141602 0.21565549075603485107 -0.012965871021151542664 -0.1949024498462677002 -0.38394528627395629883 -0.42387595772743225098 -0.4302991330623626709 -0.46552485227584838867 -0.44243276119232177734 -0.24187996983528137207 0.014576623216271400452 0.11015230417251586914 0.10118360072374343872 0.055928546935319900513 0.032929800450801849365 0.096050135791301727295 0.076682992279529571533 0.070696786046028137207 0.060485024005174636841 -0.091389007866382598877
-9999 -9999 -9999 -9999 -9999 -9999 -9999 -0.45836770534515380859 -0.5205122828483581543 -0.62191718816757202148 -0.67261117696762084961 -0.72543060779571533203 -0.75109368562698364258 -0.67995923757553100586 -0.32025644183158874512 0.098841719329357147217 0.35833597183227539063 0.58722883462905883789 0.60528928041458129883 0.55684387683868408203 0.47041931748390197754 0.30724743008613586426 0.09308885037899017334 -0.19691765308380126953 -0.41508120298385620117 -0.4411303102970123291 -0.4409097135066986084 -0.44523707032203674316 -0.36287689208984375 -0.093756340444087982178 0.14701987802982330322 0.17925460636615753174 0.07299623638391494751 0.045737992972135543823 0.061702627688646316528 0.065444536507129669189 -0.088181659579277038574 -0.1944485008716583252 -0.21381989121437072754 -0.3036766350269317627
-9999 -9999 -9999 -9999 -9999 -9999 -9999 -0.46604669094085693359 -0.49215945601463317871 -0.5506045222282409668 -0.64119946956634521484 -0.65171247720718383789 -0.66080421209335327148 -0.59823536872863769531 -0.14800131320953369141 0.27385875582695007324 0.50511896610260009766 0.65749788284301757813 0.64399814605712890625 0.60086435079574584961 0.49180591106414794922 0.15341760218143463135 -0.12687775492668151855 -0.31747335195541381836 -0.40864527225494384766 -0.43074461817741394043 -0.43364226818084716797 -0.33686593174934387207 -0.15578635036945343018 0.079830951988697052002 0.20588919520378112793 0.089083902537822723389 -0.079039007425308227539 -0.067762367427349090576 -0.045807283371686935425 -0.10713727027177810669 -0.26214230060577392578 -0.37046676874160766602 -0.38680049777030944824 -0.39125090837478637695
-9999 -9999 -9999 -9999 -9999 -9999 -9999 -9999 -9999 -9999 -0.63660478591918945313 -0.58616113662719726563 -0.59819722175598144531 -0.38306283950805664063 0.065003313124179840088 0.5041516423225402832 0.65801119804382324219 0.69672429561614990234 0.6782862544059753418 0.64914858341217041016 0.47385576367378234863 -0.023355823010206222534 -0.322628021240234375 -0.37614327669143676758 -0.3945516049861907959 -0.41523817181587219238 -0.39413160085678100586 -0.15657545626163482666 0.089342698454856872559 0.21991500258445739746 0.17593270540237426758 -0.030610546469688415527 -0.14032232761383056641 -0.11604658514261245728 -0.13419187068939208984 -0.24875286221504211426 -0.38188764452934265137 -0.42334562540054321289 -0.41372781991958618164 -0.35801917314529418945
-9999 -9999 -9999 -9999 -9999 -9999 -9999 -9999 -9999 -9999 -9999 -9999 0.10028418153524398804 -0.0082354517653584480286 0.31451913714408874512 0.64211022853851318359 0.67415827512741088867 0.65930092334747314453 0.64902126789093017578 0.63521182537078857422 0.49279442429542541504 0.096949554979801177979 -0.16603204607963562012 -0.30701974034309387207 -0.3671703338623046875 -0.3504250645637512207 -0.19998076558113098145 0.07442172616720199585 0.21011899411678314209 0.19339919090270996094 0.0287933349609375 -0.14531154930591583252 -0.19700251519680023193 -0.23177427053451538086 -0.31030347943305969238 -0.40611672401428222656 -0.45251727104187011719 -0.4332307279109954834 -0.38201916217803955078 -0.20488087832927703857
-9999 -9999 -9999 -9999 -9999 -9999 -9999 -9999 -9999 -9999 -9999 -9999 0.31641554832458496094 0.34510353207588195801 0.5030231475830078125 0.63786768913269042969 0.58235841989517211914 0.51998054981231689453 0.52318787574768066406 0.52697223424911499023 0.50197947025299072266 0.40634441375732421875 0.26995560526847839355 0.030944297090172767639 -0.063278011977672576904 -0.0018843867583200335503 0.086695365607738494873 0.1645075678825378418 0.11484453827142715454 -0.075551651418209075928 -0.24629220366477966309 -0.33797746896743774414 -0.38290587067604064941 -0.4268754124641418457 -0.46016231179237365723 -0.48183736205101013184 -0.46510908007621765137 -0.39708015322685241699 -0.25439119338989257813 0.0073049296624958515167
-9999 -9999 -9999 -9999 -9999 -9999 -9999 -9999 -9999 -9999 -9999 -9999 0.5344390869140625 0.55192679166793823242 0.57241392135620117188 0.46759378910064697266 0.35557833313941955566 0.24458529055118560791 0.21909195184707641602 0.2208271324634552002 0.27046895027160644531 0.40138915181159973145 0.46574831008911132813 0.42121872305870056152 0.38026136159896850586 0.32939344644546508789 0.1821225583553314209 0.022001048550009727478 -0.13909199833869934082 -0.30123293399810791016 -0.37063646316528320313 -0.42735058069229125977 -0.45450702309608459473 -0.44562315940856933594 -0.43821570277214050293 -0.45530036091804504395 -0.44632741808891296387 -0.33442649245262145996 -0.11017492413520812988 0.19364102184772491455
-9999 -9999 -9999 -9999 -9999 -9999 -9999 -9999 -9999 -9999 -9999 -9999 -9999 -9999 -9999 0.28533053398132324219 0.088990569114685058594 -0.082450002431869506836 -0.16885332763195037842 -0.16213317215442657471 -0.10190199315547943115 0.15073208510875701904 0.34848058223724365234 0.43413299322128295898 0.3806431889533996582 0.2540079653263092041 0.01626090705394744873 -0.21537265181541442871 -0.30407118797302246094 -0.25348329544067382813 -0.2504838109016418457 -0.32079523801803588867 -0.31981945037841796875 -0.27214193344116210938 -0.26397931575775146484 -0.31888186931610107422 -0.33730715513229370117 -0.20673486590385437012 0.063730560243129730225 0.33258807659149169922
-9999 -9999 -9999 -9999 -9999 -9999 -9999 -9999 -9999 -9999 -9999 -9999 -9999 -9999 -9999 -9999 -0.20905552804470062256 -0.35846889019012451172 -0.43007427453994750977 -0.40917983651161193848 -0.3515917658805847168 -0.16111920773983001709 0.034834697842597961426 0.1782703399658203125 0.16820706427097320557 0.013070525601506233215 -0.20256446301937103271 -0.3409811854362487793 -0.35647490620613098145 -0.22476561367511749268 -0.045930314809083938599 0.020422827452421188354 0.043493695557117462158 0.06499907374382019043 0.011271693743765354156 -0.090048365294933319092 -0.10684878379106521606 0.016159085556864738464 0.25276488065719604492 0.42260602116584777832
-9999 -9999 -9999 -9999 -9999 -9999 -9999 -9999 -9999 -9999 -9999 -9999 -9999 -9999 -9999 -9999 -9999 -0.50277000665664672852 -0.50210815668106079102 -0.47566449642181396484 -0.41903099417686462402 -0.35509607195854187012 -0.30694338679313659668 -0.19069811701774597168 -0.13516765832901000977 -0.2509377598762512207 -0.36826488375663757324 -0.40625673532485961914 -0.4141902625560760498 -0.31294232606887817383 0.008166163228452205658 0.25769472122192382813 0.3296013176441192627 0.25612074136734008789 0.1194476783275604248 0.0135456891730427742 0.074833251535892486572 0.21808646619319915771 0.38349840044975280762 0.48639243841171264648
-9999 -9999 -9999 -9999 -9999 -9999 -9999 -9999 -9999 -9999 -9999 -9999 -9999 -9999 -9999 -9999 -9999 -0.51269751787185668945 -0.51338905096054077148 -0.49954992532730102539 -0.44810926914215087891 -0.39827653765678405762 -0.39019876718521118164 -0.35826525092124938965 -0.33915689587593078613 -0.37505292892456054688 -0.41023197770118713379 -0.4307021796703338623 -0.44286975264549255371 -0.35891860723495483398 0.008280711248517036438 0.32636427879333496094 0.42163026332855224609 0.26732948422431945801 0.10336849838495254517 0.039072982966899871826 0.21434456110000610352 0.41338703036308288574 0.54367929697036743164 0.63887739181518554688
-9999 -9999 -9999 -9999 -9999 -9999 -9999 -9999 -9999 -9999 -9999 -9999 -9999 -9999 -9999 -9999 -9999 -0.52925610542297363281 -0.52813184261322021484 -0.52566695213317871094 -0.49212551116943359375 -0.44326853752136230469 -0.41326537728309631348 -0.40841618180274963379 -0.4157854616641998291 -0.42478808760643005371 -0.43479621410369873047 -0.44749411940574645996 -0.43577623367309570313 -0.28905263543128967285 0.080624304711818695068 0.38799548149108886719 0.48102140426635742188 0.32935950160026550293 0.24700354039669036865 0.27591636776924133301 0.46370339393615722656 0.66367924213409423828 0.78142207860946655273 0.82978266477584838867
-9999 -9999 -9999 -9999 -9999 -9999 -9999 -9999 -9999 -9999 -9999 -9999 -9999 -9999 -9999 -9999 -9999 -9999 -0.53866606950759887695 -0.53864061832427978516 -0.51799643039703369141 -0.4992402195930480957 -0.45781618356704711914 -0.43555986881256103516 -0.44617044925689697266 -0.45185118913650512695 -0.4544900357723236084 -0.45558461546897888184 -0.40952771902084350586 -0.1801808774471282959 0.13629899919033050537 0.38783428072929382324 0.5154749751091003418 0.46850168704986572266 0.4878349006175994873 0.57427644729614257813 0.76748967170715332031 0.90850281715393066406 0.98724836111068725586 0.98256886005401611328
