INPUT/RASTER/ASCII/BIO7.asc
ncols        113
nrows        135
xllcorner    473009.983799999987
yllcorner    4429001.174800000153
cellsize     100.000000000000
NODATA_value  -9999
[rows 36 to 53 of 135, columns 40 to 79 of 113]
-1.1197736263275146484 -1.09284210205078125 -1.0627412796020507813 -1.0184535980224609375 -0.94082802534103393555 -0.88748246431350708008 -0.85622775554656982422 -0.83811217546463012695 -0.79042190313339233398 -0.67914462089538574219 -0.54167824983596801758 -0.46509635448455810547 -0.39212062954902648926 -0.33452829718589782715 -9999 -9999 -9999 -9999 -9999 -9999 -9999 -9999 0.39107981324195861816 0.37621822953224182129 0.36692285537719726563 0.36628222465515136719 -9999 -9999 -9999 -9999 -9999 -9999 -9999 -9999 -9999 -9999 -9999 -9999 -9999 -9999
-1.1361582279205322266 -1.121542811393737793 -1.1013482809066772461 -1.0597842931747436523 -0.99494147300720214844 -0.96856570243835449219 -0.99993920326232910156 -0.94991129636764526367 -0.87821257114410400391 -0.74426323175430297852 -0.58063739538192749023 -0.53786420822143554688 -0.46260175108909606934 -0.3850568234920501709 -0.35732340812683105469 -0.33194884657859802246 -0.30547124147415161133 -9999 -9999 -9999 -9999 0.38630697131156921387 0.39273014664649963379 0.39521625638008117676 0.39987456798553466797 0.39904725551605224609 -9999 -9999 -9999 -9999 -9999 -9999 -9999 -9999 -9999 -9999 -9999 -9999 -9999 -9999
-1.1271768808364868164 -1.1248307228088378906 -1.1137237548828125 -1.07665252685546875 -1.04404449462890625 -1.067081451416015625 -1.0593430995941162109 -0.97796291112899780273 -0.87268030643463134766 -0.71857047080993652344 -0.5994275212287902832 -0.54093581438064575195 -0.49928689002990722656 -0.45141419768333435059 -0.38231191039085388184 -0.32956880331039428711 -0.30202206969261169434 -0.30769431591033935547 -9999 -9999 -9999 0.36704587936401367188 0.37466970086097717285 0.3822765648365020752 0.38924703001976013184 0.38662090897560119629 -9999 -9999 -9999 -9999 -9999 -9999 -9999 -9999 -9999 -9999 -9999 -9999 -9999 1.1057039499282836914
-1.1183693408966064453 -1.1297096014022827148 -1.1253567934036254883 -1.1142922639846801758 -1.1254035234451293945 -1.1133377552032470703 -1.0240833759307861328 -0.898822784423828125 -0.80155009031295776367 -0.75013488531112670898 -0.69099402427673339844 -0.61475157737731933594 -0.51181930303573608398 -0.46000108122825622559 -0.42905184626579284668 -0.36809518933296203613 -0.3162981569766998291 -0.32033705711364746094 -0.11366228014230728149 -9999 0.3225460052490234375 0.32949951291084289551 0.3338311314582824707 0.33240988850593566895 0.32385694980621337891 0.30879172682762145996 -9999 -9999 -9999 -9999 -9999 -9999 -9999 -9999 -9999 -9999 -9999 -9999 -9999 1.0912030935287475586
-1.12007904052734375 -1.1251828670501708984 -1.1494628190994262695 -1.2000294923782348633 -1.1471590995788574219 -1.0177153348922729492 -0.8981609344482421875 -0.82785373926162719727 -0.79857182502746582031 -0.77735495567321777344 -0.74763178825378417969 -0.70102334022521972656 -0.57254260778427124023 -0.46128231287002563477 -0.46719640493392944336 -0.4395733177661895752 -0.36136654019355773926 -0.15476813912391662598 0.1904760897159576416 0.27172476053237915039 0.29323437809944152832 0.29692962765693664551 0.30010303854942321777 0.28687056899070739746 0.27504241466522216797 0.2770703434944152832 -9999 -9999 -9999 -9999 -9999 -9999 -9999 -9999 -9999 -9999 -9999 -9999 -9999 1.0103361606597900391
-1.1439136266708374023 -1.1649056673049926758 -1.2144371271133422852 -1.1916929483413696289 -1.0418553352355957031 -0.90954363346099853516 -0.86419099569320678711 -0.82819312810897827148 -0.80788415670394897461 -0.79075706005096435547 -0.76126724481582641602 -0.71389943361282348633 -0.59865540266036987305 -0.5078144073486328125 -0.52985006570816040039 -0.49566802382469177246 -0.35981801152229309082 0.091408811509609222412 0.25242972373962402344 0.26020205020904541016 0.24901874363422393799 0.24049550294876098633 0.25055876374244689941 0.24164098501205444336 0.23825544118881225586 0.24617624282836914063 -9999 -9999 -9999 -9999 -9999 -9999 -9999 -9999 -9999 -9999 -9999 -9999 -9999 0.94836986064910888672
-1.1973440647125244141 -1.2500489950180053711 -1.1914893388748168945 -1.0694402456283569336 -0.95087009668350219727 -0.88181871175765991211 -0.83756488561630249023 -0.8267294764518737793 -0.81713289022445678711 -0.79269164800643920898 -0.75099188089370727539 -0.68661999702453613281 -0.58014523983001708984 -0.55892837047576904297 -0.57866036891937255859 -0.51225209236145019531 -0.14008899033069610596 0.16693429648876190186 0.20819288492202758789 0.21731856465339660645 0.182428017258644104 0.16908101737499237061 0.18215648829936981201 0.20269881188869476318 0.21866768598556518555 0.23464080691337585449 -9999 -9999 -9999 -9999 -9999 -9999 -9999 -9999 -9999 -9999 -9999 -9999 -9999 -9999
-1.2114504575729370117 -1.1409014463424682617 -1.0441421270370483398 -0.99144989252090454102 -0.93488425016403198242 -0.87578159570693969727 -0.82699674367904663086 -0.81560981273651123047 -0.81681466102600097656 -0.79291653633117675781 -0.71649587154388427734 -0.63936668634414672852 -0.56766796112060546875 -0.57653909921646118164 -0.58336108922958374023 -0.41389751434326171875 0.034406200051307678223 0.1391754448413848877 0.16159296035766601563 0.16389665007591247559 0.13739357888698577881 0.12564177811145782471 0.13154312968254089355 0.14913265407085418701 0.17161805927753448486 -9999 -9999 -9999 -9999 -9999 -9999 -9999 -9999 -9999 -9999 -9999 -9999 -9999 -9999 0.83188700675964355469
-1.1025149822235107422 -1.0086109638214111328 -0.98243874311447143555 -0.96781051158905029297 -0.93130356073379516602 -0.89021891355514526367 -0.83971583843231201172 -0.81098544597625732422 -0.81586861610412597656 -0.79004430770874023438 -0.70015364885330200195 -0.62689363956451416016 -0.56963652372360229492 -0.56530487537384033203 -0.49715289473533630371 -0.16072888672351837158 0.052178151905536651611 0.10123026371002197266 0.12581147253513336182 0.1233677789568901062 0.11003351211547851563 0.11600274592638015747 0.12284170091152191162 0.12346535921096801758 -9999 -9999 -9999 -9999 -9999 -9999 -9999 -9999 -9999 -9999 -9999 -9999 -9999 -9999 -9999 0.82686382532119750977
-1.0122976303100585938 -0.98103868961334228516 -0.97215062379837036133 -0.95412409305572509766 -0.92673009634017944336 -0.90479201078414916992 -0.82004326581954956055 -0.82146447896957397461 -0.82809555530548095703 -0.78838127851486206055 -0.69311952590942382813 -0.63801759481430053711 -0.58762055635452270508 -0.46657276153564453125 -0.14428061246871948242 0.025815080851316452026 0.055220045149326324463 0.070276774466037750244 0.071952573955059051514 0.071528322994709014893 0.081294625997543334961 0.10448004305362701416 0.10569340735673904419 0.091837309300899505615 0.076572686433792114258 -9999 -9999 -9999 -9999 -9999 -9999 -9999 -9999 -9999 -9999 -9999 -9999 -9999 -9999 -9999
-0.98666852712631225586 -0.96813297271728515625 -0.97711014747619628906 -0.9608485102653503418 -0.93894433975219726563 -9999 -0.8287913203239440918 -0.82479065656661987305 -0.8207772374153137207 -0.78058350086212158203 -0.69808328151702880859 -0.64874690771102905273 -0.60252034664154052734 -0.28871747851371765137 0.053226057440042495728 0.046582255512475967407 0.09479010850191116333 0.099622346460819244385 0.059916522353887557983 0.048296239227056503296 0.067968845367431640625 0.094459190964698791504 0.098192617297172546387 0.083852872252464294434 0.076572686433792114258 -9999 -9999 -9999 -9999 -9999 -9999 -9999 -9999 -9999 -9999 -9999 -9999 -9999 -9999 -9999
-0.99766945838928222656 -0.97073787450790405273 -0.97455614805221557617 -0.9664402008056640625 -0.94316565990447998047 -0.93621218204498291016 -0.8287913203239440918 -0.82291966676712036133 -0.81185519695281982422 -0.78486418724060058594 -0.69454079866409301758 -0.67618334293365478516 -0.49806505441665649414 -0.036180984228849411011 0.084947444498538970947 0.070399813354015350342 0.13167040050029754639 0.12568420171737670898 0.067731261253356933594 0.039548143744468688965 0.054380025714635848999 0.082032822072505950928 0.099783562123775482178 0.095710732042789459229 -9999 -9999 -9999 -9999 -9999 -9999 -9999 -9999 -9999 -9999 -9999 -9999 -9999 -9999 -9999 -9999
-1.0359624624252319336 -1.0217330455780029297 -1.0063284635543823242 -0.97954535484313964844 -0.95364898443222045898 -0.94662332534790039063 -0.94241899251937866211 -9999 -9999 -9999 -0.70413315296173095703 -0.60182034969329833984 -0.27049583196640014648 0.033107988536357879639 0.11152263730764389038 0.12903155386447906494 0.14802111685276031494 0.1182343214750289917 0.050472654402256011963 0.02360896579921245575 0.038971159607172012329 0.057264942675828933716 0.087195977568626403809 -9999 -9999 -9999 -9999 -9999 -9999 -9999 -9999 -9999 -9999 -9999 -9999 -9999 -9999 0.45922330021858215332 0.53989499807357788086 0.69155263900756835938
-1.0682947635650634766 -1.0481215715408325195 -1.0330605506896972656 -1.0166547298431396484 -0.98988860845565795898 -0.96668201684951782227 -0.94232988357543945313 -9999 -9999 -0.77286630868911743164 -0.65591681003570556641 -0.38622352480888366699 -0.0799256935715675354 0.013028100132942199707 0.093971297144889831543 0.14021910727024078369 0.12409324944019317627 0.08439591526985168457 0.02927698381245136261 0.017520938068628311157 0.029875179752707481384 0.036485038697719573975 -9999 -9999 -9999 -9999 -9999 -9999 -9999 -9999 -9999 -9999 -9999 -9999 -9999 -9999 -9999 0.44896909594535827637 0.52297151088714599609 0.62532252073287963867
-1.0809036493301391602 -1.0536326169967651367 -1.0500900745391845703 -1.0505440235137939453 -1.0289325714111328125 -0.99394023418426513672 -0.94378930330276489258 -9999 -0.80687868595123291016 -0.7100429534912109375 -0.45887255668640136719 -0.14493395388126373291 -0.054780229926109313965 -0.0018462040461599826813 0.042399123311042785645 0.10449276864528656006 0.095630124211311340332 0.055780056864023208618 0.037240210920572280884 0.041923962533473968506 0.036400187760591506958 0.035661987960338592529 -9999 -9999 -9999 -9999 -9999 -9999 -9999 -9999 -9999 -9999 -9999 -9999 -9999 -9999 -9999 0.42222845554351806641 0.47780555486679077148 0.57485765218734741211
-1.0716973543167114258 -1.0830205678939819336 -1.0989894866943359375 -1.0871400833129882813 -1.0614898204803466797 -1.0228828191757202148 -0.96810746192932128906 -1.0114661455154418945 -0.82194817066192626953 -0.5851472020149230957 -0.23874050378799438477 -0.10620816051959991455 -0.063562266528606414795 -0.042901150882244110107 -0.037534352391958236694 0.046259824186563491821 0.12105560302734375 0.088540859520435333252 0.052432704716920852661 0.049462933093309402466 0.04132576286792755127 0.045152526348829269409 -9999 -9999 -9999 -9999 -9999 -9999 -9999 -9999 -9999 -9999 -9999 -9999 -9999 -9999 -9999 0.41700166463851928711 0.45994877815246582031 0.54154956340789794922
-1.0496488809585571289 -1.0974069833755493164 -1.1477063894271850586 -1.1462301015853881836 -1.0988961458206176758 -1.0750701427459716797 -1.0813277959823608398 -1.0615704059600830078 -0.80410408973693847656 -0.36430236697196960449 -0.18022754788398742676 -0.12547348439693450928 -0.092916317284107208252 -0.082700312137603759766 -0.070897594094276428223 0.0052006356418132781982 0.1228586733341217041 0.12524722516536712646 0.087522655725479125977 0.060353502631187438965 0.049865972250699996948 0.064655430614948272705 0.098175644874572753906 -9999 -9999 -9999 -9999 -9999 -9999 -9999 -9999 -9999 -9999 -9999 -9999 -9999 0.38068559765815734863 0.40322616696357727051 0.45789963006973266602 0.54361140727996826172
-1.0532932281494140625 -1.107169032096862793 -1.1635735034942626953 -1.1938693523406982422 -1.1452202796936035156 -1.15442657470703125 -1.2002670764923095703 -1.1099522113800048828 -0.6453316807746887207 -0.27399167418479919434 -0.20811793208122253418 -0.15461117029190063477 -0.12796808779239654541 -0.12314857542514801025 -0.10176622867584228516 -0.029859619215130805969 0.087794177234172821045 0.14533558487892150879 0.15175452828407287598 0.12143743038177490234 0.084098935127258300781 0.10030539333820343018 0.14316765964031219482 0.16301845014095306396 -9999 -9999 -9999 -9999 -9999 -9999 -9999 -9999 -9999 -9999 -9999 0.28552994132041931152 0.35016486048698425293 0.40735414624214172363 0.46778470277786254883 0.54603815078735351563
