INPUT/RASTER/ASCII/BIO7.asc
ncols        113
nrows        135
xllcorner    473009.983799999987
yllcorner    4429001.174800000153
cellsize     100.000000000000
NODATA_value  -9999
[rows 0 to 17 of 135, columns 0 to 39 of 113]
-9999.0 -9999 -9999 -9999 -9999 -9999 -9999 -9999 -9999 -9999 -9999 -9999 -9999 -9999 -9999 -9999 -9999 -9999 -9999 -9999 -9999 -9999 0.34599021077156066895 0.34984666109085083008 0.34707206487655639648 0.35582014918327331543 0.39912787079811096191 0.43662759661674499512 0.4526049494743347168 0.49396535754203796387 0.50367224216461181641 0.56303793191909790039 0.56591439247131347656 0.5650107264518737793 -9999 -9999 -9999 -9999 -9999 -9999
-9999 -9999 -9999 -9999 -9999 -9999 -9999 -9999 -9999 -9999 -9999 -9999 -9999 -9999 -9999 -9999 -9999 -9999 -9999 -9999 0.34711447358131408691 0.34240952134132385254 0.31513854861259460449 0.32862553000450134277 0.33687725663185119629 0.35877719521522521973 0.40319222211837768555 0.4380912482738494873 0.45332616567611694336 0.4704659879207611084 0.48370268940925598145 0.48998585343360900879 0.50155097246170043945 0.50610321760177612305 0.53459179401397705078 -9999 -9999 -9999 -9999 -9999
-9999 -9999 -9999 -9999 -9999 -9999 -9999 -9999 -9999 -9999 -9999 -9999 -9999 -9999 -9999 -9999 -9999 -9999 -9999 -9999 0.33766636252403259277 0.32617336511611938477 0.29359075427055358887 0.28849971294403076172 0.31409913301467895508 0.3492145240306854248 0.40599653124809265137 0.4408022463321685791 0.45618140697479248047 0.4453671872615814209 0.43311476707458496094 0.44059860706329345703 0.45326253771781921387 0.45465832948684692383 0.47073751688003540039 0.51720166206359863281 0.52737104892730712891 -9999 -9999 -9999
-9999 -9999 -9999 -9999 -9999 -9999 -9999 -9999 -9999 -9999 -9999 -9999 -9999 -9999 -9999 -9999 -9999 -9999 -9999 -9999 0.34035187959671020508 0.31877863407135009766 0.28415536880493164063 0.2811940610408782959 0.29689142107963562012 0.32511696219444274902 0.37916254997253417969 0.42015808820724487305 0.44059011340141296387 0.42463394999504089355 0.40577593445777893066 0.40764263272285461426 0.43031468987464904785 0.44044587016105651855 0.45742869377136230469 0.5043722987174987793 0.52597099542617797852 0.54721754789352416992 -9999 -9999
-9999 -9999 -9999 -9999 -9999 -9999 -9999 -9999 -9999 -9999 -9999 -9999 -9999 -9999 -9999 -9999 -9999 -9999 -9999 -9999 0.32042896747589111328 0.30622500181198120117 0.29081189632415771484 0.29739204049110412598 0.31675919890403747559 0.33971551060676574707 0.37492001056671142578 0.40011638402938842773 0.41314944624900817871 0.41270396113395690918 0.41340398788452148438 0.42788797616958618164 0.45501470565795898438 0.45975786447525024414 0.45218494534492492676 0.47366911172866821289 0.52632313966751098633 0.5690072178840637207 0.69921040534973144531 0.81519687175750732422
-9999 -9999 -9999 -9999 -9999 -9999 -9999 -9999 -9999 -9999 -9999 -9999 -9999 -9999 -9999 -9999 -9999 -9999 -9999 0.30305159091949462891 0.30098971724510192871 0.2890682220458984375 0.29284828901290893555 0.30776503682136535645 0.33561721444129943848 0.3621712028980255127 0.39485141634941101074 0.41731560230255126953 0.42139267921447753906 0.41900411248207092285 0.42109993100166320801 0.44908788800239562988 0.48852643370628356934 0.4871730804443359375 0.45714870095252990723 0.44275379180908203125 0.49500477313995361328 0.55406928062438964844 0.64680665731430053711 0.79551577568054199219
-9999 -9999 -9999 -9999 -9999 -9999 -9999 -9999 -9999 -9999 -9999 -9999 -9999 -9999 -9999 -9999 -9999 -9999 -9999 0.25193336606025695801 0.22785276174545288086 0.21431486308574676514 0.25608679652214050293 0.29532170295715332031 0.33832821249961853027 0.37393149733543395996 0.40022668242454528809 0.41818955540657043457 0.43460389971733093262 0.45156127214431762695 0.45937177538871765137 0.47399154305458068848 0.50197947025299072266 0.49254834651947021484 0.46466222405433654785 0.43743792176246643066 0.45391163229942321777 0.50830936431884765625 0.60947668552398681641 0.74301028251647949219
-9999 -9999 -9999 -9999 -9999 -9999 -9999 -9999 -9999 -9999 -9999 -9999 -9999 -9999 -9999 -9999 -9999 -9999 0.23538325726985931396 0.19300888478755950928 0.12488660216331481934 0.10626190155744552612 0.1535873115062713623 0.20551586151123046875 0.26619249582290649414 0.32534608244895935059 0.36836954951286315918 0.40098610520362854004 0.44191378355026245117 0.47756373882293701172 0.49466112256050109863 0.50459712743759155273 0.50790208578109741211 0.48143291473388671875 0.44935941696166992188 0.43468025326728820801 0.45067459344863891602 0.48366874456405639648 0.5686041712760925293 0.6992995142936706543
-9999 -9999 -9999 -9999 -9999 -9999 -9999 -9999 -9999 -9999 -9999 -9999 -9999 -9999 -9999 -9999 -9999 -9999 0.24590896070003509521 0.1881214827299118042 0.10075934231281280518 0.097819268703460693359 0.13219648599624633789 0.15197090804576873779 0.17848670482635498047 0.22229929268360137939 0.27418118715286254883 0.34709751605987548828 0.41678953170776367188 0.48020684719085693359 0.51171183586120605469 0.5215333104133605957 0.51343429088592529297 0.47283756732940673828 0.43786215782165527344 0.44334352016448974609 0.47188299894332885742 0.49383383989334106445 0.55263525247573852539 0.64771455526351928711
-9999 -9999 -9999 -9999 -9999 -9999 -9999 -9999 -9999 -9999 -9999 -9999 -9999 -9999 -9999 -9999 -9999 0.27964979410171508789 0.26938712596893310547 0.1928688734769821167 0.081807971000671386719 0.082100704312324523926 0.11548516154289245605 0.14629440009593963623 0.1659542769193649292 0.18339955806732177734 0.21694098412990570068 0.26922589540481567383 0.32201567292213439941 0.39676055312156677246 0.45411103963851928711 0.49069011211395263672 0.50203466415405273438 0.46783986687660217285 0.45050066709518432617 0.47596007585525512695 0.50636625289916992188 0.52803283929824829102 0.5695247650146484375 0.62845772504806518555
-9999 -9999 -9999 -9999 -9999 -9999 -9999 -9999 -9999 -9999 -9999 -9999 -9999 -9999 -9999 -9999 -9999 0.25730440020561218262 0.26024872064590454102 0.16642944514751434326 0.052492100745439529419 0.071825303137302398682 0.10145087540149688721 0.12544237077236175537 0.14533983170986175537 0.16463910043239593506 0.19135428965091705322 0.22102229297161102295 0.25031271576881408691 0.28051528334617614746 0.31589370965957641602 0.35833173990249633789 0.41057422757148742676 0.43775185942649841309 0.45106491446495056152 0.4917252957820892334 0.54401445388793945313 0.57366126775741577148 0.59684664011001586914 0.63529670238494873047
-9999 -9999 -9999 -9999 -9999 -9999 -9999 -9999 -9999 -9999 -9999 -9999 -9999 -9999 -9999 -9999 -9999 0.23270621895790100098 0.23657116293907165527 0.1298630833625793457 0.018225196748971939087 0.05077811703085899353 0.087009310722351074219 0.1015314832329750061 0.12366899847984313965 0.14920902252197265625 0.16975134611129760742 0.18953424692153930664 0.21147660911083221436 0.23218438029289245605 0.25366431474685668945 0.26743555068969726563 0.29153734445571899414 0.33858698606491088867 0.39143192768096923828 0.46941384673118591309 0.563869476318359375 0.61220884323120117188 0.62889474630355834961 0.64485085010528564453
-9999 -9999 -9999 -9999 -9999 -9999 -9999 -9999 -9999 -9999 -9999 -9999 -9999 -9999 -9999 -9999 -9999 0.22871823608875274658 0.23786088824272155762 0.15007874369621276855 0.037609308958053588867 0.050519324839115142822 0.058970440179109573364 0.058427397161722183228 0.08958876878023147583 0.12816183269023895264 0.14277310669422149658 0.13886149227619171143 0.15146179497241973877 0.1653645634651184082 0.19529135525226593018 0.22208717465400695801 0.25825047492980957031 0.30079880356788635254 0.32781520485877990723 0.41120636463165283203 0.54701817035675048828 0.6228618621826171875 0.66037851572036743164 0.66830354928970336914
-9999 -9999 -9999 -9999 -9999 -9999 -9999 -9999 -9999 -9999 -9999 -9999 -9999 -9999 -9999 -9999 -9999 0.23327048122882843018 0.2836971580982208252 0.20204970240592956543 0.087369926273822784424 0.072898663580417633057 0.068325214087963104248 0.066925182938575744629 0.073793835937976837158 0.089474216103553771973 0.080475814640522003174 0.055818241089582443237 0.068864017724990844727 0.102201804518699646 0.14578953385353088379 0.19681018590927124023 0.26464822888374328613 0.32358118891716003418 0.35285037755966186523 0.40973845124244689941 0.49829274415969848633 0.57413643598556518555 0.6486225128173828125 0.67844319343566894531
-9999 -9999 -9999 -9999 -9999 -9999 -9999 -9999 -9999 -9999 -9999 -9999 -9999 -9999 -9999 -9999 -9999 0.10544733703136444092 0.17246656119823455811 0.11074625700712203979 0.053336363285779953003 0.070238597691059112549 0.085902012884616851807 0.079415187239646911621 0.059785004705190658569 0.041368190199136734009 0.020113123580813407898 0.00223086564801633358 0.021670131012797355652 0.068673104047775268555 0.12271443009376525879 0.18161769211292266846 0.27105867862701416016 0.33674150705337524414 0.37486061453819274902 0.44022524356842041016 0.50311648845672607422 0.53778642416000366211 0.57299941778182983398 0.62399458885192871094
-9999 -9999 -9999 -9999 -9999 -9999 -9999 -9999 -9999 -9999 -9999 -9999 -9999 -9999 -9999 0.11717792600393295288 0.089885741472244262695 0.060234714299440383911 0.038869339972734451294 0.038593575358390808105 0.054248504340648651123 0.064629971981048583984 0.056157644838094711304 0.024262314662337303162 -0.00020858806965406984091 -0.017895689234137535095 -0.03077600523829460144 -0.027496529743075370789 0.014657231047749519348 0.080204293131828308105 0.13734266161918640137 0.19003061950206756592 0.27443572878837585449 0.35368192195892333984 0.38359597325325012207 0.44099739193916320801 0.51924234628677368164 0.53810459375381469727 0.52424854040145874023 0.52776134014129638672
-9999 -9999 -9999 -9999 -9999 -9999 -9999 -9999 -9999 -9999 -9999 -9999 -9999 -9999 0.12260412424802780151 0.095541037619113922119 0.041249398142099380493 0.013571144081652164459 0.024292012676596641541 0.058800738304853439331 0.077412709593772888184 0.039649967104196548462 -0.030479026958346366882 -0.085084609687328338623 -0.083837307989597320557 -0.06457198411226272583 -0.04662609100341796875 -0.016232617199420928955 0.034732874482870101929 0.099427193403244018555 0.15923410654067993164 0.22013136744499206543 0.29724356532096862793 0.36356276273727416992 0.39608174562454223633 0.43469297885894775391 0.48846703767776489258 0.50901782512664794922 0.50908148288726806641 0.51197487115859985352
-9999 -9999 -9999 -9999 -9999 -9999 -9999 -9999 -9999 -9999 -9999 -9999 -9999 -9999 0.1159348711371421814 0.072147734463214874268 -0.026940759271383285522 0.003011490916833281517 0.05362909659743309021 0.069148264825344085693 0.033150412142276763916 -0.028531707823276519775 -0.082568794488906860352 -0.095194555819034576416 -0.073112197220325469971 -0.053626261651515960693 -0.026359532028436660767 0.0032957403454929590225 0.04959869384765625 0.10207028687000274658 0.16144871711730957031 0.22695758938789367676 0.30994570255279541016 0.36909925937652587891 0.40334495902061462402 0.43949553370475769043 0.46600708365440368652 0.4550698697566986084 0.45184129476547241211 0.48130565881729125977
