INPUT/RASTER/ASCII/BIO7.asc
ncols        113
nrows        135
xllcorner    473009.983799999987
yllcorner    4429001.174800000153
cellsize     100.000000000000
NODATA_value  -9999
[rows 72 to 89 of 135, columns 0 to 39 of 113]
-9999 -9999 -9999 -1.0815356969833374023 -1.1768525838851928711 -1.4007223844528198242 -1.4458882808685302734 -1.4372632503509521484 -1.41396331787109375 -1.4999933242797851563 -1.567988276481628418 -1.5931634902954101563 -1.6036933660507202148 -1.6017545461654663086 -1.5652433633804321289 -1.5426943302154541016 -1.5514848232269287109 -1.546258091926574707 -1.5235477685928344727 -1.5077146291732788086 -1.5089025497436523438 -1.5261315107345581055 -1.5413706302642822266 -1.5486253499984741211 -1.5245914459228515625 -1.4989453554153442383 -1.4905663728713989258 -1.4894505739212036133 -1.4770750999450683594 -1.3605625629425048828 -1.0364460945129394531 -0.72969013452529907227 -0.70549923181533813477 -0.70409071445465087891 -0.67661607265472412109 -0.65699863433837890625 -0.66306543350219726563 -0.64128005504608154297 -0.55474948883056640625 -0.38036459684371948242
-9999 -9999 -9999 -1.0716887712478637695 -1.114317774772644043 -1.2970052957534790039 -1.4211671352386474609 -1.4424985647201538086 -1.454920649528503418 -1.5268484354019165039 -1.5676954984664916992 -1.5851365327835083008 -1.5942113399505615234 -1.5750944614410400391 -1.5275018215179443359 -1.4951652288436889648 -1.5119911432266235352 -1.4977023601531982422 -1.4668930768966674805 -1.4567661285400390625 -1.4642287492752075195 -1.4780254364013671875 -1.4959501028060913086 -1.5070613622665405273 -1.4956912994384765625 -1.4742792844772338867 -1.4654251337051391602 -1.4564267396926879883 -1.3979604244232177734 -1.0883449316024780273 -0.74684691429138183594 -0.66421943902969360352 -0.63706302642822265625 -0.62274020910263061523 -0.61766618490219116211 -0.62507361173629760742 -0.65199244022369384766 -0.61943107843399047852 -0.57739609479904174805 -0.49036484956741333008
-9999 -9999 -1.096096038818359375 -1.0860201120376586914 -1.1301550865173339844 -1.3250058889389038086 -1.4953052997589111328 -1.5265642404556274414 -1.5335007905960083008 -1.5411458015441894531 -1.5528000593185424805 -1.5605893135070800781 -1.5608608722686767578 -1.5411627292633056641 -1.4867736101150512695 -1.4518829584121704102 -1.470337986946105957 -1.4505381584167480469 -1.4126948118209838867 -1.4179258346557617188 -1.4265805482864379883 -1.4394142627716064453 -1.4571650028228759766 -1.4597741365432739258 -1.4563333988189697266 -1.4491975307464599609 -1.4408311843872070313 -1.3541903495788574219 -1.0624783039093017578 -0.72011476755142211914 -0.63016039133071899414 -0.65356218814849853516 -0.60300821065902709961 -0.54000669717788696289 -0.58591085672378540039 -0.62793731689453125 -0.64462745189666748047 -0.61220180988311767578 -0.57140564918518066406 -0.52154320478439331055
-9999 -9999 -1.1023410558700561523 -1.1336382627487182617 -1.2542235851287841797 -1.3904936313629150391 -1.4843086004257202148 -1.5120972394943237305 -1.5189021825790405273 -1.5347777605056762695 -1.5465253591537475586 -1.5509163141250610352 -1.5456683635711669922 -1.5059667825698852539 -1.4365886449813842773 -1.4070436954498291016 -1.4286508560180664063 -1.4168609380722045898 -1.3937815427780151367 -1.4094450473785400391 -1.4163942337036132813 -1.4170433282852172852 -1.4172893762588500977 -1.4167591333389282227 -1.4239246845245361328 -1.4115110635757446289 -1.3192615509033203125 -1.0165104866027832031 -0.7238184809684753418 -0.5894787907600402832 -0.58159619569778442383 -0.60452282428741455078 -0.57937735319137573242 -0.52424567937850952148 -0.53607809543609619141 -0.58020037412643432617 -0.61109870672225952148 -0.5942516326904296875 -0.55424886941909790039 -0.49884566664695739746
-9999 -9999 -1.105374455451965332 -1.1400741338729858398 -1.2578085660934448242 -1.3819407224655151367 -1.4405597448348999023 -1.4541230201721191406 -1.4665112495422363281 -1.4900869131088256836 -1.5118765830993652344 -1.5263520479202270508 -1.5069595575332641602 -1.4534188508987426758 -1.3737059831619262695 -1.345467686653137207 -1.3784872293472290039 -1.390217900276184082 -1.3951221704483032227 -1.4013926982879638672 -1.3984186649322509766 -1.3906209468841552734 -1.3831540346145629883 -1.3844013214111328125 -1.3782496452331542969 -1.261554718017578125 -0.88351571559906005859 -0.62222689390182495117 -0.59171462059020996094 -0.53621387481689453125 -0.5374272465705871582 -0.55642104148864746094 -0.54315888881683349609 -0.51135265827178955078 -0.48939755558967590332 -0.48781511187553405762 -0.53399503231048583984 -0.55420643091201782227 -0.52020257711410522461 -0.46260175108909606934
-9999 -9999 -1.1242918968200683594 -1.0884637832641601563 -1.1137577295303344727 -1.3211325407028198242 -1.3910748958587646484 -1.3834213018417358398 -1.3926827907562255859 -1.4248284101486206055 -1.4710847139358520508 -1.4863747358322143555 -1.4539406299591064453 -1.3901669979095458984 -1.3250017166137695313 -1.304149627685546875 -1.3360619544982910156 -1.3605456352233886719 -1.3767095804214477539 -1.3739095926284790039 -1.365203857421875 -1.3606516122817993164 -1.3538042306900024414 -1.3435373306274414063 -1.2051290273666381836 -0.84623235464096069336 -0.52480995655059814453 -0.37898153066635131836 -0.40964651107788085938 -0.41305327415466308594 -0.49495103955268859863 -0.53406292200088500977 -0.52232384681701660156 -0.47580450773239135742 -0.46337813138961791992 -0.45364153385162353516 -0.45627614855766296387 -0.48806542158126831055 -0.46935161948204040527 -0.43307799100875854492
-9999 -9999 -9999 -0.94240200519561767578 -1.0159631967544555664 -1.3047308921813964844 -1.3728531599044799805 -1.3635959625244140625 -1.3454973697662353516 -1.3701379299163818359 -1.4309121370315551758 -1.4297454357147216797 -1.3936669826507568359 -1.3422476053237915039 -1.2973191738128662109 -1.2775702476501464844 -1.3031314611434936523 -1.3336776494979858398 -1.3418276309967041016 -1.33978271484375 -1.3349801301956176758 -1.3279714584350585938 -1.3169112205505371094 -1.1850619316101074219 -0.78233563899993896484 -0.51730066537857055664 -0.35148993134498596191 -0.25210022926330566406 -0.27714809775352478027 -0.35573247075080871582 -0.48128584027290344238 -0.51057201623916625977 -0.49645712971687316895 -0.4576422274112701416 -0.44893658161163330078 -0.43783810734748840332 -0.3943182528018951416 -0.36027196049690246582 -0.36795094609260559082 -0.40823799371719360352
-9999 -9999 -9999 -0.82325911521911621094 -0.95597809553146362305 -1.2291799783706665039 -1.3228168487548828125 -1.3373856544494628906 -1.3292782306671142578 -1.3450179100036621094 -1.3882704973220825195 -1.3799424171447753906 -1.3363419771194458008 -1.3021938800811767578 -1.2688136100769042969 -1.2408977746963500977 -1.2633408308029174805 -1.2884820699691772461 -1.3055582046508789063 -1.3177045583724975586 -1.3112474679946899414 -1.2431887388229370117 -1.0968427658081054688 -0.84540510177612304688 -0.57138019800186157227 -0.37576568126678466797 -0.24592734873294830322 -0.20134685933589935303 -0.29204362630844116211 -0.3846028745174407959 -0.47314867377281188965 -0.48268589377403259277 -0.45349305868148803711 -0.44086304306983947754 -0.4400018155574798584 -0.42620933055877685547 -0.34787106513977050781 -0.25157415866851806641 -0.26557025313377380371 -0.34942805767059326172
-9999 -9999 -9999 -0.7954959869384765625 -0.8746954798698425293 -1.1298921108245849609 -1.2643845081329345703 -1.2714354991912841797 -1.291439056396484375 -1.3292272090911865234 -1.3589249849319458008 -1.3588570356369018555 -1.3156427145004272461 -1.2743755578994750977 -1.2274787425994873047 -1.2106528282165527344 -1.2423232793807983398 -1.264002680778503418 -1.2842733860015869141 -1.2933737039566040039 -1.2488780021667480469 -0.98034715652465820313 -0.78481751680374145508 -0.71510004997253417969 -0.55803740024566650391 -0.34871956706047058105 -0.20475360751152038574 -0.18529736995697021484 -0.3054797053337097168 -0.35385727882385253906 -0.41393572092056274414 -0.45241120457649230957 -0.4372908174991607666 -0.43209797143936157227 -0.43205979466438293457 -0.41143685579299926758 -0.3222122490406036377 -0.21297986805438995361 -0.22865600883960723877 -0.27036431431770324707
-9999 -9999 -0.96167159080505371094 -0.88675278425216674805 -0.86875593662261962891 -1.1282035112380981445 -1.2326673269271850586 -1.2212294340133666992 -1.2495779991149902344 -1.306559443473815918 -1.3345855474472045898 -1.3375680446624755859 -1.2877565622329711914 -1.239841461181640625 -1.2075006961822509766 -1.2165414094924926758 -1.2522847652435302734 -1.262462615966796875 -1.2660645246505737305 -1.2381783723831176758 -1.030718684196472168 -0.77474576234817504883 -0.73280411958694458008 -0.6992117762565612793 -0.54278975725173950195 -0.3323306739330291748 -0.18514464795589447021 -0.15113228559494018555 -0.21704845130443572998 -0.27777600288391113281 -0.35942772030830383301 -0.46163868904113769531 -0.46704792976379394531 -0.43798235058784484863 -0.41894188523292541504 -0.39261275529861450195 -0.3093064725399017334 -0.20014622807502746582 -0.17858144640922546387 -0.19193269312381744385
-9999 -9999 -1.0010974407196044922 -1.036110997200012207 -1.0278168916702270508 -1.1417753696441650391 -1.1709724664688110352 -1.1511217355728149414 -1.2221882343292236328 -1.2793096303939819336 -1.2908620834350585938 -1.2912057638168334961 -1.220236659049987793 -1.131096959114074707 -1.1765768527984619141 -1.2468543052673339844 -1.2730476856231689453 -1.258831024169921875 -1.1244616508483886719 -0.94818454980850219727 -0.77586579322814941406 -0.72147661447525024414 -0.70754837989807128906 -0.67716765403747558594 -0.50408095121383666992 -0.30822888016700744629 -0.22068430483341217041 -0.1419429779052734375 -0.21646723151206970215 -0.34059935808181762695 -0.41861522197723388672 -0.47001343965530395508 -0.47295352816581726074 -0.44442251324653625488 -0.4036051630973815918 -0.37486627697944641113 -0.30651065707206726074 -0.19563217461109161377 -0.13950352370738983154 -0.12245704233646392822
-9999 -9999 -0.99557787179946899414 -1.0746755599975585938 -1.0752440690994262695 -1.0801101922988891602 -1.0747221708297729492 -1.1087770462036132813 -1.2258750200271606445 -1.2440415620803833008 -1.1734501123428344727 -1.1430481672286987305 -1.0797708034515380859 -1.0428565740585327148 -1.1862922906875610352 -1.2678632736206054688 -1.2744731903076171875 -1.1017599105834960938 -0.8524392247200012207 -0.75635015964508056641 -0.72548151016235351563 -0.69908452033996582031 -0.6808331608772277832 -0.64916270971298217773 -0.47537600994110107422 -0.32585233449935913086 -0.30864888429641723633 -0.18801258504390716553 -0.26820060610771179199 -0.38768717646598815918 -0.44366312026977539063 -0.46593639254570007324 -0.46603819727897644043 -0.44791835546493530273 -0.40171721577644348145 -0.36032712459564208984 -0.3020305335521697998 -0.19850012660026550293 -0.11888483166694641113 -0.057856064289808273315
-9999 -9999 -0.92251306772232055664 -1.0230355262756347656 -1.0288435220718383789 -1.0045465230941772461 -0.95797210931777954102 -1.0165104866027832031 -1.1449954509735107422 -1.106736302375793457 -1.0295562744140625 -0.99962520599365234375 -1.0140752792358398438 -1.1097103357315063477 -1.2110261917114257813 -1.211611628532409668 -1.1036053895950317383 -0.86540013551712036133 -0.77761799097061157227 -0.75041484832763671875 -0.72244811058044433594 -0.6831538081169128418 -0.64516621828079223633 -0.59558379650115966797 -0.41617152094841003418 -0.2662957310676574707 -0.23197790980339050293 -0.18323974311351776123 -0.31436356902122497559 -0.41049501299858093262 -0.44537284970283508301 -0.46304720640182495117 -0.46232599020004272461 -0.44236913323402404785 -0.40450456738471984863 -0.3534075617790222168 -0.29443642497062683105 -0.2161363065242767334 -0.14593094587326049805 -0.056702096015214920044
-9999 -0.61932075023651123047 -0.74324077367782592773 -0.94498145580291748047 -0.96352982521057128906 -0.89450812339782714844 -0.79858452081680297852 -0.84012311697006225586 -0.96287643909454345703 -1.0408413410186767578 -1.0677942037582397461 -1.0993119478225708008 -1.1497046947479248047 -1.1846418380737304688 -1.1178475618362426758 -0.95732724666595458984 -0.82165116071701049805 -0.79609841108322143555 -0.77474576234817504883 -0.75216704607009887695 -0.71610552072525024414 -0.61203634738922119141 -0.48549020290374755859 -0.35455727577209472656 -0.15926097333431243896 -0.098524942994117736816 -0.20246264338493347168 -0.31724849343299865723 -0.40920528769493103027 -0.45574581623077392578 -0.45908045768737792969 -0.45792225003242492676 -0.44762137532234191895 -0.42032071948051452637 -0.38968119025230407715 -0.35486274957656860352 -0.29934078454971313477 -0.25215962529182434082 -0.21591146290302276611 -0.13776408135890960693
-9999 -0.56385815143585205078 -0.68141865730285644531 -0.89802092313766479492 -0.89661240577697753906 -0.80745142698287963867 -0.7471014857292175293 -0.7900740504264831543 -0.95125615596771240234 -1.149632573127746582 -1.2214585542678833008 -1.2334946393966674805 -1.2103389501571655273 -1.1017131805419921875 -0.84507417678833007813 -0.77054142951965332031 -0.76217514276504516602 -0.74964696168899536133 -0.71106964349746704102 -0.68208473920822143555 -0.60952049493789672852 -0.40235361456871032715 -0.1945460885763168335 -0.048365525901317596436 0.055033374577760696411 -0.055675402283668518066 -0.3145332634449005127 -0.47714090347290039063 -0.48793390393257141113 -0.49628743529319763184 -0.48123493790626525879 -0.45330214500427246094 -0.42517417669296264648 -0.38803508877754211426 -0.36290657520294189453 -0.35288149118423461914 -0.31741818785667419434 -0.27029219269752502441 -0.24477337300777435303 -0.17486074566841125488
-0.51207810640335083008 -0.65166580677032470703 -0.7941341400146484375 -0.87741070985794067383 -0.83834975957870483398 -0.75440287590026855469 -0.75452589988708496094 -0.86373281478881835938 -1.0617315769195556641 -1.1866782903671264648 -1.2191591262817382813 -1.2133171558380126953 -0.99652397632598876953 -0.82977986335754394531 -0.7427571415901184082 -0.69862633943557739258 -0.63707995414733886719 -0.53703266382217407227 -0.42910274863243103027 -0.36822247505187988281 -0.26260897517204284668 -0.097163088619709014893 0.02075798623263835907 0.07158771902322769165 -0.01069187559187412262 -0.25092929601669311523 -0.44276368618011474609 -0.53705811500549316406 -0.53828424215316772461 -0.52402931451797485352 -0.49313947558403015137 -0.45430761575698852539 -0.41725760698318481445 -0.37336865067481994629 -0.35191419720649719238 -0.35119721293449401855 -0.33813446760177612305 -0.28400829434394836426 -0.2468522191047668457 -0.16255317628383636475
-0.5994275212287902832 -0.72659307718276977539 -0.80437558889389038086 -0.80044275522232055664 -0.74678325653076171875 -0.64905661344528198242 -0.72781914472579956055 -0.88895463943481445313 -1.0943651199340820313 -1.151172637939453125 -1.1151789426803588867 -1.0015598535537719727 -0.78265810012817382813 -0.69005221128463745117 -0.57991188764572143555 -0.46757400035858154297 -0.30745673179626464844 -0.10141834616661071777 0.039196014404296875 0.097378052771091461182 0.13206496834754943848 0.079661250114440917969 0.0051157851703464984894 -0.11824420839548110962 -0.32844027876853942871 -0.47571966052055358887 -0.52488207817077636719 -0.53918784856796264648 -0.53435987234115600586 -0.51945585012435913086 -0.49002122879028320313 -0.45028570294380187988 -0.41458058357238769531 -0.37808209657669067383 -0.35572397708892822266 -0.3465855717658996582 -0.33977207541465759277 -0.30474576354026794434 -0.24829891324043273926 -0.12482437491416931152
-0.73928248882293701172 -0.74588811397552490234 -0.73786973953247070313 -0.69617414474487304688 -0.59522318840026855469 -0.49688139557838439941 -0.69217342138290405273 -0.90574657917022705078 -1.0892995595932006836 -0.97317308187484741211 -0.85055977106094360352 -0.81269943714141845703 -0.73221868276596069336 -0.598545074462890625 -0.3730462193489074707 -0.16665570437908172607 0.0160445384681224823 0.22544725239276885986 0.32399269938468933105 0.34167981147766113281 0.25241699814796447754 0.064307540655136108398 -0.11501140892505645752 -0.32334077358245849609 -0.50895559787750244141 -0.53166162967681884766 -0.52547603845596313477 -0.49321582913398742676 -0.46854552626609802246 -0.47376385331153869629 -0.46432420611381530762 -0.43330284953117370605 -0.40898042917251586914 -0.38680049777030944824 -0.36163380742073059082 -0.33967873454093933105 -0.32876694202423095703 -0.31207683682441711426 -0.24274969100952148438 -0.085453711450099945068
