INPUT/RASTER/ASCII/bkd.asc
ncols        113
nrows        135
xllcorner    473009.983799999987
yllcorner    4429001.174800000153
cellsize     100.000000000000
NODATA_value  -9999
[rows 54 to 71 of 135, columns 39 to 77 of 113]
0.29865929484367370605 0.23449181020259857178 0.18472562730312347412 0.16172510385513305664 0.1387239992618560791 0.12660744786262512207 0.11641348898410797119 0.11458662897348403931 0.12830895185470581055 0.1420306861400604248 0.19073778390884399414 0.24562706053256988525 0.28131344914436340332 0.28131344914436340332 0.28131344914436340332 0.25121557712554931641 0.21579903364181518555 0.19958481192588806152 0.21905754506587982178 0.23852971196174621582 0.26966404914855957031 0.30285850167274475098 0.32645213603973388672 0.33220195770263671875 0.33795240521430969238 0.33881589770317077637 0.33881589770317077637 -9999 -9999 -9999 -9999 -9999 0.33881589770317077637 0.33881589770317077637 0.33881589770317077637 0.30787599086761474609 0.29471251368522644043 0.29895874857902526855 0.32418131828308105469
0.31151229143142700195 0.23955571651458740234 0.17382659018039703369 0.11966967582702636719 0.065512768924236297607 0.081814624369144439697 0.11056557297706604004 0.13133417069911956787 0.13726739585399627686 0.14320062100887298584 0.16426053643226623535 0.18799343705177307129 0.20342364907264709473 0.20342364907264709473 0.20342364907264709473 0.19980300962924957275 0.19554227590560913086 0.19958481192588806152 0.21905754506587982178 0.23852971196174621582 0.26304486393928527832 0.2884502410888671875 0.30970457196235656738 0.32324352860450744629 0.33678305149078369141 0.33881589770317077637 0.33881589770317077637 -9999 -9999 -9999 -9999 -9999 0.33881589770317077637 0.33881589770317077637 0.33881589770317077637 0.31810128688812255859 0.29969516396522521973 0.30168336629867553711 0.33469504117965698242
0.2951361536979675293 0.22466926276683807373 0.15355299413204193115 0.081230819225311279297 0.0089086405932903289795 0.044539313763380050659 0.099245205521583557129 0.13546201586723327637 0.13731788098812103271 0.13917317986488342285 0.14260636270046234131 0.14631752669811248779 0.14808171987533569336 0.14622583985328674316 0.14436997473239898682 0.15748584270477294922 0.17324684560298919678 0.18900783360004425049 0.20476883649826049805 0.22052982449531555176 0.2457529902458190918 0.27264863252639770508 0.29824551939964294434 0.32142943143844604492 0.34461334347724914551 0.34809470176696777344 0.34809470176696777344 -9999 -9999 -9999 -6.1844415664672851563 -6.1844415664672851563 -2.06780242919921875 -0.14681988954544067383 0.30394083261489868164 0.32375246286392211914 0.30056914687156677246 0.29976946115493774414 0.34056964516639709473
0.18530653417110443115 0.14599545300006866455 0.10331095010042190552 0.054355479776859283447 0.0054000071249902248383 0.031300984323024749756 0.070428684353828430176 0.09924230724573135376 0.10888669639825820923 0.11853166669607162476 0.13637253642082214355 0.15566189587116241455 0.164829254150390625 0.15518428385257720947 0.145539894700050354 0.14424693584442138672 0.14442974328994750977 0.14461311697959899902 0.14479592442512512207 0.14497931301593780518 0.1943410038948059082 0.2523924708366394043 0.30369535088539123535 0.3424568474292755127 0.38121896982192993164 0.38703960180282592773 0.38703960180282592773 -9999 -9999 -9999 -6.1844415664672851563 -6.1844415664672851563 -4.5654888153076171875 -1.5802099704742431641 0.16205298900604248047 0.32998630404472351074 0.2912247776985168457 0.2830219268798828125 0.33161121606826782227
0.075476914644241333008 0.067322216928005218506 0.053068321198225021362 0.027479557320475578308 0.0018907935591414570808 0.018062075600028038025 0.041612166911363601685 0.063022024929523468018 0.080455511808395385742 0.097889572381973266602 0.1301387101411819458 0.16500625014305114746 0.18157680332660675049 0.16414274275302886963 0.14670924842357635498 0.13100802898406982422 0.11561322212219238281 0.10021840780973434448 0.084823600947856903076 0.06942879408597946167 0.1429284512996673584 0.23213571310043334961 0.30914515256881713867 0.36348485946655273438 0.41782456636428833008 0.42598390579223632813 0.42598390579223632813 -9999 -9999 -9999 -6.1844415664672851563 -6.1844415664672851563 -5.1745724678039550781 -2.4593405723571777344 0.027026325464248657227 0.33622011542320251465 0.28188040852546691895 0.26627436280250549316 0.32265275716781616211
0.061105217784643173218 0.061105217784643173218 0.052281405776739120483 0.027058824896812438965 0.0018356628715991973877 0.0097100660204887390137 0.023432385176420211792 0.045200884342193603516 0.081924304366111755371 0.11864715069532394409 0.13282443583011627197 0.14301839470863342285 0.14283385872840881348 0.12336111068725585938 0.10388895124197006226 0.08930311352014541626 0.075580798089504241943 0.069905236363410949707 0.079184018075466156006 0.088462807238101959229 0.16771113872528076172 0.25932326912879943848 0.3352991640567779541 0.38221594691276550293 0.42913275957107543945 0.43617787957191467285 0.43617787957191467285 0.43617787957191467285 0.43617787957191467285 0.43617787957191467285 -4.2293672561645507813 -4.2293672561645507813 -3.5833055973052978516 -1.736559748649597168 0.11018604040145874023 0.34762522578239440918 0.30070841312408447266 0.28259479999542236328 0.31801134347915649414
0.080577373504638671875 0.080577373504638671875 0.06902895122766494751 0.036017272621393203735 0.0030055940151214599609 0.0030909015331417322159 0.0090241245925426483154 0.033903155475854873657 0.09399328380823135376 0.15408283472061157227 0.13867235183715820313 0.10992141067981719971 0.084416210651397705078 0.064944051206111907959 0.045471895486116409302 0.037505220621824264526 0.031571995466947555542 0.044585160911083221436 0.092808268964290618896 0.14103195071220397949 0.21950903534889221191 0.30333206057548522949 0.36879423260688781738 0.40013283491134643555 0.43147203326225280762 0.43617787957191467285 0.43617787957191467285 0.43617787957191467285 0.43617787957191467285 0.43617787957191467285 -1.5811196565628051758 -1.5811196565628051758 -1.3056409358978271484 -0.51819413900375366211 0.26925259828567504883 0.36086413264274597168 0.32952493429183959961 0.31064006686210632324 0.31490078568458557129
0.10162685811519622803 0.1034827306866645813 0.093661338090896606445 0.062139932066202163696 0.030617944896221160889 0.019576137885451316833 0.01215322595089673996 0.031978804618120193481 0.10244569182395935059 0.17291258275508880615 0.13858008384704589844 0.085730068385601043701 0.043257962912321090698 0.020074056461453437805 -0.0031092697754502296448 -0.0034365721512585878372 0.00027459382545202970505 0.026690319180488586426 0.095301330089569091797 0.16391234099864959717 0.24040879309177398682 0.31829857826232910156 0.37704992294311523438 0.40023383498191833496 0.42341771721839904785 0.43005314469337463379 0.43376487493515014648 0.43617787957191467285 0.43617787957191467285 0.43617787957191467285 0.43617787957191467285 0.43617787957191467285 0.4259287714958190918 0.39820849895477294922 0.37261450290679931641 0.3492367863655090332 0.32605287432670593262 0.30741345882415771484 0.29722011089324951172
0.12771876156330108643 0.13736315071582794189 0.14350587129592895508 0.14314027130603790283 0.14277407526969909668 0.10993359982967376709 0.071354299783706665039 0.060024075210094451904 0.099335156381130218506 0.13864566385746002197 0.11949326097965240479 0.090009950101375579834 0.057280886918306350708 0.018518790602684020996 -0.020242728292942047119 -0.0096704019233584403992 0.009618955664336681366 0.032538816332817077637 0.062204930931329727173 0.091871045529842376709 0.16251899302005767822 0.24040879309177398682 0.3046099245548248291 0.34337201714515686035 0.3821341395378112793 0.40434715151786804199 0.42363649606704711914 0.43617787957191467285 0.43617787957191467285 0.43617787957191467285 0.43617787957191467285 0.43617787957191467285 0.40079790353775024414 0.33469271659851074219 0.29558417201042175293 0.25810864567756652832 0.21934655308723449707 0.2042035907506942749 0.23295454680919647217
0.15381008386611938477 0.17124414443969726563 0.19335038959980010986 0.22414001822471618652 0.25493022799491882324 0.20029047131538391113 0.13055537641048431396 0.088069349527359008789 0.09622462838888168335 0.10437932610511779785 0.10040643811225891113 0.094289831817150115967 0.071303233504295349121 0.016963524743914604187 -0.03737560659646987915 -0.01590423285961151123 0.018963318318128585815 0.038386728614568710327 0.029107945039868354797 0.019829159602522850037 0.084629192948341369629 0.16251899302005767822 0.23216994106769561768 0.28651022911071777344 0.34084993600845336914 0.3786411583423614502 0.4135087132453918457 0.43617787957191467285 0.43617787957191467285 0.43617787957191467285 0.43617787957191467285 0.43617787957191467285 0.30048093199729919434 0.23142597079277038574 0.21464186906814575195 0.16697993874549865723 0.1126402243971824646 0.1009931415319442749 0.16868956387042999268
0.14597979187965393066 0.14820125699043273926 0.16930529475212097168 0.22550086677074432373 0.28169646859169006348 0.24348856508731842041 0.1885992884635925293 0.14486613869667053223 0.12186504155397415161 0.098864518105983734131 0.090523533523082733154 0.084773689508438110352 0.066633373498916625977 0.0254669971764087677 -0.015699958428740501404 0.0014416235499083995819 0.028886260464787483215 0.041929021477699279785 0.028206702321767807007 0.014484384097158908844 0.05907060578465461731 0.1139592975378036499 0.17410571873188018799 0.2440236210823059082 0.31394153833389282227 0.35265022516250610352 0.38584470748901367188 0.40541493892669677734 0.39966511726379394531 0.39391466975212097168 0.3930511772632598877 0.3930511772632598877 0.25027486681938171387 0.25027486681938171387 0.25027486681938171387 0.19085617363452911377 0.12093826383352279663 0.09870608896017074585 0.1650956273078918457
0.12612171471118927002 0.10497648268938064575 0.11906266212463378906 0.19862495362758636475 0.27818781137466430664 0.26996579766273498535 0.24623291194438934326 0.21185632050037384033 0.15769940614700317383 0.10354249924421310425 0.083904370665550231934 0.070365428924560546875 0.055335644632577896118 0.037535976618528366089 0.01973630860447883606 0.027147613465785980225 0.039014060050249099731 0.04465363919734954834 0.038720414042472839355 0.032787192612886428833 0.052065525203943252563 0.075798414647579193115 0.12113847583532333374 0.20663398504257202148 0.2921295166015625 0.32655891776084899902 0.3519642949104309082 0.36374542117118835449 0.35020649433135986328 0.33666697144508361816 0.33463409543037414551 0.33463409543037414551 0.32816466689109802246 0.32816466689109802246 0.32816466689109802246 0.25550705194473266602 0.17001153528690338135 0.1322011798620223999 0.18301251530647277832
0.1141490638256072998 0.078915327787399291992 0.087472192943096160889 0.17741124331951141357 0.26735088229179382324 0.27612477540969848633 0.27055773138999938965 0.2429355233907699585 0.17432449758052825928 0.10571348667144775391 0.078861944377422332764 0.059389781206846237183 0.046729452908039093018 0.046729452908039093018 0.046729452908039093018 0.051460828632116317749 0.057027868926525115967 0.061296723783016204834 0.063152596354484558105 0.065008468925952911377 0.06370970606803894043 0.061853833496570587158 0.092111878097057342529 0.18205092847347259521 0.27198997139930725098 0.30046701431274414063 0.31808328628540039063 0.3244813382625579834 0.30924612283706665039 0.29273420572280883789 0.29013493657112121582 0.29013493657112121582 0.38749688863754272461 0.38749688863754272461 0.38749688863754272461 0.30256661772727966309 0.20985536277294158936 0.16504688560962677002 0.19842474162578582764
0.12738738954067230225 0.10773185640573501587 0.11551746726036071777 0.17430071532726287842 0.23308394849300384521 0.21732179820537567139 0.18838804960250854492 0.15919780731201171875 0.12953168153762817383 0.099864996969699859619 0.078861944377422332764 0.059389781206846237183 0.046729452908039093018 0.046729452908039093018 0.046729452908039093018 0.071318902075290679932 0.1002526506781578064 0.12243898212909698486 0.13208337128162384033 0.14172834157943725586 0.13498033583164215088 0.12533536553382873535 0.13962930440902709961 0.19841255247592926025 0.25719636678695678711 0.27437511086463928223 0.28420287370681762695 0.29055798053741455078 0.29042220115661621094 0.2901865839958190918 0.29013493657112121582 0.29013493657112121582 0.38749688863754272461 0.38749688863754272461 0.38749688863754272461 0.28891974687576293945 0.22172123193740844727 0.19581735134124755859 0.20582792162895202637
0.14062631130218505859 0.13654895126819610596 0.14356273412704467773 0.17119017243385314941 0.19881762564182281494 0.15851882100105285645 0.10621778666973114014 0.075460091233253479004 0.084738291800022125244 0.094017080962657928467 0.078861944377422332764 0.059389781206846237183 0.046729452908039093018 0.046729452908039093018 0.046729452908039093018 0.091176979243755340576 0.14347800612449645996 0.18358065187931060791 0.20101472735404968262 0.21844878792762756348 0.20625039935111999512 0.18881690502166748047 0.18714673817157745361 0.21477475762367248535 0.24240219593048095703 0.24828319251537322998 0.25032186508178710938 0.25229206681251525879 0.25585931539535522461 0.27554735541343688965 0.29013493657112121582 0.29013493657112121582 0.38749688863754272461 0.38749688863754272461 0.38749688863754272461 0.25765657424926757813 0.23680555820465087891 0.22658781707286834717 0.2132311016321182251
0.14409141242504119873 0.14409141242504119873 0.14285705983638763428 0.13932870328426361084 0.13580033183097839355 0.10517204552888870239 0.069755509495735168457 0.051529888063669204712 0.06525220721960067749 0.078974522650241851807 0.093807004392147064209 0.10883621126413345337 0.12061908841133117676 0.12636892497539520264 0.13211934268474578857 0.17774145305156707764 0.23040808737277984619 0.25939232110977172852 0.24436369538307189941 0.22933506965637207031 0.21052969992160797119 0.19105695188045501709 0.1831976473331451416 0.19691996276378631592 0.21064227819442749023 0.22736312448978424072 0.24461381137371063232 0.25517046451568603516 0.25212958455085754395 0.24401143193244934082 0.30764734745025634766 0.38553714752197265625 0.44299027323722839355 0.46246245503425598145 0.48193460702896118164 0.3506533503532409668 0.27270087599754333496 0.23771551251411437988 0.22900080680847167969
0.14409141242504119873 0.14409141242504119873 0.13195744156837463379 0.097273267805576324463 0.062589101493358612061 0.053760066628456115723 0.04949933663010597229 0.048805270344018936157 0.05473849177360534668 0.060671716928482055664 0.11405099183320999146 0.17581361532211303711 0.22070623934268951416 0.23424518108367919922 0.24778412282466888428 0.28795638680458068848 0.33283451199531555176 0.34040540456771850586 0.27864280343055725098 0.2168801724910736084 0.19105695188045501709 0.17158479988574981689 0.16100028157234191895 0.16693350672721862793 0.17286673188209533691 0.20827630162239074707 0.24889369308948516846 0.27186173200607299805 0.26009276509284973145 0.24430276453495025635 0.30764734745025634766 0.38553714752197265625 0.44299027323722839355 0.46246245503425598145 0.48193460702896118164 0.44004049897193908691 0.34978634119033813477 0.24807311594486236572 0.25654932856559753418
0.14112131297588348389 0.14854423701763153076 0.1322841644287109375 0.072011224925518035889 0.011738295666873455048 0.019236069172620773315 0.038708809763193130493 0.052667319774627685547 0.056378487497568130493 0.060090232640504837036 0.13865843415260314941 0.23045334219932556152 0.29629796743392944336 0.31391483545303344727 0.33153110742568969727 0.36411917209625244141 0.39935231208801269531 0.39144483208656311035 0.30336165428161621094 0.21527789533138275146 0.18392537534236907959 0.16259732842445373535 0.14873051643371582031 0.14873051643371582031 0.14873051643371582031 0.19522193074226379395 0.2499278336763381958 0.28257855772972106934 0.2742404639720916748 0.26590296626091003418 0.32611262798309326172 0.39843541383743286133 0.45161968469619750977 0.46923598647117614746 0.48685285449028015137 0.4847259521484375 0.46774047613143920898 0.33194953203201293945 0.30602881312370300293
