INPUT/RASTER/ASCII/bkd.asc
ncols        113
nrows        135
xllcorner    473009.983799999987
yllcorner    4429001.174800000153
cellsize     100.000000000000
NODATA_value  -9999
[rows 90 to 107 of 135, columns 0 to 38 of 113]
0.16728866100311279297 0.13679385185241699219 0.049625266343355178833 -0.037543319165706634521 -0.0736446380615234375 -0.10072308778762817383 -0.09996750950813293457 -0.047483671456575393677 0.0050001642666757106781 0.035893663763999938965 0.062972113490104675293 0.075840778648853302002 0.062301844358444213867 0.048762325197458267212 0.030180962756276130676 0.010708802379667758942 -0.014085500501096248627 -0.048769667744636535645 -0.083453834056854248047 -0.12033742666244506836 -0.15760925412178039551 -0.16082076728343963623 -0.10073063522577285767 -0.04064108431339263916 -0.036660067737102508545 -0.042593289166688919067 -0.051187295466661453247 -0.064726233482360839844 -0.078265748918056488037 -0.065171919763088226318 -0.047372251749038696289 -0.042611859738826751709 -0.062084019184112548828 -0.081556178629398345947 -0.026950102299451828003 0.040745742619037628174 0.093061864376068115234 0.11679475754499435425 0.14052765071392059326
0.24145394563674926758 0.20058064162731170654 0.083745941519737243652 -0.03308817744255065918 -0.079219222068786621094 -0.11042492836713790894 -0.11224656552076339722 -0.0631082877516746521 -0.013969435356557369232 0.024929039180278778076 0.062018066644668579102 0.079319819808006286621 0.059847075492143630981 0.040374916046857833862 0.022479495033621788025 0.0048626279458403587341 -0.023781538009643554688 -0.072919808328151702881 -0.12205866724252700806 -0.15229408442974090576 -0.17918914556503295898 -0.17202332615852355957 -0.10155701637268066406 -0.031090125441551208496 -0.015777722001075744629 -0.010210682637989521027 -0.014052421785891056061 -0.035380452871322631836 -0.056708488613367080688 -0.059911292046308517456 -0.059911292046308517456 -0.06672312319278717041 -0.086195863783359527588 -0.10566802322864532471 -0.033735819160938262939 0.054347936064004898071 0.11226533353328704834 0.11412120610475540161 0.11597650498151779175
0.24145394563674926758 0.20058064162731170654 0.083745941519737243652 -0.03308817744255065918 -0.051094442605972290039 -0.051409557461738586426 -0.047981590032577514648 -0.037787634879350662231 -0.027593679726123809814 -0.0011628663633018732071 0.028137063607573509216 0.040374916046857833862 0.020902177318930625916 0.0014300170587375760078 -0.0098462402820587158203 -0.019673431292176246643 -0.02962945401668548584 -0.039823409169912338257 -0.050016783177852630615 -0.10088151693344116211 -0.15893296897411346436 -0.18292294442653656006 -0.14361244440078735352 -0.10430136322975158691 -0.073809444904327392578 -0.044875118881464004517 -0.036249779164791107178 -0.065366327762603759766 -0.094483457505702972412 -0.098856188356876373291 -0.098856188356876373291 -0.10566802322864532471 -0.12514075636863708496 -0.144612923264503479 -0.10577712208032608032 -0.056638848036527633667 -0.021316325291991233826 -0.011671936139464378357 -0.0020269674714654684067
0.24145394563674926758 0.20058064162731170654 0.083745941519737243652 -0.03308817744255065918 0.013337085023522377014 0.023609964177012443542 0.016283966600894927979 -0.012466979213058948517 -0.04121850430965423584 -0.027254771441221237183 -0.0057433564215898513794 0.0014300170587375760078 -0.018042143434286117554 -0.037514884024858474731 -0.042171396315097808838 -0.044210068881511688232 -0.035477370023727416992 -0.0067264232784509658813 0.022024521604180335999 -0.049469538033008575439 -0.13867621123790740967 -0.19382257759571075439 -0.18566729128360748291 -0.17751260101795196533 -0.13184058666229248047 -0.079539559781551361084 -0.058446556329727172852 -0.09535277634859085083 -0.13225901126861572266 -0.13780051469802856445 -0.13780051469802856445 -0.144612923264503479 -0.1640850752592086792 -0.1835578233003616333 -0.17781843245029449463 -0.16762505471706390381 -0.15489856898784637451 -0.13746508955955505371 -0.120031014084815979
-9999 -9999 -9999 -9999 0.046729452908039093018 0.046729452908039093018 0.036556392908096313477 0.012842070311307907104 -0.0051688365638256072998 -0.010504326783120632172 -0.014033270999789237976 -0.01911574043333530426 -0.027087638154625892639 -0.035060115158557891846 -0.01182340085506439209 0.016928125172853469849 0.041198395192623138428 0.057142771780490875244 0.073086567223072052002 0.017172440886497497559 -0.051438573747873306274 -0.10811640322208404541 -0.14261777698993682861 -0.17711913585662841797 -0.14242801070213317871 -0.09551178663969039917 -0.072597734630107879639 -0.094291366636753082275 -0.11598558723926544189 -0.12413042038679122925 -0.12988026440143585205 -0.14043112099170684814 -0.15990327298641204834 -0.17937602102756500244 -0.18229968845844268799 -0.18229968845844268799 -0.17749924957752227783 -0.16377693414688110352 -0.15005518496036529541
-9999 -9999 -9999 -9999 0.046729452908039093018 0.046729452908039093018 0.048184905201196670532 0.050049483776092529297 0.050831176340579986572 0.021435493603348731995 -0.013249254785478115082 -0.033138666301965713501 -0.02553237229585647583 -0.017926657572388648987 0.040746323764324188232 0.10844216495752334595 0.14713346958160400391 0.1319214552640914917 0.11670944839715957642 0.089213743805885314941 0.059547629207372665405 0.011841012164950370789 -0.069394350051879882813 -0.15062913298606872559 -0.13619475066661834717 -0.10485556721687316895 -0.083895459771156311035 -0.082222387194633483887 -0.080549895763397216797 -0.091804683208465576172 -0.10534362494945526123 -0.1209589540958404541 -0.14043112099170684814 -0.15990327298641204834 -0.16282752156257629395 -0.16282752156257629395 -0.16075170040130615234 -0.15481849014759063721 -0.14888526499271392822
-9999 -9999 -9999 -9999 -9999 -9999 0.095410436391830444336 0.095410436391830444336 0.095410436391830444336 0.044115677475929260254 -0.011877951212227344513 -0.037882808595895767212 -0.014698901213705539703 0.0084850043058395385742 0.091554187238216400146 0.18520498275756835938 0.23441638052463531494 0.20103850960731506348 0.16766065359115600586 0.15160949528217315674 0.13861896097660064697 0.091897159814834594727 -0.017514048144221305847 -0.12692584097385406494 -0.1283836066722869873 -0.11076731979846954346 -0.092501074075698852539 -0.07302891463041305542 -0.053556751459836959839 -0.070335052907466888428 -0.09351895749568939209 -0.11280773580074310303 -0.12485698610544204712 -0.13690623641014099121 -0.14186973869800567627 -0.14558148384094238281 -0.14669628441333770752 -0.14298453927040100098 -0.13927337527275085449
-9999 -9999 -9999 -9999 -9999 -9999 0.095410436391830444336 0.095410436391830444336 0.095410436391830444336 0.033828873187303543091 -0.0081505365669727325439 -0.012960253283381462097 0.025801263749599456787 0.064563363790512084961 0.13673292100429534912 0.21480551362037658691 0.26206353306770324707 0.2520529627799987793 0.24204182624816894531 0.18316340446472167969 0.1156503632664680481 0.044379726052284240723 -0.033876258879899978638 -0.11213166266679763794 -0.11553061008453369141 -0.10570283979177474976 -0.092501074075698852539 -0.07302891463041305542 -0.053556751459836959839 -0.083573959767818450928 -0.12233547866344451904 -0.14085300266742706299 -0.12174645066261291504 -0.10263989865779876709 -0.11616374552249908447 -0.13545310497283935547 -0.14124646782875061035 -0.12195710837841033936 -0.10266774892807006836
-9999 -9999 -9999 -9999 -9999 -9999 0.095410436391830444336 0.095410436391830444336 0.095410436391830444336 0.01026195380836725235 -0.0034116182941943407059 0.011961719952523708344 0.066301427781581878662 0.12064114212989807129 0.18191164731979370117 0.2444060593843460083 0.28971073031425476074 0.30306684970855712891 0.31642299890518188477 0.2147178947925567627 0.09268233180046081543 -0.0031382860615849494934 -0.050237886607646942139 -0.097337484359741210938 -0.10267762094736099243 -0.10063894093036651611 -0.092501074075698852539 -0.07302891463041305542 -0.053556751459836959839 -0.096812292933464050293 -0.151151999831199646 -0.1688982844352722168 -0.11863592267036437988 -0.068373560905456542969 -0.090457752346992492676 -0.12532530725002288818 -0.13579665124416351318 -0.1009291037917137146 -0.066062137484550476074
-9999 -9999 -9999 -9999 -9999 -9999 -9999 -9999 -9999 -0.0019515253370627760887 -0.0019515253370627760887 0.033531747758388519287 0.1162457689642906189 0.1790663301944732666 0.20265588164329528809 0.2208217233419418335 0.24346825480461120605 0.27444124221801757813 0.30541366338729858398 0.21866002678871154785 0.11110410839319229126 0.027550937607884407043 -0.011393961496651172638 -0.050338860601186752319 -0.080620698630809783936 -0.10937164723873138428 -0.1232639998197555542 -0.10954167693853378296 -0.095819942653179168701 -0.12385708838701248169 -0.15927362442016601563 -0.16990979015827178955 -0.13449382781982421875 -0.099077291786670684814 -0.097535371780395507813 -0.10197890549898147583 -0.089232109487056732178 -0.044536791741847991943 0.00015794890350662171841
-9999 -9999 -9999 -9999 -9999 -9999 -9999 -9999 -9999 -0.0019515253370627760887 -0.0019515253370627760887 0.084233991801738739014 0.19460447132587432861 0.24090671539306640625 0.21473820507526397705 0.1783809661865234375 0.17102827131748199463 0.217578887939453125 0.26413008570671081543 0.21281152963638305664 0.14420051872730255127 0.085967995226383209229 0.047023098915815353394 0.0080781979486346244812 -0.055300042033195495605 -0.12299589067697525024 -0.16493351757526397705 -0.15900029242038726807 -0.15306706726551055908 -0.15579690039157867432 -0.16005763411521911621 -0.16133725643157958984 -0.15707652270793914795 -0.15281578898429870605 -0.11623628437519073486 -0.073946401476860046387 -0.028089856728911399841 0.024393981322646141052 0.076877817511558532715
-9999 -9999 -9999 -9999 -9999 -9999 -9999 -9999 -9999 -9999 -9999 0.29013493657112121582 0.29013493657112121582 0.29013493657112121582 0.21781507134437561035 0.13886967301368713379 0.10796166211366653442 0.15710051357746124268 0.20623937249183654785 0.18525198101997375488 0.15187412500381469727 0.11654928326606750488 0.077604383230209350586 0.038659483194351196289 -0.043622203171253204346 -0.13356125354766845703 -0.19138695299625396729 -0.18953108787536621094 -0.18767520785331726074 -0.16769410669803619385 -0.14451020956039428711 -0.13430173695087432861 -0.14820685982704162598 -0.16211198270320892334 -0.1058920249342918396 -0.037281014025211334229 0.02581635303795337677 0.078665792942047119141 0.1315158158540725708
-9999 -9999 -9999 -9999 -9999 -9999 -9999 -9999 -9999 -9999 -9999 0.29013493657112121582 0.29013493657112121582 0.29013493657112121582 0.17961125075817108154 0.10426906496286392212 0.074864678084850311279 0.085058629512786865234 0.095252588391304016113 0.088275939226150512695 0.078264787793159484863 0.058131642639636993408 0.019187321886420249939 -0.019757578149437904358 -0.075562022626399993896 -0.13434526324272155762 -0.16918960213661193848 -0.15954521298408508301 -0.14990024268627166748 -0.11551088094711303711 -0.076748780906200408936 -0.048237510025501251221 -0.038775924593210220337 -0.029314337298274040222 -0.0026821522042155265808 0.02698396146297454834 0.056586239486932754517 0.08606955409049987793 0.11555228382349014282
-9999 -9999 -9999 -9999 -9999 -9999 -9999 -9999 -9999 -9999 -9999 0.29013493657112121582 0.29013493657112121582 0.29013493657112121582 0.092088662087917327881 0.060284640640020370483 0.041768271476030349731 0.013017327524721622467 -0.015734197571873664856 -0.0087006827816367149353 0.0046554524451494216919 -0.00028541791834868490696 -0.039230316877365112305 -0.078174635767936706543 -0.10750184208154678345 -0.13512928783893585205 -0.14699225127696990967 -0.12955875694751739502 -0.11212527751922607422 -0.063327074050903320313 -0.008987362496554851532 0.037826716899871826172 0.070655010640621185303 0.10348388552665710449 0.10052829980850219727 0.091249518096446990967 0.087356127798557281494 0.09347273409366607666 0.099588759243488311768
-9999 -9999 -9999 -9999 -9999 -9999 -9999 -9999 -9999 -9999 -9999 -9999 -9999 -9999 0.046729452908039093018 0.046729452908039093018 0.044645514339208602905 0.039788790047168731689 0.036099676042795181274 0.047282502055168151855 0.061004821211099624634 0.044232323765754699707 -0.029213942587375640869 -0.10266020894050598145 -0.13023716211318969727 -0.14970989525318145752 -0.14549966156482696533 -0.097275972366333007813 -0.049052864313125610352 -0.0068262391723692417145 0.034340135753154754639 0.068694680929183959961 0.090388320386409759521 0.11208253353834152222 0.089018754661083221436 0.058045752346515655518 0.041931342333555221558 0.053432185202836990356 0.064932450652122497559
-9999 -9999 -9999 -9999 -9999 -9999 -9999 -9999 -9999 -9999 -9999 -9999 -9999 -9999 0.046729452908039093018 0.046729452908039093018 0.083532959222793579102 0.13066390156745910645 0.1504360884428024292 0.15749745070934295654 0.16343067586421966553 0.12524484097957611084 0.005065160803496837616 -0.11511509865522384644 -0.14970989525318145752 -0.16918206214904785156 -0.15134757757186889648 -0.064179569482803344727 0.022989017888903617859 0.051204904913902282715 0.069004572927951812744 0.079992413520812988281 0.078319340944290161133 0.076646849513053894043 0.036834947764873504639 -0.0097156679257750511169 -0.030508061870932579041 -0.0034296081867069005966 0.023648265749216079712
-9999 -9999 -9999 -9999 -9999 -9999 -9999 -9999 -9999 -9999 -9999 -9999 -9999 -9999 -9999 -9999 0.24145394563674926758 0.24145394563674926758 0.24145394563674926758 0.24481981992721557617 0.2484938502311706543 0.20142848789691925049 0.0604952983558177948 -0.080438479781150817871 -0.12288040667772293091 -0.14792017638683319092 -0.12852056324481964111 -0.026532268151640892029 0.075456023216247558594 0.087616696953773498535 0.083905532956123352051 0.075978897511959075928 0.060217902064323425293 0.04445691034197807312 -0.0091318627819418907166 -0.06940479576587677002 -0.095616824924945831299 -0.058527801185846328735 -0.02143877372145652771
-9999 -9999 -9999 -9999 -9999 -9999 -9999 -9999 -9999 -9999 -9999 -9999 -9999 -9999 -9999 -9999 0.24145394563674926758 0.24145394563674926758 0.24145394563674926758 0.26580953598022460938 0.28241199254989624023 0.26217263936996459961 0.18355105817317962646 0.10492889583110809326 0.051985438913106918335 0.0035789532121270895004 -0.014012959785759449005 0.025663727894425392151 0.06534099578857421875 0.054905626922845840454 0.035616267472505569458 0.02301107160747051239 0.022828269749879837036 0.022645467892289161682 -0.03522376716136932373 -0.10328579694032669067 -0.13728691637516021729 -0.10798641294240951538 -0.078686483204364776611
