INPUT/RASTER/ASCII/bkd.asc
ncols        113
nrows        135
xllcorner    473009.983799999987
yllcorner    4429001.174800000153
cellsize     100.000000000000
NODATA_value  -9999
[rows 72 to 89 of 135, columns 0 to 38 of 113]
-9999 -3.0258026123046875 -3.0258026123046875 -3.0258026123046875 -1.9400473833084106445 -0.662445068359375 0.1512044370174407959 0.10261514782905578613 0.054025854915380477905 0.05492593720555305481 0.064570322632789611816 0.084337286651134490967 0.12291658669710159302 0.16149529814720153809 0.12599520385265350342 0.077405333518981933594 0.045878700911998748779 0.046061500906944274902 0.046244304627180099487 0.062820069491863250732 0.08229281008243560791 0.095016971230506896973 0.09519977867603302002 0.095383159816265106201 0.078861944377422332764 0.059389781206846237183 0.046729452908039093018 0.046729452908039093018 0.046729452908039093018 0.030336488038301467896 0.01104713045060634613 0.0087560154497623443604 0.038056526333093643188 0.06735645979642868042 0.10469734668731689453 0.14345943927764892578 0.15847414731979370117 0.12935759127140045166 0.10024046152830123901
-9999 -0.47491654753684997559 -0.47491654753684997559 -0.47491654753684997559 -0.24967809021472930908 0.0153583502396941185 0.16795197129249572754 0.11157359182834625244 0.055195208638906478882 0.06154510006308555603 0.078979164361953735352 0.11470966041088104248 0.18444417417049407959 0.25417926907539367676 0.21673800051212310791 0.16035902500152587891 0.11831810325384140015 0.10292329639196395874 0.087528489530086517334 0.10176496952772140503 0.12123771011829376221 0.1285120546817779541 0.1131172478199005127 0.097722440958023071289 0.078861944377422332764 0.059389781206846237183 0.046729452908039093018 0.046729452908039093018 0.046729452908039093018 0.017098158597946166992 -0.017769390717148780823 -0.032913502305746078491 -0.011402086354792118073 0.010108748450875282288 0.059519194066524505615 0.11385890096426010132 0.13627736270427703857 0.099371135234832763672 0.062464915215969085693
-9999 0.14964568614959716797 0.14964568614959716797 0.14964568614959716797 0.13987246155738830566 0.12837162613868713379 0.11051624268293380737 0.080850131809711456299 0.051184013485908508301 0.077938064932823181152 0.11466149240732192993 0.15773944556713104248 0.21262814104557037354 0.26751741766929626465 0.24566128849983215332 0.21024475991725921631 0.16833615303039550781 0.11436262726783752441 0.060388516634702682495 0.063945315778255462646 0.077667638659477233887 0.0878238677978515625 0.091352231800556182861 0.094880595803260803223 0.098408959805965423584 0.101937904953956604 0.094173766672611236572 0.065422236919403076172 0.036671295762062072754 0.018804308027029037476 0.0028605132829397916794 -0.00069396535400301218033 0.018778774887323379517 0.038250934332609176636 0.071273058652877807617 0.10668959468603134155 0.12413816899061203003 0.10819437354803085327 0.092249996960163116455
-9999 0.091228626668453216553 0.091228626668453216553 0.091228626668453216553 0.068216495215892791748 0.041138041764497756958 0.026778528466820716858 0.036057312041521072388 0.045336097478866577148 0.097796142101287841797 0.15788626670837402344 0.20525746047496795654 0.22899036109447479248 0.25272324681282043457 0.25266638398170471191 0.24840565025806427002 0.21040435135364532471 0.10969682782888412476 0.0089893052354454994202 -0.0010909063275903463364 0.0048423167318105697632 0.020833699032664299011 0.055517867207527160645 0.090202033519744873047 0.12488678097724914551 0.15957094728946685791 0.15843874216079711914 0.090742893517017364502 0.023047050461173057556 0.025809388607740402222 0.041020818054676055908 0.057723674923181533813 0.077195830643177032471 0.096667997539043426514 0.10321287810802459717 0.10747361183166503906 0.11556505411863327026 0.13077706098556518555 0.14598907530307769775
-9999 0.046729452908039093018 0.046729452908039093018 0.046729452908039093018 0.019941162317991256714 -0.011580825783312320709 -0.018450690433382987976 0.020494209602475166321 0.059439107775688171387 0.12517230212688446045 0.19563919305801391602 0.23820762336254119873 0.22892941534519195557 0.21965064108371734619 0.23322845995426177979 0.25084531307220458984 0.2198073267936706543 0.098346285521984100342 -0.023114746436476707458 -0.041353721171617507935 -0.041353721171617507935 -0.024163389578461647034 0.024975463747978210449 0.074113741517066955566 0.12798339128494262695 0.18268927931785583496 0.19133725762367248535 0.11438816040754318237 0.037439644336700439453 0.046364430338144302368 0.070463508367538452148 0.092944063246250152588 0.11241622269153594971 0.13188895583152770996 0.12141877412796020508 0.10565777868032455444 0.10968405753374099731 0.15048483014106750488 0.19128502905368804932
-9999 0.046729452908039093018 0.046729452908039093018 0.046729452908039093018 0.046418402343988418579 0.046052217483520507813 0.05943853035569190979 0.098383426666259765625 0.13732832670211791992 0.17658428847789764404 0.21589536964893341064 0.22458338737487792969 0.17635969817638397217 0.12813659012317657471 0.12924675643444061279 0.13907451927661895752 0.12477187812328338623 0.065622448921203613281 0.0064730243757367134094 -0.0024088199716061353683 -0.0024088199716061353683 0.0011572651565074920654 0.011350639164447784424 0.021544594317674636841 0.056327417492866516113 0.095455698668956756592 0.12394898384809494019 0.13267877697944641113 0.14140799641609191895 0.11024465411901473999 0.072031542658805847168 0.053999159485101699829 0.07347132265567779541 0.092944063246250152588 0.095712199807167053223 0.0955293998122215271 0.11240867525339126587 0.16099853813648223877 0.20958782732486724854
-9999 0.046729452908039093018 0.046729452908039093018 0.046729452908039093018 0.072895638644695281982 0.10368584096431732178 0.13732832670211791992 0.17627322673797607422 0.21521812677383422852 0.22799684107303619385 0.23615212738513946533 0.2109591364860534668 0.1237905547022819519 0.03662196919322013855 0.025265626609325408936 0.027304301038384437561 0.029735853895545005798 0.032898616045713424683 0.036060795187950134277 0.036535497754812240601 0.036535497754812240601 0.026477340608835220337 -0.0022736047394573688507 -0.031024549156427383423 -0.015328551642596721649 0.0082215378060936927795 0.056560706347227096558 0.15096881985664367676 0.2453769296407699585 0.17412428557872772217 0.073599569499492645264 0.015054261311888694763 0.03452700003981590271 0.053999159485101699829 0.07000621408224105835 0.085401020944118499756 0.11513387411832809448 0.1715122610330581665 0.22789122164249420166
-9999 0.046729452908039093018 0.046729452908039093018 0.046729452908039093018 0.070052638649940490723 0.097497276961803436279 0.12896470725536346436 0.16790960729122161865 0.20685450732707977295 0.19315598905086517334 0.1701548844575881958 0.12918639183044433594 0.054824959486722946167 -0.019536474719643592834 -0.025815570726990699768 -0.020065728574991226196 -0.0075034759938716888428 0.017719104886054992676 0.042942266911268234253 0.041842553764581680298 0.036092713475227355957 0.022752827033400535583 -0.0046912305988371372223 -0.03213586658239364624 -0.019708830863237380981 -0.00023609044728800654411 0.037204030901193618774 0.10803709924221038818 0.178869590163230896 0.13419632613658905029 0.069113671779632568359 0.039646610617637634277 0.076370038092136383057 0.11309287697076797485 0.13515560328960418701 0.15462833642959594727 0.17967855930328369141 0.21509452164173126221 0.25051105022430419922
-9999 0.046729452908039093018 0.046729452908039093018 0.046729452908039093018 0.056813728064298629761 0.068680174648761749268 0.090019814670085906982 0.12896470725536346436 0.16790960729122161865 0.1277332603931427002 0.073576360940933227539 0.023251324892044067383 -0.019954307004809379578 -0.063159361481666564941 -0.058141306042671203613 -0.044602368026971817017 -0.024251019582152366638 0.0087606580927968025208 0.04177233576774597168 0.035223390907049179077 0.02168445289134979248 0.0087304813787341117859 -0.0031359647400677204132 -0.015002410858869552612 -0.00023609044728800654411 0.019236069172620773315 0.034877516329288482666 0.043398398905992507935 0.051919281482696533203 0.057463690638542175293 0.062481742352247238159 0.086765944957733154297 0.14685606956481933594 0.20694620907306671143 0.23251813650131225586 0.25199028849601745605 0.26614090800285339355 0.2704016268253326416 0.27466234564781188965
-6.1844415664672851563 -2.2549242973327636719 -0.42125988006591796875 0.0090113570913672447205 0.043575398623943328857 0.039863653481006622314 0.051074914634227752686 0.090019814670085906982 0.12896470725536346436 0.070196561515331268311 -0.0058373687788844108582 -0.060136456042528152466 -0.074041575193405151367 -0.08794669806957244873 -0.073486208915710449219 -0.054014045745134353638 -0.02837885729968547821 0.0087101701647043228149 0.045799195766448974609 0.030089270323514938354 0.0050494917668402194977 -0.0092827463522553443909 -0.0037151272408664226532 0.0018519118893891572952 0.014504695311188697815 0.028410395607352256775 0.02512460760772228241 -0.010108546353876590729 -0.045341700315475463867 0.00058970926329493522644 0.060862641781568527222 0.1260004192590713501 0.20017847418785095215 0.27435711026191711426 0.30519837141036987305 0.32838171720504760742 0.33729198575019836426 0.31967568397521972656 0.30205881595611572266
-6.1844415664672851563 -4.6436743736267089844 -1.8025665283203125 -0.14444404840469360352 0.030336488038301467896 0.01104713045060634613 0.012130593881011009216 0.051074914634227752686 0.090019814670085906982 0.037870824337005615234 -0.030374007299542427063 -0.071434184908866882324 -0.06197259947657585144 -0.052511010318994522095 -0.034541886299848556519 -0.015069147571921348572 0.0078414259478449821472 0.037141356617212295532 0.066441290080547332764 0.029703356325626373291 -0.018703131005167961121 -0.040052633732557296753 -0.01111888885498046875 0.017815439030528068542 0.014119360595941543579 0.0046577737666666507721 -0.0083704786375164985657 -0.028025440871715545654 -0.047680981457233428955 0.0072088739834725856781 0.07527090609073638916 0.14002276957035064697 0.19862321019172668457 0.25722366571426391602 0.29896456003189086914 0.33772605657577514648 0.35948935151100158691 0.34966155886650085449 0.33983439207077026367
-6.1844415664672851563 -5.2261929512023925781 -2.6497526168823242188 -0.29047885537147521973 0.017098158597946166992 -0.017769390717148780823 -0.026814306154847145081 0.012130593881011009216 0.051074914634227752686 0.0055456683039665222168 -0.054910644888877868652 -0.082731917500495910645 -0.049903620034456253052 -0.017074743285775184631 0.0044030118733644485474 0.023875752463936805725 0.044061128050088882446 0.06557254493236541748 0.087083376944065093994 0.029318021610379219055 -0.0424557514488697052 -0.070823103189468383789 -0.018522070720791816711 0.033778965473175048828 0.0137334456667304039 -0.019094849005341529846 -0.041864983737468719482 -0.045942913740873336792 -0.050020262598991394043 0.013828619383275508881 0.089679166674613952637 0.15404570102691650391 0.19706794619560241699 0.24009019136428833008 0.29273071885108947754 0.34707042574882507324 0.38168668746948242188 0.37964802980422973633 0.37760934233665466309
-4.3587474822998046875 -3.7402544021606445313 -1.9723134040832519531 -0.20437285304069519043 0.032895132899284362793 -0.00029934567282907664776 -0.016303494572639465332 -0.00035969924647361040115 0.015584096312522888184 -0.01211994607001543045 -0.047535900026559829712 -0.060961093753576278687 -0.033517036586999893188 -0.0060723992064595222473 0.0048231659457087516785 0.012795063666999340057 0.024790341034531593323 0.04426307976245880127 0.063735239207744598389 0.020013121888041496277 -0.034875571727752685547 -0.062195442616939544678 -0.038279749453067779541 -0.014364055357873439789 -0.034096200019121170044 -0.061540257185697555542 -0.077372051775455474854 -0.071621626615524291992 -0.065871790051460266113 -0.018361320719122886658 0.036527376621961593628 0.087849982082843780518 0.13254472613334655762 0.17724004387855529785 0.2189362645149230957 0.2601032257080078125 0.30094924569129943848 0.34120103716850280762 0.38145282864570617676
-1.8857512474060058594 -1.6105928421020507813 -0.82406151294708251953 -0.037529971450567245483 0.058986458927392959595 0.033581074327230453491 0.011741776950657367706 -0.0034702308475971221924 -0.018682239577174186707 -0.024587025865912437439 -0.028847757726907730103 -0.027466589584946632385 -0.015600143000483512878 -0.0037336975801736116409 -0.0084151634946465492249 -0.016021458432078361511 -0.014153977856040000916 0.0053181815892457962036 0.024790341034531593323 0.0075454614125192165375 -0.016187429428100585938 -0.039599984884262084961 -0.062418285757303237915 -0.085236005485057830811 -0.098746508359909057617 -0.11061295121908187866 -0.11359175294637680054 -0.1000528186559677124 -0.086513295769691467285 -0.064311303198337554932 -0.040578406304121017456 -0.0067873573862016201019 0.045696478337049484253 0.098180897533893585205 0.1211889609694480896 0.13898862898349761963 0.1837164461612701416 0.27849075198173522949 0.37326562404632568359
-0.0019515253370627760887 0.0097251543775200843811 0.043103016912937164307 0.076480299234390258789 0.066521368920803070068 0.048904504626989364624 0.026423370465636253357 -0.0050986171700060367584 -0.036620605736970901489 -0.026382545009255409241 -0.0087656788527965545654 0.0026875771582126617432 0.0026875771582126617432 0.0026875771582126617432 -0.013860334642231464386 -0.033333074301481246948 -0.039180990308523178101 -0.019708830863237380981 -0.00023609044728800654411 -0.0036205344367772340775 -0.011043447069823741913 -0.033709123730659484863 -0.084703274071216583252 -0.1356980055570602417 -0.1449321061372756958 -0.14678797125816345215 -0.14183142781257629395 -0.12421456724405288696 -0.10659828037023544312 -0.099221795797348022461 -0.093654170632362365723 -0.072194986045360565186 -0.02120084129273891449 0.029793305322527885437 0.037450667470693588257 0.037450667470693588257 0.08318825066089630127 0.21392807364463806152 0.34466788172721862793
-0.0019515253370627760887 0.0015507242642343044281 0.01156129688024520874 0.021571869030594825745 0.01472347695380449295 0.0048957061953842639923 -0.0016219018725678324699 -0.0019880856852978467941 -0.0023542696144431829453 0.005943189375102519989 0.015770379453897476196 0.022160317748785018921 0.022160317748785018921 0.022160317748785018921 0.0056118248030543327332 -0.013860334642231464386 -0.019708830863237380981 -0.00023609044728800654411 0.019236069172620773315 -0.010625613853335380554 -0.049204330891370773315 -0.081227138638496398926 -0.10106547921895980835 -0.12090381979942321777 -0.1320791095495223999 -0.14172407984733581543 -0.14455662667751312256 -0.13472886383533477783 -0.12490108609199523926 -0.098835878074169158936 -0.069902129471302032471 -0.044149715453386306763 -0.024311373010277748108 -0.0044730291701853275299 -0.001494230818934738636 -0.001494230818934738636 0.036068920046091079712 0.14344203472137451172 0.25081455707550048828
-0.0019515253370627760887 -0.0066242865286767482758 -0.019980421289801597595 -0.033336557447910308838 -0.037074416875839233398 -0.039113093167543411255 -0.029667174443602561951 0.0011224457994103431702 0.031912066042423248291 0.03826834261417388916 0.040307018905878067017 0.04163247719407081604 0.04163247719407081604 0.04163247719407081604 0.025083985179662704468 0.0056118248030543327332 -0.00023609044728800654411 0.019236069172620773315 0.038708809763193130493 -0.0176306944340467453 -0.087365210056304931641 -0.12874457240104675293 -0.11742711067199707031 -0.1061096489429473877 -0.119226112961769104 -0.1366595923900604248 -0.14728124439716339111 -0.14524257183074951172 -0.14320389926433563232 -0.098450541496276855469 -0.046149510890245437622 -0.01610444486141204834 -0.027421904727816581726 -0.038739364594221115112 -0.040438551455736160278 -0.040438551455736160278 -0.011050410568714141846 0.072955414652824401855 0.15696123242378234863
0.069926127791404724121 0.053056135773658752441 0.0048324512317776679993 -0.043391235172748565674 -0.060405723750591278076 -0.071906566619873046875 -0.063747808337211608887 -0.019052485004067420959 0.025642255321145057678 0.042127493768930435181 0.053627755492925643921 0.059093236923217773438 0.053343396633863449097 0.047592975199222564697 0.030180962756276130676 0.010708802379667758942 -0.0031858724541962146759 -0.006714236922562122345 -0.010242600925266742706 -0.06230570375919342041 -0.1229448169469833374 -0.14952303469181060791 -0.11279961466789245605 -0.076076768338680267334 -0.082224130630493164063 -0.095946453511714935303 -0.10687973350286483765 -0.11262957751750946045 -0.11837999522686004639 -0.084258742630481719971 -0.043091788887977600098 -0.023139119148254394531 -0.042611859738826751709 -0.062084019184112548828 -0.04057434573769569397 -0.01182340085506439209 0.026071693748235702515 0.080960392951965332031 0.13584908843040466309
