INPUT/RASTER/ASCII/bkd.asc
ncols        113
nrows        135
xllcorner    473009.983799999987
yllcorner    4429001.174800000153
cellsize     100.000000000000
NODATA_value  -9999
[rows 36 to 53 of 135, columns 0 to 38 of 113]
-9999 -9999 -9999 -9999 -9999 -9999 0.14409141242504119873 0.14409141242504119873 0.14409141242504119873 0.1878245621919631958 0.23556426167488098145 0.28930273652076721191 0.35976904630661010742 0.43023595213890075684 0.43293213844299316406 0.42365333437919616699 0.39913177490234375 0.34628176689147949219 0.29343175888061523438 0.28707256913185119629 0.28892844915390014648 0.30992221832275390625 0.36648398637771606445 0.42304515838623046875 0.43153876066207885742 0.43153876066207885742 0.41856333613395690918 0.38147428631782531738 0.34438526630401611328 0.31911337375640869141 0.29592946171760559082 0.26917946338653564453 0.23580160737037658691 0.2024237513542175293 0.27384585142135620117 0.36378487944602966309 0.41609695553779602051 0.3984800875186920166 0.38086378574371337891
-9999 -9999 -9999 -9999 -9999 -9999 0.14409141242504119873 0.14409141242504119873 0.14409141242504119873 0.25415316224098205566 0.32918024063110351563 0.37576508522033691406 0.41507557034492492676 0.45438668131828308105 0.41930729150772094727 0.3710841834545135498 0.32941642403602600098 0.29993370175361633301 0.27045038342475891113 0.27421957254409790039 0.28386452794075012207 0.3071976006031036377 0.35596966743469238281 0.40474236011505126953 0.41206604242324829102 0.41206604242324829102 0.40181577205657958984 0.37251585721969604492 0.3432159125804901123 0.30587446689605712891 0.26711294054985046387 0.23840899765491485596 0.22839842736721038818 0.21838785707950592041 0.26684075593948364258 0.32562401890754699707 0.36040452122688293457 0.35057672858238220215 0.34074896574020385742
-9999 -9999 -9999 -9999 -9999 -9999 0.14409141242504119873 0.14409141242504119873 0.14409141242504119873 0.40610727667808532715 0.44818416237831115723 0.46222740411758422852 0.4703826904296875 0.47853738069534301758 0.40568307042121887207 0.31851506233215332031 0.25970163941383361816 0.25358560681343078613 0.24746900796890258789 0.26136657595634460449 0.27880007028579711914 0.30447238683700561523 0.34545597434043884277 0.38643953204154968262 0.39259386062622070313 0.39259386062622070313 0.3850682377815246582 0.36355739831924438477 0.34204599261283874512 0.29263553023338317871 0.23829583823680877686 0.20763853192329406738 0.22099524736404418945 0.23435138165950775146 0.25983569025993347168 0.28746312856674194336 0.30471205711364746094 0.30267339944839477539 0.30063471198081970215
-9999 -9999 -9999 -9999 -9999 -9999 -9999 -9999 -9999 0.4848588407039642334 0.4848588407039642334 0.4848588407039642334 0.4848588407039642334 0.4848588407039642334 0.38815438747406005859 0.30129453539848327637 0.25985252857208251953 0.27135336399078369141 0.28285363316535949707 0.30112916231155395508 0.32060131430625915527 0.33682772517204284668 0.34702166914939880371 0.35721504688262939453 0.34897214174270629883 0.33747187256813049316 0.33122876286506652832 0.33475771546363830566 0.3382860720157623291 0.27939721941947937012 0.2094793170690536499 0.1708332747220993042 0.1903060227632522583 0.20977875590324401855 0.23902471363544464111 0.26999771595001220703 0.29013493657112121582 0.29013493657112121582 0.29013493657112121582
-9999 -9999 -9999 -9999 -9999 -9999 -9999 -9999 -9999 0.4848588407039642334 0.4848588407039642334 0.4848588407039642334 0.4848588407039642334 0.4848588407039642334 0.35319805145263671875 0.29557314515113830566 0.28477507829666137695 0.31185352802276611328 0.3389314115047454834 0.35954621434211730957 0.37901836633682250977 0.38162052631378173828 0.35286960005760192871 0.32411864399909973145 0.29678893089294433594 0.26971045136451721191 0.26423859596252441406 0.29892334342002868652 0.33360752463340759277 0.26615831255912780762 0.18066279590129852295 0.13188895583152770996 0.151361122727394104 0.17083385586738586426 0.21331815421581268311 0.25986933708190917969 0.29013493657112121582 0.29013493657112121582 0.29013493657112121582
-9999 -9999 -9999 -9999 -9999 -9999 -9999 -9999 -9999 -9999 -9999 -9999 -9999 -9999 0.2994137108325958252 0.2994137108325958252 0.31238856911659240723 0.34947761893272399902 0.38656663894653320313 0.40553042292594909668 0.42129141092300415039 0.41175091266632080078 0.35518974065780639648 0.29862853884696960449 0.25861525535583496094 0.22152565419673919678 0.21460241079330444336 0.26374125480651855469 0.3128795325756072998 0.24382457137107849121 0.15388552844524383545 0.10157346725463867188 0.11919033527374267578 0.13680662214756011963 0.18436641991138458252 0.23721642792224884033 0.2728761136531829834 0.27658727765083312988 0.28029903769493103027
-9999 -9999 -9999 -9999 -9999 -9999 -9999 -9999 -9999 -9999 -9999 -9999 -9999 -9999 0.33835861086845397949 0.33835861086845397949 0.34860885143280029297 0.37790879607200622559 0.40720871090888977051 0.41176426410675048828 0.41194707155227661133 0.39500394463539123535 0.34623128175735473633 0.2974586188793182373 0.26523444056510925293 0.23593449592590332031 0.22045032680034637451 0.23064427077770233154 0.24083822965621948242 0.19241259992122650146 0.13362935185432434082 0.098848268389701843262 0.10867603868246078491 0.11850380897521972656 0.14503559470176696777 0.17451891303062438965 0.20043614506721496582 0.21972550451755523682 0.23901484906673431396
-9999 -9999 -9999 -9999 -9999 -9999 -9999 -9999 -9999 -9999 -9999 -9999 -9999 -9999 0.37730294466018676758 0.37730294466018676758 0.3848285675048828125 0.40633997321128845215 0.42785081267356872559 0.41799810528755187988 0.40260270237922668457 0.37825641036033630371 0.33727282285690307617 0.29628926515579223633 0.27185416221618652344 0.25034275650978088379 0.22629882395267486572 0.1975472867488861084 0.16879634559154510498 0.14100003242492675781 0.11337259411811828613 0.096123650670051574707 0.098162323236465454102 0.10020100325345993042 0.10570536553859710693 0.11182139068841934204 0.12799558043479919434 0.162863120436668396 0.1977306753396987915
-9999 -9999 -9999 -9999 -6.1844415664672851563 -6.1844415664672851563 -6.1844415664672851563 -6.1844415664672851563 -6.1844415664672851563 -3.9338600635528564453 -1.2856122255325317383 -0.49028003215789794922 -3.1385276317596435547 -5.7867755889892578125 -1.9801199436187744141 -0.1913910210132598877 0.42938923835754394531 0.42586088180541992188 0.42233192920684814453 0.41991430521011352539 0.41769227385520935059 0.40262359380722045898 0.36367869377136230469 0.32473379373550415039 0.29745107889175415039 0.27222847938537597656 0.23818151652812957764 0.18773634731769561768 0.1372906118631362915 0.1180540621280670166 0.10433232039213180542 0.097421832382678985596 0.10317225754261016846 0.10892267525196075439 0.1146725192666053772 0.12042293697595596313 0.1297394484281539917 0.14568324387073516846 0.16162703931331634521
-9999 -9999 -9999 -9999 -6.1844415664672851563 -6.1844415664672851563 -6.1844415664672851563 -6.1844415664672851563 -6.1844415664672851563 -3.9338600635528564453 -1.2856122255325317383 -0.49028003215789794922 -3.1385276317596435547 -5.7867755889892578125 -3.3447725772857666016 -0.82153189182281494141 0.47690668702125549316 0.44222250580787658691 0.40753835439682006836 0.42029964923858642578 0.44144487380981445313 0.44156849384307861328 0.40262359380722045898 0.36367869377136230469 0.32977622747421264648 0.29676455259323120117 0.25220444798469543457 0.1861810833215713501 0.12015773355960845947 0.1052010655403137207 0.099267840385437011719 0.10014703124761581421 0.11368596553802490234 0.12722548842430114746 0.14076441526412963867 0.15430335700511932373 0.15778471529483795166 0.14257270097732543945 0.12736070156097412109
-9999 -9999 -9999 -9999 -5.5534915924072265625 -5.5534915924072265625 -5.555438995361328125 -5.5610060691833496094 -5.5665736198425292969 -3.5297329425811767578 -1.1320093870162963867 -0.41191551089286804199 -2.80963897705078125 -5.2073626518249511719 -3.4966361522674560547 -1.059968113899230957 0.50577193498611450195 0.45292252302169799805 0.40007248520851135254 0.42365565896034240723 0.46074467897415161133 0.47188341617584228516 0.43479439616203308105 0.39770534634590148926 0.35746228694915771484 0.31666207313537597656 0.26678156852722167969 0.20002585649490356445 0.13327071070671081543 0.12324678897857666016 0.12324678897857666016 0.12876044213771820068 0.14452143013477325439 0.16028185188770294189 0.17762015759944915771 0.19523702561855316162 0.1937154233455657959 0.15662638843059539795 0.11953736841678619385
-9999 -9999 -9999 -9999 -2.9052436351776123047 -2.9052436351776123047 -2.9153659343719482422 -2.9442999362945556641 -2.9732339382171630859 -1.8335155248641967773 -0.48730239272117614746 -0.08300234377384185791 -1.4292154312133789063 -2.7754285335540771484 -1.800418853759765625 -0.41526049375534057617 0.47500205039978027344 0.44551876187324523926 0.41603600978851318359 0.43650922179222106934 0.46580916643142700195 0.47460860013961791992 0.445308685302734375 0.41600817441940307617 0.37031525373458862305 0.32172596454620361328 0.28313043713569641113 0.26310929656028747559 0.24308755993843078613 0.24008090794086456299 0.24008090794086456299 0.24014532566070556641 0.24032813310623168945 0.24051092565059661865 0.24889078736305236816 0.25871798396110534668 0.25485768914222717285 0.22555774450302124023 0.19625723361968994141
-9999 -9999 -9999 -9999 -0.25699597597122192383 -0.25699597597122192383 -0.27529239654541015625 -0.32759341597557067871 -0.37989446520805358887 -0.13729794323444366455 0.1574046015739440918 0.24591141939163208008 -0.048791721463203430176 -0.34349486231803894043 -0.10420154780149459839 0.22944648563861846924 0.44423216581344604492 0.43811556696891784668 0.43199953436851501465 0.44936221837997436523 0.47087305784225463867 0.47733321785926818848 0.45582237839698791504 0.43431097269058227539 0.38316825032234191895 0.3267898857593536377 0.29947987198829650879 0.32619214057922363281 0.35290440917015075684 0.35691559314727783203 0.35691559314727783203 0.35153022408485412598 0.33613482117652893066 0.32074001431465148926 0.32016083598136901855 0.3221995234489440918 0.31599992513656616211 0.29448851943016052246 0.27297767996788024902
-9999 -9999 -9999 -9999 0.43617787957191467285 0.43617787957191467285 0.41976460814476013184 0.37284779548645019531 0.32593101263046264648 0.33054748177528381348 0.34426978230476379395 0.34637925028800964355 0.32690709829330444336 0.30743435025215148926 0.34926870465278625488 0.40193590521812438965 0.428131103515625 0.40513059496879577637 0.38212949037551879883 0.38545066118240356445 0.39342257380485534668 0.39581641554832458496 0.38784450292587280273 0.3798726201057434082 0.3485775291919708252 0.31316098570823669434 0.30577114224433898926 0.35046589374542236328 0.39516121149063110352 0.39698573946952819824 0.3912353217601776123 0.38470786809921264648 0.37673595547676086426 0.36876407265663146973 0.36267995834350585938 0.35693010687828063965 0.34235587716102600098 0.31138288974761962891 0.28041046857833862305
-9999 -9999 -9999 -9999 0.43617787957191467285 0.43617787957191467285 0.42521440982818603516 0.39387580752372741699 0.36253660917282104492 0.36287319660186767578 0.36880642175674438477 0.36585143208503723145 0.34637925028800964355 0.32690709829330444336 0.36212167143821716309 0.40699979662895202637 0.41723206639289855957 0.36307516694068908691 0.30891823768615722656 0.29432195425033569336 0.28671625256538391113 0.2844320833683013916 0.29203781485557556152 0.29964411258697509766 0.2971655428409576416 0.29290482401847839355 0.30849575996398925781 0.36097961664199829102 0.41346344351768493652 0.40983873605728149414 0.39629980921745300293 0.3901576697826385498 0.39776396751403808594 0.40536966919898986816 0.39500570297241210938 0.38146674633026123047 0.35637882351875305176 0.30982762575149536133 0.26327699422836303711
-9999 -6.1844415664672851563 -6.1844415664672851563 -6.1844415664672851563 -0.60939711332321166992 0.20813818275928497314 0.41544756293296813965 0.39597541093826293945 0.37650266289710998535 0.37673306465148925781 0.3804442286491394043 0.37604537606239318848 0.35657322406768798828 0.33710047602653503418 0.36569648981094360352 0.40278550982475280762 0.40354573726654052734 0.33679059147834777832 0.2700354456901550293 0.24030838906764984131 0.21712449193000793457 0.20626664161682128906 0.21831646561622619629 0.2303657233715057373 0.25030097365379333496 0.27162900567054748535 0.3039843440055847168 0.35683435201644897461 0.40968438982963562012 0.40895724296569824219 0.39876386523246765137 0.39829903841018676758 0.41591590642929077148 0.4335327446460723877 0.42278343439102172852 0.4070224463939666748 0.37633901834487915039 0.3179219663143157959 0.25950491428375244141
-9999 -6.1844415664672851563 -6.1844415664672851563 -6.1844415664672851563 -2.8464503288269042969 -0.60708224773406982422 0.35703051090240478516 0.33755835890769958496 0.31808561086654663086 0.33155432343482971191 0.35084369778633117676 0.35657322406768798828 0.33710047602653503418 0.31762832403182983398 0.33960455656051635742 0.36890450119972229004 0.3809502720832824707 0.36092853546142578125 0.3409073948860168457 0.30495929718017578125 0.26619777083396911621 0.23431192338466644287 0.21520535647869110107 0.19609938561916351318 0.21797524392604827881 0.24709236621856689453 0.27633774280548095703 0.3058204948902130127 0.33530378341674804688 0.36416441202163696289 0.39291593432426452637 0.41504657268524169922 0.42487433552742004395 0.43470209836959838867 0.43602234125137329102 0.43583953380584716797 0.41528391838073730469 0.3568668663501739502 0.2984492182731628418
-9999 -6.1844415664672851563 -6.1844415664672851563 -6.1844415664672851563 -3.8145267963409423828 -1.2479468584060668945 0.29861345887184143066 0.27914071083068847656 0.25966855883598327637 0.28637617826461791992 0.32124313712120056152 0.33710047602653503418 0.31762832403182983398 0.29815557599067687988 0.31351265311241149902 0.33502408862113952637 0.35835480690002441406 0.38506707549095153809 0.41177934408187866211 0.36961075663566589355 0.31527104973793029785 0.26235717535018920898 0.21209482848644256592 0.161832466721534729 0.18564951419830322266 0.22255572676658630371 0.24869057536125183105 0.25480660796165466309 0.26092320680618286133 0.31937161087989807129 0.38706803321838378906 0.43179410696029663086 0.4338327944278717041 0.43587145209312438965 0.44926124811172485352 0.46465605497360229492 0.45422881841659545898 0.39581117033958435059 0.33739411830902099609
