INPUT/RASTER/ASCII/clay.asc
ncols        113
nrows        135
xllcorner    473009.983799999987
yllcorner    4429001.174800000153
cellsize     100.000000000000
NODATA_value  -9999
[rows 102 to 118 of 135, columns 0 to 38 of 113]
-9999 -9999 -9999 -9999 -9999 -9999 -9999 -9999 -9999 -9999 -9999 -0.47817221283912658691 -0.47817221283912658691 -0.47817221283912658691 -0.52819335460662841797 -0.56229180097579956055 -0.574001312255859375 -0.5648186802864074707 -0.5556361079216003418 -0.51636946201324462891 -0.47178784012794494629 -0.44459745287895202637 -0.44972935318946838379 -0.45486122369766235352 -0.42604276537895202637 -0.39122524857521057129 -0.36537596583366394043 -0.35619378089904785156 -0.34701117873191833496 -0.3792292177677154541 -0.41876253485679626465 -0.44764891266822814941 -0.45674836635589599609 -0.46584743261337280273 -0.4338290095329284668 -0.39454552531242370605 -0.36116278171539306641 -0.33874684572219848633 -0.31633132696151733398
-9999 -9999 -9999 -9999 -9999 -9999 -9999 -9999 -9999 -9999 -9999 -0.47817221283912658691 -0.47817221283912658691 -0.47817221283912658691 -0.59725362062454223633 -0.61637717485427856445 -0.62815755605697631836 -0.64729458093643188477 -0.66643166542053222656 -0.65548509359359741211 -0.63922268152236938477 -0.60939186811447143555 -0.55434435606002807617 -0.49929726123809814453 -0.41932460665702819824 -0.33494803309440612793 -0.28678452968597412109 -0.30592197179794311523 -0.32505902647972106934 -0.38258829712867736816 -0.44690114259719848633 -0.48446753621101379395 -0.47232758998870849609 -0.46018722653388977051 -0.38587057590484619141 -0.30056729912757873535 -0.24593332409858703613 -0.24829733371734619141 -0.25066134333610534668
-9999 -9999 -9999 -9999 -9999 -9999 -9999 -9999 -9999 -9999 -9999 -9999 -9999 -9999 -0.63304513692855834961 -0.63304513692855834961 -0.66020131111145019531 -0.72350388765335083008 -0.77158176898956298828 -0.74142730236053466797 -0.69860368967056274414 -0.64050722122192382813 -0.55402827262878417969 -0.46754890680313110352 -0.38960015773773193359 -0.31315833330154418945 -0.27274686098098754883 -0.29929664731025695801 -0.32584646344184875488 -0.3677914738655090332 -0.41245666146278381348 -0.45998886227607727051 -0.5128504633903503418 -0.56571203470230102539 -0.4931399226188659668 -0.39840465784072875977 -0.33167928457260131836 -0.31700903177261352539 -0.30233839154243469238
-9999 -9999 -9999 -9999 -9999 -9999 -9999 -9999 -9999 -9999 -9999 -9999 -9999 -9999 -0.63304513692855834961 -0.63304513692855834961 -0.720409393310546875 -0.83228951692581176758 -0.8792254328727722168 -0.80851644277572631836 -0.71967345476150512695 -0.62422710657119750977 -0.51650834083557128906 -0.40878909826278686523 -0.35171809792518615723 -0.30359593033790588379 -0.28159692883491516113 -0.30814674496650695801 -0.33469653129577636719 -0.34655752778053283691 -0.35582327842712402344 -0.41377708315849304199 -0.56221711635589599609 -0.7106571197509765625 -0.65544587373733520508 -0.56425070762634277344 -0.4886811375617980957 -0.44215115904808044434 -0.39562118053436279297
-9999 -9999 -9999 -9999 -9999 -9999 -9999 -9999 -9999 -9999 -9999 -9999 -9999 -9999 -9999 -9999 -0.96491527557373046875 -0.96491527557373046875 -0.96491527557373046875 -0.85714286565780639648 -0.73949790000915527344 -0.62536185979843139648 -0.50399363040924072266 -0.38262584805488586426 -0.3439884483814239502 -0.31996890902519226074 -0.31157502532005310059 -0.3322207033634185791 -0.35286676883697509766 -0.34737578034400939941 -0.33726647496223449707 -0.40101301670074462891 -0.6020183563232421875 -0.80302375555038452148 -0.75369679927825927734 -0.66013759374618530273 -0.57660627365112304688 -0.51171106100082397461 -0.44681632518768310547
-9999 -9999 -9999 -9999 -9999 -9999 -9999 -9999 -9999 -9999 -9999 -9999 -9999 -9999 -9999 -9999 -0.96491527557373046875 -0.96491527557373046875 -0.96491527557373046875 -0.84168481826782226563 -0.75768083333969116211 -0.68217629194259643555 -0.57142800092697143555 -0.46068009734153747559 -0.43266218900680541992 -0.4192625880241394043 -0.40910476446151733398 -0.40497088432312011719 -0.40083703398704528809 -0.41870048642158508301 -0.44045093655586242676 -0.49518957734107971191 -0.61123597621917724609 -0.72728246450424194336 -0.64714777469635009766 -0.53234916925430297852 -0.44367709755897521973 -0.40356186032295227051 -0.36344617605209350586
-9999 -9999 -9999 -9999 -9999 -9999 -9999 -9999 -9999 -9999 -9999 -9999 -9999 -9999 -9999 -9999 -0.96491527557373046875 -0.96491527557373046875 -0.96491527557373046875 -0.80627143383026123047 -0.78079473972320556641 -0.73899066448211669922 -0.63886231184005737305 -0.53873395919799804688 -0.52133637666702270508 -0.51855665445327758789 -0.50663405656814575195 -0.47772067785263061523 -0.44880726933479309082 -0.4900251924991607666 -0.54363501071929931641 -0.58936572074890136719 -0.62045365571975708008 -0.65154111385345458984 -0.54059875011444091797 -0.40456029772758483887 -0.31074792146682739258 -0.29541221261024475098 -0.28007605671882629395
-9999 -9999 -9999 -9999 -9999 -9999 -9999 -9999 -9999 -9999 -9999 -9999 -9999 -9999 -9999 -9999 -9999 -9999 -9999 -0.77485096454620361328 -0.77485096454620361328 -0.74445170164108276367 -0.65755665302276611328 -0.57066166400909423828 -0.5465087890625 -0.53344172239303588867 -0.52079027891159057617 -0.5089111328125 -0.49703198671340942383 -0.47460383176803588867 -0.4503116905689239502 -0.4504134058952331543 -0.49585041403770446777 -0.54128742218017578125 -0.47663572430610656738 -0.39253216981887817383 -0.33658370375633239746 -0.33296045660972595215 -0.32933720946311950684
-9999 -9999 -9999 -9999 -9999 -9999 -9999 -9999 -9999 -9999 -9999 -9999 -9999 -9999 -9999 -9999 -9999 -9999 -9999 -0.75715124607086181641 -0.75715124607086181641 -0.73170578479766845703 -0.65897035598754882813 -0.58623492717742919922 -0.54916650056838989258 -0.51839971542358398438 -0.50538623332977294922 -0.52536684274673461914 -0.54534703493118286133 -0.42842662334442138672 -0.28731581568717956543 -0.22880455851554870605 -0.3238010406494140625 -0.41879755258560180664 -0.42777210474014282227 -0.42154726386070251465 -0.41870933771133422852 -0.42216590046882629395 -0.42562288045883178711
-9999 -9999 -9999 -9999 -9999 -9999 -9999 -9999 -9999 -9999 -9999 -9999 -9999 -9999 -9999 -9999 -9999 -9999 -9999 -0.74999380111694335938 -0.74999380111694335938 -0.73068201541900634766 -0.67548048496246337891 -0.62027853727340698242 -0.5672168731689453125 -0.51453340053558349609 -0.49428564310073852539 -0.53431773185729980469 -0.57435029745101928711 -0.39341795444488525391 -0.1734422147274017334 -0.077452763915061950684 -0.21188762784004211426 -0.34632247686386108398 -0.40876799821853637695 -0.45849373936653137207 -0.49244406819343566895 -0.49707671999931335449 -0.50170981884002685547
-9999 -9999 -9999 -9999 -9999 -9999 -9999 -9999 -9999 -9999 -9999 -9999 -9999 -9999 -9999 -9999 -9999 -9999 -9999 -0.77654355764389038086 -0.77654355764389038086 -0.76713901758193969727 -0.74025666713714599609 -0.71337431669235229492 -0.63448160886764526367 -0.54639863967895507813 -0.49694338440895080566 -0.51927620172500610352 -0.54160857200622558594 -0.39411887526512145996 -0.21662241220474243164 -0.15072835981845855713 -0.29224345088005065918 -0.43375810980796813965 -0.48523345589637756348 -0.52079916000366210938 -0.53935128450393676758 -0.52628421783447265625 -0.51321762800216674805
-9999 -9999 -9999 -9999 -9999 -9999 -9999 -9999 -9999 -9999 -9999 -9999 -9999 -9999 -9999 -9999 -9999 -9999 -9999 -0.80309295654296875 -0.80309295654296875 -0.80359596014022827148 -0.80503326654434204102 -0.80647057294845581055 -0.70174628496170043945 -0.57826387882232666016 -0.49960109591484069824 -0.50423419475555419922 -0.50886684656143188477 -0.39482024312019348145 -0.25980302691459655762 -0.22400435805320739746 -0.37259882688522338867 -0.52119374275207519531 -0.56169843673706054688 -0.58310455083847045898 -0.58625853061676025391 -0.5554917454719543457 -0.52472537755966186523
-9999 -9999 -9999 -9999 -9999 -9999 -9999 -9999 -9999 -9999 -9999 -9999 -9999 -9999 -9999 -9999 -9999 -9999 -9999 -0.86884355545043945313 -0.86884355545043945313 -0.86919671297073364258 -0.87020659446716308594 -0.87121599912643432617 -0.7763207554817199707 -0.66447991132736206055 -0.58536517620086669922 -0.56707173585891723633 -0.54877823591232299805 -0.46072611212730407715 -0.36034831404685974121 -0.34223335981369018555 -0.4770011603832244873 -0.61176854372024536133 -0.58708184957504272461 -0.53422069549560546875 -0.49478191137313842773 -0.48028934001922607422 -0.46579721570014953613
-9999 -9999 -9999 -9999 -9999 -9999 -9999 -9999 -9999 -9999 -9999 -9999 -9999 -9999 -9999 -9999 -9999 -9999 -9999 -0.94849252700805664063 -0.94849252700805664063 -0.94513046741485595703 -0.93552041053771972656 -0.9259102940559387207 -0.85348713397979736328 -0.76996552944183349609 -0.70059466361999511719 -0.65752124786376953125 -0.61444824934005737305 -0.54975092411041259766 -0.48123252391815185547 -0.47640109062194824219 -0.58992862701416015625 -0.70345664024353027344 -0.59435451030731201172 -0.44591450691223144531 -0.35424163937568664551 -0.3680687248706817627 -0.38189581036567687988
-9999 -9999 -9999 -9999 -9999 -9999 -9999 -9999 -9999 -9999 -9999 -9999 -9999 -9999 -9999 -9999 -9999 -9999 -9999 -0.98386281728744506836 -0.98386281728744506836 -0.97885078191757202148 -0.96452492475509643555 -0.95019865036010742188 -0.90041804313659667969 -0.8443724513053894043 -0.78832733631134033203 -0.73228180408477783203 -0.67623668909072875977 -0.63093304634094238281 -0.58752709627151489258 -0.58539557456970214844 -0.65997260808944702148 -0.73454964160919189453 -0.57635980844497680664 -0.37704116106033325195 -0.26160663366317749023 -0.30206620693206787109 -0.34252622723579406738
-9999 -9999 -9999 -9999 -9999 -9999 -9999 -9999 -9999 -9999 -9999 -9999 -9999 -9999 -9999 -9999 -9999 -9999 -9999 -0.87766408920288085938 -0.87766408920288085938 -0.87760627269744873047 -0.87743955850601196289 -0.87727332115173339844 -0.850677490234375 -0.81941193342208862305 -0.7881463170051574707 -0.75688076019287109375 -0.72561514377593994141 -0.68704062700271606445 -0.64717435836791992188 -0.61390763521194458008 -0.59290581941604614258 -0.57190442085266113281 -0.47758015990257263184 -0.37030023336410522461 -0.32213586568832397461 -0.38383570313453674316 -0.44553512334823608398
-9999 -9999 -9999 -9999 -9999 -9999 -9999 -9999 -9999 -9999 -9999 -9999 -9999 -9999 -9999 -9999 -9999 -9999 -9999 -0.77146571874618530273 -0.77146571874618530273 -0.77636128664016723633 -0.79035460948944091797 -0.80434840917587280273 -0.80093741416931152344 -0.79445135593414306641 -0.78796529769897460938 -0.78147923946380615234 -0.77499318122863769531 -0.74314820766448974609 -0.70682203769683837891 -0.64241975545883178711 -0.52583944797515869141 -0.40925920009613037109 -0.37880048155784606934 -0.36355927586555480957 -0.38266551494598388672 -0.4656047821044921875 -0.54854404926300048828
