INPUT/RASTER/ASCII/clay.asc
ncols        113
nrows        135
xllcorner    473009.983799999987
yllcorner    4429001.174800000153
cellsize     100.000000000000
NODATA_value  -9999
[rows 85 to 101 of 135, columns 0 to 38 of 113]
-1.2422387599945068359 -1.0096163749694824219 -0.34467333555221557617 0.3202692568302154541 0.47012040019035339355 0.52895700931549072266 0.53477507829666137695 0.44205904006958007813 0.34934341907501220703 0.28771108388900756836 0.23157101869583129883 0.19238626956939697266 0.18471230566501617432 0.17703874409198760986 0.19028221070766448975 0.20722149312496185303 0.1536302715539932251 -0.031040944159030914307 -0.21571215987205505371 -0.29802772402763366699 -0.36225742101669311523 -0.36889708042144775391 -0.26850751042366027832 -0.16811832785606384277 -0.16479428112506866455 -0.17862136662006378174 -0.15798117220401763916 -0.073283456265926361084 0.011414257809519767761 0.095404714345932006836 0.17927068471908569336 0.21952643990516662598 0.17873390018939971924 0.1379413604736328125 0.11348254233598709106 0.091910175979137420654 0.0061443876475095748901 -0.1989231109619140625 -0.40399059653282165527
0.67863643169403076172 0.66492670774459838867 0.62573772668838500977 0.58654832839965820313 0.64727252721786499023 0.72565042972564697266 0.74181663990020751953 0.64236557483673095703 0.54291450977325439453 0.44703730940818786621 0.3517914116382598877 0.28057768940925598145 0.2540283203125 0.22747850418090820313 0.22097811102867126465 0.21802034974098205566 0.14901956915855407715 -0.04271964728832244873 -0.23445886373519897461 -0.33631023764610290527 -0.42227858304977416992 -0.43350237607955932617 -0.30581435561180114746 -0.17812678217887878418 -0.19047054648399353027 -0.22755672037601470947 -0.23530368506908416748 -0.18852430582046508789 -0.1417449265718460083 -0.050556089729070663452 0.048479318618774414063 0.10254950076341629028 0.073054179549217224121 0.043558441102504730225 0.03482863306999206543 0.029768073931336402893 -0.045906551182270050049 -0.2528152167797088623 -0.45972427725791931152
0.70518583059310913086 0.69890654087066650391 0.68095743656158447266 0.66300785541534423828 0.6908206939697265625 0.72671937942504882813 0.72517442703247070313 0.65404301881790161133 0.5829111933708190918 0.46721962094306945801 0.34365406632423400879 0.2540283203125 0.22747850418090820313 0.20092913508415222168 0.15231111645698547363 0.099794298410415649414 0.015909766778349876404 -0.12627038359642028809 -0.26845052838325500488 -0.35383483767509460449 -0.42918327450752258301 -0.44093286991119384766 -0.33448469638824462891 -0.22803694009780883789 -0.24958652257919311523 -0.29375290870666503906 -0.30238735675811767578 -0.24498805403709411621 -0.18758875131607055664 -0.088788814842700958252 0.017326826229691505432 0.084668740630149841309 0.079952955245971679688 0.075236737728118896484 0.05217768251895904541 0.025877704843878746033 -0.042553380131721496582 -0.1892830580472946167 -0.33601272106170654297
0.73173564672470092773 0.73288685083389282227 0.73617708683013916016 0.73946738243103027344 0.73436886072158813477 0.7277882695198059082 0.70853221416473388672 0.66572046279907226563 0.62290823459625244141 0.48740151524543762207 0.33551633358001708984 0.22747850418090820313 0.20092913508415222168 0.17437933385372161865 0.083644144237041473389 -0.018432162702083587646 -0.11720044910907745361 -0.20982153713703155518 -0.30244222283363342285 -0.37135943770408630371 -0.4360879361629486084 -0.44836291670799255371 -0.36315500736236572266 -0.27794668078422546387 -0.3087024986743927002 -0.35994869470596313477 -0.36947101354598999023 -0.30145180225372314453 -0.23343299329280853271 -0.12702111899852752686 -0.013826090842485427856 0.066788405179977416992 0.08685172349214553833 0.1069154590368270874 0.069527149200439453125 0.021987335756421089172 -0.039200212806463241577 -0.12575091421604156494 -0.212301596999168396
0.67988383769989013672 0.68480855226516723633 0.69888502359390258789 0.71296149492263793945 0.70225465297698974609 0.68716835975646972656 0.654918670654296875 0.59077209234237670898 0.52662551403045654297 0.39049971103668212891 0.24165542423725128174 0.1337661445140838623 0.10198951512575149536 0.07021331787109375 -0.032330561429262161255 -0.14737898111343383789 -0.23724360764026641846 -0.2803052067756652832 -0.3233668208122253418 -0.36693313717842102051 -0.41058847308158874512 -0.41385006904602050781 -0.34204176068305969238 -0.27023303508758544922 -0.2934710085391998291 -0.33350354433059692383 -0.32927727699279785156 -0.24279789626598358154 -0.15631893277168273926 -0.09886309504508972168 -0.04653574526309967041 -0.0059689711779356002808 0.012740164995193481445 0.031449723988771438599 0.00023814931046217679977 -0.039794381707906723022 -0.085104376077651977539 -0.14022321999073028564 -0.19534163177013397217
0.60023486614227294922 0.60763627290725708008 0.62879294157028198242 0.64994966983795166016 0.64331382513046264648 0.63176763057708740234 0.5881970524787902832 0.48511093854904174805 0.3820247948169708252 0.25208544731140136719 0.11740119010210037231 0.016241032630205154419 -0.022615397348999977112 -0.061471406370401382446 -0.16507869958877563477 -0.28012713789939880371 -0.35265409946441650391 -0.34615665674209594727 -0.3396587669849395752 -0.35472440719604492188 -0.37360021471977233887 -0.36446657776832580566 -0.3032773435115814209 -0.24208852648735046387 -0.25187963247299194336 -0.27421203255653381348 -0.25104787945747375488 -0.1433286815881729126 -0.035609882324934005737 -0.047165784984827041626 -0.079797372221946716309 -0.0981828346848487854 -0.090093620121479034424 -0.082003980875015258789 -0.099768273532390594482 -0.12210065126419067383 -0.14847278594970703125 -0.18235179781913757324 -0.21623079478740692139
0.53956258296966552734 0.54885071516036987305 0.57540053129196166992 0.60195028781890869141 0.5826136469841003418 0.55715388059616088867 0.49785727262496948242 0.37269997596740722656 0.24754224717617034912 0.1320562213659286499 0.018278846517205238342 -0.07087977975606918335 -0.11428572982549667358 -0.15769210457801818848 -0.26126566529273986816 -0.37547051906585693359 -0.43483251333236694336 -0.39226970076560974121 -0.3497073054313659668 -0.3433157801628112793 -0.3433157801628112793 -0.32680523395538330078 -0.27960976958274841309 -0.23241429030895233154 -0.23213155567646026611 -0.2401380687952041626 -0.20258939266204833984 -0.080378033220767974854 0.041833747178316116333 -0.014661218039691448212 -0.1027323603630065918 -0.16117314994335174561 -0.16454656422138214111 -0.16792042553424835205 -0.17523105442523956299 -0.18323756754398345947 -0.19611051678657531738 -0.21802723407745361328 -0.23994395136833190918
0.53956258296966552734 0.54885071516036987305 0.57540053129196166992 0.60195028781890869141 0.48407155275344848633 0.40099808573722839355 0.33200576901435852051 0.23870779573917388916 0.14540982246398925781 0.070808328688144683838 -0.00048979162238538265228 -0.060791570693254470825 -0.10065783560276031494 -0.14052367210388183594 -0.24055752158164978027 -0.35122227668762207031 -0.41075938940048217773 -0.37527680397033691406 -0.33979421854019165039 -0.33446612954139709473 -0.33446612954139709473 -0.32662418484687805176 -0.30420824885368347168 -0.28179273009300231934 -0.28222233057022094727 -0.2866891324520111084 -0.249315604567527771 -0.13418404757976531982 -0.019052496179938316345 -0.043518062680959701538 -0.092649638652801513672 -0.13072706758975982666 -0.14826053380966186523 -0.16579398512840270996 -0.17222265899181365967 -0.17668904364109039307 -0.19345235824584960938 -0.23306922614574432373 -0.27268567681312561035
0.53956258296966552734 0.54885071516036987305 0.57540053129196166992 0.60195028781890869141 0.25831788778305053711 0.20249347388744354248 0.16615381836891174316 0.10471518337726593018 0.043276969343423843384 0.0095600131899118423462 -0.019258428364992141724 -0.050703365355730056763 -0.087029516696929931641 -0.12335566431283950806 -0.21984940767288208008 -0.32697445154190063477 -0.38668671250343322754 -0.35828393697738647461 -0.32988116145133972168 -0.32561606168746948242 -0.32561606168746948242 -0.32644316554069519043 -0.3288071751594543457 -0.33117076754570007324 -0.33231312036514282227 -0.33323979377746582031 -0.29604181647300720215 -0.18799006938934326172 -0.079938314855098724365 -0.072374902665615081787 -0.082567341625690460205 -0.1002814173698425293 -0.13197448849678039551 -0.16366755962371826172 -0.1692142486572265625 -0.17014095187187194824 -0.1907946467399597168 -0.24811081588268280029 -0.30542740225791931152
-9999 -9999 -9999 -9999 0.14131857454776763916 0.14131857454776763916 0.094359010457992553711 -0.01510557904839515686 -0.098243184387683868408 -0.11518964916467666626 -0.12243571877479553223 -0.14044518768787384033 -0.17845804989337921143 -0.21647132933139801025 -0.29466316103935241699 -0.3799546360969543457 -0.42154854536056518555 -0.38193166255950927734 -0.34231522679328918457 -0.3097153007984161377 -0.27835476398468017578 -0.26563286781311035156 -0.28754958510398864746 -0.30946630239486694336 -0.31942033767700195313 -0.32726013660430908203 -0.30709049105644226074 -0.23486608266830444336 -0.16264127194881439209 -0.14735408127307891846 -0.14212726056575775146 -0.14562770724296569824 -0.16534666717052459717 -0.18506605923175811768 -0.20801582932472229004 -0.23153612017631530762 -0.26027184724807739258 -0.29870080947875976563 -0.33712932467460632324
-9999 -9999 -9999 -9999 0.14131857454776763916 0.14131857454776763916 -0.0012801877455785870552 -0.18389502167701721191 -0.26050478219985961914 -0.26245355606079101563 -0.25554001331329345703 -0.26558181643486022949 -0.30713477730751037598 -0.34868776798248291016 -0.40334409475326538086 -0.46031591296195983887 -0.47730544209480285645 -0.4199892580509185791 -0.36267268657684326172 -0.29131421446800231934 -0.21747441589832305908 -0.18332618474960327148 -0.22294262051582336426 -0.26255905628204345703 -0.28419598937034606934 -0.30265572667121887207 -0.30549028515815734863 -0.27928483486175537109 -0.25307980179786682129 -0.23868598043918609619 -0.22637934982776641846 -0.21784619987010955811 -0.21632574498653411865 -0.21480530500411987305 -0.26164081692695617676 -0.31702086329460144043 -0.35532489418983459473 -0.36189410090446472168 -0.36846327781677246094
-9999 -9999 -9999 -9999 -9999 -9999 -0.38967359066009521484 -0.38967359066009521484 -0.38967359066009521484 -0.37438681721687316895 -0.35769990086555480957 -0.36360317468643188477 -0.40953940153121948242 -0.45547562837600708008 -0.49174016714096069336 -0.52629649639129638672 -0.52517569065093994141 -0.45775020122528076172 -0.39032471179962158203 -0.29138171672821044922 -0.18687051534652709961 -0.13484151661396026611 -0.18035027384757995605 -0.225859031081199646 -0.25597214698791503906 -0.28336510062217712402 -0.30692633986473083496 -0.3233668208122253418 -0.33980730175971984863 -0.32436737418174743652 -0.30329379439353942871 -0.2848758399486541748 -0.27139309048652648926 -0.25791078805923461914 -0.31855735182762145996 -0.3923021852970123291 -0.43612170219421386719 -0.42432609200477600098 -0.41253009438514709473
-9999 -9999 -9999 -9999 -9999 -9999 -0.38967359066009521484 -0.38967359066009521484 -0.38967359066009521484 -0.37286004424095153809 -0.36139824986457824707 -0.37492993474006652832 -0.42794597148895263672 -0.48096200823783874512 -0.51528155803680419922 -0.54629778861999511719 -0.54782879352569580078 -0.49456331133842468262 -0.44129747152328491211 -0.35049811005592346191 -0.25306630134582519531 -0.19449469447135925293 -0.20814411342144012451 -0.22179311513900756836 -0.25013047456741333008 -0.28106352686882019043 -0.31807205080986022949 -0.36637228727340698242 -0.41467213630676269531 -0.39198231697082519531 -0.35674914717674255371 -0.33531728386878967285 -0.33953428268432617188 -0.34375169873237609863 -0.38599759340286254883 -0.43496289849281311035 -0.47134011983871459961 -0.48432403802871704102 -0.49730756878852844238
-9999 -9999 -9999 -9999 -9999 -9999 -0.38967359066009521484 -0.38967359066009521484 -0.38967359066009521484 -0.36936169862747192383 -0.3660996854305267334 -0.38625627756118774414 -0.44635212421417236328 -0.50644838809967041016 -0.53882253170013427734 -0.56629860401153564453 -0.57048183679580688477 -0.53137648105621337891 -0.49227061867713928223 -0.40961408615112304688 -0.31926208734512329102 -0.2541478574275970459 -0.23593753576278686523 -0.21772718429565429688 -0.24428921937942504883 -0.27876198291778564453 -0.32921776175498962402 -0.40937736630439758301 -0.4895369410514831543 -0.45959767699241638184 -0.41020488739013671875 -0.3857587277889251709 -0.4076754450798034668 -0.42959260940551757813 -0.45343741774559020996 -0.47762319445610046387 -0.50655853748321533203 -0.54432201385498046875 -0.58208543062210083008
-9999 -9999 -9999 -9999 -9999 -9999 -9999 -9999 -9999 -0.36754882335662841797 -0.36754882335662841797 -0.39414799213409423828 -0.45615252852439880371 -0.50324416160583496094 -0.52969694137573242188 -0.55363285541534423828 -0.55589687824249267578 -0.51788401603698730469 -0.47987115383148193359 -0.40117463469505310059 -0.31528940796852111816 -0.26113313436508178711 -0.26594388484954833984 -0.27075463533401489258 -0.29934012889862060547 -0.33212617039680480957 -0.37068888545036315918 -0.419986724853515625 -0.46928501129150390625 -0.44710832834243774414 -0.41230306029319763184 -0.39987573027610778809 -0.42903894186019897461 -0.45820215344429016113 -0.47762319445610046387 -0.49532291293144226074 -0.51225376129150390625 -0.5277557373046875 -0.54325813055038452148
-9999 -9999 -9999 -9999 -9999 -9999 -9999 -9999 -9999 -0.36754882335662841797 -0.36754882335662841797 -0.41075012087821960449 -0.46607488393783569336 -0.48928460478782653809 -0.50898838043212890625 -0.52938508987426757813 -0.52810895442962646484 -0.48655641078948974609 -0.44500342011451721191 -0.36878356337547302246 -0.28643804788589477539 -0.24944432079792022705 -0.29673472046852111816 -0.34402471780776977539 -0.37598028779029846191 -0.40522661805152893066 -0.42291158437728881836 -0.41911023855209350586 -0.41530933976173400879 -0.40621787309646606445 -0.39619213342666625977 -0.40111428499221801758 -0.43381717801094055176 -0.46652010083198547363 -0.48647284507751464844 -0.50417256355285644531 -0.50748097896575927734 -0.48404383659362792969 -0.46060666441917419434
-9999 -9999 -9999 -9999 -9999 -9999 -9999 -9999 -9999 -9999 -9999 -0.47817221283912658691 -0.47817221283912658691 -0.47817221283912658691 -0.4980481564998626709 -0.51974499225616455078 -0.51984459161758422852 -0.48234236240386962891 -0.4448401033878326416 -0.37725427746772766113 -0.30435258150100708008 -0.27980303764343261719 -0.34511390328407287598 -0.4104251861572265625 -0.43276050686836242676 -0.44750246405601501465 -0.44396743178367614746 -0.40646559000015258789 -0.36896336078643798828 -0.37587013840675354004 -0.39062392711639404297 -0.41082987189292907715 -0.44116875529289245605 -0.4715080559253692627 -0.48178786039352416992 -0.48852330446243286133 -0.47639182209968566895 -0.42919632792472839355 -0.38200086355209350586
