INPUT/RASTER/ASCII/clay.asc
ncols        113
nrows        135
xllcorner    473009.983799999987
yllcorner    4429001.174800000153
cellsize     100.000000000000
NODATA_value  -9999
[rows 17 to 33 of 135, columns 0 to 38 of 113]
-9999 -9999 -9999 -9999 -9999 -9999 -9999 -9999 -9999 -9999 -9999 -5.6110973358154296875 -5.6110973358154296875 -5.6110973358154296875 -2.1383011341094970703 0.19150388240814208984 1.1921770572662353516 1.1651284694671630859 1.1380798816680908203 1.2886568307876586914 1.4706196784973144531 1.5736488103866577148 1.5299817323684692383 1.4863145351409912109 1.4996554851531982422 1.5230693817138671875 1.4761098623275756836 1.2983639240264892578 1.1206181049346923828 0.977741241455078125 0.84102594852447509766 0.71015310287475585938 0.59013909101486206055 0.47012504935264587402 0.44788381457328796387 0.44291821122169494629 0.42423903942108154297 0.38007265329360961914 0.33590626716613769531
-9999 -9999 -9999 -9999 -9999 -9999 -9999 -9999 -9999 -9999 -9999 -5.6110973358154296875 -5.6110973358154296875 -5.6110973358154296875 -3.0715720653533935547 -0.32130664587020874023 1.3486357927322387695 1.3640664815902709961 1.3794970512390136719 1.4973446130752563477 1.6332876682281494141 1.6890593767166137695 1.5958322286605834961 1.5026060342788696289 1.4152455329895019531 1.3289210796356201172 1.2329050302505493164 1.1188782453536987305 1.0048514604568481445 0.83845090866088867188 0.66279560327529907227 0.52270519733428955078 0.44871094822883605957 0.37471628189086914063 0.39849397540092468262 0.43954774737358093262 0.44831171631813049316 0.39706552028656005859 0.34581932425498962402
-9999 -9999 -9999 -9999 -9999 -9999 -9999 -9999 -9999 -5.6110973358154296875 -5.6110973358154296875 -4.9124875068664550781 -4.0398802757263183594 -3.6809563636779785156 -1.9652879238128662109 0.010671968571841716766 1.3083108663558959961 1.3453137874603271484 1.3823173046112060547 1.4865044355392456055 1.6025621891021728516 1.6518377065658569336 1.5769995450973510742 1.5021612644195556641 1.4175816774368286133 1.3312803506851196289 1.2173439264297485352 1.0520477294921875 0.88675159215927124023 0.72842043638229370117 0.5713202357292175293 0.46579286456108093262 0.45611104369163513184 0.44642919301986694336 0.47455474734306335449 0.50936043262481689453 0.51228654384613037109 0.44528180360794067383 0.35636624693870544434
-9999 -9999 -9999 -9999 -9999 -9999 -9999 -9999 -9999 -5.6110973358154296875 -5.6110973358154296875 -4.7330403327941894531 -2.7033884525299072266 -1.1777064800262451172 -0.24610887467861175537 0.61830723285675048828 1.1982161998748779297 1.249379277229309082 1.3005418777465820313 1.3978302478790283203 1.5032685995101928711 1.5604995489120483398 1.5281409025192260742 1.4957823753356933594 1.4506736993789672852 1.4033119678497314453 1.2824940681457519531 1.0251591205596923828 0.7678241729736328125 0.62876468896865844727 0.51060408353805541992 0.45516154170036315918 0.51627862453460693359 0.57739609479904174805 0.59509414434432983398 0.60511988401412963867 0.59882879257202148438 0.54020363092422485352 0.38745713233947753906
-9999 -9999 -9999 -9999 -9999 -9999 -9999 -9999 -9999 -4.9911985397338867188 -4.9911985397338867188 -4.1472220420837402344 -1.7347441911697387695 0.67773377895355224609 1.0557550191879272461 1.0742979049682617188 1.1024199724197387695 1.148344874382019043 1.1942692995071411133 1.2810288667678833008 1.3750036954879760742 1.4446589946746826172 1.4691174030303955078 1.4935761690139770508 1.4857912063598632813 1.4723085165023803711 1.3469241857528686523 1.0135753154754638672 0.68022650480270385742 0.56141138076782226563 0.48050317168235778809 0.46814802289009094238 0.58319646120071411133 0.69824445247650146484 0.70656615495681762695 0.69602936506271362305 0.68917870521545410156 0.68917870521545410156 0.68917870521545410156
-9999 -9999 -9999 -9999 -9999 -9999 -9999 -9999 -9999 -2.3893368244171142578 -2.3893368244171142578 -1.9144059419631958008 -0.55683243274688720703 0.80074101686477661133 1.023363947868347168 1.0454468727111816406 1.0523411035537719727 1.0310062170028686523 1.0096719264984130859 1.0742982625961303711 1.1541130542755126953 1.2504764795303344727 1.3775935173034667969 1.5047109127044677734 1.5273830890655517578 1.5315996408462524414 1.4090543985366821289 1.0509257316589355469 0.69279730319976806641 0.59733664989471435547 0.54828816652297973633 0.55664664506912231445 0.6716950535774230957 0.78674346208572387695 0.78904801607131958008 0.77143138647079467773 0.75997805595397949219 0.75997805595397949219 0.75997805595397949219
-9999 -9999 -9999 -9999 -9999 -9999 -9999 -9999 -9999 0.21252554655075073242 0.21252554655075073242 0.31841036677360534668 0.62107932567596435547 0.92374831438064575195 0.99097287654876708984 1.0165959596633911133 1.0022616386413574219 0.91366809606552124023 0.82507455348968505859 0.86756730079650878906 0.93322288990020751953 1.0562938451766967773 1.2860696315765380859 1.5158456563949584961 1.5689748525619506836 1.5908915996551513672 1.4711843729019165039 1.0882763862609863281 0.70536768436431884766 0.63326185941696166992 0.61607277393341064453 0.64514565467834472656 0.76019370555877685547 0.87524211406707763672 0.87152981758117675781 0.84683340787887573242 0.83077692985534667969 0.83077692985534667969 0.83077692985534667969
-9999 -9999 -9999 -9999 -9999 -9999 -9999 -9999 -9999 0.93275827169418334961 0.93275827169418334961 0.95210295915603637695 1.0073999166488647461 1.0626968145370483398 1.0846793651580810547 1.1007751226425170898 1.0777450799942016602 0.98199999332427978516 0.88625490665435791016 0.90009421110153198242 0.93329632282257080078 1.0400964021682739258 1.2836755514144897461 1.5272556543350219727 1.5530799627304077148 1.5404294729232788086 1.4234064817428588867 1.1124136447906494141 0.80142045021057128906 0.72499048709869384766 0.69000709056854248047 0.67276859283447265625 0.68850857019424438477 0.70424854755401611328 0.66406118869781494141 0.61399108171463012695 0.5551751255989074707 0.4339980781078338623 0.11048469692468643188
-9999 -9999 -9999 -9999 -9999 -9999 -9999 -9999 -9999 0.98585748672485351563 0.98585748672485351563 1.0188249349594116211 1.113061070442199707 1.2072970867156982422 1.2230931520462036133 1.2250297069549560547 1.1977468729019165039 1.1161618232727050781 1.0345767736434936523 1.0174497365951538086 1.011712193489074707 1.0870032310485839844 1.3128831386566162109 1.5387625694274902344 1.5168044567108154297 1.4510538578033447266 1.3366608619689941406 1.1318659782409667969 0.92707151174545288086 0.83650469779968261719 0.76612144708633422852 0.6788082122802734375 0.56003016233444213867 0.44125217199325561523 0.35378953814506530762 0.2718601226806640625 0.19724807143211364746 0.12422104179859161377 0.026248216629028320313
-9999 -9999 -9999 -9999 -5.6110973358154296875 -5.6110973358154296875 -5.6110973358154296875 -5.6110973358154296875 -5.6110973358154296875 -0.013704134151339530945 0.80710852146148681641 1.0663179159164428711 1.192746281623840332 1.319174647331237793 1.3163033723831176758 1.2905857563018798828 1.2520470619201660156 1.1896822452545166016 1.1273173093795776367 1.1007704734802246094 1.080552220344543457 1.1372855901718139648 1.3370313644409179688 1.536777496337890625 1.486554265022277832 1.3921637535095214844 1.2886302471160888672 1.1681056022644042969 1.0475809574127197266 0.94675248861312866211 0.84940379858016967773 0.70753085613250732422 0.48291021585464477539 0.25829002261161804199 0.13789282739162445068 0.035911474376916885376 -0.023170320317149162292 -0.0025246501900255680084 0.018121441826224327087
-9999 -9999 -9999 -9999 -5.6110973358154296875 -5.6110973358154296875 -5.6110973358154296875 -5.6110973358154296875 -5.6110973358154296875 -2.2388498783111572266 0.023499764502048492432 1.0523334741592407227 1.189381718635559082 1.3264299631118774414 1.2649859189987182617 1.1684689521789550781 1.0962837934494018555 1.0693182945251464844 1.0423529148101806641 1.0752722024917602539 1.1187731027603149414 1.1983584165573120117 1.3450049161911010742 1.4916518926620483398 1.4755730628967285156 1.4307411909103393555 1.3643829822540283203 1.2580178976058959961 1.151653289794921875 1.0529508590698242188 0.95560210943222045898 0.80877542495727539063 0.56999516487121582031 0.33121535181999206543 0.22373372316360473633 0.13945209980010986328 0.083209067583084106445 0.079075202345848083496 0.074941344559192657471
-9999 -9999 -9999 -9999 -5.6110973358154296875 -5.6110973358154296875 -5.6110973358154296875 -5.6110973358154296875 -5.6110973358154296875 -3.2017734050750732422 -0.59251421689987182617 1.0383489131927490234 1.186017155647277832 1.3336853981018066406 1.2136679887771606445 1.0463521480560302734 0.94052046537399291992 0.94895446300506591797 0.95738846063613891602 1.0497745275497436523 1.1569941043853759766 1.2594311237335205078 1.3529785871505737305 1.4465259313583374023 1.4645906686782836914 1.4693182706832885742 1.4401352405548095703 1.3479306697845458984 1.2557256221771240234 1.1591496467590332031 1.0618009567260742188 0.91002035140991210938 0.65708053112030029297 0.40414068102836608887 0.30957463383674621582 0.24299272894859313965 0.18958844244480133057 0.16067506372928619385 0.13176167011260986328
-9999 -9999 -9999 -9999 -3.7490684986114501953 -3.7490684986114501953 -3.7499828338623046875 -3.7525961399078369141 -3.7552096843719482422 -2.1873030662536621094 -0.34189406037330627441 0.90415340662002563477 1.0363078117370605469 1.1684617996215820313 1.0947738885879516602 0.98471426963806152344 0.91112178564071655273 0.90530121326446533203 0.89948064088821411133 1.0105627775192260742 1.1423010826110839844 1.2466738224029541016 1.3001886606216430664 1.3537039756774902344 1.4278632402420043945 1.5056705474853515625 1.519812464714050293 1.4156333208084106445 1.3114546537399291992 1.2463945150375366211 1.188246607780456543 1.076198577880859375 0.86397993564605712891 0.65176087617874145508 0.51838606595993041992 0.3989429771900177002 0.30981558561325073242 0.27702954411506652832 0.24424351751804351807
-9999 -9999 -9999 -9999 -1.2268553972244262695 -1.2268553972244262695 -1.2290079593658447266 -1.2351615428924560547 -1.2413146495819091797 -0.58547997474670410156 0.1873248666524887085 0.72733718156814575195 0.83471161127090454102 0.94208604097366333008 0.9519202113151550293 0.94451928138732910156 0.92652583122253417969 0.88884550333023071289 0.85116517543792724609 0.96648877859115600586 1.1088465452194213867 1.2077401876449584961 1.2258555889129638672 1.2439713478088378906 1.3820079565048217773 1.5412337779998779297 1.6008801460266113281 1.4754616022109985352 1.3500435352325439453 1.3269195556640625 1.3218708038330078125 1.2653989791870117188 1.1133593320846557617 0.96131974458694458008 0.77079713344573974609 0.57347494363784790039 0.43495222926139831543 0.40570586919784545898 0.37645995616912841797
-9999 -5.6110973358154296875 -5.6110973358154296875 -5.6110973358154296875 -0.30264770984649658203 0.47579330205917358398 0.67746496200561523438 0.67114561796188354492 0.66482579708099365234 0.64347416162490844727 0.61946648359298706055 0.62891662120819091797 0.70054727792739868164 0.77217793464660644531 0.83951812982559204102 0.90610003471374511719 0.93155264854431152344 0.88056766986846923828 0.82958269119262695313 0.9447657465934753418 1.0893099308013916016 1.1798961162567138672 1.1702024936676025391 1.1605092287063598633 1.3442107439041137695 1.5620837211608886719 1.6542000770568847656 1.5126022100448608398 1.3710044622421264648 1.3798258304595947266 1.4152252674102783203 1.3975474834442138672 1.2812284231185913086 1.16490936279296875 0.945819854736328125 0.70857191085815429688 0.54562413692474365234 0.5207614898681640625 0.49589881300926208496
-9999 -5.6110973358154296875 -5.6110973358154296875 -5.6110973358154296875 -2.4359509944915771484 -0.30583083629608154297 0.61923140287399291992 0.62353152036666870117 0.62783163785934448242 0.68027591705322265625 0.74122673273086547852 0.78114569187164306641 0.78197747468948364258 0.78280919790267944336 0.82447612285614013672 0.87335830926895141602 0.90340262651443481445 0.89843702316284179688 0.8934714198112487793 0.99450623989105224609 1.1142704486846923828 1.1875072717666625977 1.1742743253707885742 1.1610410213470458984 1.3321771621704101563 1.5358904600143432617 1.6188006401062011719 1.4772027730941772461 1.3356050252914428711 1.3444263935089111328 1.3798258304595947266 1.3472870588302612305 1.1884888410568237305 1.0296900272369384766 0.87341487407684326172 0.71758574247360229492 0.61005008220672607422 0.59226721525192260742 0.57448434829711914063
-9999 -5.6110973358154296875 -5.6110973358154296875 -5.6110973358154296875 -3.3591299057006835938 -0.9202855229377746582 0.56099742650985717773 0.57591742277145385742 0.5908374786376953125 0.71707761287689208984 0.86298739910125732422 0.93337482213973999023 0.86340767145156860352 0.7934405207633972168 0.80943411588668823242 0.84061700105667114258 0.87525266408920288086 0.91630643606185913086 0.95736014842987060547 1.0442463159561157227 1.1392310857772827148 1.1951187849044799805 1.1783456802368164063 1.1615726947784423828 1.320143580436706543 1.5096971988677978516 1.5834012031555175781 1.4418033361434936523 1.3002055883407592773 1.3090269565582275391 1.3444263935089111328 1.2970266342163085938 1.0957491397857666016 0.89447110891342163086 0.80100983381271362305 0.72659909725189208984 0.67447602748870849609 0.66377294063568115234 0.65306991338729858398
