INPUT/RASTER/ASCII/clay.asc
ncols        113
nrows        135
xllcorner    473009.983799999987
yllcorner    4429001.174800000153
cellsize     100.000000000000
NODATA_value  -9999
[rows 34 to 50 of 135, columns 0 to 38 of 113]
-9999 -5.6110973358154296875 -5.6110973358154296875 -5.6110973358154296875 -3.5202715396881103516 -1.0600075721740722656 0.54786282777786254883 0.56721085309982299805 0.58190512657165527344 0.72671008110046386719 0.89485770463943481445 0.9732208251953125 0.88472181558609008789 0.79622316360473632813 0.80549693107604980469 0.83204674720764160156 0.86788463592529296875 0.92098337411880493164 0.97408252954483032227 1.0572657585144042969 1.1457643508911132813 1.1971110105514526367 1.1794112920761108398 1.161711573600769043 1.3169938325881958008 1.5028414726257324219 1.5741357803344726563 1.4325376749038696289 1.2909398078918457031 1.2997611761093139648 1.3351606130599975586 1.2838714122772216797 1.0714743137359619141 0.85907757282257080078 0.7820580601692199707 0.72895848751068115234 0.69133931398391723633 0.68248969316482543945 0.67363959550857543945
-9999 -5.6110973358154296875 -5.6110973358154296875 -5.6110973358154296875 -3.5202715396881103516 -1.0600075721740722656 0.55496585369110107422 0.57469153404235839844 0.58296686410903930664 0.72671008110046386719 0.89485770463943481445 0.9732208251953125 0.88472181558609008789 0.79622316360473632813 0.80549693107604980469 0.83204674720764160156 0.86788463592529296875 0.92098337411880493164 0.97408252954483032227 1.0572657585144042969 1.1457643508911132813 1.1971110105514526367 1.1794112920761108398 1.161711573600769043 1.3169938325881958008 1.5028414726257324219 1.5741357803344726563 1.4325376749038696289 1.2909398078918457031 1.2997611761093139648 1.3351606130599975586 1.2838714122772216797 1.0714743137359619141 0.85907757282257080078 0.7820580601692199707 0.72895848751068115234 0.69133931398391723633 0.68248969316482543945 0.67363959550857543945
-9999 -9999 -9999 -9999 -9999 -9999 0.58381211757659912109 0.58381211757659912109 0.58381211757659912109 0.70876729488372802734 0.84516990184783935547 0.90292072296142578125 0.83044654130935668945 0.75797271728515625 0.76391863822937011719 0.78372114896774291992 0.82549905776977539063 0.90811675786972045898 0.99073487520217895508 1.0754836797714233398 1.1606088876724243164 1.206221461296081543 1.1784009933471679688 1.1505805253982543945 1.2986087799072265625 1.4777091741561889648 1.5419613122940063477 1.392772674560546875 1.2435840368270874023 1.2469650506973266602 1.2773039340972900391 1.2315765619277954102 1.0444813966751098633 0.85738664865493774414 0.7834498286247253418 0.72950708866119384766 0.69251966476440429688 0.68704342842102050781 0.68156719207763671875
-9999 -9999 -9999 -9999 -9999 -9999 0.58381211757659912109 0.58381211757659912109 0.58381211757659912109 0.59687668085098266602 0.60578244924545288086 0.60785526037216186523 0.60264027118682861328 0.59742522239685058594 0.58940398693084716797 0.5808868408203125 0.64759618043899536133 0.85411280393600463867 1.0606290102005004883 1.1519486904144287109 1.2229142189025878906 1.2444596290588378906 1.174160003662109375 1.1038599014282226563 1.2214423418045043945 1.3722231388092041016 1.4069170951843261719 1.2258690595626831055 1.0448211431503295898 1.0253676176071166992 1.0344669818878173828 1.0120823383331298828 0.93118596076965332031 0.85028958320617675781 0.78929108381271362305 0.73180860280990600586 0.69747346639633178711 0.70615684986114501953 0.71484023332595825195
-9999 -9999 -9999 -9999 -9999 -9999 0.58381211757659912109 0.58381211757659912109 0.58381211757659912109 0.34054061770439147949 0.3014735877513885498 0.31278938055038452148 0.37483358383178710938 0.43687778711318969727 0.41488888859748840332 0.37805214524269104004 0.46969377994537353516 0.80010849237442016602 1.1305227279663085938 1.2284141778945922852 1.2852196693420410156 1.2826977968215942383 1.1699188947677612305 1.0571395158767700195 1.1442760229110717773 1.2667371034622192383 1.2718732357025146484 1.0589655637741088867 0.84605818986892700195 0.80377012491226196289 0.79163014888763427734 0.7925885319709777832 0.81789046525955200195 0.84319245815277099609 0.79513275623321533203 0.73411017656326293945 0.70242685079574584961 0.72527021169662475586 0.74811321496963500977
-9999 -9999 -9999 -9999 -9999 -9999 -9999 -9999 -9999 0.2076924443244934082 0.2076924443244934082 0.23555675148963928223 0.31520572304725646973 0.39485469460487365723 0.34907081723213195801 0.29720553755760192871 0.39059466123580932617 0.73514574766159057617 1.0796968936920166016 1.1499096155166625977 1.1716482639312744141 1.1607228517532348633 1.0890921354293823242 1.0174615383148193359 1.0889313220977783203 1.1856858730316162109 1.1821626424789428711 0.99227643013000488281 0.80239021778106689453 0.73440390825271606445 0.68795746564865112305 0.66993576288223266602 0.70474147796630859375 0.73954671621322631836 0.70989441871643066406 0.66885209083557128906 0.63682818412780761719 0.62156337499618530273 0.60629898309707641602
-9999 -9999 -9999 -9999 -9999 -9999 -9999 -9999 -9999 0.2076924443244934082 0.2076924443244934082 0.23555675148963928223 0.31520572304725646973 0.39485469460487365723 0.29865214228630065918 0.25131151080131530762 0.34652617573738098145 0.66629773378372192383 0.98606932163238525391 1.0164605379104614258 0.99571990966796875 0.98194432258605957031 0.98111253976821899414 0.98028081655502319336 1.0413228273391723633 1.1132978200912475586 1.1085245609283447266 0.9611180424690246582 0.81371104717254638672 0.71901166439056396484 0.63362562656402587891 0.58161818981170654297 0.59164392948150634766 0.60167008638381958008 0.59236341714859008789 0.5796406865119934082 0.54621452093124389648 0.47431081533432006836 0.40240713953971862793
-9999 -9999 -9999 -9999 -9999 -9999 -9999 -9999 -9999 -9999 -9999 -9999 -9999 -9999 0.19714975357055664063 0.19714975357055664063 0.30447989702224731445 0.6112797856330871582 0.91807919740676879883 0.92619037628173828125 0.88152515888214111328 0.8678162693977355957 0.91163790225982666016 0.95545995235443115234 0.99999850988388061523 1.0446633100509643555 1.0358153581619262695 0.92751419544219970703 0.81921303272247314453 0.71449589729309082031 0.61041170358657836914 0.53846412897109985352 0.5262406468391418457 0.51401716470718383789 0.52256929874420166016 0.53479278087615966797 0.50101673603057861328 0.38175132870674133301 0.26248592138290405273
-9999 -9999 -9999 -9999 -9999 -9999 -9999 -9999 -9999 -9999 -9999 -9999 -9999 -9999 0.15290065109729766846 0.15290065109729766846 0.26889941096305847168 0.60047882795333862305 0.93205779790878295898 0.97397410869598388672 0.96470838785171508789 0.96039217710494995117 0.96527427434921264648 0.97015672922134399414 0.97876417636871337891 0.98802989721298217773 0.96607351303100585938 0.88609200716018676758 0.80611050128936767578 0.74475502967834472656 0.68669021129608154297 0.63970869779586791992 0.61332559585571289063 0.58694207668304443359 0.60540181398391723633 0.63178533315658569336 0.60102319717407226563 0.46405804157257080078 0.32709288597106933594
-9999 -9999 -9999 -9999 -9999 -9999 -9999 -9999 -9999 -9999 -9999 -9999 -9999 -9999 0.10865112394094467163 0.10865112394094467163 0.23331892490386962891 0.58967787027359008789 0.94603633880615234375 1.0217573642730712891 1.0478911399841308594 1.0529676675796508789 1.0189110040664672852 0.98485398292541503906 0.95753020048141479492 0.93139654397964477539 0.89633214473724365234 0.84467029571533203125 0.79300838708877563477 0.77501368522644042969 0.76296830177307128906 0.74095326662063598633 0.70041054487228393555 0.65986740589141845703 0.68823426961898803711 0.72877746820449829102 0.70102918148040771484 0.54636472463607788086 0.39169988036155700684
-9999 -9999 -9999 -9999 -5.6110973358154296875 -5.6110973358154296875 -5.6110973358154296875 -5.6110973358154296875 -5.6110973358154296875 -3.7609422206878662109 -1.5838738679885864258 -0.93004792928695678711 -3.1071162223815917969 -5.2841844558715820313 -1.9748663902282714844 -0.4278316199779510498 0.2425584942102432251 0.6210835576057434082 0.99960857629776000977 1.0687646865844726563 1.0832571983337402344 1.0762850046157836914 1.0294225215911865234 0.98255997896194458008 0.9565436244010925293 0.93421119451522827148 0.8886687159538269043 0.79999202489852905273 0.71131527423858642578 0.68689489364624023438 0.67382782697677612305 0.66173768043518066406 0.65146207809448242188 0.64118653535842895508 0.66836464405059814453 0.7021605372428894043 0.6839472651481628418 0.56907689571380615234 0.45420655608177185059
-9999 -9999 -9999 -9999 -5.6110973358154296875 -5.6110973358154296875 -5.6110973358154296875 -5.6110973358154296875 -5.6110973358154296875 -3.7609422206878662109 -1.5838738679885864258 -0.93004792928695678711 -3.1071162223815917969 -5.2841844558715820313 -3.1690931320190429688 -0.9992052912712097168 0.26768869161605834961 0.66745316982269287109 1.0672180652618408203 1.1154967546463012695 1.1016693115234375 1.0750468969345092773 1.0246442556381225586 0.97424161434173583984 0.96273595094680786133 0.95810288190841674805 0.90301525592803955078 0.75415956974029541016 0.60530388355255126953 0.55680447816848754883 0.52603811025619506836 0.51853924989700317383 0.55428302288055419922 0.59002685546875 0.6120815277099609375 0.63171780109405517578 0.62535119056701660156 0.57066023349761962891 0.51596885919570922852
-9999 -9999 -9999 -9999 -5.0628876686096191406 -5.0628876686096191406 -5.0684938430786132813 -5.0845179557800292969 -5.1005430221557617188 -3.4226641654968261719 -1.4454815387725830078 -0.84637528657913208008 -2.8083765506744384766 -4.77037811279296875 -3.2966198921203613281 -1.2157809734344482422 0.26874706149101257324 0.64505118131637573242 1.0213556289672851563 1.0585296154022216797 1.0357806682586669922 1.0030044317245483398 0.95159232616424560547 0.90017986297607421875 0.8956801295280456543 0.89946967363357543945 0.84001696109771728516 0.66303110122680664063 0.48604565858840942383 0.41684696078300476074 0.36669373512268066406 0.3594442903995513916 0.4319298863410949707 0.50441592931747436523 0.5206711888313293457 0.52699095010757446289 0.53036397695541381836 0.5282611846923828125 0.52615880966186523438
-9999 -9999 -9999 -9999 -2.7619211673736572266 -2.7619211673736572266 -2.7910568714141845703 -2.8743405342102050781 -2.9576241970062255859 -2.0028319358825683594 -0.86461722850799560547 -0.49518197774887084961 -1.5544962882995605469 -2.6138110160827636719 -1.7896913290023803711 -0.6327788233757019043 0.19284202158451080322 0.40276879072189331055 0.61269515752792358398 0.67001128196716308594 0.70036202669143676758 0.70458573102951049805 0.6602535247802734375 0.61592084169387817383 0.59443414211273193359 0.57698380947113037109 0.52972841262817382813 0.42708158493041992188 0.32443475723266601563 0.24534028768539428711 0.17040751874446868896 0.14952427148818969727 0.22909010946750640869 0.30865553021430969238 0.31694898009300231934 0.31264886260032653809 0.31902435421943664551 0.34524163603782653809 0.37145847082138061523
-9999 -9999 -9999 -9999 -0.46095481514930725098 -0.46095481514930725098 -0.51362019777297973633 -0.66416299343109130859 -0.81470543146133422852 -0.58299994468688964844 -0.28375291824340820313 -0.14398825168609619141 -0.30061581730842590332 -0.45724338293075561523 -0.28276291489601135254 -0.049776665866374969482 0.11693698912858963013 0.16048599779605865479 0.20403501391410827637 0.28149342536926269531 0.36494329571723937988 0.40616711974143981934 0.3689142763614654541 0.33166182041168212891 0.29318773746490478516 0.25449797511100769043 0.21943993866443634033 0.19113209843635559082 0.16282385587692260742 0.073834031820297241211 -0.025878259912133216858 -0.060395739972591400146 0.02624990418553352356 0.11289554834365844727 0.11322681605815887451 0.098306767642498016357 0.10768517851829528809 0.16222167015075683594 0.21675816178321838379
-9999 -9999 -9999 -9999 0.043317057192325592041 0.043317057192325592041 0.0036921761929988861084 -0.10957458615303039551 -0.22284133732318878174 -0.19659158587455749512 -0.14568974077701568604 -0.081988364458084106445 0.005500423721969127655 0.092989638447761535645 0.069733925163745880127 0.026909904554486274719 -0.00093246408505365252495 -0.00093246408505365252495 -0.00093246408505365252495 0.12843804061412811279 0.28066757321357727051 0.36268603801727294922 0.31421953439712524414 0.2657534182071685791 0.23641720414161682129 0.21046157181262969971 0.19048982858657836914 0.18164017796516418457 0.17279011011123657227 0.10341923683881759644 0.023354599252343177795 -0.01328256167471408844 0.030788879841566085815 0.07486031949520111084 0.064215078949928283691 0.043901942670345306396 0.056938625872135162354 0.13195452094078063965 0.20697082579135894775
-9999 -9999 -9999 -9999 -0.089431084692478179932 -0.089431084692478179932 -0.10304927825927734375 -0.14197702705860137939 -0.18090477585792541504 -0.17658439278602600098 -0.16462211310863494873 -0.12252264469861984253 -0.02441351674497127533 0.073695190250873565674 0.012924998998641967773 -0.075917974114418029785 -0.13368061184883117676 -0.13368061184883117676 -0.13368061184883117676 0.058865875005722045898 0.28543442487716674805 0.40959328413009643555 0.34342706203460693359 0.27726081013679504395 0.2663256525993347168 0.26514956355094909668 0.26128873229026794434 0.25243908166885375977 0.2435894310474395752 0.20430213212966918945 0.15963694453239440918 0.12496206909418106079 0.10885452479124069214 0.092746563255786895752 0.070056751370429992676 0.046203501522541046143 0.063130557537078857422 0.15584659576416015625 0.24856221675872802734
