INPUT/RASTER/ASCII/elevation.asc
ncols        113
nrows        135
xllcorner    473009.983799999987
yllcorner    4429001.174800000153
cellsize     100.000000000000
NODATA_value  -9999
[rows 108 to 125 of 135, columns 40 to 79 of 113]
-1.8196291923522949219 -1.8106650114059448242 -1.7701257467269897461 -1.6830593347549438477 -1.5967657566070556641 -1.3576110601425170898 -1.0613079071044921875 -0.91840988397598266602 -1.0134074687957763672 -1.2063785791397094727 -1.3400756120681762695 -1.2951885461807250977 -1.3869136571884155273 -1.6612926721572875977 -1.8762576580047607422 -1.8077524900436401367 -1.6650447845458984375 -1.4559700489044189453 -1.1720919609069824219 -0.9298718571662902832 -0.81028389930725097656 -0.70113122463226318359 -0.65315145254135131836 -0.61883431673049926758 -0.56341493129730224609 -0.55255329608917236328 -0.57655543088912963867 -0.56735157966613769531 -0.56408137083053588867 -0.56397026777267456055 -0.58017194271087646484 -0.59616065025329589844 -0.54691958427429199219 -0.49689096212387084961 -0.43401536345481872559 -0.40962341427803039551 -0.40049004554748535156 -0.36500120162963867188 -0.31823992729187011719 -0.29313057661056518555
-1.8449207544326782227 -1.8704258203506469727 -1.8509362936019897461 -1.7713016271591186523 -1.6817264556884765625 -1.5581171512603759766 -1.3505885601043701172 -1.1899421215057373047 -1.2405805587768554688 -1.4150373935699462891 -1.5124506950378417969 -1.461978912353515625 -1.5301008224487304688 -1.7034280300140380859 -1.8731420040130615234 -1.8619948625564575195 -1.7417671680450439453 -1.5540144443511962891 -1.2379193305969238281 -0.90968734025955200195 -0.78430783748626708984 -0.70221096277236938477 -0.66891115903854370117 -0.64778107404708862305 -0.61187392473220825195 -0.60103935003280639648 -0.61014628410339355469 -0.62470847368240356445 -0.62127584218978881836 -0.60919946432113647461 -0.627777099609375 -0.63057911396026611328 -0.58589410781860351563 -0.53832989931106567383 -0.47979885339736938477 -0.47119298577308654785 -0.4526132047176361084 -0.39941552281379699707 -0.3424746096134185791 -0.31823450326919555664
-1.8859579563140869141 -1.8997746706008911133 -1.8465294837951660156 -1.7242548465728759766 -1.7129284143447875977 -1.6521536111831665039 -1.4677420854568481445 -1.3842090368270874023 -1.4718334674835205078 -1.5772267580032348633 -1.6330906152725219727 -1.6141510009765625 -1.6623935699462890625 -1.7512058019638061523 -1.8498737812042236328 -1.8897098302841186523 -1.7776083946228027344 -1.6117656230926513672 -1.3378683328628540039 -0.97967600822448730469 -0.77780944108963012695 -0.70888119935989379883 -0.68083715438842773438 -0.67348450422286987305 -0.67692732810974121094 -0.69302809238433837891 -0.69218260049819946289 -0.69336527585983276367 -0.68665182590484619141 -0.68164747953414916992 -0.69146579504013061523 -0.66931509971618652344 -0.62695717811584472656 -0.57921016216278076172 -0.52361506223678588867 -0.5152003169059753418 -0.49267455935478210449 -0.4449125826358795166 -0.38423493504524230957 -0.34399428963661193848
-1.9451535940170288086 -1.9117542505264282227 -1.7340375185012817383 -1.566004633903503418 -1.5965543985366821289 -1.6026194095611572266 -1.4496484994888305664 -1.3889513015747070313 -1.4623073339462280273 -1.5549967288970947266 -1.630340576171875 -1.6266814470291137695 -1.5681102275848388672 -1.6881296634674072266 -1.8350350856781005859 -1.9116104841232299805 -1.8478946685791015625 -1.7046259641647338867 -1.5073097944259643555 -1.1961995363235473633 -0.90912258625030517578 -0.79413843154907226563 -0.72356879711151123047 -0.69963157176971435547 -0.71882367134094238281 -0.74278694391250610352 -0.74526381492614746094 -0.74371337890625 -0.74705034494400024414 -0.75366789102554321289 -0.75305640697479248047 -0.71651113033294677734 -0.66076391935348510742 -0.6050198674201965332 -0.55616772174835205078 -0.5474478602409362793 -0.52086359262466430664 -0.47944086790084838867 -0.4275538027286529541 -0.38508981466293334961
-2.0137929916381835938 -1.9781900644302368164 -1.8654371500015258789 -1.7331756353378295898 -1.7049797773361206055 -1.7218091487884521484 -1.588858485221862793 -1.3604317903518676758 -1.3109006881713867188 -1.4554402828216552734 -1.5722825527191162109 -1.5771280527114868164 -1.3984527587890625 -1.5146387815475463867 -1.7395979166030883789 -1.9101438522338867188 -1.9045585393905639648 -1.7945148944854736328 -1.6374982595443725586 -1.3805748224258422852 -1.1122238636016845703 -0.93439024686813354492 -0.77882492542266845703 -0.73895573616027832031 -0.74702602624893188477 -0.76131427288055419922 -0.76607000827789306641 -0.77119624614715576172 -0.78611785173416137695 -0.80270183086395263672 -0.7942752838134765625 -0.74770367145538330078 -0.69522440433502197266 -0.64720803499221801758 -0.61182111501693725586 -0.5942948460578918457 -0.55625241994857788086 -0.51210796833038330078 -0.47575196623802185059 -0.42570737004280090332
-2.0470099449157714844 -2.0442149639129638672 -2.039928436279296875 -1.9858660697937011719 -1.927926182746887207 -1.9152212142944335938 -1.7493085861206054688 -1.5111690759658813477 -1.4230618476867675781 -1.4696192741394042969 -1.5401718616485595703 -1.584692835807800293 -1.4083074331283569336 -1.5622417926788330078 -1.850043177604675293 -1.9835604429244995117 -1.9191267490386962891 -1.7995306253433227539 -1.5643345117568969727 -1.2399910688400268555 -1.122203826904296875 -0.96689760684967041016 -0.77723658084869384766 -0.74365323781967163086 -0.76028048992156982422 -0.77963817119598388672 -0.78465831279754638672 -0.78843456506729125977 -0.81196230649948120117 -0.84586948156356811523 -0.8296451568603515625 -0.78199112415313720703 -0.73372930288314819336 -0.69244468212127685547 -0.66318404674530029297 -0.6417109370231628418 -0.59556722640991210938 -0.54618740081787109375 -0.50591158866882324219 -0.45987436175346374512
-2.0720422267913818359 -2.0743706226348876953 -2.0833013057708740234 -2.0966556072235107422 -2.070438385009765625 -1.9949525594711303711 -1.8578833341598510742 -1.7382754087448120117 -1.7050325870513916016 -1.6743988990783691406 -1.6575238704681396484 -1.6985058784484863281 -1.584278106689453125 -1.6478419303894042969 -1.918951869010925293 -2.0113995075225830078 -1.9268211126327514648 -1.8366278409957885742 -1.5988042354583740234 -1.1626780033111572266 -0.96059679985046386719 -0.89599853754043579102 -0.77732145786285400391 -0.75201344490051269531 -0.78286218643188476563 -0.80512815713882446289 -0.80541253089904785156 -0.80228668451309204102 -0.82941734790802001953 -0.88117820024490356445 -0.87713217735290527344 -0.83238160610198974609 -0.77677750587463378906 -0.73493295907974243164 -0.70822638273239135742 -0.67648446559906005859 -0.62458765506744384766 -0.58030760288238525391 -0.54479378461837768555 -0.50837123394012451172
-2.0969774723052978516 -2.0994994640350341797 -2.1034574508666992188 -2.1170430183410644531 -2.1155927181243896484 -2.0458760261535644531 -1.9182469844818115234 -1.864410400390625 -1.8807522058486938477 -1.8740365505218505859 -1.8078914880752563477 -1.8125272989273071289 -1.7816970348358154297 -1.6412447690963745117 -1.8156989812850952148 -2.0167646408081054688 -1.9724138975143432617 -1.879429936408996582 -1.6565436124801635742 -1.2821018695831298828 -0.91847956180572509766 -0.83587127923965454102 -0.79164111614227294922 -0.78948873281478881836 -0.82059496641159057617 -0.83072030544281005859 -0.82178390026092529297 -0.81599128246307373047 -0.85599607229232788086 -0.9105027318000793457 -0.90839749574661254883 -0.86279207468032836914 -0.80517476797103881836 -0.76715767383575439453 -0.74714791774749755859 -0.70790046453475952148 -0.65686786174774169922 -0.61368519067764282227 -0.59412974119186401367 -0.56669074296951293945
-2.1068346500396728516 -2.1112957000732421875 -2.1117091178894042969 -2.1256377696990966797 -2.1463449001312255859 -2.0940434932708740234 -1.9628080129623413086 -1.9392606019973754883 -1.9810484647750854492 -2.0096421241760253906 -1.9167875051498413086 -1.9051582813262939453 -1.9006860256195068359 -1.6521474123001098633 -1.7430529594421386719 -2.0033013820648193359 -1.94036102294921875 -1.7854293584823608398 -1.5753962993621826172 -1.2646387815475463867 -0.93912667036056518555 -0.83560669422149658203 -0.79893261194229125977 -0.80975019931793212891 -0.8499138951301574707 -0.86166077852249145508 -0.85014224052429199219 -0.84171217679977416992 -0.87630200386047363281 -0.94232988357543945313 -0.9445883631706237793 -0.89514011144638061523 -0.83684241771697998047 -0.80055564641952514648 -0.78013449907302856445 -0.74304336309432983398 -0.70533388853073120117 -0.67969000339508056641 -0.65875649452209472656 -0.60641658306121826172
-2.1174356937408447266 -2.1233870983123779297 -2.1286211013793945313 -2.1304492950439453125 -2.1662633419036865234 -2.1473569869995117188 -2.0476145744323730469 -2.0295355319976806641 -2.0748636722564697266 -2.0995414257049560547 -2.0578057765960693359 -2.0457177162170410156 -2.0203173160552978516 -1.8674075603485107422 -1.8812006711959838867 -2.0195508003234863281 -1.8760222196578979492 -1.650587916374206543 -1.3748950958251953125 -1.0482465028762817383 -0.89919054508209228516 -0.85029160976409912109 -0.82103675603866577148 -0.84721153974533081055 -0.88222593069076538086 -0.89226138591766357422 -0.88572031259536743164 -0.87913560867309570313 -0.90749585628509521484 -0.99014323949813842773 -0.98955899477005004883 -0.93467146158218383789 -0.87488591670989990234 -0.84031087160110473633 -0.82427304983139038086 -0.78781533241271972656 -0.75660115480422973633 -0.73816472291946411133 -0.71024942398071289063 -0.69225829839706420898
-2.1418862342834472656 -2.1486651897430419922 -2.1676805019378662109 -2.1594128608703613281 -2.1681947708129882813 -2.1745624542236328125 -2.1133930683135986328 -2.1036548614501953125 -2.1449267864227294922 -2.1724963188171386719 -2.1648561954498291016 -2.1424996852874755859 -2.1013634204864501953 -1.9820055961608886719 -1.9505518674850463867 -2.0339064598083496094 -1.9521986246109008789 -1.7544729709625244141 -1.4996092319488525391 -1.2172491550445556641 -1.0170894861221313477 -0.90884703397750854492 -0.85851556062698364258 -0.88582414388656616211 -0.91357886791229248047 -0.91995346546173095703 -0.91254132986068725586 -0.91033589839935302734 -0.96360659599304199219 -1.0268771648406982422 -1.0201067924499511719 -0.97564804553985595703 -0.93732911348342895508 -0.90808719396591186523 -0.87599831819534301758 -0.84787398576736450195 -0.83376711606979370117 -0.80545949935913085938 -0.75000393390655517578 -0.83254885673522949219
-2.1736652851104736328 -2.1743745803833007813 -2.1818106174468994141 -2.1836779117584228516 -2.1810512542724609375 -2.1827063560485839844 -2.1590507030487060547 -2.1603639125823974609 -2.1940355300903320313 -2.2144365310668945313 -2.2127258777618408203 -2.1850736141204833984 -2.1631786823272705078 -2.0745654106140136719 -2.0330569744110107422 -2.0167310237884521484 -1.908995509147644043 -1.769989013671875 -1.5871560573577880859 -1.3914037942886352539 -1.1818683147430419922 -0.96836274862289428711 -0.89531505107879638672 -0.92781990766525268555 -0.95132678747177124023 -0.94989514350891113281 -0.94094687700271606445 -0.94997102022171020508 -1.0078442096710205078 -1.0645595788955688477 -1.0682880878448486328 -1.0374027490615844727 -1.0101435184478759766 -0.98039793968200683594 -0.9299818873405456543 -0.89441394805908203125 -0.88430923223495483398 -0.84544348716735839844 -0.78850424289703369141 -1.0019217729568481445
-2.1482915878295898438 -2.1765215396881103516 -2.1872344017028808594 -2.2056744098663330078 -2.2103443145751953125 -2.2078146934509277344 -2.1855618953704833984 -2.2012903690338134766 -2.2269437313079833984 -2.2397637367248535156 -2.2177028656005859375 -2.1859722137451171875 -2.1818079948425292969 -2.1542069911956787109 -2.1214609146118164063 -1.898148655891418457 -1.6797671318054199219 -1.545132756233215332 -1.338750004768371582 -1.1821789741516113281 -1.0640997886657714844 -0.94739162921905517578 -0.9281489253044128418 -0.96431505680084228516 -0.99372756481170654297 -0.98494756221771240234 -0.96471005678176879883 -0.97329509258270263672 -1.0365216732025146484 -1.1079632043838500977 -1.1251620054244995117 -1.1017807722091674805 -1.0636388063430786133 -1.0189275741577148438 -0.96463871002197265625 -0.93913894891738891602 -0.93160384893417358398 -0.88152891397476196289 -0.84190541505813598633 -1.1019299030303955078
-2.0999763011932373047 -2.1457390785217285156 -2.1797511577606201172 -2.2138040065765380859 -2.2378666400909423828 -2.2394003868103027344 -2.2084221839904785156 -2.2334532737731933594 -2.2464385032653808594 -2.2452671527862548828 -2.2298243045806884766 -2.2169208526611328125 -2.2007567882537841797 -2.1760554313659667969 -2.0500783920288085938 -1.6993230581283569336 -1.4025684595108032227 -1.2799822092056274414 -1.1552338600158691406 -1.0354522466659545898 -0.99355614185333251953 -0.95267528295516967773 -0.94025838375091552734 -0.98537462949752807617 -1.0254744291305541992 -1.0227997303009033203 -1.00994873046875 -1.0215561389923095703 -1.0793050527572631836 -1.1523810625076293945 -1.1758037805557250977 -1.1517269611358642578 -1.0960654020309448242 -1.0343860387802124023 -1.0024571418762207031 -0.9781958460807800293 -0.97732537984848022461 -0.9299342036247253418 -0.94007056951522827148 -1.2787398099899291992
-2.0432689189910888672 -2.0959177017211914063 -2.1534485816955566406 -2.2103939056396484375 -2.2426519393920898438 -2.2479941844940185547 -2.2398557662963867188 -2.2459506988525390625 -2.2476401329040527344 -2.2395079135894775391 -2.24481964111328125 -2.2424931526184082031 -2.2037999629974365234 -2.1448931694030761719 -2.0079228878021240234 -1.7432467937469482422 -1.3727506399154663086 -1.1793891191482543945 -1.1246993541717529297 -1.0453288555145263672 -1.011623382568359375 -0.99087542295455932617 -0.96421831846237182617 -1.0068254470825195313 -1.0459740161895751953 -1.0420389175415039063 -1.0356982946395874023 -1.0569399595260620117 -1.1116949319839477539 -1.190738677978515625 -1.2082730531692504883 -1.166138768196105957 -1.1146352291107177734 -1.0698527097702026367 -1.0406968593597412109 -1.0189995765686035156 -1.0239429473876953125 -0.9969012141227722168 -1.0961167812347412109 -1.473425745964050293
-1.9657822847366333008 -2.0447931289672851563 -2.1113812923431396484 -2.1852121353149414063 -2.2330255508422851563 -2.2469205856323242188 -2.2505471706390380859 -2.2570393085479736328 -2.2547156810760498047 -2.25026702880859375 -2.2451686859130859375 -2.2166583538055419922 -2.1739118099212646484 -2.1525754928588867188 -2.0550248622894287109 -1.9323019981384277344 -1.7682218551635742188 -1.6115868091583251953 -1.508494257926940918 -1.3662472963333129883 -1.2147660255432128906 -1.1380978822708129883 -1.0213760137557983398 -1.0377917289733886719 -1.0673716068267822266 -1.0612093210220336914 -1.0586833953857421875 -1.0813698768615722656 -1.1392074823379516602 -1.2155928611755371094 -1.2160642147064208984 -1.1709525585174560547 -1.1413503885269165039 -1.1123397350311279297 -1.0800994634628295898 -1.0604259967803955078 -1.070303797721862793 -1.0431096553802490234 -1.106650233268737793 -1.5137119293212890625
-1.9042747020721435547 -2.01696014404296875 -2.0944437980651855469 -2.1647932529449462891 -2.198543548583984375 -2.2293353080749511719 -2.2503926753997802734 -2.2712376117706298828 -2.2922992706298828125 -2.2877538204193115234 -2.2489445209503173828 -2.2096967697143554688 -2.2124936580657958984 -2.2296805381774902344 -2.1767988204956054688 -2.1140971183776855469 -2.0593791007995605469 -1.9848065376281738281 -1.9113234281539916992 -1.7716431617736816406 -1.5732227563858032227 -1.3672413825988769531 -1.0760506391525268555 -1.0777373313903808594 -1.0985531806945800781 -1.0800218582153320313 -1.0766071081161499023 -1.1011294126510620117 -1.1524705886840820313 -1.2388106584548950195 -1.2526941299438476563 -1.1975772380828857422 -1.1743423938751220703 -1.1576006412506103516 -1.1272985935211181641 -1.1032248735427856445 -1.1062433719635009766 -1.0678731203079223633 -1.0493521690368652344 -1.45618438720703125
-1.7994886636734008789 -1.9475493431091308594 -2.0517899990081787109 -2.1018664836883544922 -2.1332299709320068359 -2.1811158657073974609 -2.2268497943878173828 -2.2561163902282714844 -2.2908732891082763672 -2.3026187419891357422 -2.2620024681091308594 -2.2545974254608154297 -2.29125213623046875 -2.2698614597320556641 -2.229095458984375 -2.2017970085144042969 -2.2147452831268310547 -2.1768200397491455078 -2.1413350105285644531 -2.0228209495544433594 -1.7991058826446533203 -1.5353876352310180664 -1.1787549257278442383 -1.1970009803771972656 -1.1605408191680908203 -1.1094418764114379883 -1.0985046625137329102 -1.1167260408401489258 -1.1513856649398803711 -1.2357355356216430664 -1.2839272022247314453 -1.2318814992904663086 -1.2058483362197875977 -1.1934245824813842773 -1.176998138427734375 -1.1577097177505493164 -1.1441057920455932617 -1.0880105495452880859 -1.0222842693328857422 -1.3734353780746459961
