INPUT/RASTER/ASCII/elevation.asc
ncols        113
nrows        135
xllcorner    473009.983799999987
yllcorner    4429001.174800000153
cellsize     100.000000000000
NODATA_value  -9999
[rows 54 to 71 of 135, columns 0 to 39 of 113]
-9999 -9999 -9999 -0.45810529589653015137 -0.11287123709917068481 0.060405891388654708862 0.16685849428176879883 0.222860679030418396 0.2520630955696105957 0.25639328360557556152 0.25240400433540344238 0.33110564947128295898 0.4838854372501373291 0.63240182399749755859 0.73596799373626708984 0.80719113349914550781 0.85002994537353515625 0.86626112461090087891 0.88515645265579223633 0.90963155031204223633 0.91851031780242919922 0.87295711040496826172 0.81009274721145629883 0.77389085292816162109 0.75031554698944091797 0.75321882963180541992 0.76563608646392822266 0.80214250087738037109 0.85432267189025878906 0.928699493408203125 1.0076390504837036133 0.99530875682830810547 0.9186413884162902832 0.82341939210891723633 0.78580397367477416992 0.83569943904876708984 0.86271136999130249023 0.83965229988098144531 0.77013146877288818359 0.71091544628143310547
-9999 -9999 -9999 -0.49575716257095336914 -0.30249395966529846191 -0.028302706778049468994 0.095270939171314239502 0.14770798385143280029 0.14372619986534118652 0.11449633538722991943 0.14849402010440826416 0.2947972714900970459 0.44520291686058044434 0.57902193069458007813 0.67963612079620361328 0.75056219100952148438 0.79329413175582885742 0.80272156000137329102 0.82013922929763793945 0.83462405204772949219 0.83210015296936035156 0.80608206987380981445 0.76664364337921142578 0.72794330120086669922 0.69580990076065063477 0.69418376684188842773 0.69894367456436157227 0.71197581291198730469 0.77214282751083374023 0.88996040821075439453 0.97926598787307739258 0.97664058208465576172 0.90189099311828613281 0.78986537456512451172 0.70858246088027954102 0.74707734584808349609 0.77609276771545410156 0.74008518457412719727 0.69535022974014282227 0.69354397058486938477
-9999 -9999 -0.54581588506698608398 -0.48725280165672302246 -0.29596251249313354492 -0.067541405558586120605 0.024380190297961235046 0.055415302515029907227 -0.0032867491245269775391 -0.04996671527624130249 0.11747886985540390015 0.27749609947204589844 0.38791674375534057617 0.48721179366111755371 0.59244012832641601563 0.67833942174911499023 0.7145487666130065918 0.72675806283950805664 0.75201570987701416016 0.76486569643020629883 0.74986165761947631836 0.72913265228271484375 0.70754784345626831055 0.68531870841979980469 0.65632992982864379883 0.65638649463653564453 0.66589426994323730469 0.67697119712829589844 0.72583663463592529297 0.85330927371978759766 0.93370568752288818359 0.92359888553619384766 0.86950552463531494141 0.77648133039474487305 0.68308019638061523438 0.68092364072799682617 0.69665479660034179688 0.66279709339141845703 0.64619314670562744141 0.6832249760627746582
-9999 -9999 -0.58871024847030639648 -0.46889123320579528809 -0.26254329085350036621 -0.1098186001181602478 -0.069736659526824951172 -0.13701233267784118652 -0.21173802018165588379 -0.076112121343612670898 0.12539792060852050781 0.24002832174301147461 0.28472539782524108887 0.31635954976081848145 0.42287933826446533203 0.55562376976013183594 0.60916221141815185547 0.63562041521072387695 0.68284308910369873047 0.69497460126876831055 0.67249542474746704102 0.65418583154678344727 0.64726978540420532227 0.63358533382415771484 0.61449491977691650391 0.62779164314270019531 0.64538568258285522461 0.66305875778198242188 0.69822978973388671875 0.80318540334701538086 0.86384665966033935547 0.86570990085601806641 0.8387266993522644043 0.79042035341262817383 0.70217561721801757813 0.65679711103439331055 0.63583260774612426758 0.59906536340713500977 0.60844373703002929688 0.68391931056976318359
-9999 -9999 -0.58590471744537353516 -0.46468105912208557129 -0.32912901043891906738 -0.1943925321102142334 -0.22467094659805297852 -0.37349227070808410645 -0.20121520757675170898 -0.0011210347292944788933 0.11618385463953018188 0.16268119215965270996 0.093485660851001739502 0.018808238208293914795 0.10642004013061523438 0.30235460400581359863 0.4607104957103729248 0.54428476095199584961 0.60712504386901855469 0.61242908239364624023 0.59282779693603515625 0.57866996526718139648 0.57921910285949707031 0.57319825887680053711 0.56863886117935180664 0.60312974452972412109 0.63044703006744384766 0.65697932243347167969 0.69598877429962158203 0.78162395954132080078 0.80870705842971801758 0.81493669748306274414 0.81745725870132446289 0.78622162342071533203 0.70328176021575927734 0.60797744989395141602 0.55931043624877929688 0.54243522882461547852 0.57114905118942260742 0.6472485661506652832
-9999 -9999 -9999 -0.56163674592971801758 -0.5630486607551574707 -0.47451269626617431641 -0.5074322819709777832 -0.42030847072601318359 -0.13243338465690612793 0.0074679823592305183411 0.085640043020248413086 0.097999714314937591553 -0.052766419947147369385 -0.13115520775318145752 -0.076841168105602264404 0.063975617289543151855 0.30640625953674316406 0.46620965003967285156 0.52286267280578613281 0.52697777748107910156 0.52164298295974731445 0.51199293136596679688 0.51918894052505493164 0.52336937189102172852 0.54359877109527587891 0.59726488590240478516 0.63934993743896484375 0.66888409852981567383 0.6958020329475402832 0.7277094721794128418 0.73202091455459594727 0.75124031305313110352 0.77219688892364501953 0.75023317337036132813 0.679180145263671875 0.58001118898391723633 0.51050406694412231445 0.49420961737632751465 0.53233301639556884766 0.57627630233764648438
-9999 -9999 -9999 -9999 -0.67747771739959716797 -0.69536292552947998047 -0.71184563636779785156 -0.4595432281494140625 -0.13529881834983825684 -0.014270074665546417236 0.036377318203449249268 0.024111036211252212524 -0.10496737807989120483 -0.18469133973121643066 -0.14318375289440155029 -0.014437099918723106384 0.23474839329719543457 0.40088981389999389648 0.43330690264701843262 0.44546687602996826172 0.46773263812065124512 0.45634809136390686035 0.46536120772361755371 0.4851513206958770752 0.54291570186614990234 0.60451418161392211914 0.65421748161315917969 0.67876833677291870117 0.67419105768203735352 0.66263735294342041016 0.66499364376068115234 0.68964058160781860352 0.71812683343887329102 0.72035497426986694336 0.65423828363418579102 0.55178117752075195313 0.48847874999046325684 0.4776312410831451416 0.50825011730194091797 0.5379727482795715332
-9999 -9999 -9999 -9999 -9999 -0.79064774513244628906 -0.79291558265686035156 -0.56138086318969726563 -0.15584252774715423584 -0.039322849363088607788 -0.017256563529372215271 -0.068272538483142852783 -0.17120699584484100342 -0.26295492053031921387 -0.1749362647533416748 0.020735790953040122986 0.24404129385948181152 0.35414037108421325684 0.36471498012542724609 0.37717637419700622559 0.40244087576866149902 0.39606875181198120117 0.42212429642677307129 0.47604024410247802734 0.53756219148635864258 0.58884376287460327148 0.63400304317474365234 0.64585286378860473633 0.60611289739608764648 0.57599300146102905273 0.59564375877380371094 0.63348382711410522461 0.68076682090759277344 0.69702798128128051758 0.64653551578521728516 0.54624330997467041016 0.4646415412425994873 0.44296130537986755371 0.4818954765796661377 0.51006269454956054688
-9999 -9999 -9999 -9999 -9999 -0.79559481143951416016 -0.79992187023162841797 -0.59698516130447387695 -0.1961164623498916626 -0.10666529089212417603 -0.16612696647644042969 -0.31183677911758422852 -0.37555918097496032715 -0.36270612478256225586 -0.14132483303546905518 0.14002646505832672119 0.27118843793869018555 0.31588384509086608887 0.31743347644805908203 0.32251515984535217285 0.34007924795150756836 0.36365354061126708984 0.41957294940948486328 0.47744631767272949219 0.5208829045295715332 0.55492240190505981445 0.58331215381622314453 0.58360505104064941406 0.53995710611343383789 0.48727440834045410156 0.51332455873489379883 0.56740874052047729492 0.63625442981719970703 0.65208131074905395508 0.59811687469482421875 0.5126984715461730957 0.43390262126922607422 0.41601550579071044922 0.44904699921607971191 0.48983198404312133789
-9999 -9999 -9999 -9999 -9999 -9999 -0.78847032785415649414 -0.58952623605728149414 -0.29796868562698364258 -0.25718203186988830566 -0.3963164985179901123 -0.47293040156364440918 -0.42873543500900268555 -0.35860535502433776855 -0.086473941802978515625 0.15781332552433013916 0.2401418834924697876 0.2753276824951171875 0.26890999078750610352 0.27162149548530578613 0.31361913681030273438 0.37608477473258972168 0.43037241697311401367 0.47167032957077026367 0.49738827347755432129 0.51701658964157104492 0.53118276596069335938 0.53149765729904174805 0.49268120527267456055 0.4278106391429901123 0.45148146152496337891 0.5190741419792175293 0.57579123973846435547 0.59136098623275756836 0.54928594827651977539 0.46820354461669921875 0.41060870885848999023 0.40498122572898864746 0.43281432986259460449 0.4836495518684387207
-9999 -9999 -9999 -9999 -9999 -0.82282119989395141602 -0.81335443258285522461 -0.67470586299896240234 -0.54754751920700073242 -0.50491380691528320313 -0.50899773836135864258 -0.44847854971885681152 -0.36519277095794677734 -0.31204500794410705566 -0.098520152270793914795 0.094287298619747161865 0.18751327693462371826 0.22946515679359436035 0.21701104938983917236 0.24999451637268066406 0.31878653168678283691 0.37349951267242431641 0.41807678341865539551 0.44584774971008300781 0.46332153677940368652 0.48076811432838439941 0.48970532417297363281 0.49238294363021850586 0.45992967486381530762 0.41348722577095031738 0.44097861647605895996 0.48774385452270507813 0.51360452175140380859 0.53832763433456420898 0.49939385056495666504 0.42712196707725524902 0.38550642132759094238 0.38005241751670837402 0.40985968708992004395 0.46053099632263183594
-9999 -9999 -9999 -9999 -0.82888281345367431641 -0.80258721113204956055 -0.68249762058258056641 -0.44987738132476806641 -0.37210988998413085938 -0.37061518430709838867 -0.32036423683166503906 -0.26931041479110717773 -0.17913144826889038086 -0.15690582990646362305 -0.069006986916065216064 0.017425859346985816956 0.11525595933198928833 0.17643530666828155518 0.18747062981128692627 0.23719242215156555176 0.30420726537704467773 0.34491860866546630859 0.3861064910888671875 0.41088265180587768555 0.42457020282745361328 0.44877389073371887207 0.46158349514007568359 0.47019079327583312988 0.43853813409805297852 0.4038372039794921875 0.41200605034828186035 0.41773214936256408691 0.44280925393104553223 0.47336366772651672363 0.44420680403709411621 0.40168249607086181641 0.36317244172096252441 0.35443219542503356934 0.39218786358833312988 0.43554955720901489258
-9999 -9999 -9999 -9999 -0.86841231584548950195 -0.74680656194686889648 -0.47805413603782653809 -0.30585381388664245605 -0.23588286340236663818 -0.21703186631202697754 -0.20250418782234191895 -0.16907560825347900391 -0.10744155943393707275 -0.034124467521905899048 0.043061662465333938599 0.079027667641639709473 0.11068303883075714111 0.13959008455276489258 0.15775300562381744385 0.21526612341403961182 0.27821183204650878906 0.31481140851974487305 0.3447183072566986084 0.36985948681831359863 0.39466932415962219238 0.4164448082447052002 0.4311351478099822998 0.43972790241241455078 0.40959948301315307617 0.35657316446304321289 0.33898267149925231934 0.33438208699226379395 0.3816045224666595459 0.39160481095314025879 0.37048119306564331055 0.3440907597541809082 0.32583570480346679688 0.33069214224815368652 0.3770141303539276123 0.41795969009399414063
-9999 -9999 -9999 -9999 -0.83494192361831665039 -0.77871775627136230469 -0.45131590962409973145 -0.30905392765998840332 -0.23647691309452056885 -0.21147052943706512451 -0.21384486556053161621 -0.17578074336051940918 -0.096974283456802368164 -0.018263500183820724487 0.06581767648458480835 0.12696936726570129395 0.13537430763244628906 0.13954724371433258057 0.16372723877429962158 0.209056854248046875 0.24689154326915740967 0.26935073733329772949 0.29731157422065734863 0.33915197849273681641 0.37140202522277832031 0.37955841422080993652 0.39054131507873535156 0.40589684247970581055 0.37853544950485229492 0.28738969564437866211 0.25507432222366333008 0.28430896997451782227 0.32028102874755859375 0.30497688055038452148 0.29165664315223693848 0.27084273099899291992 0.2763023674488067627 0.30146911740303039551 0.35259428620338439941 0.39223486185073852539
-9999 -9999 -9999 -9999 -0.86028528213500976563 -0.79049277305603027344 -0.43741285800933837891 -0.30536544322967529297 -0.23939976096153259277 -0.24418421089649200439 -0.25323915481567382813 -0.19491316378116607666 -0.10564941167831420898 -0.025093238800764083862 0.048300188034772872925 0.11127459257841110229 0.13604407012462615967 0.14295701682567596436 0.16748395562171936035 0.19421738386154174805 0.20697517693042755127 0.2177985459566116333 0.27092134952545166016 0.32161119580268859863 0.34146785736083984375 0.33893564343452453613 0.34934821724891662598 0.36684116721153259277 0.35221055150032043457 0.23958630859851837158 0.16759523749351501465 0.24685785174369812012 0.26947617530822753906 0.22370266914367675781 0.20685057342052459717 0.20422205328941345215 0.25058731436729431152 0.2977714836597442627 0.3263835906982421875 0.35969507694244384766
-9999 -9999 -9999 -9999 -0.90703445672988891602 -0.67887026071548461914 -0.40303018689155578613 -0.3072852790355682373 -0.25434800982475280762 -0.27964538335800170898 -0.27051660418510437012 -0.20723123848438262939 -0.12295100092887878418 -0.05076669156551361084 0.011066828854382038116 0.070368967950344085693 0.1170144006609916687 0.13147427141666412354 0.1436910480260848999 0.15229856967926025391 0.16443923115730285645 0.1926650702953338623 0.25618401169776916504 0.29470428824424743652 0.30296778678894042969 0.30090254545211791992 0.31602427363395690918 0.33617317676544189453 0.32682767510414123535 0.21927535533905029297 0.13387086987495422363 0.18343144655227661133 0.22576376795768737793 0.20577104389667510986 0.1769940108060836792 0.18281638622283935547 0.26408123970031738281 0.29529520869255065918 0.30145019292831420898 0.32700133323669433594
-9999 -9999 -9999 -9999 -0.88009887933731079102 -0.61783945560455322266 -0.41223278641700744629 -0.34065645933151245117 -0.32754445075988769531 -0.35370045900344848633 -0.29847246408462524414 -0.21910773217678070068 -0.14361430704593658447 -0.081457763910293579102 -0.027557851746678352356 0.018759567290544509888 0.055296950042247772217 0.07413317263126373291 0.091344907879829406738 0.095404475927352905273 0.10931938141584396362 0.15411609411239624023 0.21925143897533416748 0.25559079647064208984 0.26224809885025024414 0.26646241545677185059 0.2793248295783996582 0.29924288392066955566 0.30024316906929016113 0.22023902833461761475 0.12095665931701660156 0.12131525576114654541 0.16817472875118255615 0.16815246641635894775 0.15081760287284851074 0.18658995628356933594 0.26001021265983581543 0.28356432914733886719 0.2766087651252746582 0.2815138399600982666
-9999 -9999 -9999 -1.0488971471786499023 -0.85640084743499755859 -0.58433765172958374023 -0.46319550275802612305 -0.41847825050354003906 -0.41643026471138000488 -0.40239432454109191895 -0.31863138079643249512 -0.23180831968784332275 -0.1699870675802230835 -0.11255943775177001953 -0.079209685325622558594 -0.054621588438749313354 -0.023017382249236106873 0.0022151058074086904526 0.01973821595311164856 0.023522807285189628601 0.042988028377294540405 0.093164086341857910156 0.1508207172155380249 0.19227942824363708496 0.21736735105514526367 0.23202045261859893799 0.23859205842018127441 0.25601741671562194824 0.26786145567893981934 0.21039763092994689941 0.067538268864154815674 0.052313789725303649902 0.1109097599983215332 0.12681524455547332764 0.12723019719123840332 0.14809735119342803955 0.21157513558864593506 0.24941314756870269775 0.24964132905006408691 0.22387905418872833252
