INPUT/RASTER/ASCII/elevation.asc
ncols        113
nrows        135
xllcorner    473009.983799999987
yllcorner    4429001.174800000153
cellsize     100.000000000000
NODATA_value  -9999
[rows 54 to 71 of 135, columns 40 to 79 of 113]
0.77547502517700195313 0.87950420379638671875 0.98477971553802490234 1.0879169702529907227 1.0952024459838867188 1.1144113540649414063 1.1847530603408813477 1.1496448516845703125 1.0063848495483398438 0.89781498908996582031 0.84398245811462402344 0.81897777318954467773 0.83502340316772460938 0.87243837118148803711 0.84191989898681640625 0.79311192035675048828 0.74202501773834228516 0.65497249364852905273 0.57502955198287963867 0.52270668745040893555 0.583827972412109375 0.66319108009338378906 0.65437304973602294922 0.62899184226989746094 0.63217884302139282227 -9999 -9999 -9999 -9999 -9999 -9999 -9999 -9999 -9999 -9999 0.85992121696472167969 0.80735129117965698242 0.71876662969589233398 0.68008542060852050781 0.6380965113639831543
0.76665699481964111328 0.85537183284759521484 0.94375175237655639648 1.0113511085510253906 1.0433833599090576172 1.0710284709930419922 1.0991003513336181641 1.0930857658386230469 1.0197139978408813477 0.9273312687873840332 0.88182920217514038086 0.84496712684631347656 0.86880707740783691406 0.88244658708572387695 0.84764581918716430664 0.81253343820571899414 0.78136938810348510742 0.73112529516220092773 0.60329860448837280273 0.46733784675598144531 0.54224425554275512695 0.62004238367080688477 0.61105209589004516602 0.60544937849044799805 0.60327035188674926758 -9999 -9999 -9999 -9999 -9999 -9999 -9999 -9999 -9999 0.83700358867645263672 0.83692789077758789063 0.78486877679824829102 0.68676394224166870117 0.63340979814529418945 0.61145645380020141602
0.7516613006591796875 0.82477599382400512695 0.89754623174667358398 0.95662003755569458008 1.0027248859405517578 1.0264021158218383789 1.0502960681915283203 1.0711499452590942383 1.0273817777633666992 0.96415466070175170898 0.92393004894256591797 0.88904815912246704102 0.88752764463424682617 0.89024120569229125977 0.87507289648056030273 0.84371954202651977539 0.79474598169326782227 0.73841655254364013672 0.60336643457412719727 0.44634652137756347656 0.52924042940139770508 0.57319533824920654297 0.55607306957244873047 0.54193603992462158203 0.54460388422012329102 -9999 -9999 -9999 -9999 -9999 -9999 -9999 -9999 -9999 0.82206946611404418945 0.82526147365570068359 0.78495448827743530273 0.66760277748107910156 0.57816743850708007813 0.57784378528594970703
0.7356064915657043457 0.78811275959014892578 0.83803486824035644531 0.91742163896560668945 0.98962074518203735352 1.0207444429397583008 1.0303874015808105469 1.0366262197494506836 1.0136502981185913086 0.97830212116241455078 0.94782400131225585938 0.90305167436599731445 0.88633286952972412109 0.90866267681121826172 0.91234266757965087891 0.86853832006454467773 0.79778528213500976563 0.73366999626159667969 0.59802287817001342773 0.4421380162239074707 0.47012132406234741211 0.5201403498649597168 0.48447698354721069336 0.44630387425422668457 0.44318428635597229004 -9999 -9999 -9999 -9999 -9999 -9999 -9999 -9999 -9999 0.81011062860488891602 0.80974745750427246094 0.78145337104797363281 0.66009473800659179688 0.54559147357940673828 0.52042365074157714844
0.70010143518447875977 0.72833639383316040039 0.80139493942260742188 0.89294236898422241211 0.95393097400665283203 0.97584187984466552734 0.98628520965576171875 0.96639358997344970703 0.94178700447082519531 0.93132364749908447266 0.90820842981338500977 0.86295306682586669922 0.84945541620254516602 0.90768301486968994141 0.94548398256301879883 0.90081107616424560547 0.83024561405181884766 0.74552023410797119141 0.62068259716033935547 0.47536256909370422363 0.41736772656440734863 0.42998781800270080566 0.41880437731742858887 0.41102865338325500488 0.41328299045562744141 -9999 -9999 -9999 -9999 -9999 -9999 -9999 0.68149024248123168945 0.6834151148796081543 0.74805289506912231445 0.77906095981597900391 0.74977970123291015625 0.6279684901237487793 0.5150883793830871582 0.47844868898391723633
0.6274426579475402832 0.65593886375427246094 0.75139880180358886719 0.82759565114974975586 0.86639964580535888672 0.89124548435211181641 0.89166104793548583984 0.86728698015213012695 0.85848599672317504883 0.85921359062194824219 0.83521813154220581055 0.80666154623031616211 0.81655496358871459961 0.88485938310623168945 0.96018975973129272461 0.9314854741096496582 0.83824622631072998047 0.74517995119094848633 0.64418512582778930664 0.52744621038436889648 0.42253467440605163574 0.40276578068733215332 0.40710887312889099121 0.41042545437812805176 0.41008412837982177734 -9999 -9999 -9999 -9999 -9999 -9999 0.53933101892471313477 0.63883239030838012695 0.68086874485015869141 0.7026469111442565918 0.75103396177291870117 0.71940481662750244141 0.59430462121963500977 0.49017810821533203125 0.46436321735382080078
0.56630551815032958984 0.613067626953125 0.69102627038955688477 0.75138592720031738281 0.78942650556564331055 0.81615930795669555664 0.80428159236907958984 0.78492701053619384766 0.7918243408203125 0.80055296421051025391 0.78069293498992919922 0.74943196773529052734 0.76237922906875610352 0.82087886333465576172 0.89715522527694702148 0.90009969472885131836 0.79899835586547851563 0.71453881263732910156 0.65786164999008178711 0.56064206361770629883 0.45104673504829406738 0.40923485159873962402 0.41203913092613220215 0.42461365461349487305 -9999 -9999 -9999 -9999 -9999 -9999 -9999 0.47698247432708740234 0.56275075674057006836 0.66045707464218139648 0.71294134855270385742 0.73997950553894042969 0.69800430536270141602 0.5688731074333190918 0.48865532875061035156 0.46366620063781738281
0.54532772302627563477 0.59631228446960449219 0.65598922967910766602 0.69673466682434082031 0.73056662082672119141 0.74234992265701293945 0.70509636402130126953 0.70595830678939819336 0.72789418697357177734 0.72922664880752563477 0.70938575267791748047 0.68107175827026367188 0.68873995542526245117 0.72745239734649658203 0.79218506813049316406 0.82295763492584228516 0.7328205108642578125 0.65871697664260864258 0.61165696382522583008 0.54546123743057250977 0.45574861764907836914 0.4016926884651184082 0.41934061050415039063 0.49208882451057434082 0.59438699483871459961 0.60881650447845458984 -9999 -9999 -9999 -9999 -9999 0.44265887141227722168 0.51115840673446655273 0.59892141819000244141 0.71246588230133056641 0.7449016571044921875 0.6699536442756652832 0.54704618453979492188 0.5008494257926940918 0.47682794928550720215
0.53979820013046264648 0.59722083806991577148 0.63286691904067993164 0.65330725908279418945 0.66953057050704956055 0.66721755266189575195 0.63914149999618530273 0.64891922473907470703 0.65840369462966918945 0.66183447837829589844 0.63956207036972045898 0.60164499282836914063 0.60538071393966674805 0.63503760099411010742 0.68780559301376342773 0.72365051507949829102 0.65573751926422119141 0.59022444486618041992 0.54396820068359375 0.47729676961898803711 0.37435066699981689453 0.34957826137542724609 0.44731894135475158691 0.55666381120681762695 0.61659908294677734375 0.63975137472152709961 0.68260306119918823242 -9999 -9999 -9999 -9999 -9999 0.45886573195457458496 0.50747931003570556641 0.64257478713989257813 0.7146174311637878418 0.63558048009872436523 0.54348897933959960938 0.52328824996948242188 0.49742156267166137695
0.53286463022232055664 0.58682990074157714844 0.60805314779281616211 0.61839956045150756836 0.62466704845428466797 0.61708581447601318359 0.60485655069351196289 0.6072406768798828125 0.5853214263916015625 0.56962066888809204102 0.55877000093460083008 0.52526468038558959961 0.52330988645553588867 0.53620475530624389648 0.58604818582534790039 0.59582680463790893555 0.55714428424835205078 0.51331329345703125 0.47693401575088500977 0.40804633498191833496 0.30998513102531433105 0.40553969144821166992 0.54893487691879272461 0.62570375204086303711 0.66332793235778808594 0.67849624156951904297 0.67406958341598510742 0.59207862615585327148 -9999 -9999 -9999 -9999 0.40252783894538879395 0.4321079552173614502 0.56053513288497924805 0.66957962512969970703 0.61869823932647705078 0.54782414436340332031 0.5389582514762878418 0.50395447015762329102
0.50276887416839599609 0.54456681013107299805 0.56573098897933959961 0.58159071207046508789 0.58572828769683837891 0.57995831966400146484 0.56882524490356445313 0.55566412210464477539 0.52713543176651000977 0.49953404068946838379 0.49254557490348815918 0.47087326645851135254 0.46459764242172241211 0.4600130617618560791 0.47212252020835876465 0.45308059453964233398 0.43971937894821166992 0.42715379595756530762 0.4084523320198059082 0.33841794729232788086 0.32762077450752258301 0.50928723812103271484 0.64022850990295410156 0.67413032054901123047 0.68443971872329711914 0.66158652305603027344 0.58227586746215820313 0.45645791292190551758 0.40508168935775756836 -9999 -9999 -9999 0.39877963066101074219 0.41849279403686523438 0.51291435956954956055 0.60682636499404907227 0.58211362361907958984 0.49724268913269042969 0.48307755589485168457 0.47850379347801208496
0.4691206514835357666 0.4995822906494140625 0.52273702621459960938 0.54195266962051391602 0.55207276344299316406 0.55240559577941894531 0.54072588682174682617 0.51908993721008300781 0.49495258927345275879 0.46408200263977050781 0.4455604851245880127 0.41630941629409790039 0.4108874201774597168 0.40214574337005615234 0.38944950699806213379 0.37919834256172180176 0.36690917611122131348 0.34923818707466125488 0.31652909517288208008 0.28716173768043518066 0.39929381012916564941 0.60201150178909301758 0.67838186025619506836 0.6810767054557800293 0.6702544093132019043 0.58342200517654418945 0.47994443774223327637 0.41246512532234191895 0.39597910642623901367 -9999 -9999 -9999 0.40236642956733703613 0.42581841349601745605 0.49270075559616088867 0.55365985631942749023 0.51121830940246582031 0.43130466341972351074 0.42275911569595336914 0.43441784381866455078
0.45492139458656311035 0.47981712222099304199 0.49552875757217407227 0.51361447572708129883 0.52925372123718261719 0.53096395730972290039 0.51864981651306152344 0.4945628046989440918 0.46823516488075256348 0.43282556533813476563 0.39787524938583374023 0.36946013569831848145 0.36378625035285949707 0.35364678502082824707 0.34039646387100219727 0.33161899447441101074 0.31778562068939208984 0.2866242527961730957 0.22592538595199584961 0.28974512219429016113 0.45504412055015563965 0.62988084554672241211 0.65883177518844604492 0.64253067970275878906 0.60834348201751708984 0.52577346563339233398 0.43346726894378662109 0.39253792166709899902 0.38672053813934326172 -9999 -9999 -9999 0.40684282779693603516 0.43291023373603820801 0.47234237194061279297 0.50907629728317260742 0.4420013725757598877 0.40034505724906921387 0.36553597450256347656 0.36602810025215148926
0.4333896636962890625 0.46618470549583435059 0.47920790314674377441 0.48768958449363708496 0.50168436765670776367 0.50534063577651977539 0.49758547544479370117 0.4749565422534942627 0.43988475203514099121 0.4056466221809387207 0.36072468757629394531 0.32559692859649658203 0.31439101696014404297 0.30556529760360717773 0.29524841904640197754 0.29077470302581787109 0.26978212594985961914 0.19829443097114562988 0.18524397909641265869 0.31982570886611938477 0.47224503755569458008 0.60880607366561889648 0.61844867467880249023 0.56306320428848266602 0.51282823085784912109 0.47511732578277587891 0.41620290279388427734 0.39205786585807800293 0.38469499349594116211 -9999 -9999 -9999 -9999 -9999 -9999 -9999 0.42355680465698242188 0.3847599029541015625 0.29935416579246520996 0.28077232837677001953
0.40112900733947753906 0.44133785367012023926 0.47120043635368347168 0.47924053668975830078 0.4842560887336730957 0.48621568083763122559 0.47668609023094177246 0.44476965069770812988 0.40484976768493652344 0.3695125281810760498 0.33839401602745056152 0.2985134124755859375 0.27559828758239746094 0.26250872015953063965 0.25372815132141113281 0.24732190370559692383 0.19918030500411987305 0.148934975266456604 0.21754893660545349121 0.35695859789848327637 0.4885565340518951416 0.59357368946075439453 0.58654534816741943359 0.52529507875442504883 0.46163630485534667969 0.43333393335342407227 0.40922486782073974609 0.39323848485946655273 -9999 -9999 -9999 -9999 -9999 -9999 -9999 -9999 0.41233864426612854004 0.39963307976722717285 0.31509470939636230469 0.24482858180999755859
0.37154680490493774414 0.41900551319122314453 0.44956117868423461914 0.46500989794731140137 0.47103300690650939941 0.46430373191833496094 0.44469207525253295898 0.40675422549247741699 0.35762566328048706055 0.3304011225700378418 0.32758146524429321289 0.29922667145729064941 0.26344847679138183594 0.23315697908401489258 0.20038089156150817871 0.17530815303325653076 0.12556327879428863525 0.16117484867572784424 0.2748877406120300293 0.4080238640308380127 0.52603054046630859375 0.57345372438430786133 0.53424412012100219727 0.48114335536956787109 0.4252713620662689209 0.40827763080596923828 0.40318760275840759277 -9999 -9999 -9999 -9999 -9999 -9999 -9999 -9999 -9999 0.4125824272632598877 0.40151485800743103027 0.33485800027847290039 0.23855794966220855713
0.32258132100105285645 0.37834638357162475586 0.40310233831405639648 0.41145464777946472168 0.41302567720413208008 0.4066874384880065918 0.39610120654106140137 0.36402815580368041992 0.31392052769660949707 0.28466632962226867676 0.28878435492515563965 0.28231132030487060547 0.25063309073448181152 0.21943947672843933105 0.15858210623264312744 0.078224360942840576172 0.098312132060527801514 0.20358391106128692627 0.30624818801879882813 0.43765288591384887695 0.53927028179168701172 0.54034066200256347656 0.47406277060508728027 0.42768773436546325684 0.4087314903736114502 0.40652397274971008301 -9999 0.40520107746124267578 0.40334299206733703613 0.40002036094665527344 0.39688786864280700684 0.40677252411842346191 0.41171610355377197266 0.41383481025695800781 -9999 -9999 -9999 0.4167264401912689209 0.37246659398078918457 0.2478841245174407959
0.26783046126365661621 0.3255850672721862793 0.34506380558013916016 0.35064283013343811035 0.34169521927833557129 0.3380959630012512207 0.34801617264747619629 0.32864290475845336914 0.28341206908226013184 0.26263582706451416016 0.25651973485946655273 0.23587056994438171387 0.20405940711498260498 0.1516475379467010498 0.041204623878002166748 0.013173887506127357483 0.1102291792631149292 0.22649073600769042969 0.32853409647941589355 0.45327401161193847656 0.51616001129150390625 0.50265866518020629883 0.44316160678863525391 0.40860792994499206543 0.40477320551872253418 0.40565928816795349121 -9999 0.40790134668350219727 0.40582633018493652344 0.40022400021553039551 0.39660686254501342773 0.40651813149452209473 0.41081899404525756836 0.41270056366920471191 -9999 -9999 -9999 0.42472246289253234863 0.39642548561096191406 0.26438552141189575195
