INPUT/RASTER/ASCII/elevation.asc
ncols        113
nrows        135
xllcorner    473009.983799999987
yllcorner    4429001.174800000153
cellsize     100.000000000000
NODATA_value  -9999
[rows 0 to 17 of 135, columns 0 to 39 of 113]
-9999.0 -9999 -9999 -9999 -9999 -9999 -9999 -9999 -9999 -9999 -9999 -9999 -9999 -9999 -9999 -9999 -9999 -9999 -9999 -9999 -9999 -9999 1.6979159116744995117 1.7392129898071289063 1.7722994089126586914 1.8354262113571166992 1.8504606485366821289 1.860260009765625 1.8742476701736450195 1.9175533056259155273 1.9723563194274902344 2.0110325813293457031 2.0337185859680175781 2.0459249019622802734 2.0859389305114746094 -9999 -9999 -9999 -9999 -9999
-9999 -9999 -9999 -9999 -9999 -9999 -9999 -9999 -9999 -9999 -9999 -9999 -9999 -9999 -9999 -9999 -9999 -9999 -9999 -9999 1.5265332460403442383 1.6093041896820068359 1.6936709880828857422 1.7568731307983398438 1.7961051464080810547 1.8262325525283813477 1.8426376581192016602 1.8505804538726806641 1.8646259307861328125 1.8975251913070678711 1.9490438699722290039 1.9957149028778076172 2.0325579643249511719 2.0684731006622314453 2.1024160385131835938 2.0838680267333984375 -9999 -9999 -9999 -9999
-9999 -9999 -9999 -9999 -9999 -9999 -9999 -9999 -9999 -9999 -9999 -9999 -9999 -9999 -9999 -9999 -9999 -9999 -9999 -9999 1.5367864370346069336 1.6216924190521240234 1.7006973028182983398 1.7742966413497924805 1.7972949743270874023 1.8145121335983276367 1.8257271051406860352 1.8281732797622680664 1.8434264659881591797 1.8761292695999145508 1.9296426773071289063 1.9769252538681030273 2.0204222202301025391 2.0661118030548095703 2.0790617465972900391 2.0647432804107666016 2.0606203079223632813 -9999 -9999 -9999
-9999 -9999 -9999 -9999 -9999 -9999 -9999 -9999 -9999 -9999 -9999 -9999 -9999 -9999 -9999 -9999 -9999 -9999 -9999 -9999 1.5324687957763671875 1.625349879264831543 1.7080359458923339844 1.7661737203598022461 1.7896584272384643555 1.7976248264312744141 1.7989244461059570313 1.7914396524429321289 1.8048396110534667969 1.8533967733383178711 1.9167919158935546875 1.9530379772186279297 1.9883034229278564453 2.0263302326202392578 2.0512671470642089844 2.0588724613189697266 2.0560910701751708984 2.0417985916137695313 2.0297615528106689453 2.0221660137176513672
-9999 -9999 -9999 -9999 -9999 -9999 -9999 -9999 -9999 -9999 -9999 -9999 -9999 -9999 -9999 -9999 -9999 -9999 -9999 -9999 1.5651907920837402344 1.6466726064682006836 1.7159658670425415039 1.7543995380401611328 1.7760272026062011719 1.7784757614135742188 1.774562835693359375 1.7720888853073120117 1.7816939353942871094 1.8280971050262451172 1.8825993537902832031 1.9151920080184936523 1.9322398900985717773 1.9675885438919067383 2.0109746456146240234 2.0403554439544677734 2.0454347133636474609 2.0313127040863037109 2.0180995464324951172 2.0086812973022460938
-9999 -9999 -9999 -9999 -9999 -9999 -9999 -9999 -9999 -9999 -9999 -9999 -9999 -9999 -9999 -9999 -9999 -9999 -9999 1.4608097076416015625 1.5823484659194946289 1.6596456766128540039 1.714075922966003418 1.739228367805480957 1.7532442808151245117 1.7488650083541870117 1.7401460409164428711 1.7491112947463989258 1.7668201923370361328 1.7987264394760131836 1.8334515094757080078 1.8570092916488647461 1.8618141412734985352 1.8914361000061035156 1.9536527395248413086 2.0057177543640136719 2.0282051563262939453 2.0176303386688232422 1.9970165491104125977 1.9771981239318847656
-9999 -9999 -9999 -9999 -9999 -9999 -9999 -9999 -9999 -9999 -9999 -9999 -9999 -9999 -9999 -9999 -9999 -9999 -9999 1.4295549392700195313 1.5633503198623657227 1.6632378101348876953 1.709023594856262207 1.7223556041717529297 1.7228190898895263672 1.711727142333984375 1.7088468074798583984 1.7258696556091308594 1.7506376504898071289 1.7690657377243041992 1.7881681919097900391 1.7990928888320922852 1.8100954294204711914 1.8496115207672119141 1.9106999635696411133 1.9692013263702392578 2.0022490024566650391 1.9973539113998413086 1.9623115062713623047 1.9249098300933837891
-9999 -9999 -9999 -9999 -9999 -9999 -9999 -9999 -9999 -9999 -9999 -9999 -9999 -9999 -9999 -9999 -9999 -9999 1.3291341066360473633 1.4192500114440917969 1.5608414411544799805 1.6499232053756713867 1.6760078668594360352 1.6814570426940917969 1.682582855224609375 1.6780425310134887695 1.6981055736541748047 1.721506953239440918 1.7336597442626953125 1.7405936717987060547 1.7497495412826538086 1.7564405202865600586 1.7737591266632080078 1.8335230350494384766 1.8970226049423217773 1.9367023706436157227 1.9627112150192260742 1.9582126140594482422 1.936008453369140625 1.9055627584457397461
-9999 -9999 -9999 -9999 -9999 -9999 -9999 -9999 -9999 -9999 -9999 -9999 -9999 -9999 -9999 -9999 -9999 -9999 1.2966791391372680664 1.3822365999221801758 1.5439566373825073242 1.6217597723007202148 1.6312912702560424805 1.6378291845321655273 1.6418278217315673828 1.6450418233871459961 1.6768227815628051758 1.7014240026473999023 1.7059526443481445313 1.7090107202529907227 1.7167583703994750977 1.7308770418167114258 1.7572612762451171875 1.8185714483261108398 1.8894796371459960938 1.915536046028137207 1.9306199550628662109 1.9291796684265136719 1.9187846183776855469 1.8987706899642944336
-9999 -9999 -9999 -9999 -9999 -9999 -9999 -9999 -9999 -9999 -9999 -9999 -9999 -9999 -9999 -9999 -9999 -9999 1.250046849250793457 1.3462073802947998047 1.5223623514175415039 1.5953232049942016602 1.6052531003952026367 1.6147942543029785156 1.6245635747909545898 1.6345194578170776367 1.6513013839721679688 1.6690164804458618164 1.6789090633392333984 1.6870632171630859375 1.6977249383926391602 1.723201751708984375 1.7552307844161987305 1.8093457221984863281 1.8671735525131225586 1.8853708505630493164 1.8863759040832519531 1.8853570222854614258 1.88518524169921875 1.8681137561798095703
-9999 -9999 -9999 -9999 -9999 -9999 -9999 -9999 -9999 -9999 -9999 -9999 -9999 -9999 -9999 -9999 -9999 -9999 1.2326836585998535156 1.3346233367919921875 1.5189374685287475586 1.5727990865707397461 1.5793373584747314453 1.5901422500610351563 1.6102510690689086914 1.6293963193893432617 1.640150904655456543 1.6530902385711669922 1.6686953306198120117 1.6824555397033691406 1.6949709653854370117 1.7262935638427734375 1.761956334114074707 1.8096423149108886719 1.8484076261520385742 1.856097102165222168 1.8424899578094482422 1.8186762332916259766 1.8251322507858276367 1.8196268081665039063
-9999 -9999 -9999 -9999 -9999 -9999 -9999 -9999 -9999 -9999 -9999 -9999 -9999 -9999 -9999 -9999 -9999 1.2316548824310302734 1.2310312986373901367 1.336673736572265625 1.5098847150802612305 1.5498543977737426758 1.5552278757095336914 1.5771172046661376953 1.5989377498626708984 1.6225372552871704102 1.638248443603515625 1.6573359966278076172 1.6832625865936279297 1.7013449668884277344 1.7185146808624267578 1.7422351837158203125 1.7705289125442504883 1.8016667366027832031 1.8252649307250976563 1.8257538080215454102 1.7950989007949829102 1.7586573362350463867 1.765478968620300293 1.7737774848937988281
-9999 -9999 -9999 -9999 -9999 -9999 -9999 -9999 -9999 -9999 -9999 -9999 -9999 -9999 -9999 -9999 -9999 1.2319943904876708984 1.2286792993545532227 1.3119344711303710938 1.4633775949478149414 1.4986014366149902344 1.520630955696105957 1.5627696514129638672 1.5837295055389404297 1.6091885566711425781 1.6329369544982910156 1.665241241455078125 1.706980586051940918 1.7324008941650390625 1.7513170242309570313 1.7618452310562133789 1.7635071277618408203 1.7628494501113891602 1.7726384401321411133 1.7670365571975708008 1.7318356037139892578 1.7030093669891357422 1.7151329517364501953 1.7343819141387939453
-9999 -9999 -9999 -9999 -9999 -9999 -9999 -9999 -9999 -9999 -9999 -9999 -9999 -9999 -9999 -9999 -9999 1.2289845943450927734 1.1977756023406982422 1.2553392648696899414 1.3827714920043945313 1.4569516181945800781 1.5015975236892700195 1.5373560190200805664 1.5739339590072631836 1.6122369766235351563 1.6477687358856201172 1.6974666118621826172 1.7395824193954467773 1.7622163295745849609 1.7708945274353027344 1.7641814947128295898 1.7354061603546142578 1.7067658901214599609 1.6966087818145751953 1.6739140748977661133 1.6487317085266113281 1.6433224678039550781 1.6717184782028198242 1.7088242769241333008
-9999 -9999 -9999 -9999 -9999 -9999 -9999 -9999 -9999 -9999 -9999 -9999 -9999 -9999 -9999 -9999 1.1673440933227539063 1.2016357183456420898 1.214226841926574707 1.3164048194885253906 1.4151873588562011719 1.4547784328460693359 1.4915323257446289063 1.5361815690994262695 1.5948139429092407227 1.6541572809219360352 1.7179136276245117188 1.7640949487686157227 1.7752355337142944336 1.76978302001953125 1.7535958290100097656 1.7226767539978027344 1.6825594902038574219 1.6402956247329711914 1.6250586509704589844 1.6037251949310302734 1.5835889577865600586 1.5932281017303466797 1.6326353549957275391 1.692812800407409668
-9999 -9999 -9999 -9999 -9999 -9999 -9999 -9999 -9999 -9999 -9999 -9999 -9999 -9999 -9999 1.0994585752487182617 1.1729243993759155273 1.2832019329071044922 1.3358259201049804688 1.3850923776626586914 1.4245395660400390625 1.4566171169281005859 1.5052571296691894531 1.5796182155609130859 1.6513234376907348633 1.7288382053375244141 1.7695558071136474609 1.7812846899032592773 1.7777206897735595703 1.7500249147415161133 1.7129555940628051758 1.6664863824844360352 1.6309425830841064453 1.601412653923034668 1.5777215957641601563 1.555821537971496582 1.5367981195449829102 1.5472805500030517578 1.6001354455947875977 1.6640498638153076172
-9999 -9999 -9999 -9999 -9999 -9999 -9999 -9999 -9999 -9999 -9999 -9999 -9999 -9999 1.091739654541015625 1.1220717430114746094 1.2235761880874633789 1.3436672687530517578 1.3647876977920532227 1.3720940351486206055 1.4091848134994506836 1.4792535305023193359 1.5706083774566650391 1.6506994962692260742 1.7058470249176025391 1.7520062923431396484 1.7666683197021484375 1.7648333311080932617 1.7531669139862060547 1.7218477725982666016 1.6842238903045654297 1.6402528285980224609 1.6066688299179077148 1.5695433616638183594 1.5300052165985107422 1.5077927112579345703 1.4977632761001586914 1.5123080015182495117 1.5748703479766845703 1.6280992031097412109
-9999 -9999 -9999 -9999 -9999 -9999 -9999 -9999 -9999 -9999 -9999 -9999 -9999 -9999 1.0887918472290039063 1.1634079217910766602 1.3136742115020751953 1.3538792133331298828 1.3497908115386962891 1.3646500110626220703 1.4329786300659179688 1.5377091169357299805 1.6348347663879394531 1.6859948635101318359 1.7058490514755249023 1.7153655290603637695 1.7179214954376220703 1.7152258157730102539 1.7075155973434448242 1.6872869729995727539 1.6582757234573364258 1.6248178482055664063 1.5898506641387939453 1.54647064208984375 1.5088971853256225586 1.4964265823364257813 1.4892622232437133789 1.5021641254425048828 1.5601047277450561523 1.6029143333435058594
