INPUT/RASTER/ASCII/fla.asc
ncols        113
nrows        135
xllcorner    473009.983799999987
yllcorner    4429001.174800000153
cellsize     100.000000000000
NODATA_value  -9999
[rows 90 to 107 of 135, columns 40 to 79 of 113]
0.1860072016716003418 0.27084219455718994141 -0.061872854828834533691 -0.1337467581033706665 -0.24422879517078399658 -0.42110010981559753418 -0.56034910678863525391 -0.57571560144424438477 0.013916014693677425385 0.59539395570755004883 -0.29215964674949645996 -0.50341719388961791992 -0.60395091772079467773 -0.50337606668472290039 -0.29485967755317687988 0.10395522415637969971 0.0033545785117894411087 -0.48653510212898254395 -0.6144911646842956543 -0.47052800655364990234 1.5192002058029174805 0.12915377318859100342 0.32105270028114318848 -0.32933101058006286621 -0.45853757858276367188 -0.58223319053649902344 -0.62964087724685668945 -0.49535354971885681152 -0.33614680171012878418 1.1050059795379638672 0.59871745109558105469 -0.11637803167104721069 -0.3678569495677947998 -0.51393091678619384766 -0.48319983482360839844 -0.52337914705276489258 -0.022558031603693962097 0.35777360200881958008 -0.51549279689788818359 -0.5240065455436706543
-0.53266340494155883789 -0.27980962395668029785 0.28978395462036132813 0.069993399083614349365 -0.2725969851016998291 -0.56528288125991821289 -0.68869441747665405273 -0.50649076700210571289 0.31127727031707763672 1.0703079700469970703 -0.11633267998695373535 -0.49028855562210083008 -0.46021184325218200684 -0.41261506080627441406 -0.43901813030242919922 -0.13079825043678283691 0.30522271990776062012 -0.32921636104583740234 -0.56436520814895629883 -0.65422999858856201172 0.14873424172401428223 0.59007436037063598633 0.38888850808143615723 -0.20941451191902160645 -0.34481018781661987305 -0.48700445890426635742 -0.5952097773551940918 -0.61699795722961425781 -0.52253681421279907227 0.95963799953460693359 2.0161142349243164063 1.2578668594360351563 0.48992085456848144531 -0.43473461270332336426 -0.63485932350158691406 -0.62283635139465332031 -0.40918019413948059082 -0.27995979785919189453 -0.5765101313591003418 -0.54053890705108642578
-0.61842632293701171875 -0.39669498801231384277 0.073601163923740386963 -0.30146849155426025391 -0.51668369770050048828 -0.62732547521591186523 -0.62972164154052734375 -0.48089060187339782715 -0.24528661370277404785 0.4571584165096282959 0.076969087123870849609 -0.45719161629676818848 -0.31436368823051452637 0.11162845045328140259 -0.34101369976997375488 -0.38036939501762390137 -0.33447787165641784668 -0.33020222187042236328 -0.60364812612533569336 -0.70245528221130371094 -0.55646461248397827148 -0.30873408913612365723 -0.11472579091787338257 -0.15036822855472564697 -0.34168505668640136719 -0.3506552278995513916 -0.41241416335105895996 -0.59027564525604248047 -0.51597350835800170898 -0.18435578048229217529 0.11355219781398773193 -0.060007221996784210205 1.0447442531585693359 -0.079766191542148590088 -0.53083246946334838867 -0.69139081239700317383 -0.63201427459716796875 -0.54718571901321411133 -0.48758354783058166504 -0.36573719978332519531
-0.09165487438440322876 1.2156835794448852539 0.21955724060535430908 -0.34498161077499389648 -0.60835444927215576172 -0.64011895656585693359 -0.49051252007484436035 -0.25685903429985046387 0.080317191779613494873 1.5180480480194091797 0.24454580247402191162 -0.36892274022102355957 -0.49959403276443481445 -0.10724425315856933594 0.48803240060806274414 0.016307476907968521118 0.49364542961120605469 -0.28932288289070129395 -0.5305106043815612793 -0.65139311552047729492 -0.58309608697891235352 -0.34376433491706848145 0.50912302732467651367 -0.11941796541213989258 -0.28804299235343933105 -0.24836285412311553955 -0.16417755186557769775 -0.49318352341651916504 -0.22972580790519714355 -0.04624269530177116394 -0.29363042116165161133 -0.4720337986946105957 0.16912597417831420898 0.065669342875480651855 -0.50888580083847045898 -0.70629686117172241211 -0.61439019441604614258 -0.38995251059532165527 -0.1972230076789855957 0.11274529993534088135
-0.2672500908374786377 -0.1858218759298324585 -0.10356383770704269409 -0.43346577882766723633 -0.61248946189880371094 -0.4505157470703125 -0.13284087181091308594 0.0019311406649649143219 0.57410502433776855469 0.70015031099319458008 -0.18422003090381622314 -0.2631371915340423584 -0.45102837681770324707 -0.63338255882263183594 -0.52330470085144042969 -0.32937362790107727051 0.16133661568164825439 -0.28774636983871459961 -0.38961905241012573242 -0.59042960405349731445 -0.60523116588592529297 -0.40269237756729125977 -0.1741088181734085083 -0.35383722186088562012 -0.32096835970878601074 -0.090383812785148620605 0.11126308143138885498 -0.3012663424015045166 -0.2636884152889251709 -0.13640134036540985107 -0.32738468050956726074 -0.50819885730743408203 -0.44766756892204284668 -0.19896976649761199951 -0.47373759746551513672 -0.63870310783386230469 -0.6140015721321105957 -0.49389952421188354492 -0.30082052946090698242 -0.076441995799541473389
-0.42514190077781677246 -0.48677739500999450684 -0.44534641504287719727 -0.53489100933074951172 -0.61486095190048217773 -0.29114058613777160645 0.77307224273681640625 -0.19093514978885650635 -0.58842617273330688477 -0.58879297971725463867 -0.43808507919311523438 -0.26398986577987670898 -0.26469892263412475586 -0.50735533237457275391 -0.67284035682678222656 -0.63528084754943847656 -0.56686925888061523438 -0.5125039219856262207 -0.25080674886703491211 -0.40277779102325439453 -0.61174768209457397461 -0.56362748146057128906 -0.37252420186996459961 3.0121875170152634382e-05 -0.29650023579597473145 0.26550111174583435059 0.55551475286483764648 1.0036886930465698242 0.48983249068260192871 -0.18980106711387634277 -0.43340134620666503906 -0.54250776767730712891 -0.60060411691665649414 -0.50549113750457763672 -0.47357806563377380371 -0.53361225128173828125 -0.6026961207389831543 -0.55357444286346435547 -0.48638695478439331055 -0.38265332579612731934
-0.60774189233779907227 -0.60831177234649658203 -0.59940004348754882813 -0.63626056909561157227 -0.66748797893524169922 -0.46420851349830627441 -0.034166250377893447876 -0.55566138029098510742 -0.65999317169189453125 -0.62429922819137573242 -0.58022773265838623047 -0.56296497583389282227 -0.39640977978706359863 -0.38484942913055419922 -0.61322546005249023438 -0.58595025539398193359 -0.64778023958206176758 -0.45497480034828186035 0.077397607266902923584 -0.46982553601264953613 -0.66066080331802368164 -0.63397806882858276367 -0.50570076704025268555 0.058470699936151504517 -0.0073287310078740119934 -0.14935916662216186523 -0.23966811597347259521 1.8429301977157592773 3.8719186782836914063 0.38041529059410095215 -0.1214190945029258728 -0.22627811133861541748 -0.38157173991203308105 -0.46925148367881774902 -0.47479900717735290527 -0.52073723077774047852 -0.52172857522964477539 -0.46145039796829223633 -0.31579372286796569824 -0.15437480807304382324
-0.67764198780059814453 -0.48190698027610778809 -0.16069048643112182617 -0.38475084304809570313 -0.61401385068893432617 -0.58527827262878417969 -0.52960622310638427734 -0.64827847480773925781 -0.48775810003280639648 -0.30346545577049255371 -0.39821505546569824219 -0.38791537284851074219 -0.51192826032638549805 -0.51708036661148071289 -0.52078139781951904297 -0.29102781414985656738 -0.49424979090690612793 -0.577533721923828125 -0.42363107204437255859 -0.48758041858673095703 -0.55981880426406860352 -0.62870490550994873047 -0.50720369815826416016 -0.05282912030816078186 -0.027010826393961906433 -0.42326563596725463867 -0.47341737151145935059 -0.30791223049163818359 1.9990172386169433594 2.4378988742828369141 1.3912764787673950195 0.15458418428897857666 -0.2892882227897644043 -0.32185560464859008789 -0.4618313908576965332 -0.60717380046844482422 -0.40530109405517578125 -0.35698217153549194336 -0.24503122270107269287 0.052152123302221298218
-0.56516188383102416992 0.28250741958618164063 0.2406714707612991333 -0.50567930936813354492 -0.65581643581390380859 -0.61206847429275512695 -0.62475222349166870117 -0.65866267681121826172 -0.47584328055381774902 -0.095811091363430023193 0.48258849978446960449 -0.16088004410266876221 -0.62994801998138427734 -0.62999761104583740234 -0.42496201395988464355 0.050652317702770233154 0.054259009659290313721 -0.60912787914276123047 -0.53542542457580566406 -0.46788862347602844238 -0.32031852006912231445 -0.6065877079963684082 -0.59346544742584228516 -0.35490188002586364746 -0.28319147229194641113 -0.47189956903457641602 -0.52707469463348388672 -0.41655910015106201172 -0.098892107605934143066 -0.15866312384605407715 0.29893246293067932129 0.33152550458908081055 -0.090351782739162445068 -0.23363950848579406738 -0.45940044522285461426 -0.55311185121536254883 -0.40501344203948974609 -0.21186119318008422852 -0.16386649012565612793 0.017124190926551818848
1.2419878244400024414 1.2892442941665649414 -0.38298973441123962402 -0.64060753583908081055 -0.5773741602897644043 -0.40746018290519714355 -0.15636734664440155029 -0.54998224973678588867 -0.48930397629737854004 -0.3891143500804901123 -0.17699296772480010986 0.58792221546173095703 -0.59647810459136962891 -0.42568567395210266113 -0.29661062359809875488 -0.45681214332580566406 -0.16362294554710388184 -0.50111627578735351563 -0.61470073461532592773 -0.49726045131683349609 -0.15571039915084838867 -0.51790106296539306641 -0.59648984670639038086 -0.25624203681945800781 0.20839720964431762695 -0.23492266237735748291 -0.48814418911933898926 -0.55111229419708251953 -0.48663637042045593262 -0.48433503508567810059 -0.50504851341247558594 -0.40337264537811279297 -0.30482900142669677734 -0.34978711605072021484 -0.32214254140853881836 -0.4585062563419342041 -0.40357467532157897949 -0.27039751410484313965 -0.25767499208450317383 -0.14732275903224945068
2.3482124805450439453 -0.4658406376838684082 -0.66538351774215698242 -0.44410330057144165039 -0.40529650449752807617 -0.62391120195388793945 -0.19334903359413146973 0.48239368200302124023 -0.14456379413604736328 -0.31422466039657592773 -0.54699015617370605469 -0.062666788697242736816 -0.43506246805191040039 0.15413583815097808838 -0.32870849967002868652 -0.44601678848266601563 -0.30487430095672607422 -0.60925430059432983398 -0.67614126205444335938 -0.64210975170135498047 -0.5375830531120300293 -0.41428011655807495117 -0.59230864048004150391 -0.51174920797348022461 -0.42545098066329956055 -0.48850476741790771484 -0.5461018681526184082 -0.61434316635131835938 -0.63268607854843139648 -0.65850412845611572266 -0.63494706153869628906 -0.48092392086982727051 -0.33451953530311584473 -0.11924224346876144409 -0.071592457592487335205 -0.4692382514476776123 -0.3499864041805267334 -0.18970857560634613037 -0.2318592369556427002 -0.43085238337516784668
0.72526371479034423828 -0.56646257638931274414 -0.65222090482711791992 -0.3401279747486114502 0.18251389265060424805 -0.41813993453979492188 -0.62906616926193237305 -0.19350171089172363281 1.0603998899459838867 0.73431199789047241211 -0.32737448811531066895 -0.37512090802192687988 0.32222801446914672852 0.37230205535888671875 -0.44834285974502563477 -0.14427016675472259521 -0.13966798782348632813 -0.57239395380020141602 -0.60883563756942749023 -0.58085703849792480469 -0.27703192830085754395 -0.042744148522615432739 0.22427845001220703125 1.3568958044052124023 0.48315805196762084961 0.1782919764518737793 -0.083008840680122375488 -0.24096326529979705811 -0.44277110695838928223 -0.65199363231658935547 -0.4918664395809173584 0.055842354893684387207 0.084593906998634338379 0.34727200865745544434 -0.11368541419506072998 -0.50697219371795654297 -0.34165471792221069336 -0.020598491653800010681 -0.14000564813613891602 -0.2553386986255645752
-0.37037265300750732422 -0.55480325222015380859 -0.54631054401397705078 -0.570812225341796875 0.37418136000633239746 0.59499269723892211914 -0.27935552597045898438 -0.13039804995059967041 0.62577104568481445313 2.1273314952850341797 0.55308842658996582031 -0.2882467806339263916 -0.23580405116081237793 -0.35874921083450317383 -0.46044746041297912598 0.099751874804496765137 -0.29193058609962463379 -0.46700844168663024902 -0.49566042423248291016 -0.47800999879837036133 -0.29791700839996337891 -0.3582280576229095459 0.18289288878440856934 1.7152038812637329102 1.4462459087371826172 0.87222182750701904297 0.29034465551376342773 -0.22099274396896362305 -0.58249747753143310547 -0.62138473987579345703 -0.037552282214164733887 0.74085664749145507813 0.61661159992218017578 0.44442382454872131348 -0.24096646904945373535 -0.57262563705444335938 -0.27853536605834960938 0.30459907650947570801 -0.11712808907032012939 -0.42486676573753356934
-0.26562470197677612305 -0.3894271552562713623 -0.3893515169620513916 -0.45397809147834777832 -0.37545031309127807617 0.57131165266036987305 0.6271584630012512207 1.0702545642852783203 1.3816921710968017578 1.0879967212677001953 0.1422723233699798584 0.21360976994037628174 -0.25868660211563110352 -0.35378423333168029785 -0.57934081554412841797 0.81166136264801025391 1.6363488435745239258 0.44773370027542114258 -0.30926164984703063965 -0.4011020362377166748 -0.2363824993371963501 -0.48114237189292907715 -0.46399670839309692383 -0.0059263426810503005981 0.41196033358573913574 -0.17372600734233856201 -0.25355264544486999512 -0.43836307525634765625 -0.61890578269958496094 -0.54856926202774047852 0.44880568981170654297 1.3884216547012329102 0.92273974418640136719 0.19644188880920410156 -0.25885146856307983398 -0.58438014984130859375 -0.37029275298118591309 1.2742861509323120117 -0.024517523124814033508 -0.55321323871612548828
-0.11892655491828918457 -0.20592944324016571045 -0.17360962927341461182 -0.12192387878894805908 -0.44506362080574035645 -0.64852350950241088867 -0.60696530342102050781 -0.54936736822128295898 -0.50425380468368530273 -0.50062477588653564453 -0.5250485539436340332 -0.52150303125381469727 -0.43590345978736877441 -0.2352835536003112793 -0.44967630505561828613 -0.40146604180335998535 -0.19924885034561157227 0.30657631158828735352 0.28754201531410217285 -0.36613494157791137695 -0.40882027149200439453 -0.56441313028335571289 -0.46557548642158508301 -0.27746534347534179688 0.17977225780487060547 0.14594399929046630859 -0.43400084972381591797 -0.47380787134170532227 -0.52985090017318725586 -0.48834139108657836914 1.0288615226745605469 2.2676863670349121094 0.99032217264175415039 0.19592124223709106445 -0.35311341285705566406 -0.55983281135559082031 -0.47669661045074462891 1.980379939079284668 0.072805345058441162109 -0.58016824722290039063
-0.12908565998077392578 -0.16019827127456665039 0.073380239307880401611 0.15310898423194885254 -0.49610367417335510254 -0.65182632207870483398 -0.62981009483337402344 -0.58568990230560302734 -0.61438590288162231445 -0.6164582371711730957 -0.49989104270935058594 -0.38319799304008483887 -0.35558032989501953125 -0.069099359214305877686 0.36128032207489013672 -0.38250267505645751953 -0.61108267307281494141 -0.38698136806488037109 0.094624482095241546631 -0.25851428508758544922 -0.54256361722946166992 -0.60426127910614013672 -0.57123732566833496094 -0.49144658446311950684 -0.0059916777536273002625 1.3962380886077880859 0.36933213472366333008 -0.09881817549467086792 -0.4277350008487701416 -0.49003559350967407227 2.1658782958984375 2.6013357639312744141 1.0722755193710327148 0.098627910017967224121 -0.28344294428825378418 -0.49324771761894226074 -0.32128998637199401855 2.5061590671539306641 0.40892910957336425781 -0.57620668411254882813
-0.51428395509719848633 -0.49540174007415771484 0.19935119152069091797 0.41453945636749267578 -0.38339519500732421875 -0.47714564204216003418 -0.59196084737777709961 -0.33834686875343322754 0.17295321822166442871 0.66108494997024536133 0.83456075191497802734 -0.49513533711433410645 -0.62406259775161743164 -0.48993450403213500977 -0.44536030292510986328 -0.47600057721138000488 -0.55205333232879638672 -0.45721828937530517578 0.00081703963223844766617 -0.12164794653654098511 -0.40748399496078491211 -0.58517396450042724609 -0.65858358144760131836 -0.63209056854248046875 -0.46673288941383361816 0.24113425612449645996 0.83087259531021118164 -0.1134441569447517395 -0.46514031291007995605 -0.49592161178588867188 2.5591259002685546875 3.821704864501953125 1.1386597156524658203 0.13754492998123168945 -0.26975277066230773926 -0.44768151640892028809 0.62309277057647705078 3.4771208763122558594 -0.2225100398063659668 -0.64111959934234619141
-0.25080311298370361328 -0.2948805391788482666 0.2476075589656829834 0.073315769433975219727 0.037011440843343734741 -0.24873691797256469727 -0.60351359844207763672 -0.50769275426864624023 -0.31356003880500793457 -0.2798779904842376709 -0.46443057060241699219 -0.66155755519866943359 -0.63407492637634277344 -0.32982629537582397461 0.1846256554126739502 -0.24298459291458129883 -0.20055305957794189453 -0.068015150725841522217 -0.038107857108116149902 0.11053550243377685547 -0.044886220246553421021 -0.33938986063003540039 -0.51593405008316040039 -0.62804311513900756836 -0.63695096969604492188 -0.50499415397644042969 -0.37634760141372680664 -0.49737522006034851074 -0.45436787605285644531 -0.4959430992603302002 2.0361492633819580078 6.6802992820739746094 0.80854266881942749023 -0.028840562328696250916 -0.3651714622974395752 -0.40585154294967651367 3.3728010654449462891 1.8256945610046386719 -0.47432857751846313477 -0.64620989561080932617
