INPUT/RASTER/ASCII/fla.asc
ncols        113
nrows        135
xllcorner    473009.983799999987
yllcorner    4429001.174800000153
cellsize     100.000000000000
NODATA_value  -9999
[rows 108 to 125 of 135, columns 40 to 79 of 113]
-0.039605680853128433228 0.22894138097763061523 0.29757025837898254395 -0.38466250896453857422 -0.17857636511325836182 -0.52997767925262451172 -0.62117964029312133789 -0.67078483104705810547 -0.64038336277008056641 -0.48479479551315307617 -0.33474427461624145508 -0.60585439205169677734 -0.57530575990676879883 -0.42310428619384765625 -0.15839853882789611816 0.35213324427604675293 0.85080468654632568359 0.8947436213493347168 0.90375375747680664063 0.50559586286544799805 0.027831548824906349182 -0.26161584258079528809 -0.34902933239936828613 -0.49359530210494995117 -0.66134309768676757813 -0.67346602678298950195 -0.64619839191436767578 -0.64363235235214233398 -0.54662287235260009766 -0.44576495885848999023 0.81070041656494140625 4.7287793159484863281 0.18406626582145690918 -0.095913641154766082764 -0.47260770201683044434 0.52409100532531738281 4.9881696701049804688 0.2380046844482421875 -0.54697644710540771484 -0.64760231971740722656
-0.41962656378746032715 1.0347867012023925781 0.69833016395568847656 -0.077596262097358703613 -0.39207017421722412109 -0.24879625439643859863 -0.41563680768013000488 -0.58077514171600341797 -0.56723827123641967773 -0.39265096187591552734 0.18848027288913726807 -0.57679742574691772461 -0.52081602811813354492 -0.42352882027626037598 -0.12732288241386413574 2.1455760002136230469 1.8263207674026489258 1.0263736248016357422 0.17388764023780822754 -0.05804635956883430481 0.061273798346519470215 -0.10037752240896224976 -0.28265735507011413574 -0.459087371826171875 -0.60253888368606567383 -0.57327169179916381836 -0.53825682401657104492 -0.4213409721851348877 -0.34721851348876953125 -0.40550181269645690918 0.19117450714111328125 0.80711740255355834961 -0.12292769551277160645 -0.17937923967838287354 -0.54303789138793945313 3.3150629997253417969 3.6663172245025634766 -0.29905998706817626953 -0.54214292764663696289 -0.63058906793594360352
-0.62079042196273803711 -0.091314725577831268311 -0.043571844696998596191 -0.51564002037048339844 -0.066278569400310516357 0.16009326279163360596 -0.48164197802543640137 -0.52582395076751708984 -0.23090036213397979736 0.41980785131454467773 1.6056944131851196289 -0.28215867280960083008 -0.43457487225532531738 -0.53916466236114501953 -0.44006183743476867676 0.46340757608413696289 0.0292501058429479599 -0.21066899597644805908 -0.37321656942367553711 -0.50694233179092407227 -0.56915038824081420898 -0.43796768784523010254 -0.36946150660514831543 -0.45522084832191467285 -0.47292444109916687012 -0.24727961421012878418 -0.37624061107635498047 -0.062344130128622055054 -0.20629490911960601807 -0.38570487499237060547 1.3822292089462280273 0.46551874279975891113 0.021726416423916816711 -0.33225205540657043457 -0.20850694179534912109 6.0701127052307128906 1.477138519287109375 -0.20057451725006103516 -0.40112969279289245605 -0.60469281673431396484
-0.46843364834785461426 -0.58323448896408081055 -0.63553476333618164063 -0.67442858219146728516 -0.62925755977630615234 -0.55611491203308105469 -0.64339232444763183594 -0.60882800817489624023 -0.38335853815078735352 -0.19285060465335845947 0.10444536805152893066 -0.4047349095344543457 -0.61795091629028320313 -0.52568084001541137695 -0.32860085368156433105 -0.0076130018569529056549 -0.0011711771367117762566 -0.139337196946144104 -0.1806628108024597168 -0.37024396657943725586 -0.31439623236656188965 -0.089828386902809143066 -0.2069244086742401123 -0.51874440908432006836 -0.34875482320785522461 0.2024386674165725708 0.030639223754405975342 0.10482212156057357788 0.0031455066055059432983 -0.0098658632487058639526 2.6561691761016845703 0.67714524269104003906 -0.028248988091945648193 -0.45988470315933227539 0.32225048542022705078 7.2959580421447753906 0.54787772893905639648 -0.18360933661460876465 -0.39607864618301391602 -0.56807428598403930664
-0.16727082431316375732 -0.42739078402519226074 -0.55048608779907226563 -0.56474405527114868164 -0.57886445522308349609 -0.37770071625709533691 -0.41764995455741882324 -0.63813060522079467773 -0.66523510217666625977 -0.58842265605926513672 -0.51904714107513427734 -0.58018553256988525391 -0.66768604516983032227 -0.61656004190444946289 -0.59242725372314453125 -0.20470657944679260254 1.592843174934387207 3.7526476383209228516 3.7207024097442626953 2.585906982421875 1.1660796403884887695 0.54787272214889526367 -0.15766891837120056152 -0.53101360797882080078 -0.38632786273956298828 0.43562024831771850586 0.55733150243759155273 0.092031165957450866699 0.54045128822326660156 2.1712152957916259766 3.3145818710327148438 0.10033119469881057739 -0.20169603824615478516 -0.37230017781257629395 1.7304092645645141602 7.2691245079040527344 0.23560951650142669678 -0.16395327448844909668 -0.25872984528541564941 -0.54422712326049804688
-0.35448530316352844238 -0.33416524529457092285 -0.26132693886756896973 -0.33385789394378662109 -0.17688599228858947754 0.38675069808959960938 -0.35253769159317016602 -0.59380781650543212891 -0.6119022369384765625 -0.62231016159057617188 -0.6092281341552734375 -0.5284226536750793457 -0.65984004735946655273 -0.5504042506217956543 -0.33826714754104614258 0.66548216342926025391 0.70787447690963745117 0.61836034059524536133 -0.11556365340948104858 0.57254922389984130859 1.2922427654266357422 -0.041349336504936218262 -0.58150726556777954102 -0.62333095073699951172 -0.35535314679145812988 0.65578961372375488281 0.94282680749893188477 -0.059086076915264129639 0.63807100057601928711 5.4025626182556152344 1.514209747314453125 -0.068428769707679748535 -0.19208569824695587158 -0.069954864680767059326 4.8127069473266601563 5.9192600250244140625 0.16552101075649261475 0.10015609115362167358 -0.23317036032676696777 -0.60297411680221557617
-0.017954027280211448669 -0.22713066637516021729 -0.19609583914279937744 0.10040669888257980347 1.0089489221572875977 0.12256231904029846191 -0.40637582540512084961 -0.5383580327033996582 -0.36139976978302001953 -0.47555953264236450195 -0.55723375082015991211 -0.42797884345054626465 -0.58697831630706787109 -0.56535965204238891602 -0.1871967613697052002 -0.34159106016159057617 -0.38320472836494445801 -0.20824962854385375977 -0.41726598143577575684 -0.58684790134429931641 -0.28906425833702087402 -0.30843675136566162109 -0.61572515964508056641 -0.65281695127487182617 -0.48167234659194946289 1.2739322185516357422 1.3287721872329711914 -0.46698424220085144043 -0.34404039382934570313 2.1116003990173339844 1.2448971271514892578 0.41372075676918029785 0.22516180574893951416 0.47171187400817871094 9.2918195724487304688 2.8232338428497314453 0.39660850167274475098 -0.047069169580936431885 -0.4502200782299041748 -0.5491924285888671875
-0.0087629985064268112183 -0.32057163119316101074 -0.35850384831428527832 0.6130358576774597168 1.9264711141586303711 -0.014910028316080570221 -0.45642584562301635742 -0.55228185653686523438 0.00065815105335786938667 -0.026308258995413780212 -0.43479236960411071777 -0.43090596795082092285 -0.43012207746505737305 -0.64668375253677368164 -0.55659687519073486328 -0.018322039395570755005 1.9503487348556518555 1.3098379373550415039 0.2909119725227355957 -0.28869420289993286133 -0.43609073758125305176 -0.41511297225952148438 -0.58575433492660522461 -0.54931521415710449219 -0.13250981271266937256 2.5739560127258300781 0.67204183340072631836 -0.58742386102676391602 -0.45824870467185974121 1.9842277765274047852 2.7169451713562011719 0.20739914476871490479 -0.27560824155807495117 4.9121942520141601563 8.588359832763671875 0.4895190894603729248 -0.11875301599502563477 -0.37677496671676635742 -0.28278720378875732422 -0.31478151679039001465
-0.68912750482559204102 -0.66133463382720947266 -0.63472807407379150391 0.036521047353744506836 3.1886382102966308594 -0.1590280383825302124 -0.61402916908264160156 -0.51315146684646606445 -0.038461633026599884033 0.85103422403335571289 -0.56222170591354370117 -0.48181450366973876953 -0.28340613842010498047 -0.65524065494537353516 -0.63043320178985595703 -0.42375150322914123535 0.18655662238597869873 0.27268975973129272461 0.39821925759315490723 0.1876916736364364624 -0.2004006803035736084 -0.47195985913276672363 -0.64000523090362548828 -0.585514068603515625 0.41112679243087768555 3.6934306621551513672 0.058002829551696777344 -0.63855737447738647461 -0.60186403989791870117 2.5934965610504150391 3.3064889907836914063 1.8175197839736938477 4.3925457000732421875 9.2398929595947265625 3.4299120903015136719 0.087423242628574371338 -0.26176729798316955566 -0.15155692398548126221 0.32066312432289123535 -0.42187866568565368652
-0.67374718189239501953 -0.53960758447647094727 -0.55542910099029541016 -0.63176381587982177734 0.13072822988033294678 -0.39941990375518798828 -0.58286720514297485352 -0.53889787197113037109 0.016717027872800827026 0.65795022249221801758 -0.5570195317268371582 -0.51180440187454223633 -0.40677487850189208984 -0.5983994603157043457 -0.60026723146438598633 -0.59066849946975708008 -0.59029698371887207031 -0.58207738399505615234 -0.55494159460067749023 -0.48217040300369262695 -0.45470228791236877441 -0.52577459812164306641 -0.63735473155975341797 -0.5536702275276184082 0.42947560548782348633 3.1874880790710449219 -0.26372471451759338379 -0.63429546356201171875 -0.62646526098251342773 1.4621671438217163086 5.3855466842651367188 5.1947650909423828125 3.8765060901641845703 2.9403162002563476563 1.1349387168884277344 -0.26265233755111694336 -0.16838593780994415283 0.51498854160308837891 0.18548828363418579102 -0.61939460039138793945
-0.58983123302459716797 -0.50611639022827148438 -0.31880334019660949707 -0.61837166547775268555 -0.64449840784072875977 -0.64514243602752685547 -0.63168871402740478516 -0.49821737408638000488 -0.090684764087200164795 0.80453014373779296875 -0.29347062110900878906 -0.20324033498764038086 -0.2327652275562286377 -0.59788060188293457031 -0.65715759992599487305 -0.55002599954605102539 0.95937037467956542969 0.79644477367401123047 0.063089758157730102539 -0.38546219468116760254 -0.38743495941162109375 -0.42155152559280395508 -0.61976742744445800781 -0.42352876067161560059 0.62066066265106201172 3.4544281959533691406 -0.23168565332889556885 -0.605377197265625 -0.54136252403259277344 0.61435109376907348633 3.1777412891387939453 1.1314171552658081055 0.6673914790153503418 1.8606895208358764648 0.73589682579040527344 -0.2720158994197845459 0.55678004026412963867 1.1545925140380859375 -0.3570880889892578125 -0.58589518070220947266
-0.59167116880416870117 -0.61854481697082519531 -0.54918104410171508789 -0.50029623508453369141 -0.60289865732192993164 -0.61369699239730834961 -0.64627343416213989258 -0.5163084864616394043 -0.10048444569110870361 0.16013963520526885986 0.73680508136749267578 -0.18887518346309661865 -0.28191375732421875 -0.58210331201553344727 -0.58279335498809814453 -0.3310464024543762207 1.8277624845504760742 2.0638751983642578125 1.9107501506805419922 1.3568201065063476563 0.29485759139060974121 -0.38876861333847045898 -0.63092416524887084961 -0.36330237984657287598 1.7461514472961425781 3.5215160846710205078 -0.32670557498931884766 -0.48574104905128479004 -0.30985242128372192383 1.3606059551239013672 1.7734955549240112305 0.12209139764308929443 1.4824506044387817383 2.5482683181762695313 0.1783532947301864624 -0.12905193865299224854 2.2787528038024902344 0.13368675112724304199 -0.62986272573471069336 -0.52778035402297973633
-0.0088034197688102722168 -0.26874297857284545898 -0.46985974907875061035 0.079278543591499328613 -0.29725512862205505371 -0.28816655278205871582 -0.61376631259918212891 -0.54263710975646972656 -0.13044381141662597656 0.70644044876098632813 0.16558770835399627686 -0.63570863008499145508 -0.53211319446563720703 -0.5949814915657043457 -0.34154605865478515625 -0.30513146519660949707 -0.25302913784980773926 -0.11626383662223815918 -0.50344496965408325195 -0.075365468859672546387 -0.3096821904182434082 -0.57141596078872680664 -0.62499749660491943359 -0.2271547168493270874 3.8422498703002929688 2.4171955585479736328 -0.52522969245910644531 -0.59284859895706176758 -0.38164335489273071289 0.93551814556121826172 1.4777139425277709961 1.6418447494506835938 3.9970307350158691406 1.2770891189575195313 -0.42539301514625549316 0.34450098872184753418 2.4889738559722900391 -0.41578048467636108398 -0.63918054103851318359 -0.57230377197265625
0.20235456526279449463 -0.032195828855037689209 -0.21338011324405670166 0.25953522324562072754 1.4068397283554077148 0.87592715024948120117 -0.64612674713134765625 -0.55152302980422973633 -0.58177495002746582031 -0.51879125833511352539 -0.59729009866714477539 -0.4452196657657623291 -0.18903630971908569336 -0.47080338001251220703 -0.51363694667816162109 -0.5913372039794921875 -0.59203445911407470703 -0.45792356133460998535 -0.52705782651901245117 -0.54004174470901489258 -0.48127469420433044434 -0.49371206760406494141 -0.63628542423248291016 -0.35071837902069091797 5.0459833145141601563 2.3181557655334472656 -0.56009954214096069336 -0.5722802281379699707 -0.40424391627311706543 0.89566177129745483398 4.1608624458312988281 4.02516937255859375 1.5839533805847167969 -0.41091734170913696289 -0.35220676660537719727 0.23289178311824798584 3.1323008537292480469 -0.38293594121932983398 -0.60822278261184692383 -0.52471113204956054688
-0.31286823749542236328 -0.22921188175678253174 -0.16730432212352752686 0.1380564272403717041 0.93365836143493652344 0.45758721232414245605 -0.63152170181274414063 -0.61760681867599487305 -0.70500355958938598633 -0.66616171598434448242 -0.59885799884796142578 -0.37027966976165771484 -0.12151722609996795654 -0.38887929916381835938 -0.45574918389320373535 -0.56594496965408325195 -0.63790202140808105469 -0.64620554447174072266 -0.5930945277214050293 -0.64034384489059448242 -0.46065694093704223633 -0.43445819616317749023 -0.65341627597808837891 -0.5274906158447265625 5.5207614898681640625 2.8794031143188476563 -0.58387047052383422852 -0.44915369153022766113 -0.31944134831428527832 0.68539911508560180664 4.3420925140380859375 0.72856634855270385742 -0.47636324167251586914 -0.12767595052719116211 -0.27786883711814880371 -0.034817159175872802734 3.9075226783752441406 -0.38002255558967590332 -0.55378901958465576172 -0.27128362655639648438
-0.44944590330123901367 -0.37508928775787353516 -0.24910563230514526367 0.40205973386764526367 1.9214874505996704102 -0.45009133219718933105 -0.57016319036483764648 -0.28347763419151306152 -0.59731447696685791016 -0.62877190113067626953 -0.6546166539192199707 -0.60526251792907714844 -0.61617267131805419922 -0.45909413695335388184 -0.49114853143692016602 -0.46963849663734436035 -0.48945677280426025391 -0.48450702428817749023 -0.4280650019645690918 -0.48700693249702453613 -0.2168073803186416626 -0.15639276802539825439 -0.61278796195983886719 -0.48995351791381835938 6.4648146629333496094 2.5394763946533203125 -0.5589306950569152832 -0.33421733975410461426 -0.14138317108154296875 0.12965306639671325684 -0.41488412022590637207 -0.53066122531890869141 -0.056962408125400543213 0.12883560359477996826 -0.39546820521354675293 -0.43134513497352600098 4.4591097831726074219 0.029032440856099128723 -0.62276440858840942383 -0.37985992431640625
-0.20873421430587768555 0.22408625483512878418 0.78069257736206054688 2.1360034942626953125 1.5322344303131103516 -0.40945523977279663086 -0.14566569030284881592 0.72782778739929199219 0.58190262317657470703 -0.38276857137680053711 -0.52553218603134155273 -0.64261162281036376953 -0.60834527015686035156 -0.36245566606521606445 -0.367580413818359375 -0.30108040571212768555 -0.29529210925102233887 -0.25546285510063171387 -0.10990884900093078613 -0.055097796022891998291 0.40795817971229553223 -0.063580565154552459717 -0.64062219858169555664 -0.073919251561164855957 8.6620025634765625 1.1108134984970092773 -0.56170618534088134766 -0.3319651484489440918 -0.076574541628360748291 0.71873366832733154297 -0.0043007475323975086212 -0.25124186277389526367 0.47539219260215759277 0.037435282021760940552 -0.4049320220947265625 -0.30690211057662963867 5.013935089111328125 0.084732614457607269287 -0.66552197933197021484 -0.51627570390701293945
-0.23739150166511535645 -0.12857665121555328369 0.55707252025604248047 0.88902449607849121094 -0.24743138253688812256 -0.18373212218284606934 0.014697949402034282684 -0.17318020761013031006 -0.2978998720645904541 -0.43927276134490966797 -0.52133673429489135742 -0.60785210132598876953 -0.31136733293533325195 -0.19402083754539489746 -0.46352270245552062988 -0.36913213133811950684 0.038050752133131027222 -0.067303843796253204346 0.50742292404174804688 0.71332585811614990234 0.39618211984634399414 -0.40757805109024047852 -0.60587823390960693359 5.8802204132080078125 7.0132842063903808594 -0.32622942328453063965 -0.58831828832626342773 -0.41319373250007629395 -0.14269138872623443604 0.12171851098537445068 0.084935329854488372803 0.24925836920738220215 0.46906736493110656738 0.015832439064979553223 -0.37414574623107910156 1.1476272344589233398 5.4793119430541992188 -0.31864380836486816406 -0.6603463292121887207 -0.58835989236831665039
