INPUT/RASTER/ASCII/fla.asc
ncols        113
nrows        135
xllcorner    473009.983799999987
yllcorner    4429001.174800000153
cellsize     100.000000000000
NODATA_value  -9999
[rows 90 to 107 of 135, columns 0 to 39 of 113]
-9999 -0.55649006366729736328 -0.44436320662498474121 -0.48566633462905883789 -0.26102629303932189941 -0.18303932249546051025 -0.17891860008239746094 -0.18556734919548034668 -0.29193040728569030762 -0.27634209394454956055 -0.29758688807487487793 -0.49829095602035522461 -0.54649645090103149414 -0.31985506415367126465 0.040868900716304779053 1.4658362865447998047 1.1970900297164916992 1.5712600946426391602 3.26470947265625 2.6627984046936035156 -0.048566333949565887451 -0.18563294410705566406 -0.3649037480354309082 -0.57446116209030151367 -0.48969763517379760742 -0.35531637072563171387 -0.52338182926177978516 -0.47287133336067199707 0.2853031456470489502 -0.20031362771987915039 -0.46951898932456970215 -0.17097161710262298584 0.0477008037269115448 -0.5342845916748046875 -0.32370015978813171387 -0.41608199477195739746 -0.53350210189819335938 -0.55097103118896484375 -0.49034067988395690918 -0.17153014242649078369
-9999 -9999 -0.3640352785587310791 -0.60770642757415771484 -0.50305908918380737305 -0.49477490782737731934 -0.189350128173828125 -0.35204800963401794434 -0.56704759597778320313 -0.54660648107528686523 -0.48552468419075012207 -0.58770424127578735352 -0.59919387102127075195 -0.51814436912536621094 -0.39787065982818603516 0.024406319484114646912 1.6950519084930419922 1.9663405418395996094 3.9442083835601806641 1.5715180635452270508 -0.44875311851501464844 -0.44074788689613342285 -0.47436547279357910156 -0.58309590816497802734 -0.66484433412551879883 -0.59545606374740600586 -0.18091927468776702881 -0.2362171560525894165 -0.26954850554466247559 -0.39713194966316223145 -0.45385435223579406738 -0.60989630222320556641 -0.48750326037406921387 -0.12689898908138275146 -0.035951141268014907837 -0.33837261795997619629 -0.46624833345413208008 -0.46992963552474975586 -0.4909388422966003418 -0.55772078037261962891
-9999 -9999 -9999 -9999 -0.40480655431747436523 -0.58144795894622802734 -0.3690318763256072998 -0.36651620268821716309 -0.49856036901473999023 -0.54286462068557739258 -0.58533501625061035156 -0.65536493062973022461 -0.65818822383880615234 -0.42184877395629882813 -0.014989853836596012115 -0.031443487852811813354 0.42029830813407897949 1.7542462348937988281 1.6697837114334106445 0.78037595748901367188 -0.57652699947357177734 -0.52183163166046142578 -0.57222014665603637695 -0.57761645317077636719 -0.5768916010856628418 0.26979407668113708496 1.0290879011154174805 0.026459464803338050842 -0.35942539572715759277 -0.56540310382843017578 -0.52535843849182128906 -0.55522078275680541992 -0.17751096189022064209 0.2022447437047958374 -0.043159138411283493042 -0.41081729531288146973 -0.58084380626678466797 -0.59443295001983642578 -0.68773567676544189453 -0.70513707399368286133
-9999 -9999 -9999 -9999 -9999 -9999 -0.2312794029712677002 -0.20810618996620178223 -0.371349334716796875 -0.47514638304710388184 -0.5305373072624206543 -0.60416454076766967773 -0.58200526237487792969 -0.2829075157642364502 0.3414541780948638916 1.451363682746887207 1.2294336557388305664 0.039908908307552337646 -0.57650285959243774414 -0.43060207366943359375 -0.14170970022678375244 -0.18008267879486083984 -0.427143096923828125 -0.50696408748626708984 -0.22133618593215942383 2.0837144851684570313 0.27727431058883666992 -0.38844949007034301758 -0.54875522851943969727 -0.63874036073684692383 -0.6376927495002746582 -0.42083176970481872559 0.47048065066337585449 -0.10852120816707611084 0.18712486326694488525 -0.15231515467166900635 -0.52767705917358398438 -0.61027216911315917969 -0.63840180635452270508 -0.57154726982116699219
-9999 -9999 -9999 -9999 -9999 -9999 -0.2670993506908416748 -0.26845368742942810059 -0.27369841933250427246 -0.17888045310974121094 -0.36542043089866638184 -0.49082386493682861328 -0.60702902078628540039 -0.46370771527290344238 -0.29539456963539123535 -0.14642769098281860352 0.74438554048538208008 2.1864228248596191406 -0.52990919351577758789 0.15526743233203887939 0.30426573753356933594 -0.3182175755500793457 -0.52432590723037719727 -0.27593624591827392578 1.16489410400390625 1.6665086746215820313 -0.25716277956962585449 -0.57057338953018188477 -0.65195357799530029297 -0.65301316976547241211 -0.53299164772033691406 0.022304261103272438049 0.82327836751937866211 -0.324672698974609375 -0.067005231976509094238 0.59111183881759643555 -0.21637901663780212402 -0.48953136801719665527 -0.55926692485809326172 -0.36461299657821655273
-9999 -9999 -9999 -9999 -9999 -9999 -9999 0.042301438748836517334 0.13809475302696228027 -0.10839720070362091064 -0.30847835540771484375 -0.38863539695739746094 -0.64877235889434814453 -0.59500277042388916016 -0.49539780616760253906 -0.44621095061302185059 -0.44184914231300354004 0.3340676426887512207 -0.11433658003807067871 1.0691088438034057617 0.013251428492367267609 -0.33317992091178894043 -0.094079181551933288574 1.1326946020126342773 0.18487012386322021484 -0.19385528564453125 -0.35840654373168945313 -0.57999366521835327148 -0.52675658464431762695 -0.42506486177444458008 -0.30984824895858764648 0.4106998145580291748 0.49356487393379211426 -0.12124911695718765259 -0.40156611800193786621 -0.12419321388006210327 -0.33031830191612243652 -0.4420929253101348877 -0.32548624277114868164 -0.28289681673049926758
-9999 -9999 -9999 -9999 -9999 -9999 -9999 0.17087216675281524658 -0.11851115524768829346 -0.27422338724136352539 -0.076263017952442169189 -0.42538997530937194824 -0.61487400531768798828 -0.59594374895095825195 -0.57035225629806518555 -0.52815914154052734375 -0.48792299628257751465 -0.41089904308319091797 0.7258135676383972168 0.26649498939514160156 0.3033078312873840332 0.48891934752464294434 1.0623401403427124023 0.46816751360893249512 -0.38220947980880737305 -0.42212545871734619141 -0.52266615629196166992 -0.64723759889602661133 -0.58548623323440551758 -0.19408978521823883057 0.11375343799591064453 0.45529720187187194824 -0.50512558221817016602 0.11103346943855285645 -0.15131098031997680664 0.10387418419122695923 -0.17968344688415527344 -0.45263338088989257813 -0.43912148475646972656 -0.47829431295394897461
-9999 -9999 -9999 -9999 -9999 -9999 -9999 -0.27972367405891418457 -0.39468345046043395996 -0.26256459951400756836 -0.16200573742389678955 -0.48284947872161865234 -0.4752998650074005127 -0.5414422154426574707 -0.39132517576217651367 -0.23423026502132415771 -0.060544800013303756714 2.1186537742614746094 0.74790591001510620117 1.0110405683517456055 0.84077048301696777344 -0.29105344414710998535 -0.25302222371101379395 -0.12366742640733718872 -0.2107000201940536499 -0.35982826352119445801 -0.55492544174194335938 -0.62220346927642822266 -0.54664391279220581055 -0.34699127078056335449 -0.18910367786884307861 -0.47745743393898010254 -0.63721549510955810547 0.0053128479048609733582 -0.30602851510047912598 -0.40215924382209777832 -0.28373011946678161621 -0.44566333293914794922 -0.52298003435134887695 -0.62008023262023925781
-9999 -9999 -9999 -9999 -9999 -9999 -9999 -9999 -9999 -9999 -0.47007143497467041016 -0.45434802770614624023 -0.3850974738597869873 -0.58870416879653930664 -0.47907271981239318848 -0.11386779695749282837 0.25270408391952514648 2.7988932132720947266 2.3212137222290039063 0.79255902767181396484 -0.22051393985748291016 -0.44174012541770935059 -0.48139354586601257324 -0.29589784145355224609 -0.21442374587059020996 -0.50602030754089355469 -0.64201956987380981445 -0.53666383028030395508 -0.25257882475852966309 0.1794185936450958252 0.11547289043664932251 -0.16771112382411956787 -0.61361891031265258789 -0.084765411913394927979 0.099025815725326538086 -0.26951846480369567871 -0.49333041906356811523 -0.60759538412094116211 -0.5942287445068359375 -0.59668314456939697266
-9999 -9999 -9999 -9999 -9999 -9999 -9999 -9999 -9999 -9999 -9999 -9999 -0.64797747135162353516 -0.64157450199127197266 -0.5120894312858581543 -0.22412256896495819092 -0.38378360867500305176 0.12585052847862243652 -0.10823301970958709717 -0.35217359662055969238 -0.36845684051513671875 -0.52772003412246704102 -0.36797326803207397461 0.076877363026142120361 -0.40078085660934448242 -0.60216659307479858398 -0.55780053138732910156 -0.48736238479614257813 -0.061496604233980178833 0.37930637598037719727 -0.13827267289161682129 -0.21159294247627258301 -0.36919361352920532227 -0.38471543788909912109 -0.41374379396438598633 -0.54636162519454956055 -0.64967060089111328125 -0.66641026735305786133 -0.4415639042854309082 -0.1500275731086730957
-9999 -9999 -9999 -9999 -9999 -9999 -9999 -9999 -9999 -9999 -9999 -9999 -0.62703889608383178711 -0.56853771209716796875 -0.4634698331356048584 -0.087763346731662750244 -0.12921719253063201904 0.090649366378784179688 -0.17823672294616699219 -0.1202502325177192688 0.010692026466131210327 -0.45304834842681884766 0.31370711326599121094 -0.072731576859951019287 -0.58690756559371948242 -0.49176111817359924316 -0.30306124687194824219 -0.49293085932731628418 -0.46876892447471618652 -0.5063406825065612793 -0.51740294694900512695 -0.54087728261947631836 -0.50847738981246948242 -0.55948942899703979492 -0.61008977890014648438 -0.67017978429794311523 -0.63043093681335449219 -0.53543370962142944336 -0.39394801855087280273 0.93333458900451660156
-9999 -9999 -9999 -9999 -9999 -9999 -9999 -9999 -9999 -9999 -9999 -9999 -0.63477402925491333008 -0.61416172981262207031 -0.61670291423797607422 -0.58160239458084106445 -0.29930332303047180176 -0.27903398871421813965 -0.36375015974044799805 -0.26916703581809997559 -0.2342920452356338501 -0.37102165818214416504 0.19278821349143981934 0.33508166670799255371 0.24745440483093261719 -0.098484843969345092773 -0.02697177790105342865 -0.41696175932884216309 -0.59281486272811889648 -0.64464586973190307617 -0.58015918731689453125 -0.62051761150360107422 -0.63610231876373291016 -0.55060023069381713867 -0.56851404905319213867 -0.62532621622085571289 -0.60979056358337402344 -0.43150505423545837402 -0.23905289173126220703 1.0438034534454345703
-9999 -9999 -9999 -9999 -9999 -9999 -9999 -9999 -9999 -9999 -9999 -9999 -9999 -9999 -9999 -0.67619454860687255859 -0.4648017585277557373 -0.38453623652458190918 -0.52094507217407226563 -0.45358297228813171387 -0.3641872107982635498 -0.30701783299446105957 1.0794966220855712891 2.4131112098693847656 1.7168062925338745117 0.2838560938835144043 -0.19331786036491394043 -0.5563805699348449707 -0.64502221345901489258 -0.34639248251914978027 -0.24004416167736053467 -0.55653733015060424805 -0.52908593416213989258 -0.27018314599990844727 -0.33465841412544250488 -0.47814643383026123047 -0.60144865512847900391 -0.47748380899429321289 -0.23466604948043823242 0.069520749151706695557
-9999 -9999 -9999 -9999 -9999 -9999 -9999 -9999 -9999 -9999 -9999 -9999 -9999 -9999 -9999 -9999 -0.55504345893859863281 -0.52073848247528076172 -0.61166805028915405273 -0.60828167200088500977 -0.45020097494125366211 -0.076234444975852966309 1.2645285129547119141 0.64862829446792602539 1.5440435409545898438 0.039392940700054168701 -0.074693255126476287842 -0.48460623621940612793 -0.52421778440475463867 -0.17491017282009124756 0.74615454673767089844 -0.33926337957382202148 -0.2993157804012298584 0.06558427959680557251 0.11897901445627212524 -0.32089346647262573242 -0.54175657033920288086 -0.45835345983505249023 -0.25266927480697631836 0.20332041382789611816
-9999 -9999 -9999 -9999 -9999 -9999 -9999 -9999 -9999 -9999 -9999 -9999 -9999 -9999 -9999 -9999 -9999 -0.40008154511451721191 -0.44602248072624206543 -0.5760142207145690918 -0.50124609470367431641 0.42410713434219360352 0.25921368598937988281 -0.30235236883163452148 0.94413924217224121094 0.18596754968166351318 -0.23437862098217010498 -0.42432776093482971191 -0.58778309822082519531 -0.61443316936492919922 -0.29100242257118225098 -0.14847534894943237305 0.84532368183135986328 -0.0086253629997372627258 -0.12361139804124832153 -0.48558861017227172852 -0.46288242936134338379 -0.40248861908912658691 -0.25258740782737731934 -0.53051704168319702148
-9999 -9999 -9999 -9999 -9999 -9999 -9999 -9999 -9999 -9999 -9999 -9999 -9999 -9999 -9999 -9999 -9999 -0.20883123576641082764 -0.30148226022720336914 -0.52090078592300415039 -0.54112744331359863281 0.25329834222793579102 0.62157636880874633789 -0.46196249127388000488 -0.052099961787462234497 0.10514854639768600464 -0.2055861353874206543 -0.47997590899467468262 -0.63959920406341552734 -0.64602309465408325195 -0.50794237852096557617 0.0045301504433155059814 1.7980476617813110352 -0.50627636909484863281 -0.63900655508041381836 -0.66530692577362060547 -0.47044312953948974609 0.033332753926515579224 0.061886217445135116577 -0.5054213404655456543
-9999 -9999 -9999 -9999 -9999 -9999 -9999 -9999 -9999 -9999 -9999 -9999 -9999 -9999 -9999 -9999 -9999 -0.47406914830207824707 -0.49856010079383850098 -0.56743407249450683594 -0.56276464462280273438 -0.25258913636207580566 0.61313384771347045898 -0.13947197794914245605 -0.41926592588424682617 -0.26851186156272888184 -0.41563567519187927246 -0.56100553274154663086 -0.65795487165451049805 -0.56966602802276611328 -0.3659833073616027832 0.16462238132953643799 0.28007501363754272461 -0.58527940511703491211 -0.58818519115447998047 -0.49961018562316894531 -0.55917030572891235352 0.26900652050971984863 0.32730585336685180664 -0.24579012393951416016
-9999 -9999 -9999 -9999 -9999 -9999 -9999 -9999 -9999 -9999 -9999 -9999 -9999 -9999 -9999 -9999 -9999 -9999 -0.5997835993766784668 -0.64681547880172729492 -0.63980627059936523438 -0.55152505636215209961 -0.19471374154090881348 0.033344294875860214233 -0.40834018588066101074 -0.53907251358032226563 -0.58779150247573852539 -0.6610304713249206543 -0.56380701065063476563 -0.2445681840181350708 0.32664495706558227539 0.41787669062614440918 -0.48545062541961669922 -0.59956401586532592773 -0.44608199596405029297 -0.38719835877418518066 -0.16253721714019775391 0.69695931673049926758 0.88595050573348999023 -0.29819756746292114258
