INPUT/RASTER/ASCII/fla.asc
ncols        113
nrows        135
xllcorner    473009.983799999987
yllcorner    4429001.174800000153
cellsize     100.000000000000
NODATA_value  -9999
[rows 72 to 89 of 135, columns 0 to 39 of 113]
-9999 -9999 -9999 -0.52935099601745605469 -0.4532566070556640625 -0.51209318637847900391 -0.32684734463691711426 -0.36608222126960754395 1.2086814641952514648 0.98433023691177368164 0.068112157285213470459 -0.083981595933437347412 -0.36522561311721801758 -0.52211433649063110352 -0.20798878371715545654 0.15629631280899047852 0.20068067312240600586 -0.12146195769309997559 0.17000150680541992188 3.1270453929901123047 1.1072504520416259766 -0.2278811335563659668 0.34219479560852050781 1.9256569147109985352 1.4752941131591796875 0.21707653999328613281 0.45481753349304199219 -0.32271802425384521484 -0.5434672236442565918 -0.48101884126663208008 -0.010837295092642307281 -0.16047944128513336182 -0.36698424816131591797 -0.521266937255859375 -0.48185002803802490234 -0.042148761451244354248 -0.33410295844078063965 -0.53208023309707641602 -0.54350900650024414063 1.765841364860534668
-9999 -9999 -9999 -0.66190028190612792969 -0.40048882365226745605 -0.29698675870895385742 -0.26319077610969543457 -0.42467772960662841797 0.36007347702980041504 0.072490468621253967285 -0.35105982422828674316 -0.45837479829788208008 -0.5389054417610168457 -0.46336868405342102051 -0.074766367673873901367 1.1290749311447143555 0.11279776692390441895 0.067178450524806976318 1.3730620145797729492 3.6483299732208251953 0.25827783346176147461 0.37197542190551757813 2.10638427734375 1.5092908143997192383 0.099407762289047241211 0.82568097114562988281 0.63612025976181030273 -0.44096484780311584473 -0.5367310643196105957 -0.23700463771820068359 0.35878661274909973145 -0.35950842499732971191 -0.50928127765655517578 -0.36541786789894104004 -0.41907534003257751465 -0.24857752025127410889 -0.38970255851745605469 -0.48797506093978881836 -0.50065624713897705078 -0.32493057847023010254
-9999 -9999 -0.72706580162048339844 -0.65462279319763183594 -0.15120223164558410645 -0.31684112548828125 -0.57933586835861206055 -0.63711512088775634766 -0.43914657831192016602 -0.044450990855693817139 -0.19394248723983764648 -0.40601441264152526855 -0.46111330389976501465 -0.34804058074951171875 0.050323709845542907715 1.9851706027984619141 0.10569989681243896484 0.46483537554740905762 3.1725544929504394531 3.547576904296875 1.8028930425643920898 2.1832563877105712891 0.71829134225845336914 0.07006575167179107666 0.52574962377548217773 1.3424419164657592773 0.23961156606674194336 -0.51642984151840209961 -0.53031700849533081055 -0.10738153010606765747 -0.14740665256977081299 -0.6201165318489074707 -0.52322036027908325195 0.17569272220134735107 -0.13512168824672698975 -0.44110280275344848633 -0.50079905986785888672 -0.40948525071144104004 -0.43248808383941650391 0.10643785446882247925
-9999 -9999 -0.72002643346786499023 -0.6436411738395690918 -0.44250383973121643066 -0.42492407560348510742 -0.49356994032859802246 -0.57357865571975708008 -0.33702209591865539551 -0.29922157526016235352 -0.40209209918975830078 -0.42018094658851623535 -0.40501353144645690918 -0.34191107749938964844 0.2617581486701965332 2.8296647071838378906 0.5984897613525390625 0.34311142563819885254 4.0470142364501953125 3.7695538997650146484 1.5133459568023681641 0.1251862943172454834 0.13917875289916992188 0.77209937572479248047 0.92990636825561523438 0.83746689558029174805 0.14963835477828979492 -0.44073447585105895996 -0.5157286524772644043 -0.11644529551267623901 -0.16989941895008087158 -0.49055728316307067871 -0.50671213865280151367 0.045303288847208023071 -0.17062979936599731445 -0.44010919332504272461 -0.47246959805488586426 -0.33359467983245849609 -0.3878663480281829834 -0.2479171454906463623
-9999 -9999 -0.68352407217025756836 -0.46250441670417785645 -0.287288665771484375 -0.24923630058765411377 -0.36528933048248291016 -0.34096229076385498047 0.0642469748854637146 -0.1884383857250213623 -0.13954880833625793457 -0.33219704031944274902 -0.53455364704132080078 -0.37743368744850158691 0.29227480292320251465 2.9768249988555908203 0.44553497433662414551 0.36204758286476135254 0.25856775045394897461 0.15905675292015075684 -0.12217408418655395508 0.32021215558052062988 0.92539221048355102539 0.93069189786911010742 0.43009966611862182617 0.27272078394889831543 0.65191751718521118164 0.079035453498363494873 -0.49901846051216125488 -0.00036158287548460066319 -0.048953004181385040283 -0.32810792326927185059 -0.4846159517765045166 -0.43159317970275878906 -0.35220468044281005859 -0.26450398564338684082 -0.33889430761337280273 -0.29864546656608581543 -0.30901557207107543945 -0.055787093937397003174
-9999 -9999 -0.67524647712707519531 -0.26374417543411254883 0.24300603568553924561 -0.00041486773989163339138 -0.21905840933322906494 0.16737031936645507813 0.3149623572826385498 0.24846886098384857178 -0.11606574058532714844 -0.55212396383285522461 -0.59996873140335083008 -0.33052527904510498047 -0.0029351704288274049759 0.64865708351135253906 0.36909735202789306641 -0.0021555742714554071426 -0.32835948467254638672 -0.10700904577970504761 0.58669930696487426758 1.1641762256622314453 0.66275274753570556641 0.63434469699859619141 -0.073857627809047698975 -0.052045151591300964355 0.64500129222869873047 1.5448784828186035156 -0.37307465076446533203 0.66987210512161254883 -0.1259514540433883667 -0.385463714599609375 -0.53943651914596557617 -0.081940449774265289307 0.075857020914554595947 -0.1134479716420173645 -0.31759184598922729492 -0.29161113500595092773 -0.11244054138660430908 0.14377844333648681641
-9999 -9999 -9999 -0.68166631460189819336 -0.33977141976356506348 -0.21101061999797821045 0.11828488856554031372 0.70130783319473266602 0.56834578514099121094 0.3212178349494934082 -0.36374291777610778809 -0.50851410627365112305 -0.51408380270004272461 -0.34264263510704040527 0.23126719892024993896 1.5170732736587524414 0.39628371596336364746 -0.39091458916664123535 0.36021199822425842285 1.1759542226791381836 1.5369145870208740234 0.60878151655197143555 -0.021946629509329795837 0.4991365969181060791 0.36389809846878051758 0.099592424929141998291 0.20261530578136444092 2.7467541694641113281 0.10162553936243057251 0.1630843430757522583 -0.37535721063613891602 -0.48410627245903015137 -0.54589504003524780273 -0.21894299983978271484 0.31202375888824462891 -0.20990140736103057861 -0.33645424246788024902 -0.19737823307514190674 0.16448408365249633789 -0.20478732883930206299
-9999 -9999 -9999 -0.63264226913452148438 -0.29604166746139526367 0.23902146518230438232 0.99382615089416503906 0.82565748691558837891 0.7425835728645324707 0.04396532103419303894 -0.33038660883903503418 -0.4168605506420135498 -0.40201398730278015137 -0.2861912846565246582 0.11800168454647064209 2.0089571475982666016 2.3119628429412841797 2.4767327308654785156 2.7298569679260253906 1.5180773735046386719 0.78927052021026611328 -0.0477160625159740448 -0.27827361226081848145 -0.03381267935037612915 0.82884693145751953125 2.0228142738342285156 1.8816359043121337891 0.99530446529388427734 -0.37001499533653259277 -0.48212975263595581055 -0.34899345040321350098 -0.41723152995109558105 -0.43162831664085388184 -0.16810329258441925049 -0.15591183304786682129 -0.39697968959808349609 -0.41171407699584960938 -0.091421142220497131348 0.15102945268154144287 0.29671880602836608887
-9999 -9999 -9999 -0.69408684968948364258 1.1827476024627685547 1.5118929147720336914 0.92477250099182128906 0.67091447114944458008 0.7635046839714050293 0.17549462616443634033 -0.31118538975715637207 -0.40998131036758422852 -0.23284836113452911377 -0.030659619718790054321 -0.06925357133150100708 0.50769543647766113281 2.0847628116607666016 1.5205075740814208984 0.036332570016384124756 0.27808415889739990234 0.23902066051959991455 -0.25712317228317260742 -0.34634232521057128906 -0.31082120537757873535 -0.065179415047168731689 0.17730550467967987061 2.5306255817413330078 0.66248297691345214844 -0.62853616476058959961 -0.11815514415502548218 -0.38854688405990600586 -0.50384569168090820313 -0.085086949169635772705 0.1337105482816696167 -0.39779514074325561523 -0.58087158203125 -0.43347629904747009277 0.22468285262584686279 -0.034733828157186508179 0.055357806384563446045
-9999 -9999 -0.56966835260391235352 -0.6102924346923828125 1.0211913585662841797 0.38277295231819152832 0.15467448532581329346 1.0752850770950317383 1.2940713167190551758 -0.11725402623414993286 -0.47203740477561950684 -0.39106297492980957031 -0.068065442144870758057 0.32596832513809204102 0.35936909914016723633 1.5091619491577148438 0.85418951511383056641 0.29602995514869689941 0.16012601554393768311 0.35363739728927612305 0.1578540802001953125 -0.33679941296577453613 -0.29589965939521789551 -0.5076166987419128418 -0.50430983304977416992 -0.36523601412773132324 0.051594920456409454346 -0.037400256842374801636 -0.52475798130035400391 0.38568377494812011719 -0.29597887396812438965 -0.59473633766174316406 -0.50307297706604003906 -0.56484210491180419922 -0.65514135360717773438 -0.60783720016479492188 -0.3785763084888458252 -0.24915668368339538574 -0.28688454627990722656 -0.12155581265687942505
-9999 -0.69017446041107177734 -0.50076115131378173828 -0.57556653022766113281 -0.58525693416595458984 -0.53060770034790039063 -0.21018525958061218262 2.4302375316619873047 0.61338961124420166016 -0.34523907303810119629 -0.43618169426918029785 -0.36189433932304382324 -0.14358289539813995361 0.44943404197692871094 0.34413510560989379883 -0.14433509111404418945 -0.1277583688497543335 -0.020109573379158973694 -0.096066884696483612061 0.61164230108261108398 0.21372306346893310547 -0.20625983178615570068 -0.26410400867462158203 -0.44848003983497619629 -0.45099931955337524414 -0.13538257777690887451 -0.041442736983299255371 0.52528840303421020508 -0.26117470860481262207 -0.35447767376899719238 -0.083085767924785614014 -0.34761908650398254395 -0.49567595124244689941 -0.59450060129165649414 -0.60501873493194580078 -0.47717556357383728027 -0.46988147497177124023 -0.54537123441696166992 -0.43368440866470336914 0.070653714239597320557
-9999 -0.57074052095413208008 -0.5684947967529296875 -0.58112275600433349609 -0.50872242450714111328 -0.53541481494903564453 -0.44446200132369995117 -0.2371082603931427002 -0.51966869831085205078 -0.62500983476638793945 -0.45283919572830200195 -0.27621826529502868652 -0.18076592683792114258 0.59622275829315185547 0.15911044180393218994 -0.27796339988708496094 -0.20629353821277618408 -0.12320627272129058838 0.56897050142288208008 1.1092975139617919922 -0.045306701213121414185 -0.27216324210166931152 -0.31240922212600708008 -0.36233553290367126465 -0.31734925508499145508 -0.22299692034721374512 -0.61886751651763916016 -0.37847536802291870117 0.3034152984619140625 -0.062720887362957000732 -0.15045899152755737305 -0.24812270700931549072 -0.41717866063117980957 -0.55708020925521850586 -0.55871105194091796875 -0.37037536501884460449 -0.29227358102798461914 -0.13396924734115600586 0.40513846278190612793 1.097209930419921875
-9999 -0.51620131731033325195 -0.46597629785537719727 -0.45553964376449584961 -0.38005584478378295898 -0.43410584330558776855 -0.39327356219291687012 -0.42408651113510131836 -0.54012244939804077148 -0.58467501401901245117 -0.29620665311813354492 -0.16153258085250854492 0.11811730265617370605 0.99254751205444335938 0.64188885688781738281 0.37453573942184448242 0.072701416909694671631 0.23847244679927825928 1.4831819534301757813 0.2416083216667175293 -0.54057276248931884766 -0.54603540897369384766 -0.15685312449932098389 -0.30501565337181091309 -0.4536698758602142334 -0.4308338463306427002 -0.42968979477882385254 0.055980037897825241089 0.76294565200805664063 0.51082694530487060547 -0.11104532331228256226 -0.34959164261817932129 -0.44217631220817565918 -0.55781126022338867188 -0.52101939916610717773 -0.34689220786094665527 -0.4807783663272857666 -0.46108224987983703613 0.0883943215012550354 0.38172015547752380371
-9999 -0.67547947168350219727 -0.39941719174385070801 -0.3796126246452331543 -0.36631098389625549316 -0.20727804303169250488 -0.04570094868540763855 -0.34845581650733947754 -0.40931531786918640137 -0.42319136857986450195 -0.35615748167037963867 -0.32373830676078796387 -0.26849421858787536621 0.068605296313762664795 0.0057689216919243335724 -0.15257100760936737061 0.099409386515617370605 1.3862681388854980469 0.84751772880554199219 -0.29530340433120727539 -0.54103904962539672852 -0.53039085865020751953 -0.043475441634654998779 -0.032282620668411254883 -0.22531409561634063721 -0.035192087292671203613 -0.12084449827671051025 0.51766151189804077148 0.08872292935848236084 0.031851302832365036011 -0.10630556195974349976 -0.52477049827575683594 -0.57932746410369873047 -0.46142601966857910156 -0.30843409895896911621 -0.46051844954490661621 -0.66913312673568725586 -0.57912385463714599609 -0.58681702613830566406 -0.53010976314544677734
-0.033237326890230178833 -0.58279961347579956055 -0.41947379708290100098 -0.4012203216552734375 -0.40683326125144958496 -0.24271735548973083496 0.08469320833683013916 -0.40614682435989379883 -0.14984901249408721924 -0.44884976744651794434 -0.56944197416305541992 -0.53811675310134887695 -0.58692091703414916992 -0.47644746303558349609 -0.35470873117446899414 -0.21189475059509277344 0.70668834447860717773 1.1716045141220092773 0.16097755730152130127 -0.3088092803955078125 -0.44465836882591247559 -0.42138180136680603027 -0.0311096925288438797 0.39147239923477172852 0.055938806384801864624 0.096426658332347869873 -0.34102785587310791016 -0.39607730507850646973 -0.14601545035839080811 -0.39413926005363464355 -0.50086838006973266602 -0.60664063692092895508 -0.52485293149948120117 0.0037228949368000030518 0.2414881289005279541 -0.40756914019584655762 -0.60273087024688720703 -0.64643567800521850586 -0.67499834299087524414 -0.58651894330978393555
-0.54523015022277832031 -0.40521144866943359375 -0.59182071685791015625 -0.63597518205642700195 -0.41527971625328063965 -0.32087156176567077637 -0.13138188421726226807 -0.34531217813491821289 0.05707075074315071106 0.020688530057668685913 -0.33975455164909362793 -0.52414411306381225586 -0.57676482200622558594 -0.42603361606597900391 -0.45542770624160766602 -0.49330806732177734375 0.95415586233139038086 1.1430847644805908203 0.11801023036241531372 -0.049499630928039550781 -0.30524069070816040039 -0.21104326844215393066 0.30847218632698059082 0.32957410812377929688 0.15065076947212219238 -0.14760494232177734375 -0.43789917230606079102 -0.55173414945602416992 -0.59809052944183349609 -0.57773244380950927734 -0.66529595851898193359 -0.62347000837326049805 -0.065523475408554077148 1.3873751163482666016 0.48963826894760131836 -0.15405480563640594482 -0.45360463857650756836 -0.60192513465881347656 -0.61582762002944946289 -0.51116806268692016602
-0.58282947540283203125 -0.57233870029449462891 -0.61410820484161376953 -0.58934301137924194336 -0.4259046018123626709 0.23170751333236694336 0.97960335016250610352 1.1441262960433959961 0.85059523582458496094 0.56677836179733276367 0.25908586382865905762 -0.21568733453750610352 -0.48137778043746948242 -0.11929801851511001587 -0.17212888598442077637 -0.49830704927444458008 0.47570326924324035645 2.2610700130462646484 0.61498564481735229492 0.28811553120613098145 0.23141393065452575684 0.070185586810111999512 -0.044199872761964797974 -0.43164640665054321289 -0.51759320497512817383 -0.46822217106819152832 -0.47351402044296264648 -0.59079825878143310547 -0.6547024846076965332 -0.66325354576110839844 -0.61054843664169311523 -0.56822365522384643555 0.013651267625391483307 2.4238965511322021484 -0.12486532330513000488 -0.47378495335578918457 -0.63292509317398071289 -0.67026150226593017578 -0.61238199472427368164 -0.4441610872745513916
-0.61200475692749023438 -0.62630951404571533203 -0.59362941980361938477 -0.45241647958755493164 -0.33144712448120117188 1.7715919017791748047 1.1706728935241699219 0.55957305431365966797 0.073897682130336761475 -0.19201731681823730469 -0.39845076203346252441 -0.55485856533050537109 -0.64311230182647705078 -0.18296615779399871826 0.69799023866653442383 0.46761035919189453125 -0.12074311822652816772 2.2578189373016357422 2.1247377395629882813 2.1868135929107666016 0.61913532018661499023 -0.08103516697883605957 -0.27924427390098571777 -0.50408715009689331055 -0.56059890985488891602 -0.48870888352394104004 -0.57547384500503540039 -0.55072319507598876953 -0.43032166361808776855 -0.43645489215850830078 -0.49863353371620178223 -0.37106013298034667969 0.11099676042795181274 0.075289346277713775635 -0.4284572303295135498 -0.47388508915901184082 -0.59434801340103149414 -0.66517353057861328125 -0.5716450810432434082 -0.27277103066444396973
