INPUT/RASTER/ASCII/gndvi.asc
ncols        113
nrows        135
xllcorner    473009.983799999987
yllcorner    4429001.174800000153
cellsize     100.000000000000
NODATA_value  -9999
[rows 0 to 17 of 135, columns 0 to 39 of 113]
-9999.0 -9999 -9999 -9999 -9999 -9999 -9999 -9999 -9999 -9999 -9999 -9999 -9999 -9999 -9999 -9999 -9999 -9999 -9999 -9999 -9999 -9999 1.2647383213043212891 0.75822508335113525391 0.15232923626899719238 -1.6779119968414306641 -1.0358672142028808594 0.62534886598587036133 -1.2753634452819824219 -1.6824797391891479492 -0.20860937237739562988 0.049030158668756484985 -0.62126237154006958008 0.32133489847183227539 0.92460519075393676758 -9999 -9999 -9999 -9999 -9999
-9999 -9999 -9999 -9999 -9999 -9999 -9999 -9999 -9999 -9999 -9999 -9999 -9999 -9999 -9999 -9999 -9999 -9999 -9999 -9999 0.12224260717630386353 -0.46432450413703918457 -0.20967139303684234619 0.3115552067756652832 -0.056042980402708053589 -1.5267020463943481445 -0.68028295040130615234 0.43643558025360107422 -0.97959154844284057617 -1.0387532711029052734 -0.087201960384845733643 0.14504310488700866699 -0.08419834822416305542 0.28487613797187805176 0.49803346395492553711 0.22708395123481750488 -9999 -9999 -9999 -9999
-9999 -9999 -9999 -9999 -9999 -9999 -9999 -9999 -9999 -9999 -9999 -9999 -9999 -9999 -9999 -9999 -9999 -9999 -9999 -9999 -0.38036331534385681152 -0.78491026163101196289 -0.41028815507888793945 0.21815572679042816162 -0.11904142051935195923 -0.44835227727890014648 0.4725558161735534668 0.25823891162872314453 -0.90345925092697143555 -0.33587309718132019043 -0.4010696113109588623 0.0060099107213318347931 0.49804610013961791992 0.61501145362854003906 0.27719351649284362793 -0.066106088459491729736 -0.24858641624450683594 -9999 -9999 -9999
-9999 -9999 -9999 -9999 -9999 -9999 -9999 -9999 -9999 -9999 -9999 -9999 -9999 -9999 -9999 -9999 -9999 -9999 -9999 -9999 -0.36913719773292541504 -0.76119351387023925781 -0.17175699770450592041 0.16244570910930633545 0.36385884881019592285 0.3655376434326171875 1.0625035762786865234 0.5833504796028137207 -0.39390510320663452148 -0.72102367877960205078 -1.0291801691055297852 -0.75000292062759399414 0.25761753320693969727 0.4814421534538269043 0.13458582758903503418 -0.26505494117736816406 -0.92854559421539306641 -1.1573842763900756836 0.010474882088601589203 -0.70809119939804077148
-9999 -9999 -9999 -9999 -9999 -9999 -9999 -9999 -9999 -9999 -9999 -9999 -9999 -9999 -9999 -9999 -9999 -9999 -9999 -9999 -0.22640958428382873535 -0.26634818315505981445 -0.22801667451858520508 -0.58090204000473022461 0.76483589410781860352 1.0203381776809692383 0.82473891973495483398 0.074321337044239044189 -0.17608484625816345215 -1.1649268865585327148 -1.3215078115463256836 -0.91304785013198852539 -0.29373300075531005859 -0.32637515664100646973 -1.1944161653518676758 -0.60357230901718139648 -0.56065416336059570313 -0.49682953953742980957 -0.22450815141201019287 -0.91484540700912475586
-9999 -9999 -9999 -9999 -9999 -9999 -9999 -9999 -9999 -9999 -9999 -9999 -9999 -9999 -9999 -9999 -9999 -9999 -9999 0.53987181186676025391 -0.22886583209037780762 -0.54593962430953979492 -0.34648588299751281738 -0.18800635635852813721 0.43830543756484985352 0.78501605987548828125 0.05123510211706161499 -0.16704130172729492188 -0.49623453617095947266 -1.1632767915725708008 -0.68459588289260864258 -0.78445756435394287109 -0.81174945831298828125 -0.95610022544860839844 -1.5177547931671142578 -1.0736387968063354492 -0.81826215982437133789 -0.33251088857650756836 -0.082667566835880279541 -1.0788140296936035156
-9999 -9999 -9999 -9999 -9999 -9999 -9999 -9999 -9999 -9999 -9999 -9999 -9999 -9999 -9999 -9999 -9999 -9999 -0.71795004606246948242 0.40047538280487060547 -0.36608368158340454102 -0.86341619491577148438 -0.48827770352363586426 -0.15978328883647918701 0.7545140385627746582 0.18494154512882232666 0.1366748809814453125 -0.68860125541687011719 -0.95774865150451660156 -0.65095770359039306641 -0.62452876567840576172 -0.72974419593811035156 -0.81906598806381225586 -1.740305781364440918 -1.7411015033721923828 -1.604802250862121582 -1.3636869192123413086 -0.92544728517532348633 -1.2514469623565673828 -1.4356732368469238281
-9999 -9999 -9999 -9999 -9999 -9999 -9999 -9999 -9999 -9999 -9999 -9999 -9999 -9999 -9999 -9999 -9999 -9999 0.059356048703193664551 0.15753895044326782227 -0.6314907073974609375 -0.95396643877029418945 -0.34578418731689453125 0.86059927940368652344 0.97859394550323486328 -0.11233650892972946167 -0.61435949802398681641 -0.68377655744552612305 -0.76695054769515991211 -0.73240697383880615234 -0.81550526618957519531 -0.58969545364379882813 -1.4858092069625854492 -1.9942209720611572266 -1.3066538572311401367 -0.73327565193176269531 -0.64124226570129394531 -1.1708445549011230469 -1.64035797119140625 -1.7897939682006835938
-9999 -9999 -9999 -9999 -9999 -9999 -9999 -9999 -9999 -9999 -9999 -9999 -9999 -9999 -9999 -9999 -9999 -9999 -0.1288038790225982666 0.14504081010818481445 -0.93654203414916992188 -0.20278860628604888916 0.070809945464134216309 -0.079741410911083221436 0.24662724137306213379 -0.32438880205154418945 -0.72231632471084594727 -0.58236914873123168945 -0.52643764019012451172 -0.67965757846832275391 -0.65622705221176147461 -0.24140757322311401367 -1.1045039892196655273 -1.6134998798370361328 -1.1199277639389038086 -0.80976307392120361328 -0.40649390220642089844 -0.40688520669937133789 -0.51471525430679321289 -1.3574937582015991211
-9999 -9999 -9999 -9999 -9999 -9999 -9999 -9999 -9999 -9999 -9999 -9999 -9999 -9999 -9999 -9999 -9999 1.7292026281356811523 -0.51437097787857055664 -0.29247647523880004883 -0.95988702774047851563 -0.010128706693649291992 -0.077998913824558258057 -0.48767009377479553223 0.30259487032890319824 -0.28053948283195495605 -0.67733496427536010742 -0.42440485954284667969 -0.0054571824148297309875 0.028238376602530479431 -0.082536175847053527832 0.04153173789381980896 -0.71615707874298095703 -0.79752373695373535156 -0.72593557834625244141 -0.88827478885650634766 -0.35827082395553588867 0.45405334234237670898 1.0680047273635864258 0.32828480005264282227
-9999 -9999 -9999 -9999 -9999 -9999 -9999 -9999 -9999 -9999 -9999 -9999 -9999 -9999 -9999 -9999 -9999 1.60926055908203125 0.022458929568529129028 -0.17926116287708282471 -0.53273177146911621094 -0.12444907426834106445 0.047061599791049957275 0.017798308283090591431 -0.061359979212284088135 -0.37222918868064880371 -0.67262041568756103516 -0.31019520759582519531 0.38339638710021972656 0.46995270252227783203 0.50473266839981079102 0.093611024320125579834 -0.60797762870788574219 -0.91725921630859375 -0.1397953331470489502 -0.087879568338394165039 -0.15571133792400360107 0.20829688012599945068 0.89739024639129638672 1.500527501106262207
-9999 -9999 -9999 -9999 -9999 -9999 -9999 -9999 -9999 -9999 -9999 -9999 -9999 -9999 -9999 -9999 -9999 1.0007708072662353516 -0.14555126428604125977 -0.18912747502326965332 -0.5053532719612121582 -0.44322234392166137695 -0.14497175812721252441 0.10906629264354705811 0.10152427107095718384 -0.20118094980716705322 -0.078577257692813873291 0.6983725428581237793 0.35880175232887268066 0.092511706054210662842 -0.34030938148498535156 -0.45549440383911132813 -0.4301510155200958252 -0.18117922544479370117 -0.27165946364402770996 -0.27777627110481262207 -1.0769085884094238281 -0.21833854913711547852 0.561801910400390625 1.2095848321914672852
-9999 -9999 -9999 -9999 -9999 -9999 -9999 -9999 -9999 -9999 -9999 -9999 -9999 -9999 -9999 -9999 -9999 0.69329309463500976563 -0.90128928422927856445 0.002081401413306593895 -0.55225324630737304688 -0.11798800528049468994 -0.31891459226608276367 -0.047395326197147369385 0.37420940399169921875 0.55848157405853271484 0.37891593575477600098 0.18133549392223358154 -0.74835628271102905273 -1.0032360553741455078 -0.88983994722366333008 -0.14582552015781402588 -0.29697299003601074219 -0.23420463502407073975 -0.079203225672245025635 -0.82385051250457763672 -1.310385584831237793 -0.30130487680435180664 -0.50262218713760375977 0.062441136687994003296
-9999 -9999 -9999 -9999 -9999 -9999 -9999 -9999 -9999 -9999 -9999 -9999 -9999 -9999 -9999 -9999 -9999 -0.45405945181846618652 -0.77444726228713989258 0.052205324172973632813 -0.53815889358520507813 -0.14405891299247741699 -0.20250575244426727295 -0.40796959400177001953 0.3881092369556427002 -0.052812159061431884766 -0.56129276752471923828 -1.3735067844390869141 -1.7886252403259277344 -1.6020241975784301758 -0.82932645082473754883 0.07322718203067779541 0.047810927033424377441 -0.34447944164276123047 0.16264480352401733398 -0.062158074229955673218 -0.9897200465202331543 -1.1189746856689453125 -1.7385735511779785156 -1.0787452459335327148
-9999 -9999 -9999 -9999 -9999 -9999 -9999 -9999 -9999 -9999 -9999 -9999 -9999 -9999 -9999 -9999 -1.2680572271347045898 -0.60749679803848266602 -0.93305528163909912109 0.0615673065185546875 -0.053847789764404296875 -0.38453853130340576172 -1.0508102178573608398 -0.43720936775207519531 -0.82695800065994262695 -1.2093006372451782227 -1.170994877815246582 -0.88794428110122680664 -1.0020689964294433594 -0.89895808696746826172 -0.75296580791473388672 -0.61451554298400878906 -0.50750368833541870117 0.004927806556224822998 0.19960102438926696777 0.025898599997162818909 -0.21066743135452270508 -0.54877227544784545898 -1.4270554780960083008 -1.4838739633560180664
-9999 -9999 -9999 -9999 -9999 -9999 -9999 -9999 -9999 -9999 -9999 -9999 -9999 -9999 -9999 -1.6064592599868774414 -0.90568941831588745117 -0.31291654706001281738 0.45332753658294677734 0.44188913702964782715 0.017462085932493209839 -1.1464467048645019531 -0.8993752598762512207 -1.3898111581802368164 -1.5506889820098876953 -1.4447953701019287109 -1.0170314311981201172 -1.2736250162124633789 -0.48723748326301574707 -0.21738956868648529053 -0.87899023294448852539 -1.3902007341384887695 -1.3943340778350830078 -0.14503832161426544189 0.29622387886047363281 -0.60424703359603881836 -0.55567169189453125 -1.0008584260940551758 -1.5069280862808227539 -0.52034032344818115234
-9999 -9999 -9999 -9999 -9999 -9999 -9999 -9999 -9999 -9999 -9999 -9999 -9999 -9999 -0.74681746959686279297 -0.40388906002044677734 -0.29221311211585998535 0.27656814455986022949 0.061387721449136734009 -0.30803501605987548828 -0.86756443977355957031 -1.7093917131423950195 -1.6371225118637084961 -1.8552446365356445313 -1.2932147979736328125 -1.0492707490921020508 -0.89713871479034423828 -0.81132084131240844727 -0.40930244326591491699 -0.33703956007957458496 -0.31492125988006591797 -0.85191237926483154297 -0.73941886425018310547 0.41497707366943359375 -0.33283278346061706543 -0.98525911569595336914 -0.4965547025203704834 -1.3231378793716430664 -1.395447850227355957 -0.71854156255722045898
-9999 -9999 -9999 -9999 -9999 -9999 -9999 -9999 -9999 -9999 -9999 -9999 -9999 -9999 0.16852179169654846191 0.14444927871227264404 0.095342621207237243652 0.36409407854080200195 0.060511596500873565674 -0.3722050786018371582 -0.78039765357971191406 -1.6203155517578125 -1.5173979997634887695 -1.177227020263671875 -0.42505377531051635742 -0.6826508641242980957 -0.84748756885528564453 -0.79371631145477294922 -0.87548285722732543945 -0.72111546993255615234 -0.38946652412414550781 -0.27036505937576293945 -0.29971843957901000977 0.093632824718952178955 -0.19246673583984375 -0.68606179952621459961 -0.42439049482345581055 -0.75983256101608276367 -1.0790183544158935547 -0.99474501609802246094
