INPUT/RASTER/ASCII/gndvi.asc
ncols        113
nrows        135
xllcorner    473009.983799999987
yllcorner    4429001.174800000153
cellsize     100.000000000000
NODATA_value  -9999
[rows 72 to 89 of 135, columns 40 to 79 of 113]
-0.41998061537742614746 -0.3018728792667388916 -0.42941659688949584961 -1.1175724267959594727 -0.82529181241989135742 -0.4847806394100189209 0.087232574820518493652 0.56491738557815551758 1.0393484830856323242 1.2300983667373657227 1.1832344532012939453 0.51333671808242797852 -0.35095715522766113281 0.21099123358726501465 0.99507910013198852539 1.1971870660781860352 1.5338792800903320313 1.703791499137878418 1.4733474254608154297 0.54057294130325317383 0.88437741994857788086 1.488651275634765625 1.1231582164764404297 1.6687235832214355469 2.1664841175079345703 -9999 -9999 1.8235889673233032227 1.3148502111434936523 -0.0061852792277932167053 -0.39751002192497253418 -0.39555981755256652832 -0.23136052489280700684 0.51166307926177978516 -9999 -9999 -9999 1.036843419075012207 0.68592661619186401367 0.013734965585172176361
0.094834841787815093994 0.47578951716423034668 -0.18992958962917327881 -0.89157670736312866211 -0.1902675330638885498 -0.41265949606895446777 -0.24976834654808044434 0.80520999431610107422 1.0129079818725585938 1.0710071325302124023 0.045377053320407867432 -1.4825319051742553711 -0.56871432065963745117 0.31868070363998413086 1.2324128150939941406 1.5539383888244628906 1.9098848104476928711 1.9286977052688598633 2.0364530086517333984 0.89293217658996582031 0.71315020322799682617 0.64349448680877685547 1.0958123207092285156 1.9162557125091552734 1.6592296361923217773 1.7492645978927612305 1.67647552490234375 1.2857365608215332031 1.0478004217147827148 0.19138310849666595459 -0.081602104008197784424 1.1214345693588256836 1.9108579158782958984 1.7407070398330688477 1.5620255470275878906 1.5357394218444824219 -0.53736829757690429688 1.5214471817016601563 0.93610155582427978516 -0.073630906641483306885
0.66220694780349731445 0.87168139219284057617 0.096852168440818786621 -0.48109769821166992188 -0.13630689680576324463 -0.76752889156341552734 -0.89922660589218139648 0.17439590394496917725 0.81595128774642944336 0.075063772499561309814 -0.94499230384826660156 -0.49580711126327514648 -0.36078044772148132324 0.25757107138633728027 0.82178580760955810547 1.5630663633346557617 1.9645557403564453125 2.1789460182189941406 1.3956384658813476563 0.94910919666290283203 0.97101634740829467773 0.53082251548767089844 0.60933589935302734375 1.4221832752227783203 1.4074171781539916992 1.7579747438430786133 1.6331707239151000977 1.2282015085220336914 0.38868641853332519531 0.49143239855766296387 0.93882346153259277344 1.2058445215225219727 0.94048047065734863281 0.96963703632354736328 0.7553253173828125 -0.17861166596412658691 -0.58311903476715087891 0.82533675432205200195 0.67623299360275268555 -0.12484324723482131958
0.89294594526290893555 0.80446523427963256836 0.20238374173641204834 -0.85211265087127685547 -1.2642761468887329102 -0.85499405860900878906 0.11820221692323684692 1.0084763765335083008 -0.016945505514740943909 -0.074722766876220703125 0.088297463953495025635 0.0085206683725118637085 -0.34471353888511657715 0.61368268728256225586 1.0418276786804199219 1.3027398586273193359 2.0737335681915283203 2.3341133594512939453 1.2292003631591796875 0.69412386417388916016 1.6083832979202270508 1.0373282432556152344 -0.16442669928073883057 0.51213526725769042969 0.64464080333709716797 1.2953257560729980469 1.3120141029357910156 1.1804862022399902344 0.55615156888961791992 0.32961648702621459961 0.58630359172821044922 0.10041290521621704102 -0.35443872213363647461 -0.54603546857833862305 -0.75581508874893188477 -0.65801090002059936523 -0.66931676864624023438 0.77164864540100097656 0.88796913623809814453 -0.058408576995134353638
0.10149672627449035645 0.44783094525337219238 -0.10236404836177825928 -0.7371273040771484375 -0.37490114569664001465 0.81074732542037963867 0.97634768486022949219 0.77479916810989379883 0.73197972774505615234 0.63189136981964111328 0.74159586429595947266 0.50065207481384277344 -0.036803785711526870728 0.64854639768600463867 0.91736614704132080078 1.2337318658828735352 1.7911624908447265625 1.6018786430358886719 1.458522796630859375 1.1536934375762939453 1.3901981115341186523 1.3378205299377441406 1.1563419103622436523 1.2887293100357055664 0.84602069854736328125 0.77293848991394042969 0.60487091541290283203 0.79012823104858398438 -0.19489373266696929932 -0.10252010822296142578 0.49738284945487976074 0.55656290054321289063 -0.6803156733512878418 -1.7336702346801757813 -2.6404094696044921875 -1.6688598394393920898 -0.56427115201950073242 -0.016627069562673568726 0.4438324272632598877 -0.50815778970718383789
0.48845806717872619629 1.3975708484649658203 1.3553011417388916016 0.86362755298614501953 0.64582967758178710938 0.054354615509510040283 0.21082599461078643799 0.758083343505859375 0.83670347929000854492 1.4301115274429321289 0.74196195602416992188 0.095895148813724517822 -0.013791566714644432068 0.32749933004379272461 0.84254485368728637695 1.5676109790802001953 0.94260966777801513672 0.16522039473056793213 0.95462530851364135742 1.5655890703201293945 1.5548788309097290039 1.768887639045715332 2.0260221958160400391 1.7357732057571411133 1.3368341922760009766 0.20674657821655273438 0.4352226555347442627 0.0066513703204691410065 -0.48586735129356384277 -0.043408866971731185913 0.4425213932991027832 0.5069720149040222168 -0.67041379213333129883 -1.1424877643585205078 -2.1247999668121337891 -2.1793527603149414063 -1.4530632495880126953 -0.59023362398147583008 0.21781319379806518555 -1.207865595817565918
2.7026617527008056641 1.9439647197723388672 1.2459495067596435547 0.73734778165817260742 0.42868012189865112305 -0.029542325064539909363 0.81315594911575317383 0.72484451532363891602 0.95455068349838256836 0.86444342136383056641 0.33283355832099914551 -0.13244380056858062744 0.10703634470701217651 0.64207094907760620117 1.6048592329025268555 1.9756073951721191406 1.1499319076538085938 0.19652166962623596191 0.70621466636657714844 1.6493196487426757813 1.9694062471389770508 1.8675713539123535156 1.1893093585968017578 1.3682725429534912109 1.2466907501220703125 -0.17299975454807281494 -0.22424881160259246826 -0.39395561814308166504 -0.72658395767211914063 -0.67818301916122436523 0.18508556485176086426 -0.9811808466911315918 -1.8522610664367675781 -1.1272029876708984375 -1.3579126596450805664 -1.3566073179244995117 -0.26462575793266296387 -0.52127212285995483398 0.22466039657592773438 -0.4335384666919708252
0.84002840518951416016 0.45765078067779541016 0.57785964012145996094 1.0655122995376586914 1.5661261081695556641 0.56444001197814941406 0.92269974946975708008 1.1785514354705810547 0.34824922680854797363 -0.19627073407173156738 0.15534548461437225342 0.34008064866065979004 1.2954921722412109375 1.6618028879165649414 1.4722900390625 1.2026194334030151367 1.4878525733947753906 1.0069489479064941406 0.19987528026103973389 0.84687155485153198242 1.4551559686660766602 1.8568381071090698242 1.3969730138778686523 0.66936171054840087891 0.54049944877624511719 -0.17325164377689361572 -1.0893510580062866211 -1.1386688947677612305 -0.18455922603607177734 -0.3654003143310546875 0.28261724114418029785 0.066206701099872589111 -0.46442148089408874512 -0.27529993653297424316 -1.4627935886383056641 -1.4236599206924438477 -0.83086758852005004883 -1.0741379261016845703 -0.55689322948455810547 -0.79343688488006591797
-0.39376339316368103027 0.44035202264785766602 0.63169175386428833008 0.52867436408996582031 0.54782807826995849609 0.13369077444076538086 -0.0069282935000956058502 0.031328056007623672485 0.22274692356586456299 0.57172733545303344727 0.079568907618522644043 -0.15264919400215148926 0.39063090085983276367 0.1178407520055770874 0.15190236270427703857 -0.0882169380784034729 1.1418758630752563477 0.61319154500961303711 -0.40478125214576721191 -0.46710437536239624023 0.6246178746223449707 1.9106627702713012695 1.6569982767105102539 1.2041834592819213867 0.60808223485946655273 -0.13259010016918182373 -1.0256520509719848633 -0.40371060371398925781 0.58857965469360351563 0.38156268000602722168 -0.037204265594482421875 -0.591705322265625 -1.0680303573608398438 -0.092209711670875549316 -1.358849644660949707 -1.5233076810836791992 -1.2142182588577270508 -1.3063538074493408203 -1.050938725471496582 -0.49591496586799621582
0.18364256620407104492 0.92605280876159667969 1.4733043909072875977 0.89455187320709228516 0.068083457648754119873 -0.22475028038024902344 -1.2271168231964111328 -0.2836647331714630127 -0.87510478496551513672 -0.43970635533332824707 0.43789923191070556641 0.55458861589431762695 0.2160988152027130127 0.17487786710262298584 0.096873402595520019531 0.73954415321350097656 -0.018952503800392150879 -1.0171874761581420898 -1.7841194868087768555 -0.31527352333068847656 0.23249103128910064697 1.588492274284362793 1.644381403923034668 0.98460978269577026367 0.19503104686737060547 0.3717250525951385498 0.59457427263259887695 0.0032289139926433563232 0.54404300451278686523 0.4848181605339050293 -0.6462523341178894043 -0.61068689823150634766 -0.28734824061393737793 -0.51197040081024169922 -1.6131676435470581055 -1.4722020626068115234 -1.8921331167221069336 -1.9262572526931762695 -1.1916295289993286133 -0.73950380086898803711
0.19130049645900726318 0.89230561256408691406 1.5841937065124511719 1.4178893566131591797 1.1024065017700195313 -0.21626672148704528809 -0.81625688076019287109 0.46052300930023193359 -0.39182582497596740723 -0.94226354360580444336 -0.42987331748008728027 -0.2855351567268371582 0.38547569513320922852 0.41418817639350891113 0.094507232308387756348 0.40326845645904541016 -0.55523622035980224609 -1.1455643177032470703 -0.80291247367858886719 -0.7442843317985534668 -0.32029390335083007813 0.68340092897415161133 2.0741786956787109375 1.2333130836486816406 0.85010987520217895508 0.74190801382064819336 0.74260282516479492188 0.062731459736824035645 0.62351053953170776367 1.0719883441925048828 1.1293030977249145508 1.275303959846496582 0.55498450994491577148 -0.68840789794921875 -1.6544460058212280273 -0.8959166407585144043 -1.5679275989532470703 -2.1437304019927978516 -0.9062258601188659668 0.14148811995983123779
0.95791637897491455078 0.99353569746017456055 1.7580769062042236328 2.1197447776794433594 0.93581354618072509766 0.15422149002552032471 0.98079377412796020508 1.0800162553787231445 -0.018203752115368843079 -0.98030871152877807617 0.5052433013916015625 -0.32345873117446899414 0.37871339917182922363 0.18281348049640655518 -0.71892660856246948242 -0.55251890420913696289 -1.4580061435699462891 -0.90167254209518432617 -0.37576064467430114746 -1.1463934183120727539 -0.16400039196014404297 1.206862330436706543 2.0925011634826660156 2.2137289047241210938 2.1185002326965332031 1.4991246461868286133 0.95158725976943969727 0.86403661966323852539 1.0626755952835083008 1.0054658651351928711 0.90089130401611328125 1.2077573537826538086 1.2782273292541503906 0.77300274372100830078 0.094970248639583587646 -0.44619208574295043945 -1.3825325965881347656 -0.7737662196159362793 -0.12642107903957366943 0.9617283940315246582
1.4285554885864257813 1.2075943946838378906 1.147637486457824707 1.3282411098480224609 -0.13660927116870880127 0.36174800992012023926 1.008636474609375 0.94876325130462646484 0.23895955085754394531 0.5094305872917175293 0.32597601413726806641 -0.44589087367057800293 0.11379921436309814453 0.018489109352231025696 -1.1306701898574829102 0.22761639952659606934 -1.1267691850662231445 0.01397881191223859787 0.55843794345855712891 -0.92918246984481811523 0.15656127035617828369 1.8378674983978271484 2.409130096435546875 2.1175558567047119141 1.6374676227569580078 1.5378583669662475586 1.6955076456069946289 1.1041146516799926758 -0.60412371158599853516 -0.41934087872505187988 -0.51191931962966918945 0.1385332643985748291 1.3804873228073120117 1.8609157800674438477 1.3797976970672607422 -0.16935124993324279785 -0.95738774538040161133 0.66426044702529907227 0.1916602402925491333 1.3164228200912475586
1.519073486328125 0.94356900453567504883 0.47217541933059692383 0.2377122044563293457 0.1232661902904510498 0.24635069072246551514 0.72252136468887329102 1.1122516393661499023 0.831714630126953125 1.0825672149658203125 0.1783749014139175415 -0.79077178239822387695 -0.18514503538608551025 -0.13912461698055267334 -0.92772626876831054688 0.51265281438827514648 0.65313297510147094727 0.69737422466278076172 1.6755770444869995117 0.93554329872131347656 0.93529599905014038086 1.9159511327743530273 2.0947582721710205078 2.0457577705383300781 1.1079249382019042969 0.3060620725154876709 -0.29449036717414855957 0.84126943349838256836 0.43395179510116577148 -0.0085262050852179527283 -0.38401526212692260742 0.35128900408744812012 0.86164808273315429688 1.4822602272033691406 1.1720926761627197266 0.20599782466888427734 -0.31484723091125488281 -0.072653226554393768311 -0.3780746161937713623 1.2075651884078979492
0.92916655540466308594 -0.030969256535172462463 0.082102045416831970215 0.70854979753494262695 0.32451292872428894043 0.51208764314651489258 0.69721013307571411133 0.27332010865211486816 0.44815453886985778809 0.41339695453643798828 -0.065473236143589019775 -0.093121983110904693604 -0.057125657796859741211 0.33048114180564880371 -0.71607959270477294922 0.55347841978073120117 1.1888028383255004883 0.74902772903442382813 1.5583282709121704102 1.7573665380477905273 0.61500519514083862305 0.14713616669178009033 0.74086606502532958984 1.691913604736328125 1.5663017034530639648 0.61095905303955078125 -0.44601711630821228027 0.077698461711406707764 0.56707584857940673828 0.28903356194496154785 0.55218458175659179688 0.20610168576240539551 -0.18714113533496856689 0.19414976239204406738 1.2163528203964233398 1.6689908504486083984 0.64860719442367553711 0.17571152746677398682 0.36835306882858276367 1.3183839321136474609
0.18046624958515167236 -0.54120326042175292969 0.76549458503723144531 0.26640978455543518066 0.084143467247486114502 0.54274630546569824219 0.63447731733322143555 0.88899159431457519531 0.41122874617576599121 0.79748719930648803711 0.51233893632888793945 0.46389266848564147949 0.25515440106391906738 0.067979604005813598633 -0.15339909493923187256 0.43609762191772460938 0.90478593111038208008 0.78082990646362304688 1.5680751800537109375 1.5399307012557983398 0.049550555646419525146 -1.0264627933502197266 -0.79722249507904052734 0.92357474565505981445 1.7111299037933349609 -0.30598556995391845703 -1.0375788211822509766 -0.53344953060150146484 0.31409868597984313965 0.42641779780387878418 0.29096826910972595215 0.034551419317722320557 -0.24216264486312866211 0.39864397048950195313 0.66553127765655517578 1.2991694211959838867 0.94724965095520019531 1.1357785463333129883 1.3596323728561401367 1.3343825340270996094
1.14884185791015625 0.0364895649254322052 0.97530460357666015625 0.15379920601844787598 0.60170376300811767578 0.40819069743156433105 0.016122939065098762512 0.74403148889541625977 0.54946672916412353516 -0.076305754482746124268 -0.41498893499374389648 -0.69362908601760864258 0.42592263221740722656 -0.5514838099479675293 -0.32124346494674682617 -0.3093127906322479248 0.53805410861968994141 1.5453963279724121094 1.7542780637741088867 1.5090867280960083008 0.043123912066221237183 -1.7399678230285644531 -1.8010045289993286133 -0.2925573885440826416 1.1135339736938476563 -0.017524424940347671509 -1.4963331222534179688 -1.8736822605133056641 -0.82734817266464233398 0.22346584498882293701 0.44267114996910095215 -0.016886981204152107239 0.68469822406768798828 0.87741547822952270508 0.68976676464080810547 0.79715847969055175781 1.3231357336044311523 1.2061342000961303711 1.3872793912887573242 1.1202635765075683594
0.35996705293655395508 -0.3558616340160369873 0.86888545751571655273 0.80831342935562133789 1.2039023637771606445 0.75392818450927734375 0.418643951416015625 0.0038525871932506561279 -0.33385175466537475586 -0.82913368940353393555 -1.7145946025848388672 -1.1196362972259521484 -0.1051444709300994873 0.59740173816680908203 0.57598745822906494141 1.0158962011337280273 1.072541356086730957 2.1544301509857177734 1.9635728597640991211 1.2889432907104492188 -0.46799826622009277344 -1.8441607952117919922 -1.1513615846633911133 1.1028345823287963867 0.23613725602626800537 -0.32707569003105163574 -0.97343397140502929688 -1.8272802829742431641 -1.2322348356246948242 -0.97416895627975463867 0.45879256725311279297 0.36439532041549682617 -0.066108383238315582275 0.5781688690185546875 0.52373260259628295898 0.70518016815185546875 0.3375848233699798584 1.105045318603515625 0.94916886091232299805 0.43145594000816345215
