INPUT/RASTER/ASCII/gndvi.asc
ncols        113
nrows        135
xllcorner    473009.983799999987
yllcorner    4429001.174800000153
cellsize     100.000000000000
NODATA_value  -9999
[rows 36 to 53 of 135, columns 0 to 39 of 113]
-9999 -9999 -9999 -9999 -9999 -9999 -9999 -9999 -9999 -0.39461714029312133789 0.28999230265617370605 0.64068245887756347656 0.016528585925698280334 -0.49787318706512451172 -0.51377314329147338867 -0.84168577194213867188 -1.0700947046279907227 -0.44093075394630432129 -0.1187866702675819397 -0.96263933181762695313 -0.36641359329223632813 -0.2798067927360534668 -0.68736195564270019531 -0.70381557941436767578 -0.75939476490020751953 -0.56214022636413574219 -1.6386349201202392578 -1.1601353883743286133 -1.0644919872283935547 -1.4532101154327392578 -0.22923360764980316162 0.022792857140302658081 -1.8686854839324951172 -1.4709908962249755859 -0.71823406219482421875 -1.3887974023818969727 -0.89991682767868041992 -0.73483800888061523438 -1.2023512125015258789 -0.66008216142654418945
-9999 -9999 -9999 -9999 -9999 -9999 -9999 -9999 -9999 -9999 0.91794908046722412109 0.68384903669357299805 -0.50018942356109619141 -0.87023818492889404297 -0.53371232748031616211 -0.1692571491003036499 -0.32922154664993286133 -0.44550761580467224121 -0.61515700817108154297 -0.93025135993957519531 -0.25721570849418640137 -0.40099731087684631348 -0.19431595504283905029 -0.32639867067337036133 -0.28861910104751586914 -0.3098360598087310791 -1.010747075080871582 -0.66701084375381469727 -0.38603949546813964844 -0.63445878028869628906 -0.89826154708862304688 -0.41362339258193969727 -1.9728152751922607422 -1.9626506567001342773 -0.090101152658462524414 -0.13819742202758789063 -0.56174546480178833008 -0.41908958554267883301 -0.6067371368408203125 -0.16978845000267028809
-9999 -9999 -9999 -9999 -9999 -9999 -9999 -9999 -9999 -9999 -9999 -1.0348975658416748047 -0.40051534771919250488 -0.4318923652172088623 -0.10122341662645339966 -0.058265138417482376099 -0.11727023869752883911 -0.75075972080230712891 -0.1996180415153503418 0.070054881274700164795 -0.054885141551494598389 0.15241932868957519531 -0.055523157119750976563 -0.49379894137382507324 -1.1435831785202026367 -1.268305659294128418 -0.42835631966590881348 -0.053093872964382171631 0.12062117457389831543 -0.26781126856803894043 -0.63207018375396728516 -0.53127384185791015625 -1.0823140144348144531 -0.87055718898773193359 0.31690376996994018555 -0.56451785564422607422 -0.64164274930953979492 -0.46293717622756958008 -0.78553968667984008789 -0.33526435494422912598
-9999 -9999 -9999 -9999 -9999 -9999 -9999 -9999 -9999 -9999 -9999 -9999 -9999 0.50008523464202880859 0.40617740154266357422 0.34481069445610046387 0.081076741218566894531 -0.52357000112533569336 0.046676609665155410767 0.39133432507514953613 0.18018110096454620361 0.23899570107460021973 0.19425533711910247803 -0.62413400411605834961 -0.88488155603408813477 -0.73259001970291137695 -0.56429523229598999023 -0.24608942866325378418 -0.54358321428298950195 -0.3691349029541015625 0.45738112926483154297 -0.39606243371963500977 -1.3139514923095703125 -1.0056045055389404297 -1.3648906946182250977 -0.032350860536098480225 -0.19046604633331298828 -0.65327966213226318359 -0.90234553813934326172 -0.94857943058013916016
-9999 -9999 -9999 -9999 -9999 -9999 -9999 -9999 -9999 -9999 -9999 -9999 -9999 -9999 1.3622153997421264648 0.28339871764183044434 0.41798242926597595215 0.56412273645401000977 0.73714697360992431641 0.8092435002326965332 0.37993836402893066406 -0.34543591737747192383 -0.15586051344871520996 -0.68890535831451416016 -0.70945501327514648438 -1.640759587287902832 -1.3103235960006713867 -0.1263516545295715332 -0.13500332832336425781 -1.6370474100112915039 -0.14382769167423248291 -0.69071727991104125977 -1.4325405359268188477 -0.6898428797721862793 -1.4880709648132324219 -1.4665259122848510742 -0.98075109720230102539 -1.9408042430877685547 -2.1192758083343505859 -1.0553399324417114258
-9999 -9999 -9999 -9999 -9999 -9999 -9999 -9999 -9999 -9999 -9999 -9999 -9999 -9999 -9999 0.23049263656139373779 0.55274283885955810547 0.41402006149291992188 0.85686755180358886719 0.90843904018402099609 -0.021443754434585571289 -0.74121528863906860352 -1.2408674955368041992 -1.0911675691604614258 -0.76410871744155883789 -1.3715560436248779297 -0.50694602727890014648 -0.19889108836650848389 -0.13402850925922393799 -1.6846640110015869141 -0.83740669488906860352 -0.92931842803955078125 -1.5819822549819946289 -1.4961001873016357422 -1.7767432928085327148 -2.0314819812774658203 -1.6837849617004394531 -1.4611738920211791992 -1.0535682439804077148 -1.0305525064468383789
-9999 -9999 -9999 -9999 -9999 -9999 -9999 -9999 -9999 -9999 -9999 -9999 -9999 -9999 -9999 0.6381447911262512207 0.84108811616897583008 0.57891821861267089844 0.33740466833114624023 0.010986672714352607727 -0.63501298427581787109 -0.8373934626579284668 -0.71070063114166259766 -0.49273061752319335938 -0.79864889383316040039 -0.69126868247985839844 -0.73253840208053588867 -0.26527526974678039551 -0.75256818532943725586 -1.5673600435256958008 -1.586312413215637207 -1.2601979970932006836 -1.5527018308639526367 -1.5848934650421142578 -0.71994841098785400391 -1.1049669981002807617 -1.0367795228958129883 -0.68002706766128540039 -0.37680488824844360352 -0.61153143644332885742
-9999 -9999 -9999 -9999 -9999 -9999 -9999 -9999 -9999 -9999 -9999 -9999 -9999 -9999 -9999 -9999 -0.010731724090874195099 0.22841735184192657471 0.33893659710884094238 -0.27625581622123718262 -0.7566935420036315918 -0.78695398569107055664 0.22825326025485992432 0.078740403056144714355 -1.0762293338775634766 -0.8236382603645324707 -1.129553675651550293 -0.44311159849166870117 -0.52178388833999633789 -0.82463890314102172852 -1.3206505775451660156 -1.5656330585479736328 -1.3504285812377929688 -1.5219776630401611328 -0.86189115047454833984 -0.91040456295013427734 -0.60656732320785522461 -0.77436578273773193359 -0.45117172598838806152 0.043811842799186706543
-9999 -9999 -9999 -9999 -9999 -9999 -9999 -9999 -9999 -9999 -9999 -9999 -9999 -9999 -9999 1.6297098398208618164 0.84264069795608520508 0.21627782285213470459 0.38303434848785400391 0.81384384632110595703 0.28361558914184570313 -0.93903213739395141602 0.11332299560308456421 0.097871735692024230957 -0.36293777823448181152 -0.71764022111892700195 -1.0551316738128662109 0.29373493790626525879 -0.17765177786350250244 -0.58387869596481323242 -0.6845855712890625 -0.78525167703628540039 -0.10183045268058776855 -0.58773493766784667969 -1.014850616455078125 -1.0399599075317382813 -0.42776304483413696289 -0.1740147322416305542 0.28311756253242492676 0.44828018546104431152
-9999 -9999 -9999 -9999 -9999 -9999 -9999 -9999 -1.8788352012634277344 -1.2584910392761230469 0.31796753406524658203 0.0077862604521214962006 -0.014286144636571407318 0.13453590869903564453 0.013900781050324440002 0.18487040698528289795 1.2097007036209106445 0.52257877588272094727 0.83011329174041748047 1.049285888671875 0.71161365509033203125 0.017879206687211990356 0.21023732423782348633 1.0252094268798828125 0.57055568695068359375 -0.81094276905059814453 -1.0355551242828369141 0.082004502415657043457 -0.28532689809799194336 -0.32661783695220947266 -0.41217178106307983398 0.3720130622386932373 -0.6980292201042175293 -0.72943550348281860352 -0.73269385099411010742 0.20519973337650299072 -0.0062615890055894851685 -0.28032374382019042969 -0.15250977873802185059 0.10297185927629470825
-9999 -9999 -9999 -9999 -9999 -9999 -0.41492581367492675781 -0.38796961307525634766 -0.95817953348159790039 -0.71593332290649414063 -0.4620444178581237793 -0.56801086664199829102 -0.38567975163459777832 0.38164988160133361816 0.32234182953834533691 -0.67129218578338623047 -0.085415862500667572021 0.24246348440647125244 0.39867496490478515625 0.53713726997375488281 0.2122557908296585083 0.6353155970573425293 0.91457134485244750977 0.86595183610916137695 0.39984941482543945313 -0.64101392030715942383 -0.55589777231216430664 -0.11292173713445663452 0.4573707878589630127 0.38716426491737365723 0.22321338951587677002 0.14181859791278839111 -0.48540547490119934082 -0.31931909918785095215 -0.56656730175018310547 0.59665471315383911133 0.77746486663818359375 -0.15520586073398590088 0.025405168533325195313 0.5052140355110168457
-9999 -9999 -9999 -9999 0.28460761904716491699 0.44144216179847717285 0.037156846374273300171 -0.23323613405227661133 0.10408781468868255615 0.053342510014772415161 -0.56918251514434814453 -0.043937295675277709961 0.15002045035362243652 -0.62808489799499511719 -0.59534293413162231445 -1.0003179311752319336 -0.71194052696228027344 -0.12300148606300354004 -0.042321600019931793213 -0.024493269622325897217 0.20200850069522857666 0.54054421186447143555 1.0574045181274414063 0.44753432273864746094 0.25046452879905700684 -0.054672848433256149292 0.079683661460876464844 0.22783327102661132813 -0.51952159404754638672 -0.88490110635757446289 -0.30186772346496582031 0.14298333227634429932 0.11244112998247146606 -0.082273967564105987549 -0.70361244678497314453 0.229051932692527771 0.57560878992080688477 -0.32368192076683044434 -0.38607734441757202148 -0.26443070173263549805
-9999 -9999 -9999 -9999 -0.50491547584533691406 0.407634735107421875 0.41330170631408691406 0.68321043252944946289 0.88478136062622070313 -0.19631835818290710449 -0.98033165931701660156 0.10355077683925628662 0.65307331085205078125 0.17866179347038269043 -0.55915266275405883789 -0.23203928768634796143 -0.31462979316711425781 0.20349165797233581543 0.36902838945388793945 0.0050293612293899059296 -0.4615504145622253418 -0.36767986416816711426 0.88133597373962402344 1.0571463108062744141 -0.056728046387434005737 -0.65413111448287963867 -1.0684026479721069336 -0.79419881105422973633 -0.20329581201076507568 -0.66819220781326293945 -0.57116538286209106445 -0.10983837395906448364 -0.11028819531202316284 -0.32001850008964538574 -0.97994780540466308594 -0.50320452451705932617 -0.213259086012840271 -0.6918194890022277832 -0.48224809765815734863 -0.76662808656692504883
-9999 -9999 -9999 -9999 -0.91460043191909790039 -0.48750141263008117676 -0.070548683404922485352 0.9520600438117980957 1.3588750362396240234 0.17852868139743804932 -0.43956577777862548828 0.16927169263362884521 0.48169690370559692383 0.12284792214632034302 -0.64945787191390991211 -0.20599992573261260986 0.816341400146484375 1.3450928926467895508 1.1683191061019897461 0.10696290433406829834 -1.0763933658599853516 -1.5821125507354736328 0.13363339006900787354 0.39488989114761352539 -0.63797414302825927734 -0.8747031092643737793 -0.76419425010681152344 -0.58926796913146972656 -0.02925257757306098938 -0.0096697015687823295593 -0.44283160567283630371 -0.52941370010375976563 -0.25642737746238708496 -0.29962146282196044922 -0.81886404752731323242 -0.19642393290996551514 -0.90998685359954833984 -0.69079816341400146484 0.39629328250885009766 -0.86501586437225341797
-9999 -9999 -9999 -9999 -0.23516224324703216553 -0.27215689420700073242 0.056453991681337356567 0.79813611507415771484 0.66281801462173461914 0.49578493833541870117 0.34085696935653686523 0.10844835638999938965 -0.15194921195507049561 0.03945187106728553772 -0.20454545319080352783 -0.31815320253372192383 1.2605630159378051758 1.2919704914093017578 1.0152047872543334961 -0.02172374725341796875 -1.0576212406158447266 -1.1991720199584960938 -0.72744286060333251953 -0.96509444713592529297 -1.1340782642364501953 -1.2251620292663574219 -0.3613605201244354248 -0.56203866004943847656 -1.2599529027938842773 -0.36634930968284606934 -0.44943898916244506836 -0.48120272159576416016 -0.23991465568542480469 -0.079509042203426361084 0.020187428221106529236 -0.00033411255571991205215 -0.82980614900588989258 -0.95407372713088989258 0.25543496012687683105 -0.60131686925888061523
-9999 -9999 -9999 -9999 -0.16904887557029724121 0.92580091953277587891 0.60130614042282104492 0.63732028007507324219 0.60693186521530151367 0.37929174304008483887 0.3928025662899017334 -0.037025254219770431519 -0.20368137955665588379 -0.15258264541625976563 -0.042908549308776855469 -0.32549214363098144531 0.26567193865776062012 1.1039804220199584961 1.0786335468292236328 0.26033368706703186035 -1.0882518291473388672 -1.4346078634262084961 -1.3576585054397583008 -1.3890521526336669922 -1.8120408058166503906 -1.5614383220672607422 -0.76938158273696899414 -0.54070413112640380859 -1.4160513877868652344 -0.6208807826042175293 -0.39460223913192749023 -0.40059968829154968262 -0.15833340585231781006 -0.62687140703201293945 -0.15834659337997436523 0.13659512996673583984 -0.022327912971377372742 -0.37937128543853759766 -0.067403927445411682129 -0.086055025458335876465
-9999 -9999 -9999 -9999 -0.3809324800968170166 -0.093545414507389068604 -0.12333598732948303223 -0.067943260073661804199 -0.53419083356857299805 -0.73631715774536132813 -0.2000535130500793457 -0.52939420938491821289 -0.27513009309768676758 -0.21639409661293029785 -0.40780550241470336914 -0.41109427809715270996 0.12854360044002532959 1.0780850648880004883 0.79509007930755615234 0.62079095840454101563 -0.060773026198148727417 -1.0675557851791381836 -0.94213670492172241211 -0.61984515190124511719 -1.2120517492294311523 -1.0326594114303588867 -0.974529266357421875 -1.1213765144348144531 -1.4887560606002807617 -0.78254181146621704102 -0.60912799835205078125 0.25004854798316955566 0.39346179366111755371 0.095661051571369171143 0.058788605034351348877 0.17247956991195678711 0.23899857699871063232 -0.22289590537548065186 -0.82944178581237792969 -0.25805914402008056641
-9999 -9999 -9999 -9999 -0.63338011503219604492 0.10000324249267578125 0.27540799975395202637 -0.36127558350563049316 -0.430698394775390625 -0.54622763395309448242 0.22874096035957336426 0.26303780078887939453 0.28771564364433288574 -0.037667285650968551636 -0.43534409999847412109 -0.68381386995315551758 -0.055970687419176101685 1.0622115135192871094 0.84997385740280151367 1.096762537956237793 0.81699490547180175781 -0.2787131965160369873 0.14123049378395080566 0.28221619129180908203 -0.015194400213658809662 -0.086176663637161254883 -0.55804246664047241211 -1.5288633108139038086 -1.4800000190734863281 -1.6319943666458129883 -1.0307482481002807617 0.1913601607084274292 0.80584567785263061523 0.6537113189697265625 0.26558929681777954102 0.18511539697647094727 0.33807826042175292969 0.066108584403991699219 -0.92080330848693847656 -0.98884791135787963867
