INPUT/RASTER/ASCII/gndvi.asc
ncols        113
nrows        135
xllcorner    473009.983799999987
yllcorner    4429001.174800000153
cellsize     100.000000000000
NODATA_value  -9999
[rows 36 to 53 of 135, columns 40 to 79 of 113]
-0.84672564268112182617 -1.0383906364440917969 -0.85876649618148803711 0.012750973924994468689 0.43494838476181030273 0.73562765121459960938 0.59881550073623657227 1.1221925020217895508 0.33822283148765563965 -0.19606475532054901123 -0.30801033973693847656 0.057227414101362228394 0.72052985429763793945 0.92529886960983276367 0.62827503681182861328 -9999 -9999 -9999 -9999 -9999 -9999 -9999 -0.70935118198394775391 -0.84702569246292114258 -0.7112852931022644043 -0.33417075872421264648 -9999 -9999 -9999 -9999 -9999 -9999 -9999 -9999 -9999 -9999 -9999 -9999 -9999 -9999
-0.88389527797698974609 -0.74354016780853271484 -0.6316083073616027832 0.031565017998218536377 0.54790437221527099609 1.0341272354125976563 0.38784128427505493164 0.56708389520645141602 0.29038763046264648438 0.045266889035701751709 -0.58983081579208374023 -0.32702866196632385254 0.46172559261322021484 0.13987356424331665039 -0.16925370693206787109 -0.095801420509815216064 -0.61080509424209594727 -9999 -9999 -9999 -9999 0.87307274341583251953 -0.37825188040733337402 -0.46471294760704040527 -0.045044071972370147705 -0.20322638750076293945 -9999 -9999 -9999 -9999 -9999 -9999 -9999 -9999 -9999 -9999 -9999 -9999 -9999 -9999
-0.32624030113220214844 -0.38303586840629577637 -0.43461197614669799805 0.19762730598449707031 0.2837848365306854248 0.052496794611215591431 -0.62795120477676391602 -0.24180576205253601074 0.41578492522239685059 0.15911161899566650391 -0.17958189547061920166 -0.11443243920803070068 0.3593743741512298584 0.22443664073944091797 0.4321410059928894043 0.40151503682136535645 -0.13325336575508117676 -0.33764028549194335938 -9999 -9999 -9999 0.13024020195007324219 0.62320470809936523438 0.3809401392936706543 0.8957780003547668457 0.43926477432250976563 -9999 -9999 -9999 -9999 -9999 -9999 -9999 -9999 -9999 -9999 -9999 -9999 -9999 2.1943101882934570313
0.47438439726829528809 0.17513261735439300537 -0.58852094411849975586 -0.44082862138748168945 -1.0083860158920288086 -1.3351981639862060547 -0.93199789524078369141 0.75006335973739624023 0.60701274871826171875 0.052779082208871841431 0.48892453312873840332 0.13272227346897125244 -0.085110619664192199707 0.29543840885162353516 1.1834789514541625977 1.0404380559921264648 0.21792450547218322754 0.34194192290306091309 -0.73821169137954711914 -9999 -0.87491774559020996094 -0.2439085841178894043 0.96034908294677734375 1.1889950037002563477 0.58713608980178833008 0.85742181539535522461 -9999 -9999 -9999 -9999 -9999 -9999 -9999 -9999 -9999 -9999 -9999 -9999 -9999 0.88855040073394775391
0.58694678544998168945 -0.052013490349054336548 -0.89280742406845092773 -0.86340183019638061523 -1.1851127147674560547 -1.486548304557800293 -0.82820707559585571289 0.717533111572265625 0.37890273332595825195 -0.81087332963943481445 -0.67293715476989746094 -0.3974228203296661377 -0.84680652618408203125 -1.0691817998886108398 0.68038010597229003906 0.58501148223876953125 0.11057986319065093994 0.055917527526617050171 -0.10233822464942932129 0.35387203097343444824 -0.90796720981597900391 -0.14910453557968139648 1.0054297447204589844 0.79941046237945556641 0.65041625499725341797 1.1251130104064941406 -9999 -9999 -9999 -9999 -9999 -9999 -9999 -9999 -9999 -9999 -9999 -9999 -9999 0.13533514738082885742
0.13314512372016906738 -0.67858290672302246094 -0.56659430265426635742 -0.63245689868927001953 -0.52088367938995361328 -0.27644744515419006348 -0.28207886219024658203 -0.50626152753829956055 -0.96244823932647705078 -1.0400149822235107422 -1.0992943048477172852 -0.39811590313911437988 -1.297542572021484375 -1.2823070287704467773 0.20852293074131011963 0.23088738322257995605 0.915767669677734375 0.99584048986434936523 0.07952760159969329834 0.26536554098129272461 -1.4688456058502197266 -0.44759953022003173828 0.96506536006927490234 1.2703903913497924805 1.2226457595825195313 1.0365886688232421875 -9999 -9999 -9999 -9999 -9999 -9999 -9999 -9999 -9999 -9999 -9999 -9999 -9999 1.2324599027633666992
-0.42308923602104187012 -0.7846228480339050293 0.0029403145890682935715 -0.12669648230075836182 -0.71710032224655151367 -0.63071841001510620117 -0.39020609855651855469 -0.77158707380294799805 -1.6874036788940429688 -1.1663067340850830078 -0.23299229145050048828 -0.087600722908973693848 -1.1860049962997436523 -0.84369218349456787109 0.0050345249474048614502 0.42848560214042663574 0.93780618906021118164 1.4067045450210571289 0.52391564846038818359 0.45944032073020935059 -1.013332366943359375 -0.66103857755661010742 0.54005479812622070313 1.2706037759780883789 0.89937770366668701172 1.3972725868225097656 -9999 -9999 -9999 -9999 -9999 -9999 -9999 -9999 -9999 -9999 -9999 -9999 -9999 0.57084256410598754883
-0.33872064948081970215 -0.29851582646369934082 -0.49634757637977600098 -1.0893636941909790039 -0.74339783191680908203 -0.44137081503868103027 0.065012715756893157959 -0.22244091331958770752 -1.2038177251815795898 -0.30180633068084716797 0.28863593935966491699 -0.46988824009895324707 -1.4055814743041992188 -1.0518457889556884766 -1.0243227481842041016 0.13200162351131439209 0.86375033855438232422 1.1464877128601074219 1.1917634010314941406 0.96777749061584472656 -0.032258488237857818604 0.2452014535665512085 0.93825662136077880859 0.9773426055908203125 1.4746177196502685547 -9999 -9999 -9999 -9999 -9999 -9999 -9999 -9999 -9999 -9999 -9999 -9999 -9999 -9999 -0.17906665802001953125
0.0015047764172777533531 0.13203088939189910889 0.32410842180252075195 -0.12797652184963226318 -0.28216147422790527344 -0.6040146946907043457 0.012805480509996414185 -0.029500439763069152832 -1.3520660400390625 -0.80000579357147216797 0.18559160828590393066 -0.4180418848991394043 -1.1239761114120483398 -0.76005572080612182617 -0.29691964387893676758 -0.094901770353317260742 0.72500056028366088867 0.47150012850761413574 0.48080644011497497559 0.77213233709335327148 1.1901717185974121094 1.4482662677764892578 1.0804535150527954102 0.57364881038665771484 -9999 -9999 -9999 -9999 -9999 -9999 -9999 -9999 -9999 -9999 -9999 -9999 -9999 -9999 -9999 -0.58771139383316040039
0.071543209254741668701 0.31133490800857543945 0.98184370994567871094 0.62784582376480102539 -0.31053087115287780762 -0.36556959152221679688 -0.17828233540058135986 0.1705764085054397583 -0.87162953615188598633 -0.94530558586120605469 0.31761696934700012207 0.31926190853118896484 -0.18863691389560699463 -1.0636657476425170898 0.4090633690357208252 0.79667073488235473633 0.0011065894505009055138 -0.37348341941833496094 -0.037701711058616638184 0.57717055082321166992 1.2947291135787963867 1.6421390771865844727 1.3325482606887817383 0.8151715397834777832 0.23646429181098937988 -9999 -9999 -9999 -9999 -9999 -9999 -9999 -9999 -9999 -9999 -9999 -9999 -9999 -9999 -9999
-0.24045284092426300049 0.91411811113357543945 0.63881778717041015625 0.16933709383010864258 0.26808917522430419922 -9999 2.8080911636352539063 0.64202737808227539063 -0.15411572158336639404 -0.3577435612678527832 0.18488015234470367432 0.18707075715065002441 -0.37553113698959350586 -1.1565327644348144531 -0.065250620245933532715 0.35674196481704711914 -0.97314536571502685547 -0.09824390709400177002 -0.60628962516784667969 -0.13690818846225738525 0.78883838653564453125 0.92558175325393676758 1.9419440031051635742 1.6268541812896728516 0.22500407695770263672 -9999 -9999 -9999 -9999 -9999 -9999 -9999 -9999 -9999 -9999 -9999 -9999 -9999 -9999 -9999
-0.40401241183280944824 0.0039346343837678432465 -0.57853531837463378906 -0.61102712154388427734 -0.06454432755708694458 -0.43378460407257080078 2.4999489784240722656 0.83621919155120849609 -0.083794422447681427002 -0.33338701725006103516 -0.13561265170574188232 -0.55052167177200317383 -0.73475134372711181641 -1.1060646772384643555 0.3572572171688079834 0.50243878364562988281 -0.023615421727299690247 0.52225571870803833008 -0.55318790674209594727 -0.76560109853744506836 -1.0707194805145263672 -0.09453055262565612793 0.9005114436149597168 3.0422828197479248047 -9999 -9999 -9999 -9999 -9999 -9999 -9999 -9999 -9999 -9999 -9999 -9999 -9999 -9999 -9999 -9999
-0.44611120223999023438 -0.03082180023193359375 -0.96653801202774047852 -0.84936892986297607422 -0.4748242497444152832 -1.1312060356140136719 -1.53908538818359375 -9999 -9999 -9999 0.87390351295471191406 0.15667200088500976563 -0.58320909738540649414 -0.1629555821418762207 0.54853093624114990234 0.69915860891342163086 0.62688076496124267578 0.26543667912483215332 -0.47495737671852111816 -0.20028588175773620605 0.052586872130632400513 1.0762163400650024414 0.93657779693603515625 -9999 -9999 -9999 -9999 -9999 -9999 -9999 -9999 -9999 -9999 -9999 -9999 -9999 -9999 -1.4331309795379638672 0.24404935538768768311 -0.19200544059276580811
-0.8940880894660949707 -0.077709741890430450439 -1.0647650957107543945 -1.2577893733978271484 -0.46030536293983459473 -0.57674401998519897461 0.33094474673271179199 -9999 -9999 0.069558009505271911621 0.18289151787757873535 0.50401657819747924805 -0.087271384894847869873 0.24678215384483337402 0.64509928226470947266 -0.33586508035659790039 0.67764902114868164063 0.10999348759651184082 -0.030258946120738983154 -0.15064793825149536133 -0.1988652646541595459 0.85304862260818481445 -9999 -9999 -9999 -9999 -9999 -9999 -9999 -9999 -9999 -9999 -9999 -9999 -9999 -9999 -9999 -1.3554626703262329102 -0.89582598209381103516 -0.10543364286422729492
-1.2084778547286987305 -1.5793321132659912109 -1.1547019481658935547 -0.14311508834362030029 0.21012027561664581299 -0.3893426060676574707 -0.99574446678161621094 -9999 -0.082487404346466064453 -0.50342947244644165039 -0.25690415501594543457 0.55315595865249633789 0.79761403799057006836 0.99975353479385375977 0.52911674976348876953 -0.38966047763824462891 0.035017881542444229126 0.18064010143280029297 0.32271936535835266113 0.31324550509452819824 0.92492133378982543945 0.68112027645111083984 -9999 -9999 -9999 -9999 -9999 -9999 -9999 -9999 -9999 -9999 -9999 -9999 -9999 -9999 -9999 -0.78643357753753662109 -1.2046284675598144531 0.078130505979061126709
-0.90032941102981567383 -1.0168776512145996094 -0.71511971950531005859 -1.0497992038726806641 -0.9260399937629699707 -1.1608141660690307617 -1.5342561006546020508 -0.16500905156135559082 0.3214295804500579834 -0.73729938268661499023 -0.72261410951614379883 0.08709831535816192627 0.79106056690216064453 0.56772363185882568359 0.52857339382171630859 -0.077390156686305999756 -0.75558674335479736328 0.42653253674507141113 0.83834093809127807617 0.91025215387344360352 1.9909846782684326172 1.0719400644302368164 -9999 -9999 -9999 -9999 -9999 -9999 -9999 -9999 -9999 -9999 -9999 -9999 -9999 -9999 -9999 -0.74663382768630981445 -0.74163126945495605469 -0.70931786298751831055
-0.41042929887771606445 -0.48919799923896789551 -1.2419060468673706055 -1.1279448270797729492 -0.70114356279373168945 -0.69073563814163208008 0.22477859258651733398 -0.50969773530960083008 -0.27163478732109069824 0.057080533355474472046 -0.33883711695671081543 0.19741673767566680908 0.91127169132232666016 0.43376129865646362305 -0.021508589386940002441 -0.24651457369327545166 -0.97489762306213378906 -0.30517312884330749512 0.50300103425979614258 1.3029040098190307617 0.05825902894139289856 -0.72773778438568115234 -1.4401801824569702148 -9999 -9999 -9999 -9999 -9999 -9999 -9999 -9999 -9999 -9999 -9999 -9999 -9999 -0.21246616542339324951 0.021031998097896575928 -0.91376793384552001953 -0.86504739522933959961
-1.1441408395767211914 -0.76557183265686035156 -0.60469973087310791016 -0.55697929859161376953 -0.59821283817291259766 -0.16328147053718566895 -0.16268362104892730713 -0.32259121537208557129 0.1220928579568862915 0.079348012804985046387 0.40700301527976989746 0.95979601144790649414 1.1585944890975952148 0.54156208038330078125 0.167512550950050354 0.086134977638721466064 -0.25329580903053283691 -0.4047393500804901123 0.42444348335266113281 0.89848554134368896484 -0.090465486049652099609 -0.13217872381210327148 0.64210426807403564453 0.60629785060882568359 -9999 -9999 -9999 -9999 -9999 -9999 -9999 -9999 -9999 -9999 -9999 -0.72420400381088256836 -0.78627407550811767578 -0.57188087701797485352 -0.29066053032875061035 -0.13707803189754486084
