INPUT/RASTER/ASCII/ndvi.asc
ncols        113
nrows        135
xllcorner    473009.983799999987
yllcorner    4429001.174800000153
cellsize     100.000000000000
NODATA_value  -9999
[rows 108 to 125 of 135, columns 40 to 79 of 113]
-1.7552249431610107422 -2.0322980880737304688 -2.0499861240386962891 -2.1174693107604980469 -1.6498266458511352539 -0.63882410526275634766 -1.3021830320358276367 -1.8160271644592285156 -1.6855411529541015625 -1.6609575748443603516 -1.2056516408920288086 -1.5436288118362426758 -1.3714258670806884766 -1.1953481435775756836 -0.81978642940521240234 -1.7731907367706298828 -1.0911334753036499023 0.04244771227240562439 0.21502381563186645508 -0.58158564567565917969 -0.43347987532615661621 -0.7486107945442199707 -0.72355318069458007813 -0.62664651870727539063 -0.51805400848388671875 0.81128507852554321289 1.0760769844055175781 -0.1932315528392791748 -0.6558182835578918457 -0.62346482276916503906 -0.2347243577241897583 0.46269917488098144531 0.15253169834613800049 -0.82610988616943359375 -2.0630125999450683594 -1.6193143129348754883 -1.8674294948577880859 -1.5981400012969970703 -1.4651733636856079102 -1.4192169904708862305
-1.4931164979934692383 -1.9149036407470703125 -1.8010952472686767578 -1.9950660467147827148 -2.0406281948089599609 -1.7302230596542358398 -1.6113755702972412109 -1.5443710088729858398 -1.6147691011428833008 -1.5195016860961914063 -1.7444918155670166016 -1.7268282175064086914 -2.0584242343902587891 -2.2992718219757080078 -1.1738927364349365234 -0.92278242111206054688 -0.68403965234756469727 -0.26668173074722290039 0.70264524221420288086 -0.26223176717758178711 -0.83923691511154174805 -1.7041776180267333984 -1.5525114536285400391 -1.1057393550872802734 -0.21509566903114318848 0.94465613365173339844 0.29884278774261474609 -0.24562127888202667236 -0.17958459258079528809 -0.23015734553337097168 0.31875818967819213867 0.1666097491979598999 0.49376496672630310059 -0.30806633830070495605 -1.3796868324279785156 -1.3759937286376953125 -1.7828629016876220703 -1.6595852375030517578 -1.2626521587371826172 -1.6714974641799926758
-2.0543186664581298828 -1.128818511962890625 -0.29255387187004089355 -0.93511557579040527344 -1.4405896663665771484 -1.7107300758361816406 -1.7171945571899414063 -1.8010437488555908203 -1.8113555908203125 -1.7569524049758911133 -2.0308122634887695313 -1.7125458717346191406 -1.0911999940872192383 -1.6821942329406738281 -1.0831280946731567383 -0.35625779628753662109 -1.3438320159912109375 -0.51073223352432250977 0.60027265548706054688 -0.15987797081470489502 -0.88701379299163818359 -1.7904115915298461914 -1.6716119050979614258 -0.58330291509628295898 -0.44453471899032592773 0.27561777830123901367 -0.2604027092456817627 0.2286863476037979126 0.44415616989135742188 0.4177264869213104248 0.46354636549949645996 -0.15988533198833465576 0.34862247109413146973 0.079135611653327941895 -0.30334493517875671387 -1.1505130529403686523 -1.7222964763641357422 -1.8278870582580566406 -1.0457032918930053711 -1.0773082971572875977
-1.9498788118362426758 -1.5281794071197509766 -0.80948352813720703125 -1.0012295246124267578 -1.1035522222518920898 -0.92361313104629516602 -1.5641880035400390625 -1.9428156614303588867 -1.980987548828125 -1.9700095653533935547 -2.1129221916198730469 -1.2703338861465454102 0.37514093518257141113 0.2864685356616973877 -0.38814374804496765137 0.18796190619468688965 -1.2972695827484130859 -1.3346055746078491211 0.5894762873649597168 -0.081834591925144195557 -1.0239908695220947266 -0.7999210357666015625 -0.79433625936508178711 0.04681065678596496582 -1.024685978889465332 -0.37900292873382568359 -0.19505412876605987549 0.027409566566348075867 0.56679552793502807617 0.66684305667877197266 0.47199612855911254883 -0.25909149646759033203 -0.10366784036159515381 -0.033238504081964492798 -0.47102260589599609375 -1.5191208124160766602 -1.4961601495742797852 -1.1293816566467285156 0.094729818403720855713 0.10978296399116516113
-2.1355559825897216797 -2.0151119232177734375 -1.4842019081115722656 -1.4582579135894775391 -1.3959841728210449219 -1.4435153007507324219 -1.4916473627090454102 -1.8749159574508666992 -1.969141840934753418 -1.9493527412414550781 -2.0209255218505859375 -0.90405446290969848633 0.53362989425659179688 -0.16160762310028076172 -1.2069305181503295898 -0.62996941804885864258 -0.63815039396286010742 -0.41988968849182128906 0.8982143402099609375 1.1380186080932617188 -1.2369865179061889648 -0.36505249142646789551 -0.18107812106609344482 0.43776184320449829102 0.82329416275024414063 0.5557651519775390625 -0.46472683548927307129 -0.39073938131332397461 -0.0762271881103515625 0.85688471794128417969 -0.0099152633920311927795 -0.20177541673183441162 -0.62765455245971679688 -0.79573011398315429688 -0.21518124639987945557 -1.0277765989303588867 -1.1415027379989624023 -0.0063953842036426067352 0.69658058881759643555 0.38042488694190979004
-2.0719497203826904297 -2.1893141269683837891 -2.053195953369140625 -1.8616769313812255859 -1.497368931770324707 -1.1751728057861328125 -0.98806840181350708008 -1.467852473258972168 -1.9658625125885009766 -2.1177036762237548828 -2.2575328350067138672 -1.2885431051254272461 0.010532968677580356598 -1.1353602409362792969 -2.1371552944183349609 -1.2917021512985229492 -1.3455243110656738281 -0.097164444625377655029 1.9068807363510131836 2.1922650337219238281 1.7774615287780761719 1.6746323108673095703 0.52313315868377685547 0.42634034156799316406 0.62906360626220703125 0.18817657232284545898 -0.87450891733169555664 -0.32067468762397766113 -0.52989631891250610352 0.47239103913307189941 -0.3940181434154510498 -0.51868534088134765625 -0.75059247016906738281 -0.46752539277076721191 -0.29644370079040527344 -0.75197452306747436523 -0.73460304737091064453 0.0091653028503060340881 0.34006154537200927734 0.45963802933692932129
-1.9679216146469116211 -2.2981896400451660156 -2.2517180442810058594 -2.2909295558929443359 -1.9350806474685668945 -1.5836896896362304688 -0.9517701268196105957 -0.9535815119743347168 -1.5453684329986572266 -1.9366533756256103516 -2.1330838203430175781 -1.1112297773361206055 -0.21730139851570129395 -0.8851000666618347168 -1.5762673616409301758 -1.4302496910095214844 -1.9050322771072387695 -0.16188845038414001465 2.2548053264617919922 1.8992893695831298828 1.1889142990112304688 1.3300446271896362305 0.58204632997512817383 0.30528503656387329102 0.52145588397979736328 -0.23616877198219299316 -1.001398921012878418 -0.20026278495788574219 -0.02351605147123336792 0.30950123071670532227 -0.3376356661319732666 -0.48463457822799682617 -0.014743113890290260315 0.83997285366058349609 0.3725376427173614502 -0.11440978944301605225 -0.02624079585075378418 0.054608497768640518188 0.1966736912727355957 0.50349920988082885742
-1.5868897438049316406 -2.1640546321868896484 -2.4376969337463378906 -2.4555187225341796875 -1.9734025001525878906 -1.6700024604797363281 -1.1460506916046142578 -1.0716032981872558594 -1.2473937273025512695 -1.8087466955184936523 -1.9240437746047973633 -1.1658346652984619141 -0.29972419142723083496 -0.089168108999729156494 -0.50794488191604614258 -0.71865445375442504883 -1.3726811408996582031 0.46418535709381103516 2.3863711357116699219 2.2209897041320800781 0.29063299298286437988 0.089789934456348419189 0.17996147274971008301 0.62803554534912109375 0.72442233562469482422 -0.22443848848342895508 -0.53547078371047973633 -0.090694569051265716553 0.11902962625026702881 0.25857004523277282715 -0.14012460410594940186 -0.54710435867309570313 -0.024939881637692451477 0.98663944005966186523 0.90472245216369628906 0.36029601097106933594 0.92381417751312255859 0.92592579126358032227 0.47389546036720275879 0.86151731014251708984
-1.9878710508346557617 -2.2188026905059814453 -2.5856032371520996094 -2.5614879131317138672 -2.0043365955352783203 -1.8076702356338500977 -1.5514924526214599609 -1.2790265083312988281 -1.3317235708236694336 -1.6748659610748291016 -2.0118641853332519531 -1.8602817058563232422 -1.5952036380767822266 -0.61770600080490112305 -0.92146533727645874023 -0.60087704658508300781 -0.99882769584655761719 -0.5911648869514465332 2.2293410301208496094 2.3266954421997070313 0.58156609535217285156 0.72555357217788696289 0.66531217098236083984 0.79783016443252563477 0.63819086551666259766 -0.070325441658496856689 0.054296795278787612915 -0.25366583466529846191 -0.25191265344619750977 0.0065778833813965320587 -0.29124295711517333984 -0.75390619039535522461 -0.36415296792984008789 0.71990084648132324219 0.59920340776443481445 0.35535758733749389648 0.85652714967727661133 1.0190129280090332031 0.76262140274047851563 1.393813014030456543
-2.2692258358001708984 -2.3478579521179199219 -2.4268381595611572266 -2.4469304084777832031 -2.2688534259796142578 -1.7912659645080566406 -1.6175805330276489258 -1.4827985763549804688 -1.3782695531845092773 -1.8726683855056762695 -2.2823953628540039063 -2.4753234386444091797 -2.4653668403625488281 -1.5853130817413330078 -1.7706774473190307617 -1.0302834510803222656 -1.396268010139465332 -1.2906798124313354492 1.3638819456100463867 0.92207068204879760742 -0.049820750951766967773 0.37461104989051818848 0.4913069605827331543 0.40260130167007446289 0.48088815808296203613 -0.16073957085609436035 -0.11681871861219406128 -0.52014595270156860352 0.22794473171234130859 0.1778939366340637207 -0.31782877445220947266 -0.65446710586547851563 -0.78363138437271118164 0.14228259027004241943 0.60719889402389526367 0.79879641532897949219 0.93944782018661499023 1.0086603164672851563 0.74783319234848022461 1.4650903940200805664
-2.4749529361724853516 -2.1187682151794433594 -1.9430075883865356445 -1.9871698617935180664 -1.6538740396499633789 -1.744936823844909668 -1.6208530664443969727 -1.6418986320495605469 -1.6356698274612426758 -1.9925559759140014648 -2.5348236560821533203 -2.5145580768585205078 -2.6160864830017089844 -2.0088696479797363281 -1.5925052165985107422 -1.4324364662170410156 -2.0602929592132568359 -1.6084604263305664063 -0.40544465184211730957 1.3365774154663085938 0.57031840085983276367 0.46950429677963256836 -0.11570188403129577637 -0.22266355156898498535 0.10810095071792602539 -0.098755300045013427734 -0.33392700552940368652 -0.41734373569488525391 0.10274291038513183594 -0.030300859361886978149 -0.50450998544692993164 -0.47187539935111999512 -0.50298762321472167969 0.23147726058959960938 0.26136976480484008789 0.73237395286560058594 1.1555922031402587891 0.84216415882110595703 0.78347009420394897461 1.9350020885467529297
-2.3808205127716064453 -2.1787710189819335938 -2.0758025646209716797 -1.7359060049057006836 -1.2497915029525756836 -1.7545424699783325195 -1.7950187921524047852 -1.8338156938552856445 -1.9701890945434570313 -2.2345983982086181641 -2.4389071464538574219 -2.4688389301300048828 -2.4436488151550292969 -2.1956768035888671875 -1.4902143478393554688 -1.0702439546585083008 -1.9285445213317871094 -1.5922853946685791016 -0.96504509449005126953 1.6142632961273193359 0.87472939491271972656 -0.016062259674072265625 -1.1073381900787353516 -1.7890039682388305664 -1.1413398981094360352 -0.41860377788543701172 -0.19999106228351593018 -0.76047164201736450195 -0.38642174005508422852 -0.2349519580602645874 -0.51784110069274902344 -0.23546479642391204834 -0.015373868867754936218 0.67638319730758666992 0.26478496193885803223 0.74467384815216064453 1.0121439695358276367 0.32311466336250305176 0.92880934476852416992 2.2376687526702880859
-1.9486196041107177734 -1.8689490556716918945 -1.5812280178070068359 -1.4111144542694091797 -1.4752897024154663086 -1.1052718162536621094 -1.8142045736312866211 -2.0492475032806396484 -1.9946905374526977539 -2.2009782791137695313 -2.0701899528503417969 -1.5142192840576171875 -2.0981631278991699219 -2.2733612060546875 -0.54489976167678833008 -0.75554764270782470703 -1.8445317745208740234 -1.7074697017669677734 -0.59411662817001342773 1.0516583919525146484 0.4159297943115234375 -0.79423308372497558594 -1.8337401151657104492 -2.2945775985717773438 -1.7724448442459106445 -1.6189291477203369141 -0.87882012128829956055 -1.017872929573059082 -0.56591963768005371094 -0.28181135654449462891 -0.24085165560245513916 -0.079882927238941192627 0.52493488788604736328 0.50388854742050170898 0.22297309339046478271 0.58060103654861450195 0.56174862384796142578 0.36518472433090209961 1.1974643468856811523 2.1810195446014404297
-1.8630222082138061523 -1.8608727455139160156 -1.7670515775680541992 -1.1111650466918945313 -0.72853308916091918945 0.26984128355979919434 -1.5705078840255737305 -1.973855137825012207 -2.09535980224609375 -2.1519410610198974609 -1.7947756052017211914 -1.2098804712295532227 -0.93182414770126342773 -0.77119654417037963867 -1.2317709922790527344 -1.7796767950057983398 -0.15807275474071502686 0.4254799187183380127 0.52553975582122802734 -0.096345491707324981689 -1.0806015729904174805 -1.8526986837387084961 -2.0608680248260498047 -1.98278045654296875 -2.1586406230926513672 -1.9668928384780883789 -1.0357334613800048828 -0.51903146505355834961 -0.21001522243022918701 -0.027203837409615516663 0.028929848223924636841 0.73350286483764648438 0.55228465795516967773 0.29826173186302185059 0.015761032700538635254 0.51450139284133911133 0.53538423776626586914 0.47660991549491882324 1.7592693567276000977 1.8595538139343261719
-1.6986576318740844727 -1.8773542642593383789 -2.1360197067260742188 -1.7278081178665161133 -0.4253368377685546875 0.3592929542064666748 -1.552340388298034668 -2.1013376712799072266 -2.0917723178863525391 -1.6941194534301757813 -1.1059408187866210938 -0.53459978103637695313 -0.45831370353698730469 -1.2593357563018798828 -1.8426883220672607422 -1.0124022960662841797 1.4058399200439453125 1.041970372200012207 0.9402096867561340332 0.031264379620552062988 -1.2772171497344970703 -2.1448228359222412109 -1.7827973365783691406 -1.8504291772842407227 -2.4597198963165283203 -2.0143065452575683594 -1.5646384954452514648 -0.84099686145782470703 -0.26454070210456848145 0.042544163763523101807 0.29915833473205566406 0.70939296483993530273 -0.032001692801713943481 -0.087184101343154907227 -0.28342014551162719727 0.43287637829780578613 0.7789942622184753418 0.73128592967987060547 2.2189459800720214844 2.0722386837005615234
-1.3909692764282226563 -1.7691007852554321289 -1.8032685518264770508 -1.2563992738723754883 -0.78027647733688354492 -0.8699169158935546875 -1.6283682584762573242 -2.0791552066802978516 -1.7401258945465087891 -0.74605983495712280273 -0.27489185333251953125 0.35074940323829650879 0.76861661672592163086 0.38561472296714782715 0.093943506479263305664 0.73191082477569580078 1.4236540794372558594 2.3166074752807617188 2.526241302490234375 1.8691365718841552734 0.96592891216278076172 0.6701990962028503418 -0.55385094881057739258 -1.4438837766647338867 -2.3899197578430175781 -1.9193100929260253906 -1.5952870845794677734 -0.80026215314865112305 -0.25291597843170166016 0.20452357828617095947 0.13335026800632476807 0.17853440344333648682 0.19775052368640899658 -0.40573990345001220703 -0.3445186913013458252 0.24143318831920623779 0.88452237844467163086 1.0047781467437744141 2.0227909088134765625 2.2891402244567871094
-1.4178470373153686523 -1.4292445182800292969 -0.88280344009399414063 -0.032685380429029464722 -0.39628678560256958008 -0.98190903663635253906 -1.18404388427734375 -0.59025651216506958008 0.32635343074798583984 1.0354375839233398438 0.38468462228775024414 0.68604654073715209961 0.70520323514938354492 0.21583953499794006348 0.1162463650107383728 0.72747755050659179688 1.1514953374862670898 1.5781294107437133789 2.06023406982421875 2.2326281070709228516 1.9092649221420288086 1.9938920736312866211 0.22206445038318634033 -1.1092360019683837891 -1.4975442886352539063 -1.0097719430923461914 -1.2170283794403076172 -0.65127831697463989258 -0.22462551295757293701 0.51591789722442626953 0.049159593880176544189 -0.065550811588764190674 -0.29287588596343994141 -0.23144355416297912598 -0.36192432045936584473 0.14745095372200012207 0.76357322931289672852 0.94559717178344726563 2.0585584640502929688 2.8570122718811035156
-1.3385416269302368164 -1.5730454921722412109 -0.40336212515830993652 0.14202529191970825195 -0.33125695586204528809 -0.65859425067901611328 -0.66340208053588867188 -0.11158153414726257324 0.68009328842163085938 1.2230256795883178711 0.48838311433792114258 0.34946611523628234863 -0.8960666656494140625 -1.1717205047607421875 -0.33616185188293457031 0.034725740551948547363 0.65427732467651367188 0.34462034702301025391 0.54423099756240844727 1.342515110969543457 2.1062147617340087891 2.2283866405487060547 1.0504698753356933594 1.2621836662292480469 0.1184565126895904541 -0.62500423192977905273 -0.7930844426155090332 -1.0522398948669433594 -0.89518445730209350586 0.81751120090484619141 0.72693502902984619141 -0.16774491965770721436 0.19961309432983398438 -0.35697150230407714844 -0.26431074738502502441 0.34725156426429748535 0.78596842288970947266 1.4819775819778442383 1.9579039812088012695 2.8378872871398925781
