INPUT/RASTER/ASCII/ndvi.asc
ncols        113
nrows        135
xllcorner    473009.983799999987
yllcorner    4429001.174800000153
cellsize     100.000000000000
NODATA_value  -9999
[rows 72 to 89 of 135, columns 40 to 79 of 113]
0.30732697248458862305 0.21485383808612823486 0.41578394174575805664 1.4182686805725097656 1.0792640447616577148 0.65107065439224243164 0.18208573758602142334 -0.25091990828514099121 -0.91027086973190307617 -1.3475024700164794922 -0.86964464187622070313 0.036398932337760925293 0.37454077601432800293 -0.13330774009227752686 -0.71890944242477416992 -0.99505877494812011719 -1.43917083740234375 -1.6954271793365478516 -1.323939204216003418 -0.34042364358901977539 -0.75362122058868408203 -1.5021392107009887695 -1.1882592439651489258 -1.8047400712966918945 -2.3342561721801757813 -9999 -9999 -2.2637817859649658203 -1.6928641796112060547 -0.016265159472823143005 0.35776269435882568359 0.37882873415946960449 0.33719536662101745605 -0.58315855264663696289 -9999 -9999 -9999 -1.3379187583923339844 -0.84334081411361694336 -0.0078580304980278015137
-0.23902113735675811768 -0.55351924896240234375 0.14407311379909515381 1.0401483774185180664 -0.042497225105762481689 0.70661854743957519531 0.52379071712493896484 -0.84528189897537231445 -1.0898746252059936523 -0.55463957786560058594 0.40662607550621032715 1.4326263666152954102 0.80516338348388671875 -0.056035377085208892822 -0.97733557224273681641 -1.5861318111419677734 -2.0092594623565673828 -1.9208971261978149414 -1.5949037075042724609 -0.46201118826866149902 -0.65265661478042602539 -0.75448578596115112305 -1.1244220733642578125 -2.0859186649322509766 -1.9147913455963134766 -1.7927509546279907227 -2.0112285614013671875 -1.7054848670959472656 -1.2999063730239868164 -0.079874105751514434814 0.11360572278499603271 -1.3065545558929443359 -2.0478565692901611328 -1.6596268415451049805 -1.3514039516448974609 -1.5238765478134155273 0.11547417193651199341 -1.8752057552337646484 -1.1784682273864746094 0.015302595682442188263
-0.72895801067352294922 -0.99562567472457885742 -0.3040536344051361084 0.38382950425148010254 -0.00096059736097231507301 0.96313947439193725586 0.86702060699462890625 -0.34162017703056335449 -0.20089764893054962158 0.51120972633361816406 0.87031704187393188477 0.65166759490966796875 0.68192970752716064453 -0.17555598914623260498 -0.77540624141693115234 -1.6107058525085449219 -2.0700368881225585938 -1.9658621549606323242 -0.92486613988876342773 -0.64875680208206176758 -0.86537051200866699219 -0.51916348934173583984 -0.63614314794540405273 -1.6125278472900390625 -1.7512757778167724609 -1.9708348512649536133 -1.8037141561508178711 -1.4377852678298950195 -0.30029937624931335449 -0.37155765295028686523 -0.99039000272750854492 -1.3665326833724975586 -1.0172098875045776367 -0.87673145532608032227 -0.58377665281295776367 0.11310700327157974243 0.50995671749114990234 -0.99847042560577392578 -1.0804536342620849609 -0.15023668110370635986
-1.081808924674987793 -1.0474920272827148438 -0.370304107666015625 0.91040009260177612305 1.4380964040756225586 1.0268051624298095703 0.050896007567644119263 -0.58530133962631225586 0.40980219841003417969 0.1890678703784942627 -0.087798386812210083008 0.069763973355293273926 0.42901831865310668945 -0.69130408763885498047 -1.0905215740203857422 -1.309197545051574707 -1.9049556255340576172 -1.8502063751220703125 -0.92730242013931274414 -0.57714915275573730469 -1.5310877561569213867 -0.88687586784362792969 0.13877300918102264404 -0.82493978738784790039 -1.0870014429092407227 -1.4355776309967041016 -1.5279282331466674805 -1.4381246566772460938 -0.58313411474227905273 -0.23821689188480377197 -0.47433811426162719727 -0.083013176918029785156 0.30946272611618041992 0.59713149070739746094 0.88067317008972167969 0.79612082242965698242 0.72959893941879272461 -0.79683458805084228516 -1.2506251335144042969 -0.30480787158012390137
-0.15738672018051147461 -0.57587474584579467773 -0.15500837564468383789 0.89688873291015625 0.95098251104354858398 -0.27218976616859436035 -0.69923603534698486328 -0.93143540620803833008 -0.9457766413688659668 -0.63568472862243652344 -0.61895602941513061523 -0.55291581153869628906 -0.041231893002986907959 -0.75002050399780273438 -0.90027725696563720703 -1.0590752363204956055 -1.4044835567474365234 -1.2757163047790527344 -1.2104632854461669922 -1.2090259790420532227 -1.2877936363220214844 -1.2758572101593017578 -1.3274382352828979492 -1.6194933652877807617 -1.2071486711502075195 -0.86975520849227905273 -0.70900171995162963867 -0.88474160432815551758 0.068451292812824249268 -0.010929176583886146545 -0.57192814350128173828 -0.39953526854515075684 0.68568837642669677734 1.6493402719497680664 2.5038661956787109375 1.7702629566192626953 0.70039540529251098633 0.011229299008846282959 -0.4695593714714050293 0.27207171916961669922
-0.31551662087440490723 -1.2901862859725952148 -1.0480154752731323242 -0.32015302777290344238 -0.1637986600399017334 0.078751280903816223145 -0.47399026155471801758 -1.0519540309906005859 -0.93277716636657714844 -1.3457801342010498047 -0.76932835578918457031 -0.23265448212623596191 -0.11509788781404495239 -0.39174565672874450684 -0.63074129819869995117 -1.0875139236450195313 -0.54069679975509643555 0.021099662408232688904 -0.96505659818649291992 -1.7988380193710327148 -1.7438535690307617188 -1.7519409656524658203 -2.0555462837219238281 -1.9728803634643554688 -1.4780528545379638672 -0.31070727109909057617 -0.57839304208755493164 -0.012497095391154289246 0.50039714574813842773 -0.0084567330777645111084 -0.51194202899932861328 -0.44746795296669006348 0.7104803919792175293 1.0727918148040771484 2.0315291881561279297 2.3019416332244873047 1.6005812883377075195 0.56248611211776733398 -0.071400515735149383545 1.0951991081237792969
-1.7163449525833129883 -1.6013090610504150391 -1.1827826499938964844 -0.67334330081939697266 -0.2605559229850769043 -0.07238031923770904541 -1.0955358743667602539 -0.7698376774787902832 -0.88464719057083129883 -0.8137314915657043457 -0.30455410480499267578 0.063970141112804412842 -0.17101250588893890381 -0.54403376579284667969 -1.2738122940063476563 -1.5742170810699462891 -0.66034007072448730469 0.039974976330995559692 -0.69042605161666870117 -1.7963070869445800781 -2.1693966388702392578 -1.8962711095809936523 -1.1276131868362426758 -1.4395580291748046875 -1.3261826038360595703 0.12264537066221237183 0.28499913215637207031 0.583110809326171875 0.89079612493515014648 0.86383360624313354492 -0.10976602137088775635 0.96858370304107666016 1.8234686851501464844 1.0299146175384521484 1.3918869495391845703 1.5699557065963745117 0.28011775016784667969 0.48323532938957214355 -0.15536065399646759033 0.51616400480270385742
-0.77707123756408691406 -0.4399738609790802002 -0.55765426158905029297 -0.96323782205581665039 -1.345242619514465332 -0.65416806936264038086 -1.1951725482940673828 -1.3063519001007080078 -0.41072359681129455566 0.17385269701480865479 -0.014486694708466529846 -0.14372211694717407227 -1.0932757854461669922 -1.3051630258560180664 -1.3569505214691162109 -0.99352818727493286133 -1.333962559700012207 -0.59747332334518432617 0.088788077235221862793 -0.66508173942565917969 -1.4855153560638427734 -1.6490706205368041992 -1.0898473262786865234 -0.47203683853149414063 -0.35550296306610107422 0.45759344100952148438 1.3195390701293945313 1.2756315469741821289 0.30842646956443786621 0.45515218377113342285 -0.36391362547874450684 -0.23884412646293640137 0.37933039665222167969 0.13125275075435638428 1.6427286863327026367 1.6722056865692138672 0.95502144098281860352 1.2286591529846191406 0.59778225421905517578 0.95924407243728637695
0.27019417285919189453 -0.58968400955200195313 -0.49847707152366638184 -0.38943877816200256348 -0.46874719858169555664 -0.13273610174655914307 -0.18782852590084075928 -0.097557008266448974609 -0.33761391043663024902 -0.71919965744018554688 -0.1111230999231338501 0.14967316389083862305 -0.092089585959911346436 0.16684205830097198486 0.22545140981674194336 0.50415199995040893555 -0.86397314071655273438 -0.13703611493110656738 0.76760804653167724609 0.65719705820083618164 -0.38201054930686950684 -1.4523141384124755859 -1.1870892047882080078 -0.76977062225341796875 -0.22410503029823303223 0.37602695822715759277 1.050313115119934082 0.41748741269111633301 -0.5182577967643737793 -0.24462001025676727295 0.094153761863708496094 0.68152773380279541016 1.2531378269195556641 0.18071307241916656494 1.4557476043701171875 1.8084470033645629883 1.5077747106552124023 1.4786030054092407227 1.1784393787384033203 0.64978235960006713867
-0.26988816261291503906 -1.0404399633407592773 -1.3628369569778442383 -0.84091544151306152344 -0.21240416169166564941 0.26075312495231628418 1.1666523218154907227 0.29369089007377624512 1.0810000896453857422 0.47884446382522583008 -0.42264705896377563477 -0.30854713916778564453 0.2291612476110458374 0.037340801209211349487 0.25641104578971862793 -0.35362422466278076172 0.38868674635887145996 1.368817448616027832 1.8575501441955566406 0.47603738307952880859 0.069700457155704498291 -1.1349482536315917969 -1.1701170206069946289 -0.54673027992248535156 -0.0095088742673397064209 -0.35859322547912597656 -0.56137996912002563477 0.10832149535417556763 -0.3864320218563079834 -0.20259524881839752197 0.84968912601470947266 0.76290309429168701172 0.36481392383575439453 0.69598364830017089844 1.7151435613632202148 1.7618947029113769531 2.0436537265777587891 2.0251340866088867188 1.3560770750045776367 0.87902438640594482422
-0.14334572851657867432 -1.0768529176712036133 -1.5048242807388305664 -1.3137077093124389648 -1.1414110660552978516 0.088828951120376586914 0.60326117277145385742 -0.54207915067672729492 0.49793589115142822266 1.1015454530715942383 0.8084583282470703125 0.8272495269775390625 -0.12951615452766418457 -0.17840071022510528564 0.22563637793064117432 -0.010122573934495449066 0.85266441106796264648 1.3132839202880859375 0.97238177061080932617 0.962276458740234375 0.51102358102798461914 -0.33154338598251342773 -1.5969084501266479492 -0.91004794836044311523 -0.55203717947006225586 -0.51342022418975830078 -0.57462352514266967773 0.18849857151508331299 -0.22300642728805541992 -0.68594050407409667969 -1.0531791448593139648 -1.3194360733032226563 -0.65352261066436767578 0.86246067285537719727 1.72274017333984375 1.0149840116500854492 1.7221462726593017578 2.2456829547882080078 0.96512115001678466797 -0.15975300967693328857
-0.96485632658004760742 -1.0387078523635864258 -1.717890620231628418 -2.0119307041168212891 -0.88218796253204345703 -0.21056923270225524902 -1.1281077861785888672 -1.1157088279724121094 0.17018932104110717773 1.1919536590576171875 -0.0041852416470646858215 0.71274876594543457031 -0.16494284570217132568 0.055745914578437805176 1.005116581916809082 0.73648017644882202148 1.5400793552398681641 1.052853703498840332 0.6848646998405456543 1.4785000085830688477 0.41730186343193054199 -0.89400058984756469727 -1.670624852180480957 -1.7338463068008422852 -1.6387888193130493164 -1.1144196987152099609 -0.59420365095138549805 -0.46560487151145935059 -0.70433795452117919922 -0.72982871532440185547 -0.69215154647827148438 -1.1010100841522216797 -1.2440626621246337891 -0.71753996610641479492 -0.13970969617366790771 0.43178895115852355957 1.5324968099594116211 0.85785216093063354492 0.28578984737396240234 -0.81359386444091796875
-1.4936569929122924805 -1.2206332683563232422 -1.092972874641418457 -1.3661663532257080078 0.093585930764675140381 -0.37380075454711914063 -1.1639802455902099609 -1.0725589990615844727 -0.19989432394504547119 -0.22501984238624572754 0.023854989558458328247 0.68991076946258544922 0.10625132173299789429 0.22873546183109283447 1.2334952354431152344 -0.25288921594619750977 1.1202375888824462891 0.15971760451793670654 -0.14510595798492431641 1.1923712491989135742 0.029204793274402618408 -1.4332373142242431641 -1.9846988916397094727 -1.6534230709075927734 -1.1632975339889526367 -1.1148657798767089844 -1.2431937456130981445 -0.75462281703948974609 0.70529907941818237305 0.46645137667655944824 0.54900592565536499023 -0.04198379814624786377 -1.1750988960266113281 -1.7751238346099853516 -1.4647352695465087891 0.38112443685531616211 1.1146045923233032227 -0.5468476414680480957 5.8314923080615699291e-05 -1.0767116546630859375
-1.5079391002655029297 -0.89567381143569946289 -0.46538493037223815918 -0.28021284937858581543 0.010076295584440231323 -0.28341248631477355957 -0.90109974145889282227 -1.1137821674346923828 -1.0038710832595825195 -0.80410873889923095703 -0.024101521819829940796 1.0589277744293212891 0.44368302822113037109 0.4039783775806427002 0.9791539311408996582 -0.66715395450592041016 -0.61067444086074829102 -0.54562288522720336914 -1.2152897119522094727 -0.57082277536392211914 -0.57282620668411254883 -1.3770060539245605469 -1.6040122509002685547 -1.6262576580047607422 -0.75877785682678222656 -0.07904103398323059082 0.46889853477478027344 -0.52852016687393188477 -0.23445500433444976807 -0.0029434328898787498474 0.4474804997444152832 -0.13215239346027374268 -0.61931359767913818359 -1.4597126245498657227 -1.2034279108047485352 -0.22387389838695526123 0.31397768855094909668 0.28972640633583068848 0.59578061103820800781 -1.056193232536315918
-0.97262501716613769531 0.065030217170715332031 -0.1355552375316619873 -0.79826223850250244141 -0.33057329058647155762 -0.50076985359191894531 -0.7136084437370300293 -0.33186301589012145996 -0.61627626419067382813 -0.024683462455868721008 0.23635950684547424316 0.27261456847190856934 0.33012208342552185059 -0.095367155969142913818 0.77762484550476074219 -0.69515657424926757813 -1.2878900766372680664 -0.84938490390777587891 -1.2465568780899047852 -1.2913602590560913086 -0.32248166203498840332 0.16447752714157104492 -0.34414848685264587402 -1.1663230657577514648 -1.183827519416809082 -0.42107063531875610352 0.53786373138427734375 0.039792366325855255127 -0.33144780993461608887 -0.19463421404361724854 -0.36245772242546081543 0.087230153381824493408 0.40055406093597412109 -0.17031793296337127686 -1.3070247173309326172 -1.6892647743225097656 -0.75837850570678710938 -0.12664438784122467041 -0.14564849436283111572 -1.1103661060333251953
-0.12720632553100585938 0.57547557353973388672 -0.81658059358596801758 -0.38852366805076599121 -0.044745299965143203735 -0.54716432094573974609 -0.57768702507019042969 -0.91170793771743774414 -0.36956807971000671387 -0.62235301733016967773 -0.44383779168128967285 -0.3378200531005859375 -0.030985722318291664124 0.16293430328369140625 0.10637453198432922363 -0.70079892873764038086 -1.0922718048095703125 -0.80364471673965454102 -1.290526270866394043 -1.1217476129531860352 0.16531412303447723389 1.2765554189682006836 1.0071744918823242188 -0.46546021103858947754 -1.2322809696197509766 0.53684335947036743164 1.1029498577117919922 0.65199458599090576172 -0.091659083962440490723 -0.21112793684005737305 -0.072551757097244262695 0.22131900489330291748 0.40296503901481628418 -0.42061394453048706055 -0.79731893539428710938 -1.4195510149002075195 -1.2147885560989379883 -1.2425932884216308594 -1.1028290987014770508 -1.0994920730590820313
-1.2397015094757080078 -0.031604420393705368042 -1.1103889942169189453 -0.29600289463996887207 -0.70249152183532714844 -0.47233176231384277344 0.0029953699558973312378 -0.59584921598434448242 -0.40902099013328552246 0.1443471759557723999 0.59179168939590454102 0.87124300003051757813 -0.14810888469219207764 0.69197416305541992188 0.32861238718032836914 0.26587474346160888672 -0.53379172086715698242 -1.3036609888076782227 -1.4769406318664550781 -1.3115426301956176758 0.20494025945663452148 2.0395298004150390625 2.0248534679412841797 0.67921757698059082031 -0.64988422393798828125 0.35947588086128234863 1.58441925048828125 1.9753422737121582031 1.0169090032577514648 0.066252030432224273682 -0.19711546599864959717 0.24841825664043426514 -0.56979358196258544922 -0.96781980991363525391 -0.85677427053451538086 -1.0087406635284423828 -1.5419695377349853516 -1.2044183015823364258 -1.1437397003173828125 -0.94685143232345581055
-0.6704165339469909668 0.42610478401184082031 -0.87219470739364624023 -0.61007165908813476563 -1.1676436662673950195 -0.79025942087173461914 -0.4961293339729309082 0.19052433967590332031 0.26515105366706848145 0.85590052604675292969 1.9280211925506591797 1.3147706985473632813 0.39905849099159240723 -0.38146832585334777832 -0.36265239119529724121 -0.84175968170166015625 -0.91577208042144775391 -1.793204188346862793 -1.7140277624130249023 -1.1449273824691772461 0.59141266345977783203 1.9298378229141235352 1.3552242517471313477 -0.73181593418121337891 0.11447554826736450195 0.62994402647018432617 1.1187201738357543945 1.9267508983612060547 1.3527324199676513672 1.1493752002716064453 -0.19333916902542114258 -0.15166021883487701416 0.15515939891338348389 -0.61945855617523193359 -0.70767170190811157227 -0.8506113886833190918 -0.45088991522789001465 -0.9735539555549621582 -0.87905716896057128906 -0.49044576287269592285
