INPUT/RASTER/ASCII/ndvi.asc
ncols        113
nrows        135
xllcorner    473009.983799999987
yllcorner    4429001.174800000153
cellsize     100.000000000000
NODATA_value  -9999
[rows 0 to 17 of 135, columns 0 to 39 of 113]
-9999.0 -9999 -9999 -9999 -9999 -9999 -9999 -9999 -9999 -9999 -9999 -9999 -9999 -9999 -9999 -9999 -9999 -9999 -9999 -9999 -9999 -9999 -1.5577182769775390625 -1.1356916427612304688 -0.61860024929046630859 1.1593667268753051758 0.39829394221305847168 -1.214871525764465332 0.52562707662582397461 0.90286016464233398438 -0.45227226614952087402 -0.64796751737594604492 -0.032303396612405776978 -0.86673140525817871094 -1.3648583889007568359 -9999 -9999 -9999 -9999 -9999
-9999 -9999 -9999 -9999 -9999 -9999 -9999 -9999 -9999 -9999 -9999 -9999 -9999 -9999 -9999 -9999 -9999 -9999 -9999 -9999 -0.29016995429992675781 0.20717979967594146729 -0.016453651711344718933 -0.70594733953475952148 -0.44304296374320983887 1.1446038484573364258 0.10262440890073776245 -1.045864105224609375 0.28134986758232116699 0.32130563259124755859 -0.58842539787292480469 -0.79385316371917724609 -0.56856679916381835938 -0.89130407571792602539 -1.1625291109085083008 -1.2427294254302978516 -9999 -9999 -9999 -9999
-9999 -9999 -9999 -9999 -9999 -9999 -9999 -9999 -9999 -9999 -9999 -9999 -9999 -9999 -9999 -9999 -9999 -9999 -9999 -9999 0.17844794690608978271 0.45887172222137451172 0.10033574700355529785 -0.72430360317230224609 -0.42240947484970092773 0.036261901259422302246 -0.92308062314987182617 -0.84890526533126831055 0.19440296292304992676 -0.24630790948867797852 -0.081923104822635650635 -0.58347821235656738281 -1.2319192886352539063 -1.3774484395980834961 -1.0454268455505371094 -0.7022380828857421875 -0.30309176445007324219 -9999 -9999 -9999
-9999 -9999 -9999 -9999 -9999 -9999 -9999 -9999 -9999 -9999 -9999 -9999 -9999 -9999 -9999 -9999 -9999 -9999 -9999 -9999 0.19392688572406768799 0.56461983919143676758 -0.24408952891826629639 -0.83352249860763549805 -0.97036194801330566406 -0.94875603914260864258 -1.5305321216583251953 -1.1209201812744140625 -0.24222873151302337646 0.063591390848159790039 0.46251863241195678711 0.1118454858660697937 -1.020218968391418457 -1.2791068553924560547 -0.88231647014617919922 -0.36701241135597229004 0.49050033092498779297 0.40186351537704467773 -0.72047704458236694336 0.4064375758171081543
-9999 -9999 -9999 -9999 -9999 -9999 -9999 -9999 -9999 -9999 -9999 -9999 -9999 -9999 -9999 -9999 -9999 -9999 -9999 -9999 0.18554887175559997559 0.06928730010986328125 -0.34622219204902648926 -0.2501068413257598877 -1.2892938852310180664 -1.5784360170364379883 -1.3588557243347167969 -0.71057432889938354492 -0.43107360601425170898 0.69309186935424804688 0.88972431421279907227 0.33061698079109191895 -0.39293158054351806641 -0.57044935226440429688 0.48321005702018737793 0.066238507628440856934 0.076863124966621398926 -0.0070082019083201885223 -0.25741684436798095703 0.5033639073371887207
-9999 -9999 -9999 -9999 -9999 -9999 -9999 -9999 -9999 -9999 -9999 -9999 -9999 -9999 -9999 -9999 -9999 -9999 -9999 -0.70412504673004150391 0.14840224385261535645 0.1475041806697845459 -0.31632116436958312988 -0.56571561098098754883 -1.1955089569091796875 -1.5162400007247924805 -0.73669260740280151367 -0.44071725010871887207 0.049653317779302597046 0.85783010721206665039 0.23672766983509063721 0.26908701658248901367 0.2973372340202331543 0.32026377320289611816 0.98590844869613647461 0.59618347883224487305 0.35757654905319213867 0.081660397350788116455 -0.14118792116641998291 0.74715745449066162109
-9999 -9999 -9999 -9999 -9999 -9999 -9999 -9999 -9999 -9999 -9999 -9999 -9999 -9999 -9999 -9999 -9999 -9999 0.93118178844451904297 -0.67285811901092529297 0.14770238101482391357 0.29434546828269958496 -0.17728887498378753662 -0.58452856540679931641 -1.5072139501571655273 -0.8221638798713684082 -0.70767343044281005859 0.20608443021774291992 0.55839371681213378906 0.30403321981430053711 0.19575239717960357666 0.3206672370433807373 0.29117023944854736328 1.2557126283645629883 1.3194426298141479492 1.2428740262985229492 1.0762116909027099609 0.68878418207168579102 1.0005537271499633789 1.1462929248809814453
-9999 -9999 -9999 -9999 -9999 -9999 -9999 -9999 -9999 -9999 -9999 -9999 -9999 -9999 -9999 -9999 -9999 -9999 -0.33846551179885864258 -0.38160330057144165039 0.57339775562286376953 0.57748073339462280273 -0.25847721099853515625 -1.5044890642166137695 -1.5756791830062866211 -0.46893155574798583984 0.20351377129554748535 0.14289334416389465332 0.21135190129280090332 0.4276688992977142334 0.35944646596908569336 0.118695870041847229 1.0335432291030883789 1.4958800077438354492 0.85284495353698730469 0.21339826285839080811 0.090954698622226715088 0.99533092975616455078 1.5834336280822753906 1.6038435697555541992
-9999 -9999 -9999 -9999 -9999 -9999 -9999 -9999 -9999 -9999 -9999 -9999 -9999 -9999 -9999 -9999 -9999 -9999 -0.011971024796366691589 -0.367671966552734375 0.94620996713638305664 0.19800959527492523193 -0.38982602953910827637 -0.38870537281036376953 -0.80597835779190063477 -0.1097213253378868103 0.16235853731632232666 -0.14157196879386901855 -0.19811908900737762451 0.26398187875747680664 0.066069424152374267578 -0.26505884528160095215 0.6742121577262878418 1.2981770038604736328 0.82763677835464477539 0.36842846870422363281 -0.17548747360706329346 -0.01520537305623292923 0.034806899726390838623 0.96315389871597290039
-9999 -9999 -9999 -9999 -9999 -9999 -9999 -9999 -9999 -9999 -9999 -9999 -9999 -9999 -9999 -9999 -9999 -2.0605733394622802734 0.19371692836284637451 0.21392080187797546387 0.99380421638488769531 -0.30248981714248657227 -0.20749573409557342529 0.053394917398691177368 -0.76251679658889770508 -0.16435001790523529053 0.057833138853311538696 -0.23561535775661468506 -0.69357508420944213867 -0.58628499507904052734 -0.42030900716781616211 -0.60214531421661376953 0.21488618850708007813 0.22076676785945892334 0.20639966428279876709 0.38580262660980224609 -0.22414943575859069824 -1.0330272912979125977 -1.7282661199569702148 -0.93236494064331054688
-9999 -9999 -9999 -9999 -9999 -9999 -9999 -9999 -9999 -9999 -9999 -9999 -9999 -9999 -9999 -9999 -9999 -1.7941700220108032227 -0.45616266131401062012 -0.060048982501029968262 0.44051337242126464844 -0.39273545145988464355 -0.43531686067581176758 -0.45559719204902648926 -0.39651498198509216309 -0.054440110921859741211 0.18422943353652954102 -0.2570336759090423584 -1.1599111557006835938 -1.0618340969085693359 -1.2752993106842041016 -0.91698628664016723633 0.014510695822536945343 0.29476979374885559082 -0.46235731244087219238 -0.4848480522632598877 -0.47719755768775939941 -0.85314267873764038086 -1.5382599830627441406 -2.1853053569793701172
-9999 -9999 -9999 -9999 -9999 -9999 -9999 -9999 -9999 -9999 -9999 -9999 -9999 -9999 -9999 -9999 -9999 -1.145900726318359375 -0.13571372628211975098 0.18240626156330108643 0.34496322274208068848 -0.049859270453453063965 -0.24275186657905578613 -0.50653779506683349609 -0.61418730020523071289 -0.25352704524993896484 -0.36026671528816223145 -1.3440349102020263672 -1.0095002651214599609 -0.69804537296295166016 -0.32220172882080078125 -0.20873753726482391357 -0.11701926589012145996 -0.40154868364334106445 -0.39249196648597717285 -0.24983014166355133057 0.44346275925636291504 -0.42383417487144470215 -1.1997495889663696289 -1.9068121910095214844
-9999 -9999 -9999 -9999 -9999 -9999 -9999 -9999 -9999 -9999 -9999 -9999 -9999 -9999 -9999 -9999 -9999 -0.80621182918548583984 0.56110143661499023438 -0.10763350874185562134 0.50508654117584228516 -0.42902666330337524414 -0.14818827807903289795 -0.42467549443244934082 -0.84625965356826782227 -0.99263834953308105469 -0.76498425006866455078 -0.73347032070159912109 0.24249562621116638184 0.48325297236442565918 0.26077753305435180664 -0.59340471029281616211 -0.29309672117233276367 -0.49800187349319458008 -0.58326351642608642578 0.25724971294403076172 0.71693235635757446289 -0.23114538192749023438 -0.12734305858612060547 -0.73587363958358764648
-9999 -9999 -9999 -9999 -9999 -9999 -9999 -9999 -9999 -9999 -9999 -9999 -9999 -9999 -9999 -9999 -9999 0.3420664370059967041 0.2208696901798248291 -0.12031595408916473389 0.65943306684494018555 -0.41326308250427246094 -0.25334414839744567871 0.065352804958820343018 -0.77022439241409301758 -0.3915271759033203125 0.18311171233654022217 1.0907493829727172852 1.4390420913696289063 1.1975648403167724609 0.25212308764457702637 -0.80997222661972045898 -0.67526233196258544922 -0.40865108370780944824 -0.93397313356399536133 -0.65517783164978027344 0.46022233366966247559 0.65775811672210693359 1.1959517002105712891 0.46377927064895629883
-9999 -9999 -9999 -9999 -9999 -9999 -9999 -9999 -9999 -9999 -9999 -9999 -9999 -9999 -9999 -9999 1.3137478828430175781 0.56114315986633300781 0.73718738555908203125 0.073394119739532470703 -0.10431446880102157593 -0.16655486822128295898 0.58899581432342529297 0.13053496181964874268 0.41952022910118103027 0.77156841754913330078 0.79399740695953369141 0.46760526299476623535 0.62274605035781860352 0.38437378406524658203 0.054134473204612731934 -0.061739228665828704834 -0.0044607743620872497559 -0.70613580942153930664 -0.8782355189323425293 -0.73946911096572875977 -0.39512702822685241699 -0.01870466768741607666 0.78589141368865966797 0.97529059648513793945
-9999 -9999 -9999 -9999 -9999 -9999 -9999 -9999 -9999 -9999 -9999 -9999 -9999 -9999 -9999 1.6595335006713867188 1.1903963088989257813 0.48329061269760131836 -0.7880522608757019043 -0.48460075259208679199 -0.19124518334865570068 0.72464257478713989258 0.47883123159408569336 0.94965898990631103516 1.0464056730270385742 0.98128026723861694336 0.48494058847427368164 0.8126118779182434082 -0.050472971051931381226 -0.70740175247192382813 0.024097882211208343506 0.91131550073623657227 0.76527082920074462891 -0.60033625364303588867 -0.9689496159553527832 0.0023243287578225135803 0.084787413477897644043 0.42405608296394348145 0.99176460504531860352 -0.077811874449253082275
-9999 -9999 -9999 -9999 -9999 -9999 -9999 -9999 -9999 -9999 -9999 -9999 -9999 -9999 0.31134203076362609863 0.41677227616310119629 0.55915093421936035156 -0.33156573772430419922 -0.15423029661178588867 0.30269819498062133789 0.64494037628173828125 1.3809309005737304688 1.2179590463638305664 1.4913280010223388672 0.72963452339172363281 0.31057661771774291992 0.19982804358005523682 0.32679980993270874023 -0.36226955056190490723 -0.62443757057189941406 -0.59273600578308105469 0.21533609926700592041 0.0047047315165400505066 -1.0559386014938354492 -0.053839057683944702148 0.56378263235092163086 0.095780201256275177002 0.78982323408126831055 0.99890816211700439453 0.24227008223533630371
-9999 -9999 -9999 -9999 -9999 -9999 -9999 -9999 -9999 -9999 -9999 -9999 -9999 -9999 -0.85472851991653442383 -0.15284498035907745361 -0.10564743727445602417 -0.81285107135772705078 -0.39530315995216369629 -0.22222894430160522461 0.23120996356010437012 1.2838151454925537109 1.1824185848236083984 0.62052208185195922852 -0.20454868674278259277 -0.086549818515777587891 0.043810378760099411011 0.085183508694171905518 0.25227013230323791504 0.020693860948085784912 -0.46115371584892272949 -0.42053955793380737305 -0.36676833033561706543 -0.50257593393325805664 0.063662551343441009521 0.3473148047924041748 -0.059644944965839385986 0.1374873816967010498 0.64743280410766601563 0.55861955881118774414
