INPUT/RASTER/ASCII/ndvi.asc
ncols        113
nrows        135
xllcorner    473009.983799999987
yllcorner    4429001.174800000153
cellsize     100.000000000000
NODATA_value  -9999
[rows 54 to 71 of 135, columns 40 to 79 of 113]
1.4901106357574462891 1.1159083843231201172 0.59819364547729492188 -0.19584131240844726563 0.47429332137107849121 0.56387495994567871094 0.54989045858383178711 0.69779622554779052734 0.12578532099723815918 -0.30953899025917053223 -0.96916782855987548828 -1.1064445972442626953 -0.67630505561828613281 -0.077666312456130981445 0.60455620288848876953 0.3232237696647644043 -0.50418007373809814453 -0.80569046735763549805 -0.49399387836456298828 0.32471171021461486816 -0.68920248746871948242 -0.89247298240661621094 -1.2275960445404052734 -1.0105706453323364258 -0.72982370853424072266 -9999 -9999 -9999 -9999 -9999 -9999 -9999 -9999 -9999 -9999 -0.065541990101337432861 -0.50413858890533447266 -0.47402966022491455078 -0.91918873786926269531 -0.12629151344299316406
-0.71671748161315917969 -0.48241502046585083008 0.57211065292358398438 1.2902809381484985352 1.4899741411209106445 0.89652907848358154297 0.42819377779960632324 0.35001012682914733887 1.3869549036026000977 -0.15930280089378356934 -1.2083355188369750977 -0.49129176139831542969 -0.54116582870483398438 -0.79220730066299438477 0.88434773683547973633 0.51052308082580566406 0.020318055525422096252 0.057278841733932495117 -0.28005641698837280273 0.72470223903656005859 -0.23725032806396484375 -1.3321201801300048828 -1.0903289318084716797 -0.91503226757049560547 -1.1086034774780273438 -9999 -9999 -9999 -9999 -9999 -9999 -9999 -9999 -9999 -1.4417297840118408203 -1.1664413213729858398 -0.41044893860816955566 -0.29167789220809936523 -1.4090754985809326172 -0.50793105363845825195
-0.0051700430922210216522 0.20676018297672271729 1.3429784774780273438 1.53878021240234375 0.68798524141311645508 -0.0012237796327099204063 0.7269738316535949707 0.88912969827651977539 0.56580281257629394531 0.020604761317372322083 -1.0137106180191040039 -0.53732484579086303711 -0.89225977659225463867 -0.82826822996139526367 -0.19270312786102294922 0.055766791105270385742 0.12544862926006317139 -0.20685967803001403809 -0.26152896881103515625 0.52648574113845825195 -0.32791292667388916016 -1.0641356706619262695 -1.3268821239471435547 -0.59471237659454345703 -0.82863140106201171875 -9999 -9999 -9999 -9999 -9999 -9999 -9999 -9999 -9999 -1.0131789445877075195 -0.68661797046661376953 -0.65434241294860839844 -0.94504207372665405273 -1.8092577457427978516 -0.60793328285217285156
0.55049091577529907227 0.65682417154312133789 0.94483673572540283203 1.3459568023681640625 1.2758661508560180664 1.1280783414840698242 0.86472463607788085938 0.65874439477920532227 -0.23664397001266479492 -0.80688935518264770508 -1.3855469226837158203 -0.8718350529670715332 -0.75712114572525024414 -0.62781602144241333008 -0.28116294741630554199 -0.088702619075775146484 0.30396175384521484375 0.50177305936813354492 -0.62644249200820922852 -0.057780027389526367188 -0.5308170318603515625 -1.3509694337844848633 -1.6719242334365844727 -1.2660229206085205078 -1.3453966379165649414 -9999 -9999 -9999 -9999 -9999 -9999 -9999 -9999 -9999 -1.1066274642944335938 -0.59349143505096435547 -0.40798592567443847656 -1.4645502567291259766 -2.0791387557983398438 -1.5314580202102661133
0.42805704474449157715 0.94859361648559570313 0.31132939457893371582 -0.0028075780719518661499 0.52965301275253295898 0.8681468963623046875 0.96562927961349487305 0.56685054302215576172 -0.35419440269470214844 -1.0328749418258666992 -0.98648607730865478516 -0.29260799288749694824 0.57563728094100952148 0.69966936111450195313 0.73321056365966796875 -0.37360137701034545898 -0.31388959288597106934 0.0043930294923484325409 -1.0881841182708740234 -0.75324952602386474609 0.51040661334991455078 -1.2497200965881347656 -1.0065332651138305664 -0.043498788028955459595 -0.73761802911758422852 -9999 -9999 -9999 -9999 -9999 -9999 -9999 -1.0191409587860107422 -1.2848638296127319336 -1.6826479434967041016 -1.2173106670379638672 -0.5238316655158996582 -0.97002470493316650391 -1.6073327064514160156 -1.5454634428024291992
0.38212513923645019531 0.50986939668655395508 -0.26771181821823120117 -0.51150149106979370117 -0.12097816914319992065 0.56177276372909545898 0.55172711610794067383 -0.05825640261173248291 -0.36598083376884460449 -0.66985756158828735352 -0.099298715591430664063 0.46496874094009399414 1.2928662300109863281 0.93034696578979492188 0.67366576194763183594 0.017137814313173294067 -0.34417349100112915039 -0.54609662294387817383 -1.4034119844436645508 -1.4177931547164916992 -0.3795528113842010498 -0.10335701704025268555 -0.69791924953460693359 -1.0422189235687255859 -1.8098058700561523438 -9999 -9999 -9999 -9999 -9999 -9999 0.57751077413558959961 -0.28316783905029296875 -0.84765493869781494141 -0.67759037017822265625 -2.0582458972930908203 -0.54063713550567626953 0.24130763113498687744 -1.2524563074111938477 -1.3382928371429443359
-0.7401186823844909668 -0.35070097446441650391 -0.70149588584899902344 -0.59351938962936401367 -0.33797737956047058105 0.3242321014404296875 0.71943420171737670898 0.56701552867889404297 0.46848949790000915527 -0.77290117740631103516 -0.27449104189872741699 0.26814663410186767578 0.52775049209594726563 0.81435006856918334961 0.42492648959159851074 0.24453756213188171387 0.16586695611476898193 -0.62200218439102172852 -1.215121150016784668 -1.0267385244369506836 -1.343049168586730957 -0.134275779128074646 -0.66677373647689819336 -1.0825769901275634766 -9999 -9999 -9999 -9999 -9999 -9999 -9999 -0.068489044904708862305 -0.39715516567230224609 0.072434902191162109375 -0.52882212400436401367 -0.84404510259628295898 -0.64402979612350463867 0.39497107267379760742 -0.94827848672866821289 -1.0862939357757568359
0.1961088031530380249 0.32453644275665283203 -0.42725643515586853027 -0.80396550893783569336 -0.88257586956024169922 -0.26650500297546386719 0.11676567047834396362 0.012586084194481372833 0.41712749004364013672 -0.34752428531646728516 -0.03744265437126159668 0.18534420430660247803 -0.2084023207426071167 0.27239724993705749512 0.05667719617486000061 0.25826537609100341797 1.0214341878890991211 0.53267830610275268555 -1.1068068742752075195 -0.77671217918395996094 -0.89497131109237670898 -0.42300346493721008301 -0.50738203525543212891 -0.99554133415222167969 -1.5222786664962768555 -1.8469864130020141602 -9999 -9999 -9999 -9999 -9999 -0.23202019929885864258 -0.81734693050384521484 -0.4458141624927520752 -0.94536936283111572266 0.26892030239105224609 -0.60690903663635253906 -1.4057565927505493164 -1.7350236177444458008 -0.46076852083206176758
-0.32775413990020751953 1.0341446399688720703 -0.56985682249069213867 -0.78216958045959472656 -1.1155712604522705078 -0.89780074357986450195 -0.64057374000549316406 -0.16220486164093017578 0.52195638418197631836 0.26848244667053222656 0.68616473674774169922 0.043775681406259536743 -0.038311012089252471924 0.0081216897815465927124 0.15993638336658477783 0.089423835277557373047 0.27567628026008605957 -0.44673544168472290039 -1.2539938688278198242 -1.0206273794174194336 0.36026924848556518555 0.34640410542488098145 -0.59091490507125854492 -1.3208527565002441406 -1.6538705825805664063 -1.7039020061492919922 -2.0695292949676513672 -9999 -9999 -9999 -9999 -9999 -1.495465397834777832 -1.3454390764236450195 -0.84423148632049560547 0.54832369089126586914 -0.68536233901977539063 -1.7522155046463012695 -1.1330659389495849609 0.12476994097232818604
-0.16501723229885101318 0.5818392634391784668 -0.18839311599731445313 -0.67033654451370239258 -0.63281297683715820313 -0.69767725467681884766 -0.39102843403816223145 -0.026918012648820877075 0.40252897143363952637 -0.010344882495701313019 -0.21960358321666717529 -0.2255582660436630249 -0.24152535200119018555 0.19999037683010101318 0.28104490041732788086 -0.19602715969085693359 -0.12991195917129516602 -0.34839585423469543457 -0.78042966127395629883 -0.81348180770874023438 0.78535240888595581055 -0.39312830567359924316 -0.19770711660385131836 -0.88080030679702758789 -1.3406167030334472656 -1.3590106964111328125 -0.57817572355270385742 -1.0975383520126342773 -9999 -9999 -9999 -9999 -2.2692935466766357422 -1.4581055641174316406 -0.73013126850128173828 0.47919616103172302246 -0.091229170560836791992 -1.5089650154113769531 -0.46205323934555053711 0.34406280517578125
0.036739449948072433472 1.2453594207763671875 0.8384863734245300293 -0.18520022928714752197 -0.4914143979549407959 -0.39302745461463928223 -0.63650953769683837891 -0.34076711535453796387 0.40651199221611022949 0.06314001232385635376 -0.25799083709716796875 -0.30182230472564697266 -0.04899268224835395813 0.61838161945343017578 0.6469879150390625 -0.47078177332878112793 -0.85526430606842041016 -0.44623321294784545898 -0.48938420414924621582 0.35800853371620178223 0.10019754618406295776 0.36270639300346374512 0.53777462244033813477 -0.53047209978103637695 -0.80829668045043945313 -1.5770390033721923828 -1.6819884777069091797 -2.1966962814331054688 -2.2303676605224609375 -9999 -9999 -9999 -2.4395678043365478516 -1.7395378351211547852 -0.9483655095100402832 -0.50319731235504150391 -0.59610331058502197266 -0.8455994725227355957 -0.1092211306095123291 -0.26336359977722167969
-0.22108328342437744141 1.5083386898040771484 0.63576370477676391602 -0.80175626277923583984 0.057768154889345169067 0.67110538482666015625 0.32798692584037780762 0.26712682843208312988 0.1829926222562789917 8.5662351921200752258e-05 -0.15665979683399200439 -0.35514625906944274902 -0.07355038076639175415 -0.37239721417427062988 -0.089273676276206970215 -0.55924040079116821289 -1.414147496223449707 -1.5121580362319946289 -0.34372562170028686523 0.81466203927993774414 -0.62633222341537475586 0.010240380652248859406 -0.020409911870956420898 -0.76449495553970336914 -0.25977018475532531738 -0.73196089267730712891 -1.9183210134506225586 -2.3441426753997802734 -2.205966949462890625 -9999 -9999 -9999 -2.3501956462860107422 -1.8646854162216186523 -1.4015092849731445313 -1.4403054714202880859 -1.384125828742980957 -0.38947463035583496094 1.0960477590560913086 0.79894667863845825195
-0.50675362348556518555 -0.18181209266185760498 -0.71299207210540771484 -0.64541274309158325195 0.80144971609115600586 1.3181958198547363281 0.93153172731399536133 0.21047972142696380615 -0.23991625010967254639 -0.59252166748046875 -0.59566628932952880859 -0.13901218771934509277 -0.64263683557510375977 -1.5959668159484863281 -1.6837174892425537109 -1.5248025655746459961 -1.6981120109558105469 -0.65489584207534790039 0.25984212756156921387 -0.42712175846099853516 -0.32095345854759216309 0.6774088740348815918 0.64991998672485351563 0.0026751405093818902969 0.21708604693412780762 0.0068525336682796478271 -1.5307781696319580078 -2.1365027427673339844 -2.0518946647644042969 -9999 -9999 -9999 -2.1795279979705810547 -1.7633429765701293945 -1.5364584922790527344 -1.6974408626556396484 -0.63595378398895263672 -0.43756964802742004395 0.13648581504821777344 0.57733428478240966797
-0.025968791916966438293 -0.011180890724062919617 -0.63980299234390258789 -0.76465433835983276367 0.95888859033584594727 1.6275341510772705078 0.86119711399078369141 -0.18561720848083496094 0.26825278997421264648 0.071914128959178924561 -0.66649824380874633789 -0.48483130335807800293 -0.91208314895629882813 -1.6343756914138793945 -1.8337284326553344727 -1.7385544776916503906 -0.85699480772018432617 0.79683566093444824219 0.75162273645401000977 -0.30518075823783874512 0.40635758638381958008 1.3167009353637695313 0.99726670980453491211 -0.075960777699947357178 -0.60480213165283203125 -0.61138606071472167969 -1.2915152311325073242 -2.0006916522979736328 -2.0574092864990234375 -9999 -9999 -9999 -9999 -9999 -9999 -9999 -0.79261869192123413086 -0.44531133770942687988 -0.87977844476699829102 -0.22989769279956817627
0.72974950075149536133 0.27821460366249084473 -0.022809723392128944397 0.44210481643676757813 0.88522666692733764648 1.3615976572036743164 0.88306915760040283203 1.068280339241027832 0.93233156204223632813 0.32455083727836608887 -0.49979153275489807129 -1.4363893270492553711 -0.93550372123718261719 -1.5987241268157958984 -1.3451317548751831055 -1.3856891393661499023 0.088294938206672668457 1.0527455806732177734 0.8243033289909362793 1.3000830411911010742 1.843758702278137207 1.7535068988800048828 0.69320243597030639648 -0.64358723163604736328 -1.2993333339691162109 -1.2441685199737548828 -1.3162151575088500977 -2.2786078453063964844 -9999 -9999 -9999 -9999 -9999 -9999 -9999 -9999 -1.2705255746841430664 -0.41557320952415466309 -0.82321810722351074219 -1.1698361635208129883
1.3108015060424804688 1.1836858987808227539 1.14583587646484375 1.3127851486206054688 1.4159168004989624023 1.2205767631530761719 1.0028529167175292969 1.1061615943908691406 0.95221287012100219727 -0.25004863739013671875 -0.76458728313446044922 -1.2874345779418945313 -1.4552509784698486328 -1.0743210315704345703 0.66215837001800537109 -0.023680429905652999878 0.13073815405368804932 -0.17273744940757751465 -0.43600586056709289551 0.88865804672241210938 1.9388242959976196289 1.5078318119049072266 -0.058560751378536224365 -1.5445189476013183594 -1.6757328510284423828 -1.7973623275756835938 -1.8018599748611450195 -9999 -9999 -9999 -9999 -9999 -9999 -9999 -9999 -9999 -0.70740264654159545898 -0.70260798931121826172 -1.1430133581161499023 -0.70435732603073120117
1.2017946243286132813 1.5290433168411254883 1.4259700775146484375 1.3428543806076049805 1.5669769048690795898 1.2514975070953369141 1.0025300979614257813 0.56216502189636230469 -0.50856065750122070313 -1.3343132734298706055 -0.40738603472709655762 -0.3785324394702911377 -1.2146830558776855469 -0.60772210359573364258 1.1388061046600341797 0.89314240217208862305 0.54324179887771606445 -0.7648563385009765625 -0.54413408041000366211 -0.17828632891178131104 0.99795717000961303711 0.80614525079727172852 -0.30219781398773193359 -1.35390472412109375 -1.8056116104125976563 -1.9045073986053466797 -9999 -2.0370507240295410156 -1.5839707851409912109 -1.8447166681289672852 -1.6568477153778076172 -1.7463535070419311523 -0.18787233531475067139 0.21804408729076385498 -9999 -9999 -9999 -0.945831298828125 -0.53167188167572021484 -0.043398220092058181763
0.40898737311363220215 0.94487845897674560547 0.60705715417861938477 1.2244012355804443359 1.3513767719268798828 0.74966782331466674805 0.1501754075288772583 0.25011584162712097168 -0.29836213588714599609 -1.5245462656021118164 -0.29703387618064880371 -0.54866576194763183594 -1.0994018316268920898 0.04924104735255241394 0.8309758305549621582 0.85565412044525146484 -0.30380690097808837891 -1.1929764747619628906 -0.61429464817047119141 -0.031327124685049057007 -0.38753768801689147949 -0.55124557018280029297 -0.48458281159400939941 -1.5333030223846435547 -2.0236506462097167969 -1.9604917764663696289 -9999 -2.2039918899536132813 -1.5896941423416137695 -1.1179001331329345703 -0.8911679387092590332 -0.41710641980171203613 0.33601707220077514648 -0.037671137601137161255 -9999 -9999 -9999 -1.2313581705093383789 -0.35879701375961303711 0.29835936427116394043
