INPUT/RASTER/ASCII/nitrogen.asc
ncols        113
nrows        135
xllcorner    473009.983799999987
yllcorner    4429001.174800000153
cellsize     100.000000000000
NODATA_value  -9999
[rows 102 to 118 of 135, columns 39 to 77 of 113]
0.17960874736309051514 0.18436221778392791748 0.18050211668014526367 0.16063271462917327881 0.14076331257820129395 0.038776289671659469604 -0.077719956636428833008 -0.11441853642463684082 -0.0028149208519607782364 0.10878869891166687012 0.059551857411861419678 -0.01810451410710811615 -0.094273611903190612793 -0.16767857968807220459 -0.24108353257179260254 -0.25298613309860229492 -0.25402200222015380859 -0.25398081541061401367 -0.2519391477108001709 -0.24989749491214752197 -0.18768768012523651123 -0.11484657227993011475 -0.040753640234470367432 0.035665936768054962158 0.11208607256412506104 0.080527804791927337646 0.029890524223446846008 0.028632024303078651428 0.11914058029651641846 0.20964913070201873779 0.21423728764057159424 0.20364384353160858154 0.13735239207744598389 -0.032451760023832321167 -0.20225535333156585693 -0.24070280790328979492 -0.25594064593315124512 -0.30032548308372497559 -0.39887988567352294922
0.23322780430316925049 0.28047084808349609375 0.32236710190773010254 0.35432612895965576172 0.38628458976745605469 0.23295673727989196777 0.046888917684555053711 -0.038798816502094268799 0.062065519392490386963 0.16292929649353027344 0.15652269124984741211 0.13116118311882019043 0.067594349384307861328 -0.066977329552173614502 -0.20154900848865509033 -0.23215992748737335205 -0.24440149962902069092 -0.26030337810516357422 -0.28300872445106506348 -0.30571407079696655273 -0.23888714611530303955 -0.15624074637889862061 -0.07462908327579498291 0.0050589214079082012177 0.084746927022933959961 0.001301229582168161869 -0.11096920818090438843 -0.11881355196237564087 0.067413449287414550781 0.25364100933074951172 0.27895131707191467285 0.27582871913909912109 0.21325097978115081787 0.04017839580774307251 -0.13289362192153930664 -0.20952861011028289795 -0.26912400126457214355 -0.34479829668998718262 -0.45035707950592041016
0.13493724167346954346 0.21019294857978820801 0.26781237125396728516 0.29265454411506652832 0.31749671697616577148 0.20386926829814910889 0.065774783492088317871 -0.0064679696224629878998 0.043671142309904098511 0.093810804188251495361 0.084974579513072967529 0.065718010067939758301 0.00039840393583290278912 -0.15052822232246398926 -0.30145430564880371094 -0.3197301328182220459 -0.3145675361156463623 -0.31912899017333984375 -0.34176197648048400879 -0.36439493298530578613 -0.31383225321769714355 -0.25033554434776306152 -0.16543987393379211426 -0.040773674845695495605 0.083891972899436950684 0.0098953284323215484619 -0.099204085767269134521 -0.11250212043523788452 0.05224408954381942749 0.21699085831642150879 0.21173587441444396973 0.17644274234771728516 0.10470872372388839722 -0.034748345613479614258 -0.17420597374439239502 -0.25800344347953796387 -0.33196669816970825195 -0.41448897123336791992 -0.51291811466217041016
-0.01721226423978805542 0.080922439694404602051 0.14361594617366790771 0.14044326543807983398 0.1372700035572052002 0.095622584223747253418 0.047177243977785110474 0.010514838621020317078 -0.0042476416565477848053 -0.019010122865438461304 -0.046321433037519454956 -0.07585029304027557373 -0.14801178872585296631 -0.2994054257869720459 -0.45079904794692993164 -0.44573330879211425781 -0.41302230954170227051 -0.39656937122344970703 -0.4103310704231262207 -0.42409220337867736816 -0.39719614386558532715 -0.3631152808666229248 -0.27643623948097229004 -0.092004306614398956299 0.092427626252174377441 0.049626339226961135864 -0.033326201140880584717 -0.051675491034984588623 0.050036564469337463379 0.15174861252307891846 0.097744949162006378174 0.016226798295974731445 -0.069226600229740142822 -0.16199167072772979736 -0.25475671887397766113 -0.33471801877021789551 -0.41241616010665893555 -0.49312052130699157715 -0.57940965890884399414
-0.16792348027229309082 -0.066489182412624359131 -0.0088046295568346977234 -0.032427825033664703369 -0.056051582098007202148 -0.051810193806886672974 -0.042645566165447235107 -0.056461803615093231201 -0.1129874885082244873 -0.16951316595077514648 -0.2053022533655166626 -0.23742714524269104004 -0.3071206212043762207 -0.44663280248641967773 -0.58614522218704223633 -0.56467616558074951172 -0.51476275920867919922 -0.47674387693405151367 -0.46083143353462219238 -0.44491842389106750488 -0.43421643972396850586 -0.42443451285362243652 -0.346343994140625 -0.14130459725856781006 0.06373535841703414917 0.053245436400175094604 0.0046731890179216861725 -0.012558981776237487793 0.028455020859837532043 0.069469578564167022705 -0.028584416955709457397 -0.15121008455753326416 -0.24713335931301116943 -0.2934290468692779541 -0.33972474932670593262 -0.41805630922317504883 -0.5020491480827331543 -0.58057439327239990234 -0.64893925189971923828
-0.31403708457946777344 -0.27190095186233520508 -0.25146380066871643066 -0.27135157585144042969 -0.29123991727828979492 -0.32453146576881408691 -0.36019083857536315918 -0.3918793797492980957 -0.41618776321411132813 -0.44049558043479919434 -0.45279729366302490234 -0.46297717094421386719 -0.50043386220932006836 -0.58858513832092285156 -0.6767361760139465332 -0.66104608774185180664 -0.62700784206390380859 -0.56566107273101806641 -0.45356318354606628418 -0.34146472811698913574 -0.3230647742748260498 -0.32122072577476501465 -0.28488060832023620605 -0.18443094193935394287 -0.083981849253177642822 -0.058591961860656738281 -0.046465039253234863281 -0.04285318031907081604 -0.055068045854568481445 -0.067282907664775848389 -0.19436036050319671631 -0.34173300862312316895 -0.43773755431175231934 -0.43827524781227111816 -0.43881294131278991699 -0.52257424592971801758 -0.62104123830795288086 -0.69623655080795288086 -0.72818136215209960938
-0.46015012264251708984 -0.47731328010559082031 -0.49412298202514648438 -0.51027530431747436523 -0.52642822265625 -0.59725219011306762695 -0.67773616313934326172 -0.72729694843292236328 -0.71938776969909667969 -0.71147829294204711914 -0.70029205083847045898 -0.68852663040161132813 -0.69374763965606689453 -0.73053723573684692383 -0.76732683181762695313 -0.757415771484375 -0.73925298452377319336 -0.65457856655120849609 -0.44629493355751037598 -0.2380110323429107666 -0.21191313862800598145 -0.21800637245178222656 -0.2234166562557220459 -0.22755785286426544189 -0.23169849812984466553 -0.17042934894561767578 -0.097602717578411102295 -0.073147937655448913574 -0.13859166204929351807 -0.20403540134429931641 -0.36013630032539367676 -0.53225594758987426758 -0.62834203243255615234 -0.58312147855758666992 -0.53790056705474853516 -0.62709218263626098633 -0.74003386497497558594 -0.81189841032028198242 -0.80742383003234863281
-0.56373518705368041992 -0.58711266517639160156 -0.61714720726013183594 -0.65955382585525512695 -0.70196050405502319336 -0.74041265249252319336 -0.77816605567932128906 -0.80881285667419433594 -0.82625180482864379883 -0.84369045495986938477 -0.82000410556793212891 -0.78905117511749267578 -0.76877319812774658203 -0.76833456754684448242 -0.7678959965705871582 -0.75563293695449829102 -0.74128073453903198242 -0.66173213720321655273 -0.46101900935173034668 -0.26030561327934265137 -0.24091878533363342285 -0.25357115268707275391 -0.27209910750389099121 -0.30154836177825927734 -0.33099707961082458496 -0.30601796507835388184 -0.27142170071601867676 -0.26596468687057495117 -0.31466272473335266113 -0.36336019635200500488 -0.48817670345306396484 -0.62644374370574951172 -0.6982586979866027832 -0.64657640457153320313 -0.59489381313323974609 -0.6585051417350769043 -0.74248826503753662109 -0.78821122646331787109 -0.76282829046249389648
-0.65224218368530273438 -0.66301262378692626953 -0.69775527715682983398 -0.77704864740371704102 -0.85634171962738037109 -0.8376376032829284668 -0.80161750316619873047 -0.80030727386474609375 -0.86350446939468383789 -0.92670172452926635742 -0.89441096782684326172 -0.84524786472320556641 -0.80185961723327636719 -0.76920372247695922852 -0.73654752969741821289 -0.71904987096786499023 -0.7042306065559387207 -0.63989651203155517578 -0.48354065418243408203 -0.32718482613563537598 -0.31961712241172790527 -0.33833935856819152832 -0.35983407497406005859 -0.38648134469985961914 -0.41312861442565917969 -0.45002758502960205078 -0.4887377619743347168 -0.51640421152114868164 -0.52354609966278076172 -0.5306879878044128418 -0.60283833742141723633 -0.68647521734237670898 -0.72538578510284423828 -0.68117403984069824219 -0.63696229457855224609 -0.66399866342544555664 -0.70362448692321777344 -0.7151171565055847168 -0.67432606220245361328
-0.7061392664909362793 -0.71364766359329223633 -0.75349140167236328125 -0.85342955589294433594 -0.95336794853210449219 -0.90361928939819335938 -0.82742178440093994141 -0.80813628435134887695 -0.8946202397346496582 -0.98110419511795043945 -0.9452489018440246582 -0.8877766728401184082 -0.83129584789276123047 -0.77665680646896362305 -0.72201746702194213867 -0.70167297124862670898 -0.68738806247711181641 -0.63638955354690551758 -0.51716005802154541016 -0.39793086051940917969 -0.3858757317066192627 -0.39275771379470825195 -0.40386155247688293457 -0.42281255125999450684 -0.4417635500431060791 -0.52779918909072875977 -0.62568783760070800781 -0.68406373262405395508 -0.66900622844696044922 -0.6539484858512878418 -0.68371301889419555664 -0.72139739990234375 -0.73405671119689941406 -0.7002080082893371582 -0.66635924577713012695 -0.66188770532608032227 -0.66260713338851928711 -0.64633262157440185547 -0.59847646951675415039
-0.64938092231750488281 -0.68350350856781005859 -0.72970676422119140625 -0.79836136102676391602 -0.86701613664627075195 -0.86970990896224975586 -0.86074900627136230469 -0.86819005012512207031 -0.90611428022384643555 -0.94403856992721557617 -0.92073178291320800781 -0.8866055607795715332 -0.84906041622161865234 -0.80516034364700317383 -0.7612603306770324707 -0.74570298194885253906 -0.73515325784683227539 -0.69148391485214233398 -0.58626216650009155273 -0.48104035854339599609 -0.41236105561256408691 -0.3501389920711517334 -0.30814644694328308105 -0.30375143885612487793 -0.2993564307689666748 -0.39379021525382995605 -0.50568717718124389648 -0.58705449104309082031 -0.61168515682220458984 -0.63631582260131835938 -0.65656453371047973633 -0.67603904008865356445 -0.68371945619583129883 -0.66948157548904418945 -0.65524339675903320313 -0.63546365499496459961 -0.61470448970794677734 -0.59132617712020874023 -0.56308060884475708008
-0.59262228012084960938 -0.65335959196090698242 -0.7059224247932434082 -0.74329340457916259766 -0.78066438436508178711 -0.83580076694488525391 -0.89407616853713989258 -0.92824411392211914063 -0.91760838031768798828 -0.9069728851318359375 -0.89621466398239135742 -0.8854344487190246582 -0.86682498455047607422 -0.83366423845291137695 -0.80050319433212280273 -0.78973299264907836914 -0.78291869163513183594 -0.74657827615737915039 -0.65536421537399291992 -0.56415015459060668945 -0.43884688615798950195 -0.30752027034759521484 -0.21243190765380859375 -0.18469087779521942139 -0.15694986283779144287 -0.25978183746337890625 -0.38568595051765441895 -0.49004524946212768555 -0.55436408519744873047 -0.61868315935134887695 -0.62941604852676391602 -0.63068068027496337891 -0.63338220119476318359 -0.63875490427017211914 -0.64412760734558105469 -0.609039306640625 -0.56680184602737426758 -0.53631979227066040039 -0.52768504619598388672
-0.64019370079040527344 -0.69617724418640136719 -0.7415790557861328125 -0.76731461286544799805 -0.79304987192153930664 -0.83913183212280273438 -0.88880866765975952148 -0.9231898188591003418 -0.92914360761642456055 -0.93509769439697265625 -0.93026602268218994141 -0.92352849245071411133 -0.90238052606582641602 -0.85445064306259155273 -0.80652070045471191406 -0.79758596420288085938 -0.79554122686386108398 -0.75695186853408813477 -0.65044540166854858398 -0.54393923282623291016 -0.39715939760208129883 -0.24326379597187042236 -0.13449946045875549316 -0.10960996150970458984 -0.084720470011234283447 -0.21804757416248321533 -0.37933108210563659668 -0.50224727392196655273 -0.55385923385620117188 -0.60547113418579101563 -0.60936659574508666992 -0.6048304438591003418 -0.60688322782516479492 -0.62118065357208251953 -0.63547807931900024414 -0.6089630126953125 -0.57523649930953979492 -0.54243642091751098633 -0.51135796308517456055
-0.72475570440292358398 -0.76486408710479736328 -0.79831069707870483398 -0.81937682628631591797 -0.84044319391250610352 -0.85566657781600952148 -0.86985766887664794922 -0.89505136013031005859 -0.94069361686706542969 -0.98633551597595214844 -0.98508286476135253906 -0.97554391622543334961 -0.94424366950988769531 -0.87250101566314697266 -0.80075812339782714844 -0.79261237382888793945 -0.79570376873016357422 -0.75146979093551635742 -0.61928290128707885742 -0.48709574341773986816 -0.33130154013633728027 -0.17133551836013793945 -0.062871754169464111328 -0.050121985375881195068 -0.037372771650552749634 -0.20902933180332183838 -0.41326943039894104004 -0.55317014455795288086 -0.57349818944931030273 -0.59382677078247070313 -0.59183382987976074219 -0.58589702844619750977 -0.58883589506149291992 -0.60826951265335083008 -0.62770307064056396484 -0.61822813749313354492 -0.60364544391632080078 -0.57022416591644287109 -0.50179255008697509766
-0.78734040260314941406 -0.81680190563201904297 -0.84278237819671630859 -0.86229443550109863281 -0.88180619478225708008 -0.87514770030975341797 -0.863864898681640625 -0.88019287586212158203 -0.94783550500869750977 -1.0154777765274047852 -1.0183621644973754883 -1.0098040103912353516 -0.97411900758743286133 -0.88801908493041992188 -0.80191892385482788086 -0.79324048757553100586 -0.7982419133186340332 -0.74447536468505859375 -0.58149057626724243164 -0.41850605607032775879 -0.26153126358985900879 -0.1056184917688369751 -0.011081174947321414948 -0.030607147142291069031 -0.050133116543292999268 -0.23818358778953552246 -0.45601171255111694336 -0.59866708517074584961 -0.60161739587783813477 -0.60456770658493041992 -0.60028767585754394531 -0.59473013877868652344 -0.59753268957138061523 -0.61587280035018920898 -0.63421267271041870117 -0.63148331642150878906 -0.62503105401992797852 -0.58219385147094726563 -0.47173601388931274414
-0.7796586155891418457 -0.81518995761871337891 -0.84805738925933837891 -0.87597370147705078125 -0.90389037132263183594 -0.90404897928237915039 -0.89930301904678344727 -0.90779358148574829102 -0.94088393449783325195 -0.97397428750991821289 -0.98278075456619262695 -0.98729652166366577148 -0.9656651616096496582 -0.8954403996467590332 -0.82521593570709228516 -0.81177878379821777344 -0.8083756566047668457 -0.73264652490615844727 -0.52250301837921142578 -0.3123588860034942627 -0.17925389111042022705 -0.059761404991149902344 -0.022715492174029350281 -0.13889335095882415771 -0.25507175922393798828 -0.3893851935863494873 -0.52690303325653076172 -0.62681806087493896484 -0.65684980154037475586 -0.68688154220581054688 -0.6918265223503112793 -0.69233888387680053711 -0.6917374730110168457 -0.68906599283218383789 -0.68639451265335083008 -0.65749520063400268555 -0.62396150827407836914 -0.54358857870101928711 -0.37616676092147827148
-0.77197676897048950195 -0.81357800960540771484 -0.85333210229873657227 -0.88965332508087158203 -0.9259745478630065918 -0.93295025825500488281 -0.93474119901657104492 -0.93539434671401977539 -0.93393242359161376953 -0.93247073888778686523 -0.94719928503036499023 -0.96478879451751708984 -0.95721137523651123047 -0.90286201238632202148 -0.84851270914077758789 -0.83031672239303588867 -0.81850904226303100586 -0.72081768512725830078 -0.46351486444473266602 -0.20621231198310852051 -0.096976526081562042236 -0.013903757557272911072 -0.034349255263805389404 -0.24718011915683746338 -0.46001097559928894043 -0.54058736562728881836 -0.59779459238052368164 -0.65496903657913208008 -0.71208220720291137695 -0.76919507980346679688 -0.78336536884307861328 -0.78994756937026977539 -0.78594189882278442383 -0.7622591853141784668 -0.73857611417770385742 -0.68350708484649658203 -0.62289226055145263672 -0.50498360395431518555 -0.28059747815132141113
