INPUT/RASTER/ASCII/nitrogen.asc
ncols        113
nrows        135
xllcorner    473009.983799999987
yllcorner    4429001.174800000153
cellsize     100.000000000000
NODATA_value  -9999
[rows 34 to 50 of 135, columns 0 to 38 of 113]
-9999 -5.2244534492492675781 -5.2244534492492675781 -5.2244534492492675781 -3.2800998687744140625 -0.99218916893005371094 0.56703174114227294922 0.73418694734573364258 0.86114084720611572266 1.1891076564788818359 1.5556403398513793945 1.6955293416976928711 1.4142100811004638672 1.1328902244567871094 1.1670323610305786133 1.2569141387939453125 1.2708406448364257813 1.1436045169830322266 1.0163683891296386719 1.0597597360610961914 1.1332999467849731445 1.0924974679946899414 0.83919304609298706055 0.58588868379592895508 0.64705371856689453125 0.7637837529182434082 0.84743648767471313477 0.86961472034454345703 0.89179348945617675781 0.82568240165710449219 0.74397164583206176758 0.69860553741455078125 0.72078377008438110352 0.7429625391960144043 0.72843658924102783203 0.70742559432983398438 0.69008934497833251953 0.6795838475227355957 0.66907775402069091797
-9999 -5.2244534492492675781 -5.2244534492492675781 -5.2244534492492675781 -3.2800998687744140625 -0.99218916893005371094 0.62839937210083007813 0.79881918430328369141 0.87031269073486328125 1.1891076564788818359 1.5556403398513793945 1.6955293416976928711 1.4142100811004638672 1.1328902244567871094 1.1670323610305786133 1.2569141387939453125 1.2708406448364257813 1.1436045169830322266 1.0163683891296386719 1.0597597360610961914 1.1332999467849731445 1.0924974679946899414 0.83919304609298706055 0.58588868379592895508 0.64705371856689453125 0.7637837529182434082 0.84743648767471313477 0.86961472034454345703 0.89179348945617675781 0.82568240165710449219 0.74397164583206176758 0.69860553741455078125 0.72078377008438110352 0.7429625391960144043 0.72843658924102783203 0.70742559432983398438 0.69008934497833251953 0.6795838475227355957 0.66907775402069091797
-9999 -9999 -9999 -9999 -9999 -9999 0.87761437892913818359 0.87761437892913818359 0.87761437892913818359 1.1790452003479003906 1.5080900192260742188 1.6192166805267333984 1.3638172149658203125 1.1084177494049072266 1.1457897424697875977 1.2348934412002563477 1.2547349929809570313 1.1458543539047241211 1.0369737148284912109 1.0773543119430541992 1.1441082954406738281 1.1025520563125610352 0.85970479249954223633 0.61685746908187866211 0.67051714658737182617 0.7765674591064453125 0.85565042495727539063 0.88461488485336303711 0.91357934474945068359 0.84688043594360351563 0.7632783055305480957 0.71092277765274047852 0.71663695573806762695 0.72235113382339477539 0.69949162006378173828 0.67158365249633789063 0.64945161342620849609 0.63805609941482543945 0.62666052579879760742
-9999 -9999 -9999 -9999 -9999 -9999 0.87761437892913818359 0.87761437892913818359 0.87761437892913818359 1.1162965297698974609 1.2790027856826782227 1.2989150285720825195 1.1523082256317138672 1.0057009458541870117 1.0566321611404418945 1.1424673795700073242 1.1871355772018432617 1.1552966833114624023 1.1234585046768188477 1.1512023210525512695 1.1894744634628295898 1.1447545289993286133 0.94579774141311645508 0.74684101343154907227 0.76899755001068115234 0.83022379875183105469 0.89012813568115234375 0.94757443666458129883 1.0050213336944580078 0.93585383892059326172 0.8443139195442199707 0.76262205839157104492 0.69923228025436401367 0.63584244251251220703 0.57800370454788208008 0.52114629745483398438 0.47888600826263427734 0.46375504136085510254 0.44862410426139831543
-9999 -9999 -9999 -9999 -9999 -9999 0.87761437892913818359 0.87761437892913818359 0.87761437892913818359 0.97254353761672973633 0.98778802156448364258 0.97861337661743164063 0.94079881906509399414 0.90298420190811157227 0.96747446060180664063 1.0500407218933105469 1.1195366382598876953 1.1647396087646484375 1.2099426984786987305 1.2250503301620483398 1.2348405122756958008 1.1869573593139648438 1.0318906307220458984 0.87682455778121948242 0.86747843027114868164 0.88388013839721679688 0.92460525035858154297 1.0105345249176025391 1.096463322639465332 1.0248267650604248047 0.92534947395324707031 0.81432139873504638672 0.68182700872421264648 0.54933315515518188477 0.45651575922966003418 0.37070891261100769043 0.30832040309906005859 0.28945404291152954102 0.27058765292167663574
-9999 -9999 -9999 -9999 -9999 -9999 -9999 -9999 -9999 0.8980420231819152832 0.8980420231819152832 0.89477527141571044922 0.88543641567230224609 0.87609815597534179688 0.97768777608871459961 1.0701940059661865234 1.1508895158767700195 1.2431452274322509766 1.3354009389877319336 1.3585622310638427734 1.3695147037506103516 1.3334004878997802734 1.2098152637481689453 1.0862300395965576172 1.0780850648880004883 1.0903377532958984375 1.1333850622177124023 1.2336633205413818359 1.3339415788650512695 1.2647445201873779297 1.1656024456024169922 1.0253109931945800781 0.80854594707489013672 0.59178042411804199219 0.47869732975959777832 0.38393455743789672852 0.31984284520149230957 0.31275328993797302246 0.30566313862800598145
-9999 -9999 -9999 -9999 -9999 -9999 -9999 -9999 -9999 0.8980420231819152832 0.8980420231819152832 0.89477527141571044922 0.88543641567230224609 0.87609815597534179688 1.0616817474365234375 1.1435215473175048828 1.2173261642456054688 1.3460022211074829102 1.4746776819229125977 1.5132275819778442383 1.5358527898788452148 1.516802668571472168 1.4202989339828491211 1.3237950801849365234 1.3284461498260498047 1.3509711027145385742 1.403963923454284668 1.5135810375213623047 1.6231975555419921875 1.558180689811706543 1.4623064994812011719 1.2927777767181396484 0.98636364936828613281 0.6799500584602355957 0.55181783437728881836 0.45518711209297180176 0.39592513442039489746 0.40611112117767333984 0.41629713773727416992
-9999 -9999 -9999 -9999 -9999 -9999 -9999 -9999 -9999 -9999 -9999 -9999 -9999 -9999 1.2554864883422851563 1.2554864883422851563 1.3022680282592773438 1.4359925985336303711 1.5697170495986938477 1.6043863296508789063 1.6215527057647705078 1.6111519336700439453 1.5495165586471557617 1.4878811836242675781 1.5139667987823486328 1.555552363395690918 1.6222591400146484375 1.7356517314910888672 1.8490447998046875 1.7687478065490722656 1.6542270183563232422 1.4532771110534667969 1.0916998386383056641 0.73012316226959228516 0.59637469053268432617 0.50288271903991699219 0.44979798793792724609 0.47180867195129394531 0.49381992220878601074
-9999 -9999 -9999 -9999 -9999 -9999 -9999 -9999 -9999 -9999 -9999 -9999 -9999 -9999 1.4329161643981933594 1.4329161643981933594 1.4463756084442138672 1.4848481416702270508 1.5233206748962402344 1.4924987554550170898 1.4494324922561645508 1.4207786321640014648 1.4189090728759765625 1.4170398712158203125 1.4921776056289672852 1.580922245979309082 1.6733889579772949219 1.7727744579315185547 1.8721592426300048828 1.7143657207489013672 1.5111303329467773438 1.2717757225036621094 0.96529591083526611328 0.65881550312042236328 0.54960978031158447266 0.47526136040687561035 0.43266266584396362305 0.44907048344612121582 0.46547833085060119629
-9999 -9999 -9999 -9999 -9999 -9999 -9999 -9999 -9999 -9999 -9999 -9999 -9999 -9999 1.6103459596633911133 1.6103459596633911133 1.5904825925827026367 1.5337030887603759766 1.4769241809844970703 1.3806107044219970703 1.2773122787475585938 1.2304054498672485352 1.2883015871047973633 1.3461982011795043945 1.4703879356384277344 1.6062915325164794922 1.724518895149230957 1.8098965883255004883 1.8952736854553222656 1.6599841117858886719 1.3680335283279418945 1.0902749300003051758 0.83889138698577880859 0.58750784397125244141 0.50284427404403686523 0.4476394355297088623 0.41552734375 0.42633232474327087402 0.43713727593421936035
-9999 -9999 -9999 -9999 -5.2244534492492675781 -5.2244534492492675781 -5.2244534492492675781 -5.2244534492492675781 -5.2244534492492675781 -3.2989482879638671875 -1.0332162380218505859 -0.3527628481388092041 -2.6184947490692138672 -4.8842263221740722656 -0.9265422821044921875 0.90200400352478027344 1.5224233865737915039 1.4782850742340087891 1.434146881103515625 1.352405548095703125 1.2640193700790405273 1.2340902090072631836 1.3128008842468261719 1.3915114402770996094 1.4704352617263793945 1.5493968725204467773 1.6101460456848144531 1.6370494365692138672 1.6639522314071655273 1.4689891338348388672 1.2348233461380004883 1.0078794956207275391 0.79435735940933227539 0.58083516359329223633 0.51724720001220703125 0.48015230894088745117 0.45628643035888671875 0.45700722932815551758 0.4577280580997467041
-9999 -9999 -9999 -9999 -5.2244534492492675781 -5.2244534492492675781 -5.2244534492492675781 -5.2244534492492675781 -5.2244534492492675781 -3.2989482879638671875 -1.0332162380218505859 -0.3527628481388092041 -2.6184947490692138672 -4.8842263221740722656 -2.4155280590057373047 0.080393657088279724121 1.3791407346725463867 1.3858969211578369141 1.3926531076431274414 1.3538694381713867188 1.3070393800735473633 1.306578516960144043 1.3922929763793945313 1.4780073165893554688 1.4782243967056274414 1.4633350372314453125 1.4370940923690795898 1.3897570371627807617 1.3424192667007446289 1.2295577526092529297 1.1051186323165893555 0.96062201261520385742 0.77885067462921142578 0.59707880020141601563 0.55333739519119262695 0.53398507833480834961 0.51757168769836425781 0.50661981105804443359 0.49566733837127685547
-9999 -9999 -9999 -9999 -4.6701765060424804688 -4.6701765060424804688 -4.67313385009765625 -4.6815886497497558594 -4.6900429725646972656 -2.9280383586883544922 -0.85320240259170532227 -0.22229619324207305908 -2.2748830318450927734 -4.3274698257446289063 -2.6223978996276855469 -0.25336742401123046875 1.297053217887878418 1.3261133432388305664 1.3551740646362304688 1.3569463491439819336 1.3538966178894042969 1.3785518407821655273 1.4546947479248046875 1.5308376550674438477 1.4730217456817626953 1.3915364742279052734 1.3063380718231201172 1.2142403125762939453 1.1221426725387573242 1.0580877065658569336 0.99898821115493774414 0.91181653738021850586 0.77247524261474609375 0.63313341140747070313 0.60715514421463012695 0.60120719671249389648 0.58954226970672607422 0.56725049018859863281 0.54495924711227416992
-9999 -9999 -9999 -9999 -2.3437445163726806641 -2.3437445163726806641 -2.3591167926788330078 -2.403057098388671875 -2.4469978809356689453 -1.3712424039840698242 -0.097642235457897186279 0.32530379295349121094 -0.83266371488571166992 -1.9906308650970458984 -0.94443792104721069336 0.49121832847595214844 1.4106187820434570313 1.3705755472183227539 1.3305317163467407227 1.3651791810989379883 1.4130239486694335938 1.4488804340362548828 1.4624556303024291992 1.4760314226150512695 1.4262796640396118164 1.365338444709777832 1.3108125925064086914 1.2682083845138549805 1.2256041765213012695 1.10390472412109375 0.96823036670684814453 0.85806167125701904297 0.79529523849487304688 0.73252880573272705078 0.71765166521072387695 0.71123725175857543945 0.69567435979843139648 0.66311085224151611328 0.63054734468460083008
-9999 -9999 -9999 -9999 -0.017313010990619659424 -0.017313010990619659424 -0.045099671930074691772 -0.12452606856822967529 -0.20395246148109436035 0.18555392324924468994 0.65791881084442138672 0.8729031682014465332 0.60955584049224853516 0.3462079167366027832 0.73352181911468505859 1.2358040809631347656 1.5241850614547729492 1.4150372743606567383 1.3058893680572509766 1.373412013053894043 1.4721512794494628906 1.5192089080810546875 1.4702169895172119141 1.4212250709533691406 1.3795375823974609375 1.3391408920288085938 1.3152866363525390625 1.3221758604049682617 1.3290656805038452148 1.1497222185134887695 0.93747246265411376953 0.80430680513381958008 0.818115234375 0.83192372322082519531 0.82814878225326538086 0.82126677036285400391 0.80180704593658447266 0.75897127389907836914 0.71613544225692749023
-9999 -9999 -9999 -9999 0.6338520050048828125 0.6338520050048828125 0.62018102407455444336 0.58110404014587402344 0.54202646017074584961 0.71395635604858398438 0.92316979169845581055 1.0640567541122436523 1.0779626369476318359 1.0918679237365722656 1.2191568613052368164 1.3664805889129638672 1.430896759033203125 1.3412337303161621094 1.2515711784362792969 1.2738729715347290039 1.3159590959548950195 1.329738616943359375 1.2909120321273803711 1.252085566520690918 1.2495974302291870117 1.2535299062728881836 1.2594110965728759766 1.2689142227172851563 1.2784166336059570313 1.141900181770324707 0.9795824885368347168 0.8744360804557800293 0.87554097175598144531 0.87664586305618286133 0.88140547275543212891 0.88681071996688842773 0.87861961126327514648 0.84515941143035888672 0.81169974803924560547
-9999 -9999 -9999 -9999 0.69104951620101928711 0.69104951620101928711 0.70090097188949584961 0.72905999422073364258 0.75721907615661621094 0.87774014472961425781 1.0145812034606933594 1.1288325786590576172 1.20110321044921875 1.273373723030090332 1.2820519208908081055 1.2794936895370483398 1.2642681598663330078 1.2254995107650756836 1.1867308616638183594 1.1361236572265625 1.083424687385559082 1.0481560230255126953 1.0452828407287597656 1.0424089431762695313 1.0901585817337036133 1.1468534469604492188 1.1821382045745849609 1.1776336431503295898 1.1731283664703369141 1.1150603294372558594 1.0475270748138427734 0.98848825693130493164 0.94523614645004272461 0.90198343992233276367 0.91436696052551269531 0.9365819096565246582 0.94503629207611083984 0.92791879177093505859 0.91080069541931152344
