INPUT/RASTER/ASCII/nitrogen.asc
ncols        113
nrows        135
xllcorner    473009.983799999987
yllcorner    4429001.174800000153
cellsize     100.000000000000
NODATA_value  -9999
[rows 85 to 101 of 135, columns 0 to 38 of 113]
-1.3387960195541381836 -1.0619647502899169922 -0.27065247297286987305 0.52066034078598022461 0.56264173984527587891 0.47222056984901428223 0.40962615609169006348 0.39874547719955444336 0.38786536455154418945 0.48236873745918273926 0.59549355506896972656 0.61145168542861938477 0.44682958722114562988 0.282207489013671875 0.29918974637985229492 0.34826016426086425781 0.31469807028770446777 0.12756657600402832031 -0.059564918279647827148 -0.040360111743211746216 0.015303377062082290649 0.052320901304483413696 0.054685391485691070557 0.057049881666898727417 0.12498612701892852783 0.20450825989246368408 0.23718698322772979736 0.18280816078186035156 0.12842932343482971191 0.040575817227363586426 -0.053192261606454849243 -0.1257890164852142334 -0.15903884172439575195 -0.19228920340538024902 -0.24151268601417541504 -0.2935587465763092041 -0.32642394304275512695 -0.32364311814308166504 -0.32086226344108581543
0.36817353963851928711 0.3865489959716796875 0.43907427787780761719 0.49159958958625793457 0.4692694246768951416 0.43371298909187316895 0.40434777736663818359 0.38648885488510131836 0.36862996220588684082 0.52485108375549316406 0.71183121204376220703 0.74943703413009643555 0.50943624973297119141 0.26943600177764892578 0.30391538143157958984 0.38689464330673217773 0.36562925577163696289 0.15062926709651947021 -0.064370714128017425537 -0.014561673626303672791 0.082037895917892456055 0.12687860429286956787 0.075528308749198913574 0.024177452549338340759 0.075364664196968078613 0.1446701735258102417 0.16439263522624969482 0.091968417167663574219 0.019543651491403579712 -0.043904621154069900513 -0.1057671085000038147 -0.15584722161293029785 -0.18402962386608123779 -0.21221259236335754395 -0.23779340088367462158 -0.26291498541831970215 -0.27738246321678161621 -0.27205067873001098633 -0.26671889424324035645
0.38568288087844848633 0.39719754457473754883 0.4301128387451171875 0.46302756667137145996 0.5357640385627746582 0.61553609371185302734 0.62636107206344604492 0.50904828310012817383 0.39173549413681030273 0.47548511624336242676 0.59476161003112792969 0.63016611337661743164 0.50969731807708740234 0.38922852277755737305 0.38372305035591125488 0.39853173494338989258 0.34633871912956237793 0.16962645947933197021 -0.0070858094841241836548 0.0016496691387146711349 0.043152377009391784668 0.076183438301086425781 0.093470163643360137939 0.11075688153505325317 0.11550756543874740601 0.11804293841123580933 0.10284852981567382813 0.05470431596040725708 0.0065595493651926517487 -0.028244325891137123108 -0.060690391808748245239 -0.093605682253837585449 -0.12739151716232299805 -0.1611773371696472168 -0.16894987225532531738 -0.17212590575218200684 -0.18163619935512542725 -0.20291884243488311768 -0.22420091927051544189
0.40319225192070007324 0.40784665942192077637 0.42115080356597900391 0.43445551395416259766 0.60225808620452880859 0.79735970497131347656 0.84837436676025390625 0.6316077113151550293 0.41484105587005615234 0.42611911892890930176 0.47769263386726379395 0.51089566946029663086 0.50995832681655883789 0.50902104377746582031 0.46353128552436828613 0.41016882658004760742 0.32704874873161315918 0.18862420320510864258 0.050199095159769058228 0.017860455438494682312 0.0042668618261814117432 0.025488276034593582153 0.11141201108694076538 0.19733630120754241943 0.15564991533756256104 0.091415703296661376953 0.041304424405097961426 0.017439655959606170654 -0.0064245536923408508301 -0.012584029696881771088 -0.015614228323101997375 -0.031364139169454574585 -0.070753388106822967529 -0.11014208197593688965 -0.10010635852813720703 -0.081336826086044311523 -0.08588991314172744751 -0.13378699123859405518 -0.18168351054191589355
0.43793714046478271484 0.44224309921264648438 0.45455035567283630371 0.46685817837715148926 0.57579785585403442383 0.70181161165237426758 0.73099869489669799805 0.58023625612258911133 0.4294738471508026123 0.40484485030174255371 0.40250262618064880371 0.42208871245384216309 0.48242774605751037598 0.54276734590530395508 0.47022289037704467773 0.37419831752777099609 0.29060342907905578613 0.23010687530040740967 0.16961087286472320557 0.12763671576976776123 0.088935993611812591553 0.086371123790740966797 0.15096434950828552246 0.21555814146995544434 0.13706795871257781982 0.033295881003141403198 -0.016662886366248130798 0.03338994830846786499 0.08344278484582901001 0.062410060316324234009 0.028816819190979003906 -0.0030960103031247854233 -0.031887356191873550415 -0.060678143054246902466 -0.052664037793874740601 -0.038147021085023880005 -0.052725821733474731445 -0.12137675285339355469 -0.19002825021743774414
0.47879248857498168945 0.48505884408950805664 0.50296950340270996094 0.52088022232055664063 0.51638054847717285156 0.50792169570922851563 0.49329280853271484375 0.46719825267791748047 0.44110369682312011719 0.39353001117706298828 0.34216079115867614746 0.34408277273178100586 0.44504451751708984375 0.54600572586059570313 0.45099136233329772949 0.32134848833084106445 0.24807544052600860596 0.27956247329711914063 0.31104949116706848145 0.27058708667755126953 0.21741165220737457275 0.18681465089321136475 0.19817902147769927979 0.20954337716102600098 0.097664795815944671631 -0.035990148782730102539 -0.073361679911613464355 0.068207181990146636963 0.20977659523487091064 0.15844076871871948242 0.073019102215766906738 0.013126465491950511932 0.00067782349651679396629 -0.011770818382501602173 -0.01281057111918926239 -0.011834272183477878571 -0.041749976575374603271 -0.12907804548740386963 -0.21640612185001373291
0.509914398193359375 0.51767355203628540039 0.53985232114791870117 0.56203114986419677734 0.47145187854766845703 0.36893942952156066895 0.32757920026779174805 0.38788428902626037598 0.44818937778472900391 0.38345867395401000977 0.29663488268852233887 0.28216686844825744629 0.40216863155364990234 0.52217042446136474609 0.42612025141716003418 0.29189422726631164551 0.23781874775886535645 0.33269894123077392578 0.42757967114448547363 0.38338965177536010742 0.31462737917900085449 0.25862157344818115234 0.22632414102554321289 0.19402669370174407959 0.072791442275047302246 -0.06415919959545135498 -0.085278198122978210449 0.10887163132429122925 0.30302146077156066895 0.22442218661308288574 0.097629725933074951172 0.016478385776281356812 0.020149802789092063904 0.023820664733648300171 0.016719399020075798035 0.0077145206741988658905 -0.025961657986044883728 -0.10549046844244003296 -0.18501928448677062988
0.509914398193359375 0.51767355203628540039 0.53985232114791870117 0.56203114986419677734 0.47352415323257446289 0.41092026233673095703 0.39204385876655578613 0.41639566421508789063 0.44074803590774536133 0.37736430764198303223 0.29847839474678039551 0.27169251441955566406 0.34173387289047241211 0.41177523136138916016 0.38321933150291442871 0.33724144101142883301 0.33074021339416503906 0.39760553836822509766 0.46447086334228515625 0.39980527758598327637 0.31189888715744018555 0.23887297511100769043 0.1935018002986907959 0.14813064038753509521 0.094372987747192382813 0.039133634418249130249 0.045984979718923568726 0.1682288050651550293 0.29047262668609619141 0.19433060288429260254 0.059600837528705596924 -0.021321177482604980469 -0.0022416098508983850479 0.016837958246469497681 0.01324057113379240036 0.0056366855278611183167 0.0052136597223579883575 0.018134865909814834595 0.031056627631187438965
0.509914398193359375 0.51767355203628540039 0.53985232114791870117 0.56203114986419677734 0.4782715141773223877 0.46428549289703369141 0.45650795102119445801 0.44490703940391540527 0.43330666422843933105 0.37126997113227844238 0.30032134056091308594 0.26121819019317626953 0.28129908442497253418 0.30138000845909118652 0.34031841158866882324 0.38258811831474304199 0.42366167902946472168 0.46251213550567626953 0.50136202573776245117 0.4162203371524810791 0.30917036533355712891 0.21912434697151184082 0.16067947447299957275 0.10223457962274551392 0.11595508456230163574 0.1424264758825302124 0.17724759876728057861 0.22758597135543823242 0.27792435884475708008 0.16423900425434112549 0.02157139219343662262 -0.059120740741491317749 -0.024633023887872695923 0.0098552526906132698059 0.0097617413848638534546 0.0035588506143540143967 0.036388419568538665771 0.14176076650619506836 0.24713253974914550781
-9999 -9999 -9999 -9999 0.48073172569274902344 0.48073172569274902344 0.45390579104423522949 0.39137369394302368164 0.34388127923011779785 0.28680622577667236328 0.22689744830131530762 0.18171496689319610596 0.163900032639503479 0.1460850834846496582 0.2212266772985458374 0.31279280781745910645 0.3652630150318145752 0.34507465362548828125 0.32488575577735900879 0.29546266794204711914 0.26440700888633728027 0.20786073803901672363 0.10393948853015899658 1.8794111383613198996e-05 0.083382114768028259277 0.19983772933483123779 0.27837854623794555664 0.28645610809326171875 0.29453313350677490234 0.2187280505895614624 0.12810148298740386963 0.059863559901714324951 0.033235765993595123291 0.0066074179485440254211 0.015224894508719444275 0.030070867389440536499 0.069977767765522003174 0.15646034479141235352 0.24294236302375793457
-9999 -9999 -9999 -9999 0.48073172569274902344 0.48073172569274902344 0.38828337192535400391 0.26989132165908813477 0.22022421658039093018 0.17455637454986572266 0.12678788602352142334 0.077736943960189819336 0.026303712278604507446 -0.025129521265625953674 0.075121425092220306396 0.20217382907867431641 0.25321352481842041016 0.16298718750476837158 0.072760276496410369873 0.12606929242610931396 0.20474036037921905518 0.19960561394691467285 0.038720071315765380859 -0.12216491997241973877 0.031608786433935165405 0.24098196625709533691 0.36882644891738891602 0.34515258669853210449 0.32147929072380065918 0.30320513248443603516 0.28588503599166870117 0.23443621397018432617 0.11955970525741577148 0.0046837646514177322388 0.023858513683080673218 0.06671991199254989624 0.10442262887954711914 0.13253991305828094482 0.16065719723701477051
-9999 -9999 -9999 -9999 -9999 -9999 0.12178671360015869141 0.12178671360015869141 0.12178671360015869141 0.091493628919124603271 0.058424714952707290649 0.0090292394161224365234 -0.074576206505298614502 -0.15818165242671966553 -0.043098647147417068481 0.10709158331155776978 0.15688447654247283936 0.020092472434043884277 -0.11669953912496566772 -0.013152887113392353058 0.13285996019840240479 0.16539564728736877441 -0.012961969710886478424 -0.19131958484649658203 0.0030595690477639436722 0.26329880952835083008 0.41746604442596435547 0.37450164556503295898 0.33153674006462097168 0.34477519989013671875 0.36794421076774597168 0.32829278707504272461 0.17189131677150726318 0.015489842742681503296 0.035693213343620300293 0.087101958692073822021 0.11796111613512039185 0.11062941700220108032 0.10329771041870117188
-9999 -9999 -9999 -9999 -9999 -9999 0.12178671360015869141 0.12178671360015869141 0.12178671360015869141 0.10672923177480697632 0.096465289592742919922 0.053087912499904632568 -0.058065962046384811401 -0.16921928524971008301 -0.072161622345447540283 0.061686463654041290283 0.11081811040639877319 0.002508522477000951767 -0.10580161958932876587 -0.055911872535943984985 0.021930964663624763489 0.048204749822616577148 -0.021360697224736213684 -0.090926147997379302979 0.048760805279016494751 0.22542186081409454346 0.33243677020072937012 0.31001642346382141113 0.28759661316871643066 0.24916028976440429688 0.20789469778537750244 0.16408315300941467285 0.11553984880447387695 0.066997103393077850342 0.057764016091823577881 0.055476896464824676514 0.064655996859073638916 0.095145009458065032959 0.12563402950763702393
-9999 -9999 -9999 -9999 -9999 -9999 0.12178671360015869141 0.12178671360015869141 0.12178671360015869141 0.14163440465927124023 0.14482156932353973389 0.097146026790142059326 -0.041555717587471008301 -0.18025746941566467285 -0.10122459381818771362 0.016281345859169960022 0.064752288162708282471 -0.0150759844109416008 -0.094903700053691864014 -0.098670855164527893066 -0.088998593389987945557 -0.06898669898509979248 -0.02975942566990852356 0.0094678504392504692078 0.094462603330612182617 0.18754492700099945068 0.24740695953369140625 0.24553172290325164795 0.24365593492984771729 0.15354591608047485352 0.047844622284173965454 -0.00012703840911854058504 0.059188943356275558472 0.11850436776876449585 0.079834818840026855469 0.02385127730667591095 0.011350314132869243622 0.079660043120384216309 0.14796976745128631592
-9999 -9999 -9999 -9999 -9999 -9999 -9999 -9999 -9999 0.15972432494163513184 0.15972432494163513184 0.10697970539331436157 -0.015969904139637947083 -0.10934946686029434204 -0.048090349882841110229 0.03825084492564201355 0.067379496991634368896 -0.009819334372878074646 -0.087017610669136047363 -0.090028330683708190918 -0.079929709434509277344 -0.062341302633285522461 -0.030831461772322654724 0.00067782349651679396629 0.074417866766452789307 0.15561930835247039795 0.2022829204797744751 0.18475797772407531738 0.16723302006721496582 0.083289161324501037598 -0.012390884570777416229 -0.046382661908864974976 0.03427106514573097229 0.11492479592561721802 0.07952534407377243042 0.023620283231139183044 0.011738830246031284332 0.081675536930561065674 0.15161168575286865234
-9999 -9999 -9999 -9999 -9999 -9999 -9999 -9999 -9999 0.15972432494163513184 0.15972432494163513184 0.10125661641359329224 0.026381082832813262939 -0.0050302390009164810181 0.034187018871307373047 0.084108494222164154053 0.087271720170974731445 0.0035360294859856367111 -0.080199666321277618408 -0.063160635530948638916 -0.028315572068095207214 -0.011789186857640743256 -0.029306342825293540955 -0.046823497861623764038 0.031062195077538490295 0.12580434978008270264 0.17130742967128753662 0.12530004978179931641 0.079293236136436462402 0.022023361176252365112 -0.037236958742141723633 -0.050816640257835388184 0.020498799160122871399 0.091813683509826660156 0.071281351149082183838 0.034519873559474945068 0.031165167689323425293 0.089895039796829223633 0.14862546324729919434
-9999 -9999 -9999 -9999 -9999 -9999 -9999 -9999 -9999 -9999 -9999 0.078013025224208831787 0.078013025224208831787 0.078013025224208831787 0.086424000561237335205 0.095605328679084777832 0.069190159440040588379 -0.022305825725197792053 -0.11380181461572647095 -0.085311591625213623047 -0.035621114075183868408 -0.01690278761088848114 -0.055746555328369140625 -0.094590328633785247803 -0.017003534361720085144 0.081156775355339050293 0.12432654201984405518 0.065300554037094116211 0.0062740067951381206512 -0.035519253462553024292 -0.074267283082008361816 -0.078244842588901519775 -0.017603006213903427124 0.043038830161094665527 0.041805375367403030396 0.029638379812240600586 0.040805697441101074219 0.095338150858879089355 0.14987060427665710449
