INPUT/RASTER/ASCII/nitrogen.asc
ncols        113
nrows        135
xllcorner    473009.983799999987
yllcorner    4429001.174800000153
cellsize     100.000000000000
NODATA_value  -9999
[rows 51 to 67 of 135, columns 39 to 77 of 113]
0.77276581525802612305 0.59335058927536010742 0.49126508831977844238 0.53289467096328735352 0.57452428340911865234 0.45843774080276489258 0.31448322534561157227 0.20970869064331054688 0.1777496635913848877 0.14579063653945922852 0.16881380975246429443 0.20155152678489685059 0.22050252556800842285 0.21383263170719146729 0.20716275274753570557 0.23307250440120697021 0.26473876833915710449 0.30693000555038452148 0.3686828315258026123 0.43043565750122070313 0.41382801532745361328 0.38337463140487670898 0.35729900002479553223 0.32222625613212585449 0.11751917004585266113 -0.047471951693296432495 -0.047471951693296432495 -9999 -9999 -9999 -9999 -9999 -9999 -9999 -9999 0.29688203334808349609 0.29688203334808349609 0.35849180817604064941 0.3872413933277130127
0.60398137569427490234 0.52402007579803466797 0.47744828462600708008 0.49293047189712524414 0.5084126591682434082 0.45784047245979309082 0.39559727907180786133 0.35015597939491271973 0.33593952655792236328 0.32172363996505737305 0.33510962128639221191 0.3533731997013092041 0.3634033501148223877 0.35813444852828979492 0.35286501049995422363 0.28375151753425598145 0.20335662364959716797 0.16566671431064605713 0.20734196901321411133 0.24901667237281799316 0.27066221833229064941 0.28876882791519165039 0.27458691596984863281 0.17260989546775817871 -0.007702536415308713913 -0.047471951693296432495 -0.047471951693296432495 -9999 -9999 -9999 -9999 -9999 -9999 -9999 -9999 0.29688203334808349609 0.29688203334808349609 0.32854381203651428223 0.38692691922187805176
0.43519636988639831543 0.45468950271606445313 0.46363148093223571777 0.45296624302864074707 0.44230097532272338867 0.45724380016326904297 0.47671186923980712891 0.49060270190238952637 0.49412995576858520508 0.49765664339065551758 0.50140601396560668945 0.50519484281539916992 0.50630474090576171875 0.50243574380874633789 0.49856728315353393555 0.33443054556846618652 0.1419750601053237915 0.024403437972068786621 0.046000566333532333374 0.06759824603796005249 0.12749645113945007324 0.19416250288486480713 0.20127211511135101318 0.091492518782615661621 -0.028486452996730804443 -0.047471951693296432495 -0.047471951693296432495 -9999 -9999 -9999 -9999 -9999 -9999 -9999 -9999 0.29688203334808349609 0.29688203334808349609 0.32124051451683044434 0.38673377037048339844
0.42971429228782653809 0.4528332054615020752 0.46475362777709960938 0.45586171746253967285 0.44696983695030212402 0.46805155277252197266 0.49442940950393676758 0.51697057485580444336 0.5323804020881652832 0.54779022932052612305 0.54102289676666259766 0.5303370356559753418 0.51372325420379638672 0.48609191179275512695 0.45846053957939147949 0.3173859715461730957 0.1562671959400177002 0.049633018672466278076 0.044258922338485717773 0.038884829729795455933 0.066573522984981536865 0.10010442882776260376 0.083852447569370269775 -0.024918008595705032349 -0.13368846476078033447 -0.15002171695232391357 -0.15002171695232391357 -9999 -9999 -9999 -9999 -9999 0.35524731874465942383 0.35524731874465942383 0.35524731874465942383 0.36032584309577941895 0.36248663067817687988 0.39857348799705505371 0.49958032369613647461
0.48213106393814086914 0.47490009665489196777 0.47117191553115844727 0.47395330667495727539 0.4767341315746307373 0.48290309309959411621 0.4896698296070098877 0.50289106369018554688 0.52810615301132202148 0.55332183837890625 0.53572559356689453125 0.51056563854217529297 0.47310614585876464844 0.41279047727584838867 0.3524748384952545166 0.27633076906204223633 0.19738918542861938477 0.13389359414577484131 0.099103637039661407471 0.064313679933547973633 0.034809868782758712769 0.006240053568035364151 -0.05104039609432220459 -0.16167885065078735352 -0.27231675386428833008 -0.28893050551414489746 -0.28893050551414489746 -9999 -9999 -9999 -9999 -9999 0.35524731874465942383 0.35524731874465942383 0.35524731874465942383 0.39689362049102783203 0.43389946222305297852 0.50479078292846679688 0.65248960256576538086
0.50266671180725097656 0.48811408877372741699 0.48187947273254394531 0.49110531806945800781 0.5003306269645690918 0.49562278389930725098 0.48845252394676208496 0.49670428037643432617 0.53361606597900390625 0.57052785158157348633 0.53879475593566894531 0.49493259191513061523 0.4379666447639465332 0.35664719343185424805 0.27532774209976196289 0.26180207729339599609 0.26025524735450744629 0.23332409560680389404 0.15921725332736968994 0.085110396146774291992 0.0072324941866099834442 -0.071312226355075836182 -0.1624380648136138916 -0.27694663405418395996 -0.39145523309707641602 -0.4086501002311706543 -0.4086501002311706543 -9999 -9999 -9999 -5.2244534492492675781 -5.2244534492492675781 -1.7555767297744750977 -0.1368656158447265625 0.24296686053276062012 0.36107614636421203613 0.46087402105331420898 0.58652597665786743164 0.7602252960205078125
0.42127215862274169922 0.47302153706550598145 0.50630086660385131836 0.50525444746017456055 0.50420796871185302734 0.5015284419059753418 0.4985606074333190918 0.51575160026550292969 0.57040649652481079102 0.62506139278411865234 0.5686130523681640625 0.49253302812576293945 0.42033758759498596191 0.35536029934883117676 0.2903830111026763916 0.33208665251731872559 0.39264056086540222168 0.38125616312026977539 0.23617729544639587402 0.09109843522310256958 -0.0069600152783095836639 -0.096711017191410064697 -0.19871641695499420166 -0.32349672913551330566 -0.44827759265899658203 -0.46701484918594360352 -0.46701484918594360352 -9999 -9999 -9999 -5.2244534492492675781 -5.2244534492492675781 -3.9462764263153076172 -1.5893735885620117188 -0.2138423621654510498 0.14820744097232818604 0.38761490583419799805 0.58998757600784301758 0.7235317230224609375
0.33987700939178466797 0.45792955160140991211 0.53072279691696166992 0.51940351724624633789 0.50808477401733398438 0.50743412971496582031 0.50866925716400146484 0.53479939699172973633 0.60719692707061767578 0.67959439754486083984 0.59843081235885620117 0.49013349413871765137 0.40270856022834777832 0.35407340526580810547 0.30543881654739379883 0.40237182378768920898 0.52502584457397460938 0.52918821573257446289 0.31313735246658325195 0.097086474299430847168 -0.021152524277567863464 -0.12210981547832489014 -0.23499420285224914551 -0.37004736065864562988 -0.50509995222091674805 -0.52538013458251953125 -0.52538013458251953125 -9999 -9999 -9999 -5.2244534492492675781 -5.2244534492492675781 -4.4804983139038085938 -2.4802293777465820313 -0.64856183528900146484 -0.064660705626010894775 0.31435576081275939941 0.59344911575317382813 0.6868381500244140625
0.25742709636688232422 0.46487718820571899414 0.59593832492828369141 0.58503317832946777344 0.57412743568420410156 0.53023964166641235352 0.48052355647087097168 0.4709320068359375 0.53590929508209228516 0.60088658332824707031 0.53517013788223266602 0.44636145234107971191 0.3728618621826171875 0.32781520485877990723 0.28276801109313964844 0.36710315942764282227 0.47429895401000976563 0.47795090079307556152 0.28916904330253601074 0.10038718581199645996 -0.034705486148595809937 -0.16031180322170257568 -0.28509879112243652344 -0.40836289525032043457 -0.5316264033317565918 -0.55774521827697753906 -0.5764535069465637207 -0.60777658224105834961 -0.60777658224105834961 -0.60777658224105834961 -3.8085772991180419922 -3.8085772991180419922 -3.3354964256286621094 -1.9832109212875366211 -0.63092529773712158203 -0.16581058502197265625 0.14254502952098846436 0.38118547201156616211 0.49026149511337280273
0.17460258305072784424 0.47963911294937133789 0.67561739683151245117 0.66891467571258544922 0.66221141815185546875 0.55903655290603637695 0.43881601095199584961 0.3776670992374420166 0.42630225419998168945 0.4749374091625213623 0.43890842795372009277 0.38791993260383605957 0.33868363499641418457 0.2927029728889465332 0.24672175943851470947 0.2944106757640838623 0.35864987969398498535 0.35609781742095947266 0.22941611707210540771 0.10273497551679611206 -0.048031348735094070435 -0.20305353403091430664 -0.34010493755340576172 -0.44375845789909362793 -0.54741197824478149414 -0.57478898763656616211 -0.59273415803909301758 -0.60777658224105834961 -0.60777658224105834961 -0.60777658224105834961 -1.8907014131546020508 -1.8907014131546020508 -1.677341461181640625 -1.0674595832824707031 -0.45757746696472167969 -0.22735078632831573486 -0.064207069575786590576 0.092435970902442932129 0.23699773848056793213
0.12930154800415039063 0.49688240885734558105 0.73164772987365722656 0.71957981586456298828 0.70751243829727172852 0.56734347343444824219 0.4045403599739074707 0.30734243988990783691 0.33207052946090698242 0.35679858922958374023 0.34941568970680236816 0.33635923266410827637 0.31457117199897766113 0.27655619382858276367 0.23854123055934906006 0.25517392158508300781 0.28146272897720336914 0.27203094959259033203 0.19621416926383972168 0.1203974112868309021 -0.052362352609634399414 -0.24225130677223205566 -0.3959287106990814209 -0.48230722546577453613 -0.56868624687194824219 -0.58769989013671875 -0.59481030702590942383 -0.59568393230438232422 -0.57473272085189819336 -0.45244771242141723633 -0.41687852144241333008 -0.42705395817756652832 -0.40768772363662719727 -0.34798210859298706055 -0.29285520315170288086 -0.24606578052043914795 -0.20032335817813873291 -0.11584625393152236938 0.040617562830448150635
0.20397001504898071289 0.52205741405487060547 0.712066650390625 0.6640459895133972168 0.61602479219436645508 0.51013815402984619141 0.3940270841121673584 0.31036207079887390137 0.28699713945388793945 0.26363277435302734375 0.28156626224517822266 0.30679696798324584961 0.32264316082000732422 0.32104793190956115723 0.31945267319679260254 0.32290422916412353516 0.32724747061729431152 0.30877515673637390137 0.24790011346340179443 0.18702450394630432129 -0.027933735400438308716 -0.27011811733245849609 -0.45436525344848632813 -0.53093904256820678711 -0.60751223564147949219 -0.60045129060745239258 -0.5786126255989074707 -0.54871386289596557617 -0.48702394962310791016 -0.3779462277889251709 -0.38000181317329406738 -0.41030380129814147949 -0.35973945260047912598 -0.22890596091747283936 -0.15150341391563415527 -0.12786017358303070068 -0.11059962213039398193 -0.066855989396572113037 0.026106672361493110657
0.27863848209381103516 0.54723244905471801758 0.69248497486114501953 0.6085116267204284668 0.52453768253326416016 0.45293283462524414063 0.3835137784481048584 0.31338113546371459961 0.24192376434803009033 0.17046639323234558105 0.21371629834175109863 0.27723470330238342285 0.330715179443359375 0.36553964018821716309 0.40036410093307495117 0.39063507318496704102 0.37303274869918823242 0.3455193936824798584 0.29958549141883850098 0.25365158915519714355 -0.0035056772176176309586 -0.29798492789268493652 -0.51280236244201660156 -0.57957023382186889648 -0.64633846282958984375 -0.6132030487060546875 -0.56241518259048461914 -0.50707983970642089844 -0.43947085738182067871 -0.36558052897453308105 -0.3581981658935546875 -0.37283095717430114746 -0.16834205389022827148 -0.035308297723531723022 -0.0029735553544014692307 -0.0096545768901705741882 -0.020876444876194000244 -0.01786572672426700592 0.011595780029892921448
0.21605630218982696533 0.36897337436676025391 0.46201395988464355469 0.44377544522285461426 0.42553690075874328613 0.3671582639217376709 0.30168780684471130371 0.24189871549606323242 0.19266799092292785645 0.14343783259391784668 0.20645195245742797852 0.28929874300956726074 0.34613889455795288086 0.35464727878570556641 0.36315566301345825195 0.3513304293155670166 0.33591282367706298828 0.31191056966781616211 0.27195635437965393066 0.23200158774852752686 0.0010201402474194765091 -0.26371428370475769043 -0.45359212160110473633 -0.50435018539428710938 -0.55510824918746948242 -0.56263673305511474609 -0.56252652406692504883 -0.53978139162063598633 -0.47496882081031799316 -0.41015574336051940918 -0.40042337775230407715 -0.40042337775230407715 0.050946068018674850464 0.050946068018674850464 0.050946068018674850464 0.042690388858318328857 0.032975830137729644775 0.032960243523120880127 0.050971116870641708374
0.10481169819831848145 0.11858674883842468262 0.15677149593830108643 0.24032127857208251953 0.323871612548828125 0.27125501632690429688 0.19457828998565673828 0.14400112628936767578 0.14192941784858703613 0.13985826075077056885 0.22066728770732879639 0.31612133979797363281 0.36417037248611450195 0.32411876320838928223 0.28406658768653869629 0.2740764915943145752 0.26939815282821655273 0.25335824489593505859 0.21620547771453857422 0.17905214428901672363 -0.0015107773942872881889 -0.20741347968578338623 -0.35266989469528198242 -0.38521838188171386719 -0.41776630282402038574 -0.48962110280990600586 -0.56842046976089477539 -0.59779572486877441406 -0.53531789779663085938 -0.47283980250358581543 -0.46345809102058410645 -0.46345809102058410645 0.069622650742530822754 0.069622650742530822754 0.069622650742530822754 0.07168378680944442749 0.074109502136707305908 0.084437452256679534912 0.10945162177085876465
0.020777106285095214844 -0.067990921437740325928 -0.070790126919746398926 0.086181320250034332275 0.24315276741981506348 0.19752110540866851807 0.11609090119600296021 0.072732999920845031738 0.10013225674629211426 0.12753206491470336914 0.21336452662944793701 0.30952215194702148438 0.34598305821418762207 0.27149993181228637695 0.19701625406742095947 0.19504751265048980713 0.20589144527912139893 0.19711087644100189209 0.15185715258121490479 0.10660399496555328369 -0.026879511773586273193 -0.17595317959785461426 -0.27687874436378479004 -0.28832492232322692871 -0.29977056384086608887 -0.41121998429298400879 -0.54033911228179931641 -0.6098124384880065918 -0.56619125604629516602 -0.51891732215881347656 -0.51147425174713134766 -0.51147425174713134766 0.083849668502807617188 0.083849668502807617188 0.083849668502807617188 0.092518910765647888184 0.10198243707418441772 0.11595285683870315552 0.13940517604351043701
0.023739954456686973572 -0.050553917884826660156 -0.049985617399215698242 0.089709684252738952637 0.22940498590469360352 0.1946706920862197876 0.12911507487297058105 0.086604900658130645752 0.086922727525234222412 0.087241105735301971436 0.13726277649402618408 0.19606667757034301758 0.21199859678745269775 0.14825476706027984619 0.084510363638401031494 0.11034331470727920532 0.15200410783290863037 0.14823138713836669922 0.060021080076694488525 -0.028189221397042274475 -0.12526802718639373779 -0.22391371428966522217 -0.2814362943172454834 -0.26253205537796020508 -0.24362836778163909912 -0.31560117006301879883 -0.40363168716430664063 -0.46470600366592407227 -0.47969114780426025391 -0.5057862401008605957 -0.51147425174713134766 -0.51147425174713134766 0.083849668502807617188 0.083849668502807617188 0.083849668502807617188 0.084717981517314910889 0.085310220718383789063 0.083646506071090698242 0.0781499519944190979
