INPUT/RASTER/ASCII/pH.asc
ncols        113
nrows        135
xllcorner    473009.983799999987
yllcorner    4429001.174800000153
cellsize     100.000000000000
NODATA_value  -9999
[rows 34 to 50 of 135, columns 40 to 79 of 113]
0.06069913133978843689 0.049227867275476455688 0.087425649166107177734 0.12562343478202819824 0.098896920680999755859 0.06069913133978843689 0.035864606499671936035 0.035864606499671936035 0.035864606499671936035 0.035864606499671936035 0.035864606499671936035 0.035864606499671936035 0.035864606499671936035 0.035864606499671936035 0.035864606499671936035 0.035864606499671936035 -9999 -9999 -9999 -9999 -9999 0.035864606499671936035 0.035864606499671936035 0.035864606499671936035 0.035864606499671936035 0.035864606499671936035 -9999 -9999 -9999 -9999 -9999 -9999 -9999 -9999 -9999 -9999 -9999 -9999 -9999 -9999
0.06069913133978843689 0.049227867275476455688 0.087425649166107177734 0.12562343478202819824 0.098896920680999755859 0.06069913133978843689 0.035864606499671936035 0.035864606499671936035 0.035864606499671936035 0.035864606499671936035 0.035864606499671936035 0.035864606499671936035 0.035864606499671936035 0.035864606499671936035 0.035864606499671936035 0.035864606499671936035 -9999 -9999 -9999 -9999 -9999 0.035864606499671936035 0.035864606499671936035 0.035864606499671936035 0.035864606499671936035 0.035864606499671936035 -9999 -9999 -9999 -9999 -9999 -9999 -9999 -9999 -9999 -9999 -9999 -9999 -9999 -9999
0.055965732783079147339 0.049227867275476455688 0.087425649166107177734 0.12562343478202819824 0.098896920680999755859 0.06069913133978843689 0.035864606499671936035 0.035864606499671936035 0.035864606499671936035 0.03895827755331993103 0.04259837418794631958 0.043691679835319519043 0.040051583200693130493 0.03641103208065032959 0.040332078933715820313 0.056234389543533325195 0.1313590705394744873 0.1313590705394744873 0.1313590705394744873 0.1313590705394744873 0.1313590705394744873 0.071138113737106323242 0.043036881834268569946 0.036442451179027557373 0.040332078933715820313 0.056234389543533325195 0.1313590705394744873 0.1313590705394744873 0.1313590705394744873 -9999 -9999 -9999 -9999 -9999 -9999 -9999 -9999 -9999 -9999 0.22685353457927703857
0.036098204553127288818 0.049227867275476455688 0.087425649166107177734 0.12562343478202819824 0.098896920680999755859 0.06069913133978843689 0.035864606499671936035 0.035864606499671936035 0.035864606499671936035 0.051943138241767883301 0.070862621068954467773 0.076544523239135742188 0.057625040411949157715 0.038705557584762573242 0.055272683501243591309 0.091721914708614349365 0.1313590705394744873 0.1313590705394744873 0.1313590705394744873 0.1313590705394744873 0.1313590705394744873 0.10774625837802886963 0.064205810427665710449 0.038794349879026412964 0.055272683501243591309 0.091721914708614349365 0.1313590705394744873 0.1313590705394744873 0.1313590705394744873 -9999 -9999 -9999 -9999 -9999 -9999 -9999 -9999 -9999 -9999 0.22685353457927703857
0.016230218112468719482 0.049227867275476455688 0.087425649166107177734 0.12562343478202819824 0.098896920680999755859 0.06069913133978843689 0.035864606499671936035 0.035864606499671936035 0.035864606499671936035 0.064928002655506134033 0.099126413464546203613 0.10939691215753555298 0.075198501348495483398 0.041000083088874816895 0.066000357270240783691 0.10443857312202453613 0.1313590705394744873 0.1313590705394744873 0.1313590705394744873 0.1313590705394744873 0.1313590705394744873 0.11667346209287643433 0.077188849449157714844 0.041032414883375167847 0.066000357270240783691 0.10443857312202453613 0.1313590705394744873 0.1313590705394744873 0.1313590705394744873 -9999 -9999 -9999 -9999 -9999 -9999 -9999 -9999 -9999 -9999 0.22685353457927703857
0.018363550305366516113 0.045281317085027694702 0.072199538350105285645 0.099117308855056762695 0.089869536459445953369 0.074231326580047607422 0.064064197242259979248 0.064064197242259979248 0.064064197242259979248 0.077354140579700469971 0.092992350459098815918 0.10163495689630508423 0.097276315093040466309 0.092918127775192260742 0.095967628061771392822 0.10032581537961959839 0.10007446259260177612 0.085839658975601196289 0.047836307436227798462 0.078635051846504211426 0.096831887960433959961 0.097688861191272735596 0.082050658762454986572 0.066412456333637237549 0.086940243840217590332 0.11385801434516906738 0.1313590705394744873 0.1313590705394744873 0.1313590705394744873 -9999 -9999 -9999 -9999 -9999 -9999 -9999 -9999 -9999 -9999 0.22685353457927703857
0.02829754166305065155 0.039936378598213195801 0.05157521367073059082 0.06321404874324798584 0.077641472220420837402 0.092561587691307067871 0.10226198285818099976 0.10226198285818099976 0.10226198285818099976 0.089582204818725585938 0.074662089347839355469 0.07947244495153427124 0.1209515109658241272 0.16243056952953338623 0.13340906798839569092 0.091930009424686431885 0.062004629522562026978 0.051887132227420806885 0.038313955068588256836 0.048245668411254882813 0.05924746394157409668 0.070181414484977722168 0.085101529955863952637 0.10002163797616958618 0.11215317249298095703 0.12379200756549835205 0.1313590705394744873 0.1313590705394744873 0.1313590705394744873 -9999 -9999 -9999 -9999 -9999 -9999 -9999 -9999 -9999 -9999 0.22685353457927703857
0.033497679978609085083 0.037138231098651885986 0.040778327733278274536 0.044418878853321075439 0.071240112185478210449 0.1021572500467300415 0.12225837260484695435 0.12225837260484695435 0.12225837260484695435 0.092889897525310516357 0.058332659304141998291 0.060043878853321075439 0.12915879487991333008 0.19827371835708618164 0.15300931036472320557 0.087534479796886444092 0.044965300709009170532 0.044965300709009170532 0.044965300709009170532 0.044965300709009170532 0.044965300709009170532 0.057054936885833740234 0.091612175107002258301 0.1261698603630065918 0.1313590705394744873 0.1313590705394744873 0.1313590705394744873 0.1313590705394744873 0.1313590705394744873 -9999 -9999 -9999 -9999 -9999 -9999 -9999 -9999 -9999 -9999 0.21775284409523010254
0.023564143106341362 0.042483169585466384888 0.06140265241265296936 0.080322138965129852295 0.083468176424503326416 0.083826996386051177979 0.084060586988925933838 0.084060586988925933838 0.084060586988925933838 0.067676968872547149658 0.048398666083812713623 0.049353089183568954468 0.08791014552116394043 0.1264667510986328125 0.11556786298751831055 0.095930747687816619873 0.083163090050220489502 0.083163090050220489502 0.083163090050220489502 0.083163090050220489502 0.083163090050220489502 0.089907325804233551025 0.10918562859296798706 0.12846438586711883545 0.1313590705394744873 0.1313590705394744873 0.1313590705394744873 0.1313590705394744873 0.1313590705394744873 -9999 -9999 -9999 -9999 -9999 -9999 -9999 -9999 -9999 -9999 0.17955505847930908203
0.013630149886012077332 0.047828566282987594604 0.082026980817317962646 0.11622539907693862915 0.095696240663528442383 0.065497189760208129883 0.045862805098295211792 0.045862805098295211792 0.045862805098295211792 0.042464043945074081421 0.038464676588773727417 0.03866275399923324585 0.046661492437124252319 0.054659780114889144897 0.078126877546310424805 0.10432655364274978638 0.12136087566614151001 0.12136087566614151001 0.12136087566614151001 0.12136087566614151001 0.12136087566614151001 0.12276017665863037109 0.12675908207893371582 0.13075846433639526367 0.1313590705394744873 0.1313590705394744873 0.1313590705394744873 0.1313590705394744873 0.1313590705394744873 -9999 -9999 -9999 -9999 -9999 -9999 -9999 -9999 -9999 -9999 0.14135727286338806152
0.018363550305366516113 0.049227867275476455688 0.087425649166107177734 0.12562343478202819824 0.10593076050281524658 0.067643269896507263184 0.035864606499671936035 0.035864606499671936035 0.035864606499671936035 0.035864606499671936035 0.035864606499671936035 0.035864606499671936035 0.035864606499671936035 0.035864606499671936035 0.077912405133247375488 0.12739020586013793945 0.15561255812644958496 0.1443325430154800415 0.13305298984050750732 0.12177296727895736694 0.11049340665340423584 0.10315947979688644409 0.10315947979688644409 0.10315947979688644409 0.10315947979688644409 0.10315947979688644409 -9999 -9999 -9999 -9999 -9999 -9999 -9999 -9999 -9999 -9999 -9999 -9999 -9999 0.15955865383148193359
0.02829754166305065155 0.049227867275476455688 0.087425649166107177734 0.12562343478202819824 0.11840654164552688599 0.087015375494956970215 0.035864606499671936035 0.035864606499671936035 0.035864606499671936035 0.035864606499671936035 0.035864606499671936035 0.035864606499671936035 0.035864606499671936035 0.035864606499671936035 0.090897269546985626221 0.15565399825572967529 0.18846495449542999268 0.16190600395202636719 0.1353470534086227417 0.10878811031579971313 0.082229159772396087646 0.064961694180965423584 0.064961694180965423584 0.064961694180965423584 0.064961694180965423584 0.064961694180965423584 -9999 -9999 -9999 -9999 -9999 -9999 -9999 -9999 -9999 -9999 -9999 -9999 -9999 0.1977564394474029541
0.047332230955362319946 0.057054936885833740234 0.091612175107002258301 0.1261698603630065918 0.1313590705394744873 0.1313590705394744873 0.073393478989601135254 0.043729927390813827515 0.03650301322340965271 0.035864606499671936035 0.035864606499671936035 0.035864606499671936035 0.035864606499671936035 0.035864606499671936035 0.094601109623908996582 0.16371603310108184814 0.19656249880790710449 0.16200527548789978027 0.12744759023189544678 0.095983564853668212891 0.065066426992416381836 0.043797776103019714355 0.040278803557157516479 0.03646521642804145813 0.035864606499671936035 0.035864606499671936035 -9999 -9999 -9999 -9999 -9999 -9999 -9999 -9999 -9999 -9999 0.22685353457927703857 0.22685353457927703857 0.22685353457927703857 0.21149446070194244385
0.095463551580905914307 0.089907325804233551025 0.10918562859296798706 0.12846438586711883545 0.1313590705394744873 0.1313590705394744873 0.11777860671281814575 0.079352691769599914551 0.041500061750411987305 0.035864606499671936035 0.035864606499671936035 0.035864606499671936035 0.035864606499671936035 0.035864606499671936035 0.068631842732429504395 0.10718844830989837646 0.12551233172416687012 0.10623402893543243408 0.086955271661281585693 0.083755500614643096924 0.083396680653095245361 0.079573988914489746094 0.065568685531616210938 0.041180402040481567383 0.035864606499671936035 0.035864606499671936035 -9999 -9999 -9999 -9999 -9999 -9999 -9999 -9999 -9999 -9999 0.22685353457927703857 0.22685353457927703857 0.22685353457927703857 0.17863251268863677979
0.14359532296657562256 0.12276017665863037109 0.12675908207893371582 0.13075846433639526367 0.1313590705394744873 0.1313590705394744873 0.12957590818405151367 0.11983452737331390381 0.069608122110366821289 0.035864606499671936035 0.035864606499671936035 0.035864606499671936035 0.035864606499671936035 0.035864606499671936035 0.042662125080823898315 0.050660863518714904785 0.054461698979139328003 0.050462786108255386353 0.046463415026664733887 0.071527436375617980957 0.10172648727893829346 0.11992878466844558716 0.11200518161058425903 0.06826893240213394165 0.035864606499671936035 0.035864606499671936035 -9999 -9999 -9999 -9999 -9999 -9999 -9999 -9999 -9999 -9999 0.22685353457927703857 0.22685353457927703857 0.22685353457927703857 0.16441181302070617676
0.14886012673377990723 0.12741297483444213867 0.11613295972347259521 0.10485339909791946411 0.11274558305740356445 0.12402514368295669556 0.1313590705394744873 0.1313590705394744873 0.1313590705394744873 0.088588625192642211914 0.070391789078712463379 0.060118101537227630615 0.048838082700967788696 0.037558522075414657593 0.035864606499671936035 0.035864606499671936035 0.039810702204704284668 0.051090717315673828125 0.062370277941226959229 0.077354140579700469971 0.092992350459098815918 0.10315947979688644409 0.10315947979688644409 0.10315947979688644409 -9999 -9999 -9999 -9999 -9999 -9999 -9999 -9999 -9999 -9999 -9999 -9999 0.22685353457927703857 0.22685353457927703857 0.22685353457927703857 0.1715157926082611084
0.13892613351345062256 0.12206757813692092896 0.095508635044097900391 0.068949684500694274902 0.087532661855220794678 0.11409161239862442017 0.1313590705394744873 0.1313590705394744873 0.1313590705394744873 0.11897800862789154053 0.10797621309757232666 0.092970490455627441406 0.066411539912223815918 0.039852593094110488892 0.035864606499671936035 0.035864606499671936035 0.045156095176935195923 0.071715041995048522949 0.098273992538452148438 0.089582204818725585938 0.074662089347839355469 0.064961694180965423584 0.064961694180965423584 0.064961694180965423584 -9999 -9999 -9999 -9999 -9999 -9999 -9999 -9999 -9999 -9999 -9999 -9999 0.22685353457927703857 0.22685353457927703857 0.22685353457927703857 0.18450064957141876221
