INPUT/RASTER/ASCII/pH.asc
ncols        113
nrows        135
xllcorner    473009.983799999987
yllcorner    4429001.174800000153
cellsize     100.000000000000
NODATA_value  -9999
[rows 0 to 16 of 135, columns 0 to 39 of 113]
-9999.0 -9999 -9999 -9999 -9999 -9999 -9999 -9999 -9999 -9999 -9999 -9999 -9999 -9999 -9999 -9999 -9999 -9999 -9999 -6.1712813377380371094 -6.1712813377380371094 -5.3026833534240722656 -2.8198249340057373047 -0.33696654438972473145 0.035864606499671936035 0.035864606499671936035 -0.83273363113403320313 -3.3155918121337890625 -5.798450469970703125 -4.0612540245056152344 -1.5783954858779907227 0.035864606499671936035 0.035864606499671936035 0.035864606499671936035 -2.0741629600524902344 -4.5570211410522460938 -6.1712813377380371094 -6.1712813377380371094 -6.1712813377380371094 -9999
-9999 -9999 -9999 -9999 -9999 -9999 -9999 -9999 -9999 -9999 -9999 -9999 -9999 -9999 -9999 -9999 -9999 -9999 -9999 -5.5797352790832519531 -5.5797352790832519531 -4.79518890380859375 -2.5525889396667480469 -0.30998915433883666992 0.029857583343982696533 0.033497679978609085083 -0.7512289881706237793 -3.0011093616485595703 -5.2509894371032714844 -3.6768021583557128906 -1.4269220829010009766 0.035864606499671936035 0.035864606499671936035 0.035864606499671936035 -1.8730757236480712891 -4.1193156242370605469 -5.5887675285339355469 -5.6392416954040527344 -5.9338397979736328125 -6.1712813377380371094
-9999 -9999 -9999 -9999 -9999 -9999 -9999 -9999 -9999 -9999 -9999 -9999 -9999 -9999 -9999 -9999 -9999 -9999 -9999 -3.0968768596649169922 -3.0968768596649169922 -2.6651148796081542969 -1.4309374094009399414 -0.19676047563552856445 0.0046446588821709156036 0.023564143106341362 -0.40913507342338562012 -1.6811510324478149414 -2.953166961669921875 -2.0631680488586425781 -0.79115211963653564453 0.035864606499671936035 0.035864606499671936035 0.035864606499671936035 -1.0290647745132446289 -2.2821612358093261719 -3.3261570930480957031 -4.2270412445068359375 -5.8199534416198730469 -6.1712813377380371094
-9999 -9999 -9999 -9999 -9999 -9999 -9999 -9999 -9999 -9999 -9999 -9999 -9999 -9999 -9999 -9999 -9999 -9999 -9999 -0.61401867866516113281 -0.61401867866516113281 -0.53504121303558349609 -0.3092860877513885498 -0.083531364798545837402 -0.02056826464831829071 0.013630149886012077332 -0.067040733993053436279 -0.3611927330493927002 -0.65534424781799316406 -0.44953358173370361328 -0.15538159012794494629 0.035864606499671936035 0.035864606499671936035 0.035864606499671936035 -0.18505379557609558105 -0.44500690698623657227 -1.3206075429916381836 -3.4613878726959228516 -5.8010511398315429688 -6.1712813377380371094
-9999 -9999 -9999 -9999 -9999 -9999 -9999 -9999 -9999 -9999 -9999 -9999 -9999 -9999 -9999 -9999 -6.1712813377380371094 -6.1712813377380371094 -6.1712813377380371094 -2.2441427707672119141 -0.57334101200103759766 0.0021944018080830574036 -0.013443804346024990082 -0.029082009568810462952 0.0010318842250853776932 0.039229668676853179932 0.054647482931613922119 0.027729261666536331177 0.00081149314064532518387 0.010059267282485961914 0.025697473436594009399 0.035864606499671936035 0.035864606499671936035 0.035864606499671936035 0.026278505101799964905 0.01499894261360168457 -0.60443532466888427734 -2.3541038036346435547 -4.1037721633911132813 -4.3569197654724121094
-9999 -9999 -9999 -9999 -9999 -9999 -9999 -9999 -9999 -9999 -9999 -9999 -9999 -9999 -9999 -9999 -6.1712813377380371094 -6.1712813377380371094 -6.1712813377380371094 -3.5582985877990722656 -1.2364846467971801758 -0.025313049554824829102 -0.010392935946583747864 0.004527177661657333374 0.039229668676853179932 0.077427454292774200439 0.09819021075963973999 0.086551375687122344971 0.074912540614604949951 0.060485117137432098389 0.04556500166654586792 0.035864606499671936035 0.035864606499671936035 0.035864606499671936035 0.013293643482029438019 -0.013265305198729038239 -0.29519379138946533203 -1.0517190694808959961 -1.808243870735168457 -1.8992744684219360352
-9999 -9999 -9999 -9999 -9999 -9999 -9999 -9999 -9999 -9999 -9999 -9999 -9999 -9999 -9999 -9999 -5.5706348419189453125 -5.5706348419189453125 -5.5706348419189453125 -3.6941564083099365234 -1.486114501953125 -0.037165902554988861084 0.0010318842250853776932 0.039229668676853179932 0.074333779513835906982 0.10889101773500442505 0.1313590705394744873 0.1313590705394744873 0.1313590705394744873 0.098896920680999755859 0.06069913133978843689 0.035864606499671936035 0.035864606499671936035 0.035864606499671936035 0.0064961262978613376617 -0.02806110680103302002 -0.050529159605503082275 -0.050529159605503082275 -0.050529159605503082275 -0.018067007884383201599
-9999 -9999 -9999 -9999 -9999 -9999 -9999 -9999 -9999 -9999 -9999 -9999 -9999 -9999 -9999 -9999 -3.0495784282684326172 -3.0495784282684326172 -3.0495784282684326172 -2.0171113014221191406 -0.80221265554428100586 0.0010318842250853776932 0.039229668676853179932 0.077427454292774200439 0.099546708166599273682 0.11882501095533370972 0.1313590705394744873 0.1313590705394744873 0.1313590705394744873 0.098896920680999755859 0.06069913133978843689 0.035864606499671936035 0.035864606499671936035 0.035864606499671936035 0.019480986520648002625 0.00020268546359147876501 -0.012331375852227210999 -0.012331375852227210999 -0.012331375852227210999 0.020130777731537818909
-9999 -9999 -9999 -9999 -9999 -9999 -9999 -9999 -9999 -9999 -9999 -9999 -9999 -9999 -9999 -9999 -0.52852237224578857422 -0.52852237224578857422 -0.52852237224578857422 -0.34006616473197937012 -0.11831080913543701172 0.039229668676853179932 0.077427454292774200439 0.11562523990869522095 0.12475962936878204346 0.12875899672508239746 0.1313590705394744873 0.1313590705394744873 0.1313590705394744873 0.098896920680999755859 0.06069913133978843689 0.035864606499671936035 0.035864606499671936035 0.035864606499671936035 0.032465849071741104126 0.02846647799015045166 0.025866409763693809509 0.025866409763693809509 0.025866409763693809509 0.058328561484813690186
-9999 -9999 -9999 -9999 -9999 -9999 -9999 -9999 -9999 -9999 -9999 -9999 -9999 -9999 -9999 -9999 0.10315947979688644409 0.10315947979688644409 0.10315947979688644409 0.080283433198928833008 0.053365662693977355957 0.045281317085027694702 0.072199538350105285645 0.099117308855056762695 0.09357337653636932373 0.082293815910816192627 0.078905984759330749512 0.090186007320880889893 0.101465567946434021 0.089869536459445953369 0.074231326580047607422 0.064064197242259979248 0.064064197242259979248 0.064064197242259979248 0.054478093981742858887 0.043198529630899429321 0.035864606499671936035 0.035864606499671936035 0.035864606499671936035 0.058740656822919845581
-9999 -9999 -9999 -9999 -9999 -9999 -9999 -9999 -9999 -9999 -9999 -9999 -9999 -9999 -9999 -9999 0.064961694180965423584 0.064961694180965423584 0.064961694180965423584 0.055070508271455764771 0.043431673198938369751 0.039936378598213195801 0.05157521367073059082 0.06321404874324798584 0.042390733957290649414 0.015831783413887023926 0.0078558120876550674438 0.034414760768413543701 0.060973711311817169189 0.077641472220420837402 0.092561587691307067871 0.10226198285818099976 0.10226198285818099976 0.10226198285818099976 0.079691015183925628662 0.053132068365812301636 0.035864606499671936035 0.035864606499671936035 0.035864606499671936035 0.045755796134471893311
-9999 -9999 -9999 -9999 -9999 -9999 -9999 -9999 -9999 -9999 -9999 -9999 -9999 -9999 -9999 -9999 0.035864606499671936035 0.035864606499671936035 0.035864606499671936035 0.03277093544602394104 0.02913083881139755249 0.026763912290334701538 0.026763912290334701538 0.026763912290334701538 -0.0026045690756291151047 -0.037161801010370254517 -0.044993426650762557983 -0.0031550913117825984955 0.038682788610458374023 0.071240112185478210449 0.1021572500467300415 0.12225837260484695435 0.12225837260484695435 0.12225837260484695435 0.092889897525310516357 0.058332659304141998291 0.037138231098651885986 0.040778327733278274536 0.044418878853321075439 0.044965300709009170532
-9999 -9999 -9999 -9999 -9999 -9999 -9999 -9999 -9999 -9999 -9999 -9999 -9999 -9999 -9999 -9999 0.035864606499671936035 0.035864606499671936035 0.035864606499671936035 0.01978607475757598877 0.00086659088265150785446 -0.01143387332558631897 -0.01143387332558631897 -0.01143387332558631897 -0.02781749330461025238 -0.047095794230699539185 -0.039648033678531646729 0.017469234764575958252 0.074586048722267150879 0.083468176424503326416 0.083826996386051177979 0.084060586988925933838 0.084060586988925933838 0.084060586988925933838 0.067676968872547149658 0.048398666083812713623 0.042483169585466384888 0.06140265241265296936 0.080322138965129852295 0.083163090050220489502
-9999 -9999 -9999 -9999 -9999 -9999 -9999 -9999 -9999 -9999 -9999 -9999 -9999 -9999 -9999 -9999 0.035864606499671936035 0.035864606499671936035 0.035864606499671936035 0.0068012131378054618835 -0.027397202327847480774 -0.049631658941507339478 -0.049631658941507339478 -0.049631658941507339478 -0.053030416369438171387 -0.057029787451028823853 -0.034303095191717147827 0.038093563169240951538 0.11048976331949234009 0.095696240663528442383 0.065497189760208129883 0.045862805098295211792 0.045862805098295211792 0.045862805098295211792 0.042464043945074081421 0.038464676588773727417 0.047828566282987594604 0.082026980817317962646 0.11622539907693862915 0.12136087566614151001
-9999 -9999 -9999 -9999 -9999 -9999 -9999 -9999 -9999 -9999 -9999 -9999 -9999 -9999 0.035864606499671936035 0.035864606499671936035 0.025846829637885093689 0.013334169983863830566 0.0081873098388314247131 -0.0056249289773404598236 -0.021263135597109794617 -0.031430266797542572021 -0.031430266797542572021 -0.031430266797542572021 -0.031430266797542572021 -0.031430266797542572021 -0.012596391141414642334 0.041239600628614425659 0.095075592398643493652 0.080283433198928833008 0.053365662693977355957 0.035864606499671936035 0.035864606499671936035 0.035864606499671936035 0.035864606499671936035 0.035864606499671936035 0.045281317085027694702 0.072199538350105285645 0.099117308855056762695 0.10315947979688644409
-9999 -9999 -9999 -9999 -9999 -9999 -9999 -9999 -9999 -9999 -9999 -9999 -9999 -9999 0.035864606499671936035 0.035864606499671936035 0.023273626342415809631 -0.0058307484723627567291 -0.027708208188414573669 -0.017852991819381713867 -0.002932878909632563591 0.0067675169557332992554 0.0067675169557332992554 0.0067675169557332992554 0.0067675169557332992554 0.0067675169557332992554 0.014911059290170669556 0.038188729435205459595 0.061466403305530548096 0.055070508271455764771 0.043431673198938369751 0.035864606499671936035 0.035864606499671936035 0.035864606499671936035 0.035864606499671936035 0.035864606499671936035 0.039936378598213195801 0.05157521367073059082 0.06321404874324798584 0.064961694180965423584
-9999 -9999 -9999 -9999 -9999 -9999 -9999 -9999 -9999 -9999 -9999 -6.1712813377380371094 -6.1712813377380371094 -6.1712813377380371094 -0.9257208704948425293 -0.15650177001953125 0.031602043658494949341 -0.0065957424230873584747 -0.044793527573347091675 -0.02425435185432434082 0.0066627860069274902344 0.028037535026669502258 0.031677629798650741577 0.03531818091869354248 0.035864606499671936035 0.035864606499671936035 0.035864606499671936035 0.035864606499671936035 0.035864606499671936035 0.035864606499671936035 0.035864606499671936035 0.035864606499671936035 0.035864606499671936035 0.035864606499671936035 0.03277093544602394104 0.02913083881139755249 0.028037535026669502258 0.031677629798650741577 0.03531818091869354248 0.035864606499671936035
