INPUT/RASTER/ASCII/pH.asc
ncols        113
nrows        135
xllcorner    473009.983799999987
yllcorner    4429001.174800000153
cellsize     100.000000000000
NODATA_value  -9999
[rows 51 to 67 of 135, columns 0 to 39 of 113]
-9999 -6.1712813377380371094 -6.1712813377380371094 -6.1712813377380371094 -0.9257208704948425293 -0.15650177001953125 0.057054936885833740234 0.091612175107002258301 0.1261698603630065918 0.1313590705394744873 0.1313590705394744873 0.13263268768787384033 0.13627278804779052734 0.13991333544254302979 0.14045976102352142334 0.14045976102352142334 0.13918614387512207031 0.1355460435152053833 0.13190549612045288086 0.12826539576053619385 0.12462530285120010376 0.1235319972038269043 0.12717209756374359131 0.13081264495849609375 0.12826539576053619385 0.12462530285120010376 0.1235319972038269043 0.12717209756374359131 0.13081264495849609375 0.13445274531841278076 0.13809283077716827393 0.15127578377723693848 0.18219292163848876953 0.21311005949974060059 0.21775284409523010254 0.21775284409523010254 0.20566320419311523438 0.17110596597194671631 0.13654828071594238281 0.1313590705394744873
-9999 -6.1712813377380371094 -6.1712813377380371094 -6.1712813377380371094 -2.9830751419067382813 -0.84419351816177368164 0.089907325804233551025 0.10918562859296798706 0.12846438586711883545 0.1313590705394744873 0.1313590705394744873 0.1379776298999786377 0.15689711272716522217 0.17581659555435180664 0.17865754663944244385 0.17865754663944244385 0.17203898727893829346 0.15311950445175170898 0.13420002162456512451 0.11528053879737854004 0.096361055970191955566 0.090679153800010681152 0.10959863662719726563 0.1285181194543838501 0.11528053879737854004 0.096361055970191955566 0.090679153800010681152 0.10959863662719726563 0.1285181194543838501 0.14743760228157043457 0.16635708510875701904 0.17878322303295135498 0.17914204299449920654 0.17950132489204406738 0.17955505847930908203 0.17955505847930908203 0.17281080782413482666 0.15353250503540039063 0.13425375521183013916 0.1313590705394744873
-9999 -6.1712813377380371094 -6.1712813377380371094 -6.1712813377380371094 -3.8733873367309570313 -1.3848050832748413086 0.12276017665863037109 0.12675908207893371582 0.13075846433639526367 0.1313590705394744873 0.1313590705394744873 0.14332303404808044434 0.17752143740653991699 0.2117198556661605835 0.21685533225536346436 0.21685533225536346436 0.20489138364791870117 0.17069296538829803467 0.13649454712867736816 0.10229567438364028931 0.068097263574600219727 0.057826761156320571899 0.092025175690650939941 0.12622359395027160645 0.10229567438364028931 0.068097263574600219727 0.057826761156320571899 0.092025175690650939941 0.12622359395027160645 0.16042245924472808838 0.19462087750434875488 0.20629067718982696533 0.1760911792516708374 0.1458921283483505249 0.14135727286338806152 0.14135727286338806152 0.13995796442031860352 0.13595904409885406494 0.13195967674255371094 0.1313590705394744873
-9999 -4.3101067543029785156 -4.3101067543029785156 -4.3101067543029785156 -2.8002960681915283203 -1.0237097740173339844 0.13530516624450683594 0.14658518135547637939 0.15786474943161010742 0.15955865383148193359 0.15955865383148193359 0.16502927243709564209 0.18066747486591339111 0.19630569219589233398 0.20824004709720611572 0.21951961517333984375 0.21349027752876281738 0.17529249191284179688 0.13709470629692077637 0.11806911975145339966 0.10243091732263565063 0.10168049484491348267 0.12859871983528137207 0.15551649034023284912 0.12709650397300720215 0.088898718357086181641 0.073480904102325439453 0.10039912909269332886 0.12731689214706420898 0.16382122039794921875 0.20201900601387023926 0.21743682026863098145 0.19051860272884368896 0.16360083222389221191 0.15955865383148193359 0.15955865383148193359 0.15561255812644958496 0.1443325430154800415 0.13305298984050750732 0.12177296727895736694
-9999 -1.7890502214431762695 -1.7890502214431762695 -1.7890502214431762695 -1.1362358331680297852 -0.36807176470756530762 0.14065055549144744873 0.16720950603485107422 0.19376845657825469971 0.1977564394474029541 0.1977564394474029541 0.19253672659397125244 0.17761661112308502197 0.1626964956521987915 0.18302711844444274902 0.20958606898784637451 0.21349027752876281738 0.17529249191284179688 0.13709470629692077637 0.1440388411283493042 0.15895895659923553467 0.17273113131523132324 0.18436996638774871826 0.19600880146026611328 0.16529428958892822266 0.12709650397300720215 0.1063337475061416626 0.11797259002923965454 0.12961141765117645264 0.16382122039794921875 0.20201900601387023926 0.22278176248073577881 0.21114292740821838379 0.19950409233570098877 0.1977564394474029541 0.1977564394474029541 0.18846495449542999268 0.16190600395202636719 0.1353470534086227417 0.10878811031579971313
-9999 0.14045976102352142334 0.14045976102352142334 0.14045976102352142334 0.14045976102352142334 0.14045976102352142334 0.15509618818759918213 0.19693453609943389893 0.2387724071741104126 0.24196125566959381104 0.23832115530967712402 0.22131779789924621582 0.17947946488857269287 0.13764157891273498535 0.16382122039794921875 0.20201900601387023926 0.21349027752876281738 0.17529249191284179688 0.13709470629692077637 0.16072754561901092529 0.19528478384017944336 0.21775284409523010254 0.21775284409523010254 0.21775284409523010254 0.1883843541145324707 0.15382711589336395264 0.13263268768787384033 0.13627278804779052734 0.13991333544254302979 0.16673457622528076172 0.19765171408653259277 0.21902646124362945557 0.22266656160354614258 0.22630710899829864502 0.22375985980033874512 0.22011975944042205811 0.20566320419311523438 0.17110596597194671631 0.13654828071594238281 0.10199058800935745239
-9999 0.17865754663944244385 0.17865754663944244385 0.17865754663944244385 0.17865754663944244385 0.17865754663944244385 0.19863937795162200928 0.25575664639472961426 0.31287389993667602539 0.30537241697311401367 0.28645291924476623535 0.25417065620422363281 0.19705337285995483398 0.139936104416847229 0.16382122039794921875 0.20201900601387023926 0.21349027752876281738 0.17529249191284179688 0.13709470629692077637 0.14774268865585327148 0.16702099144458770752 0.17955505847930908203 0.17955505847930908203 0.17955505847930908203 0.163171425461769104 0.14389313757419586182 0.1379776298999786377 0.15689711272716522217 0.17581659555435180664 0.17896263301372528076 0.17932145297527313232 0.18617361783981323242 0.20509310066699981689 0.22401258349418640137 0.21077500283718109131 0.19185552000999450684 0.17281080782413482666 0.15353250503540039063 0.13425375521183013916 0.11497545242309570313
-9999 0.21685533225536346436 0.21685533225536346436 0.21685533225536346436 0.21685533225536346436 0.21685533225536346436 0.24218255281448364258 0.31457874178886413574 0.38697540760040283203 0.36878311634063720703 0.33458471298217773438 0.28702303767204284668 0.21462683379650115967 0.14223018288612365723 0.16382122039794921875 0.20201900601387023926 0.21349027752876281738 0.17529249191284179688 0.13709470629692077637 0.13475783169269561768 0.13875719904899597168 0.14135727286338806152 0.14135727286338806152 0.14135727286338806152 0.13795851171016693115 0.13395914435386657715 0.14332303404808044434 0.17752143740653991699 0.2117198556661605835 0.19119070470333099365 0.16099165380001068115 0.15332122147083282471 0.18751963973045349121 0.22171805799007415771 0.1977901458740234375 0.163591727614402771 0.13995796442031860352 0.13595904409885406494 0.13195967674255371094 0.12796030938625335693
-9999 0.19865395128726959229 0.19865395128726959229 0.19865395128726959229 0.20824004709720611572 0.21951961517333984375 0.24568741023540496826 0.29952341318130493164 0.35335940122604370117 0.34815379977226257324 0.33251559734344482422 0.29956847429275512695 0.23445247113704681396 0.16933646798133850098 0.16326250135898590088 0.16762068867683410645 0.16892983019351959229 0.16457119584083557129 0.16021299362182617188 0.15955865383148193359 0.15955865383148193359 0.15561255812644958496 0.1443325430154800415 0.13305298984050750732 0.1313590705394744873 0.1313590705394744873 0.1447223275899887085 0.182920113205909729 0.22111789882183074951 0.20397748053073883057 0.17705971002578735352 0.16502927243709564209 0.18066747486591339111 0.19630569219589233398 0.17577789723873138428 0.14886012673377990723 0.12741297483444213867 0.11613295972347259521 0.10485339909791946411 0.10315947979688644409
-9999 0.16045616567134857178 0.16045616567134857178 0.16045616567134857178 0.18302711844444274902 0.20958606898784637451 0.23499707877635955811 0.2582747340202331543 0.28155240416526794434 0.29772749543190002441 0.31264805793762207031 0.30491343140602111816 0.25507679581642150879 0.20524017512798309326 0.16250616312026977539 0.12102709710597991943 0.10856954008340835571 0.15004859864711761475 0.1915276646614074707 0.1977564394474029541 0.1977564394474029541 0.18846495449542999268 0.16190600395202636719 0.1353470534086227417 0.1313590705394744873 0.1313590705394744873 0.1447223275899887085 0.182920113205909729 0.22111789882183074951 0.21696233749389648438 0.20532350242137908936 0.19253672659397125244 0.17761661112308502197 0.1626964956521987915 0.15056496858596801758 0.13892613351345062256 0.12206757813692092896 0.095508635044097900391 0.068949684500694274902 0.064961694180965423584
-9999 0.1313590705394744873 0.1313590705394744873 0.1313590705394744873 0.16600008308887481689 0.20381446182727813721 0.2255799025297164917 0.22193981707096099854 0.21829925477504730225 0.25330865383148193359 0.29514700174331665039 0.30898520350456237793 0.27078741788864135742 0.23258961737155914307 0.15883600711822509766 0.078800342977046966553 0.05476360023021697998 0.13479927182197570801 0.21483539044857025146 0.22685353457927703857 0.22685353457927703857 0.21221710741519927979 0.17037877440452575684 0.12854088842868804932 0.12225837260484695435 0.12225837260484695435 0.13434800505638122559 0.16890524327754974365 0.20346292853355407715 0.20865213871002197266 0.20865213871002197266 0.19783613085746765137 0.16691899299621582031 0.13600185513496398926 0.1313590705394744873 0.1313590705394744873 0.11926943063735961914 0.084712199866771697998 0.05015451088547706604 0.048058975487947463989
-9999 0.1313590705394744873 0.1313590705394744873 0.1313590705394744873 0.17958875000476837158 0.21246618032455444336 0.22023497521877288818 0.20131549239158630371 0.18239600956439971924 0.22809574007987976074 0.28521299362182617188 0.30898520350456237793 0.27078741788864135742 0.23258961737155914307 0.14585115015506744385 0.050536096096038818359 0.021910753101110458374 0.11722581088542938232 0.21254086494445800781 0.22685353457927703857 0.22685353457927703857 0.20687170326709747314 0.14975443482398986816 0.092637628316879272461 0.084060586988925933838 0.084060586988925933838 0.090804830193519592285 0.11008313298225402832 0.12936188280582427979 0.13225656747817993164 0.13225656747817993164 0.13213089108467102051 0.13177207112312316895 0.13141280412673950195 0.1313590705394744873 0.1313590705394744873 0.12461482733488082886 0.10533652454614639282 0.086057767271995544434 0.099241621792316436768
-9999 0.1313590705394744873 0.1313590705394744873 0.1313590705394744873 0.21071945130825042725 0.2234643399715423584 0.21488957107067108154 0.18069115281105041504 0.14649274945259094238 0.20288236439228057861 0.27527901530265808105 0.30898520350456237793 0.27078741788864135742 0.23258961737155914307 0.13286629319190979004 0.02227230370044708252 -0.010941636748611927032 0.099652349948883056641 0.21024633944034576416 0.22685353457927703857 0.22685353457927703857 0.20152677595615386963 0.12913011014461517334 0.056733913719654083252 0.045862805098295211792 0.045862805098295211792 0.047262106090784072876 0.051261018961668014526 0.055260390043258666992 0.055860999971628189087 0.055860999971628189087 0.066425658762454986572 0.096625156700611114502 0.12682420015335083008 0.1313590705394744873 0.1313590705394744873 0.1299597620964050293 0.12596085667610168457 0.12196148186922073364 0.15042427182197570801
-9999 -6.1712813377380371094 -6.1712813377380371094 -6.1712813377380371094 -2.1227564811706542969 -0.40031078457832336426 0.19318333268165588379 0.17754511535167694092 0.16190691292285919189 0.20531076192855834961 0.25914674997329711914 0.28473168611526489258 0.25781348347663879395 0.23089571297168731689 0.15822583436965942383 0.077472075819969177246 0.049273401498794555664 0.11874759942293167114 0.18822179734706878662 0.19865395128726959229 0.19865395128726959229 0.17587397992610931396 0.11075842380523681641 0.045642413198947906494 0.055036813020706176758 0.077596388757228851318 0.084371596574783325195 0.061812017112970352173 0.03925243765115737915 0.035864606499671936035 0.035864606499671936035 0.053173959255218505859 0.10265130549669265747 0.15212911367416381836 0.15955865383148193359 0.15955865383148193359 0.15955865383148193359 0.15955865383148193359 0.15955865383148193359 0.17284861207008361816
-9999 -6.1712813377380371094 -6.1712813377380371094 -6.1712813377380371094 -3.4770298004150390625 -1.0830026865005493164 0.16567587852478027344 0.18059599399566650391 0.19551610946655273438 0.21753881871700286865 0.24081648886203765869 0.25187885761260986328 0.24024002254009246826 0.22860117256641387939 0.19717995822429656982 0.16226345300674438477 0.14248609542846679688 0.15084365010261535645 0.15920120477676391602 0.16045616567134857178 0.16045616567134857178 0.14302158355712890625 0.093184962868690490723 0.043348342180252075195 0.081006079912185668945 0.13412398099899291992 0.15007683634757995605 0.096958935260772705078 0.043841034173965454102 0.035864606499671936035 0.035864606499671936035 0.058518901467323303223 0.12327563762664794922 0.18803237378597259521 0.1977564394474029541 0.1977564394474029541 0.1977564394474029541 0.1977564394474029541 0.1977564394474029541 0.18507666885852813721
-9999 -6.1712813377380371094 -6.1712813377380371094 -6.1712813377380371094 -4.0349793434143066406 -1.5212035179138183594 0.12906773388385772705 0.17454616725444793701 0.22002460062503814697 0.22685353457927703857 0.22685353457927703857 0.22685353457927703857 0.22685353457927703857 0.22685353457927703857 0.22375985980033874512 0.22011975944042205811 0.20821045339107513428 0.18093340098857879639 0.15365636348724365234 0.14956046640872955322 0.14956046640872955322 0.13492403924465179443 0.093085698783397674561 0.051247816532850265503 0.106795482337474823 0.17955096065998077393 0.20267425477504730225 0.13355933129787445068 0.064444415271282196045 0.054065998643636703491 0.054065998643636703491 0.078245267271995544434 0.147360190749168396 0.21647511422634124756 0.22375985980033874512 0.22011975944042205811 0.21902646124362945557 0.22266656160354614258 0.22630710899829864502 0.19748505949974060059
-9999 -6.1712813377380371094 -6.1712813377380371094 -6.1712813377380371094 -4.0609488487243652344 -1.5777316093444824219 0.063362494111061096191 0.13939924538135528564 0.21543554961681365967 0.22685353457927703857 0.22685353457927703857 0.22685353457927703857 0.22685353457927703857 0.22685353457927703857 0.21077500283718109131 0.19185552000999450684 0.18604838848114013672 0.2046086043119430542 0.22316926717758178711 0.22595648467540740967 0.22595648467540740967 0.20597466826438903809 0.14885739982128143311 0.091740123927593231201 0.13200840353965759277 0.18948449194431304932 0.21336504817008972168 0.17480799555778503418 0.13625138998031616211 0.13046157360076904297 0.13046157360076904297 0.14395004510879516602 0.18250711262226104736 0.22106371819972991943 0.21077500283718109131 0.19185552000999450684 0.18617361783981323242 0.20509310066699981689 0.22401258349418640137 0.21046991646289825439
