INPUT/RASTER/ASCII/pH.asc
ncols        113
nrows        135
xllcorner    473009.983799999987
yllcorner    4429001.174800000153
cellsize     100.000000000000
NODATA_value  -9999
[rows 68 to 84 of 135, columns 40 to 79 of 113]
0.2194554060697555542 0.19292742013931274414 0.12453059107065200806 0.056133303791284561157 0.049261562526226043701 0.053260933607816696167 0.066425658762454986572 0.096625156700611114502 0.12682420015335083008 0.16042245924472808838 0.19462087750434875488 0.21685533225536346436 0.21685533225536346436 0.21685533225536346436 0.18779194355010986328 0.15359352529048919678 0.1313590705394744873 0.1313590705394744873 0.1313590705394744873 0.15702369809150695801 0.18722274899482727051 0.19629247486591339111 0.16609297692775726318 0.13589394092559814453 0.13475783169269561768 0.13875719904899597168 0.14278934895992279053 0.1507129669189453125 0.19444921612739562988 0.22685353457927703857 0.22685353457927703857 0.22685353457927703857 0.22685353457927703857 0.22685353457927703857 0.21854469180107116699 0.21721005439758300781 0.21685533225536346436 0.21685533225536346436 0.21685533225536346436 0.21685533225536346436
0.21951961517333984375 0.20407356321811676025 0.1389580070972442627 0.073842003941535949707 0.054478093981742858887 0.043198529630899429321 0.045281317085027694702 0.072199538350105285645 0.099117308855056762695 0.13562163710594177246 0.17381942272186279297 0.19865395128726959229 0.19865395128726959229 0.19865395128726959229 0.18536399304866790771 0.16972579061985015869 0.16350474953651428223 0.17478476464748382568 0.18606477975845336914 0.20104819536209106445 0.21668639779090881348 0.21743682026863098145 0.19051860272884368896 0.16360083222389221191 0.15955865383148193359 0.15955865383148193359 0.16264367103576660156 0.17687848210334777832 0.21488183736801147461 0.22685353457927703857 0.22685353457927703857 0.21349027752876281738 0.17529249191284179688 0.13709470629692077637 0.18401159346103668213 0.21459449827671051025 0.22156414389610290527 0.20923362672328948975 0.19986928999423980713 0.19865395128726959229
0.20958606898784637451 0.20941895246505737305 0.15958233177661895752 0.10974571853876113892 0.079691015183925628662 0.053132068365812301636 0.039936378598213195801 0.05157521367073059082 0.06321404874324798584 0.097423851490020751953 0.13562163710594177246 0.16045616567134857178 0.16045616567134857178 0.16045616567134857178 0.17313593626022338867 0.18805605173110961914 0.20704792439937591553 0.23360687494277954102 0.26016584038734436035 0.25147449970245361328 0.23655392229557037354 0.22278176248073577881 0.21114292740821838379 0.19950409233570098877 0.1977564394474029541 0.1977564394474029541 0.20071351528167724609 0.2108310014009475708 0.22440418601036071777 0.22685353457927703857 0.22685353457927703857 0.21349027752876281738 0.17529249191284179688 0.13709470629692077637 0.14894254505634307861 0.18435174226760864258 0.20374070107936859131 0.17414134740829467773 0.16172431409358978271 0.16045616567134857178
0.20438547432422637939 0.21476389467716217041 0.18020665645599365234 0.14564897119998931885 0.10799761116504669189 0.069799825549125671387 0.044965300709009170532 0.044965300709009170532 0.044965300709009170532 0.074333779513835906982 0.10889101773500442505 0.13263268768787384033 0.13627278804779052734 0.13991333544254302979 0.16982825100421905518 0.20438547432422637939 0.23766954243183135986 0.2685871422290802002 0.29950428009033203125 0.27787226438522338867 0.24695466458797454834 0.22685353457927703857 0.22685353457927703857 0.22685353457927703857 0.22685353457927703857 0.22685353457927703857 0.22685353457927703857 0.22685353457927703857 0.22685353457927703857 0.22375985980033874512 0.22011975944042205811 0.20566320419311523438 0.17110596597194671631 0.13654828071594238281 0.1313590705394744873 0.1313590705394744873 0.1313590705394744873 0.1313590705394744873 0.1313590705394744873 0.13445274531841278076
0.21431946754455566406 0.22010929882526397705 0.20083099603652954102 0.1815522313117980957 0.1461953967809677124 0.10799761116504669189 0.083163090050220489502 0.083163090050220489502 0.083163090050220489502 0.099546708166599273682 0.11882501095533370972 0.1379776298999786377 0.15689711272716522217 0.17581659555435180664 0.19504116475582122803 0.21431946754455566406 0.22697921097278594971 0.22733803093433380127 0.22769729793071746826 0.227445945143699646 0.22708712518215179443 0.22685353457927703857 0.22685353457927703857 0.22685353457927703857 0.22685353457927703857 0.22685353457927703857 0.22685353457927703857 0.22685353457927703857 0.22685353457927703857 0.21077500283718109131 0.19185552000999450684 0.17281080782413482666 0.15353250503540039063 0.13425375521183013916 0.1313590705394744873 0.1313590705394744873 0.1313590705394744873 0.1313590705394744873 0.1313590705394744873 0.14743760228157043457
0.22425346076488494873 0.22545422613620758057 0.22145532071590423584 0.21745595335960388184 0.18439318239688873291 0.1461953967809677124 0.12136087566614151001 0.12136087566614151001 0.12136087566614151001 0.12475962936878204346 0.12875899672508239746 0.14332303404808044434 0.17752143740653991699 0.2117198556661605835 0.22025409340858459473 0.22425346076488494873 0.21628887951374053955 0.18608938157558441162 0.15589033067226409912 0.17702010273933410645 0.2072191387414932251 0.22685353457927703857 0.22685353457927703857 0.22685353457927703857 0.22685353457927703857 0.22685353457927703857 0.22685353457927703857 0.22685353457927703857 0.22685353457927703857 0.1977901458740234375 0.163591727614402771 0.13995796442031860352 0.13595904409885406494 0.13195967674255371094 0.1313590705394744873 0.1313590705394744873 0.1313590705394744873 0.1313590705394744873 0.1313590705394744873 0.16042245924472808838
0.19865395128726959229 0.19865395128726959229 0.19865395128726959229 0.19865395128726959229 0.16619178652763366699 0.12799400091171264648 0.10315947979688644409 0.10315947979688644409 0.10315947979688644409 0.11274558305740356445 0.12402514368295669556 0.1368296891450881958 0.15246789157390594482 0.16810609400272369385 0.18004046380519866943 0.19132001698017120361 0.18923723697662353516 0.16231900453567504883 0.13540124893188476563 0.15423512458801269531 0.18115289509296417236 0.19865395128726959229 0.19865395128726959229 0.19865395128726959229 0.20824004709720611572 0.21951961517333984375 0.22290743887424468994 0.21162742376327514648 0.20034785568714141846 0.17577789723873138428 0.14886012673377990723 0.13530516624450683594 0.14658518135547637939 0.15786474943161010742 0.15955865383148193359 0.15955865383148193359 0.15955865383148193359 0.15955865383148193359 0.15955865383148193359 0.19202080368995666504
0.16045616567134857178 0.16045616567134857178 0.16045616567134857178 0.16045616567134857178 0.12799400091171264648 0.0897962227463722229 0.064961694180965423584 0.064961694180965423584 0.064961694180965423584 0.087532661855220794678 0.11409161239862442017 0.12613935768604278564 0.11121924221515655518 0.096299126744270324707 0.11662974953651428223 0.14318870007991790771 0.15638439357280731201 0.14474555850028991699 0.13310672342777252197 0.14125025272369384766 0.15288908779621124268 0.16045616567134857178 0.16045616567134857178 0.16045616567134857178 0.18302711844444274902 0.20958606898784637451 0.21756204962730407715 0.19100309908390045166 0.16444414854049682617 0.15056496858596801758 0.13892613351345062256 0.14065055549144744873 0.16720950603485107422 0.19376845657825469971 0.1977564394474029541 0.1977564394474029541 0.1977564394474029541 0.1977564394474029541 0.1977564394474029541 0.23021858930587768555
0.13372600078582763672 0.1313590705394744873 0.1313590705394744873 0.1313590705394744873 0.10199058800935745239 0.06743335723876953125 0.043691679835319519043 0.040051583200693130493 0.03641103208065032959 0.065233089029788970947 0.09979031980037689209 0.11016874015331268311 0.075611501932144165039 0.041053816676139831543 0.06832675635814666748 0.10652454197406768799 0.13263268768787384033 0.13627278804779052734 0.13991333544254302979 0.13736608624458312988 0.13372600078582763672 0.1313590705394744873 0.1313590705394744873 0.1313590705394744873 0.16382122039794921875 0.20201900601387023926 0.21603752672672271729 0.18512038886547088623 0.15420325100421905518 0.14646679162979125977 0.14282669126987457275 0.15127578377723693848 0.18219292163848876953 0.21311005949974060059 0.22394017875194549561 0.23122082650661468506 0.23468060791492462158 0.23104050755500793457 0.22739996016025543213 0.25931569933891296387
0.14365953207015991211 0.1313590705394744873 0.1313590705394744873 0.1313590705394744873 0.11497545242309570313 0.09569714963436126709 0.076544523239135742188 0.057625040411949157715 0.038705557584762573242 0.052248224616050720215 0.07152652740478515625 0.077316351234912872314 0.058038044720888137817 0.038759287446737289429 0.06832675635814666748 0.10652454197406768799 0.1379776298999786377 0.15689711272716522217 0.17581659555435180664 0.16257901489734649658 0.14365953207015991211 0.1313590705394744873 0.1313590705394744873 0.1313590705394744873 0.16382122039794921875 0.20201900601387023926 0.22672785818576812744 0.22636903822422027588 0.22601021826267242432 0.2098779529333114624 0.19095847010612487793 0.17878322303295135498 0.17914204299449920654 0.17950132489204406738 0.21171212196350097656 0.24955062568187713623 0.26753345131874084473 0.24861396849155426025 0.22969448566436767578 0.25931569933891296387
0.15359352529048919678 0.1313590705394744873 0.1313590705394744873 0.1313590705394744873 0.12796030938625335693 0.12396094202995300293 0.10939691215753555298 0.075198501348495483398 0.041000083088874816895 0.039263363927602767944 0.04326273500919342041 0.044463504105806350708 0.040464587509632110596 0.03646521642804145813 0.06832675635814666748 0.10652454197406768799 0.14332303404808044434 0.17752143740653991699 0.2117198556661605835 0.18779194355010986328 0.15359352529048919678 0.1313590705394744873 0.1313590705394744873 0.1313590705394744873 0.16382122039794921875 0.20201900601387023926 0.23741865158081054688 0.26761770248413085938 0.2978172004222869873 0.27328866720199584961 0.23908978700637817383 0.20629067718982696533 0.1760911792516708374 0.1458921283483505249 0.19948360323905944824 0.26788088679313659668 0.30038630962371826172 0.26618742942810058594 0.23198901116847991943 0.25931569933891296387
0.14886012673377990723 0.1313590705394744873 0.1313590705394744873 0.1313590705394744873 0.1313590705394744873 0.1313590705394744873 0.12194235622882843018 0.095024138689041137695 0.068106368184089660645 0.064064197242259979248 0.064064197242259979248 0.068010285496711730957 0.079290308058261871338 0.090569868683815002441 0.11513983458280563354 0.14205759763717651367 0.16502927243709564209 0.18066747486591339111 0.19630569219589233398 0.18536399304866790771 0.16972579061985015869 0.15955865383148193359 0.15955865383148193359 0.15955865383148193359 0.1824347078800201416 0.20935247838497161865 0.24021679162979125977 0.27841457724571228027 0.31661236286163330078 0.28030019998550415039 0.23082239925861358643 0.19318333268165588379 0.17754511535167694092 0.16190691292285919189 0.19572465121746063232 0.2382806241512298584 0.25653210282325744629 0.22961388528347015381 0.20269611477851867676 0.24070219695568084717
0.13892613351345062256 0.1313590705394744873 0.1313590705394744873 0.1313590705394744873 0.1313590705394744873 0.1313590705394744873 0.12728729844093322754 0.11564846336841583252 0.1040096282958984375 0.10226198285818099976 0.10226198285818099976 0.11155346781015396118 0.13811241090297698975 0.16467136144638061523 0.17855054140090942383 0.19018937647342681885 0.19253672659397125244 0.17761661112308502197 0.1626964956521987915 0.17313593626022338867 0.18805605173110961914 0.1977564394474029541 0.1977564394474029541 0.1977564394474029541 0.2076476365327835083 0.21928647160530090332 0.24021679162979125977 0.27841457724571228027 0.31661236286163330078 0.26731532812118530273 0.20255860686302185059 0.16567587852478027344 0.18059599399566650391 0.19551610946655273438 0.19496785104274749756 0.19168658554553985596 0.18548147380352020264 0.17384263873100280762 0.1622038036584854126 0.21548882126808166504
0.14045976102352142334 0.13918614387512207031 0.1355460435152053833 0.13190549612045288086 0.1313590705394744873 0.1313590705394744873 0.1313590705394744873 0.1313590705394744873 0.1313590705394744873 0.13445274531841278076 0.13809283077716827393 0.15127578377723693848 0.18219292163848876953 0.21311005949974060059 0.22084650397300720215 0.22448660433292388916 0.21476389467716217041 0.18020665645599365234 0.14564897119998931885 0.16673457622528076172 0.19765171408653259277 0.21902646124362945557 0.22266656160354614258 0.22630710899829864502 0.22375985980033874512 0.22011975944042205811 0.22984246909618377686 0.26440015435218811035 0.2989578545093536377 0.24541009962558746338 0.17629517614841461182 0.14344871044158935547 0.17800593376159667969 0.21256363391876220703 0.19147802889347076416 0.16056089103221893311 0.14045976102352142334 0.14045976102352142334 0.14045976102352142334 0.20228993892669677734
0.17865754663944244385 0.17203898727893829346 0.15311950445175170898 0.13420002162456512451 0.1313590705394744873 0.1313590705394744873 0.1313590705394744873 0.1313590705394744873 0.1313590705394744873 0.14743760228157043457 0.16635708510875701904 0.17878322303295135498 0.17914204299449920654 0.17950132489204406738 0.1956335902214050293 0.21455307304859161377 0.22010929882526397705 0.20083099603652954102 0.1815522313117980957 0.17896263301372528076 0.17932145297527313232 0.18617361783981323242 0.20509310066699981689 0.22401258349418640137 0.21077500283718109131 0.19185552000999450684 0.18629929423332214355 0.20557804405689239502 0.22485634684562683105 0.19498425722122192383 0.15642718970775604248 0.13810330629348754883 0.15738160908222198486 0.17666037380695343018 0.17924997210502624512 0.17889115214347839355 0.17865754663944244385 0.17865754663944244385 0.17865754663944244385 0.22750332951545715332
0.21685533225536346436 0.20489138364791870117 0.17069296538829803467 0.13649454712867736816 0.1313590705394744873 0.1313590705394744873 0.1313590705394744873 0.1313590705394744873 0.1313590705394744873 0.16042245924472808838 0.19462087750434875488 0.20629067718982696533 0.1760911792516708374 0.1458921283483505249 0.1704206615686416626 0.2046190798282623291 0.22545422613620758057 0.22145532071590423584 0.21745595335960388184 0.19119070470333099365 0.16099165380001068115 0.15332122147083282471 0.18751963973045349121 0.22171805799007415771 0.1977901458740234375 0.163591727614402771 0.14275656640529632568 0.14675548672676086426 0.15075485408306121826 0.144557952880859375 0.13655966520309448242 0.13275836408138275146 0.13675728440284729004 0.14075665175914764404 0.16702190041542053223 0.19722095131874084473 0.21685533225536346436 0.21685533225536346436 0.21685533225536346436 0.25271624326705932617
0.22685353457927703857 0.21349027752876281738 0.17529249191284179688 0.13709470629692077637 0.1313590705394744873 0.1313590705394744873 0.13530516624450683594 0.14658518135547637939 0.15786474943161010742 0.1824347078800201416 0.20935247838497161865 0.21743682026863098145 0.19051860272884368896 0.16360083222389221191 0.19202080368995666504 0.23021858930587768555 0.25110703706741333008 0.23982700705528259277 0.22854745388031005859 0.20397748053073883057 0.17705971002578735352 0.16897536814212799072 0.1958935856819152832 0.22281135618686676025 0.20397748053073883057 0.17705971002578735352 0.15955865383148193359 0.15955865383148193359 0.15955865383148193359 0.16914476454257965088 0.18042477965354919434 0.1838121563196182251 0.17253214120864868164 0.16125257313251495361 0.1824347078800201416 0.20935247838497161865 0.22685353457927703857 0.22685353457927703857 0.22685353457927703857 0.24972958862781524658
