INPUT/RASTER/ASCII/rivers.asc
ncols        113
nrows        135
xllcorner    473009.983799999987
yllcorner    4429001.174800000153
cellsize     100.000000000000
NODATA_value  -9999
[rows 54 to 71 of 135, columns 0 to 39 of 113]
-9999 -9999 -9999 -9999 0.64621239900588989258 0.3997935950756072998 0.16558514535427093506 -0.12123837321996688843 -0.40468925237655639648 -0.6894289851188659668 -0.97090011835098266602 -0.97368586063385009766 -0.64837598800659179688 -0.338130950927734375 -0.026217171922326087952 0.24821677803993225098 0.51699775457382202148 0.81893074512481689453 0.80890858173370361328 0.48577147722244262695 0.17990437150001525879 -0.10521911829710006714 -0.4716586768627166748 -0.83708322048187255859 -1.0713460445404052734 -0.71023029088973999023 -0.35198515653610229492 0.010889593511819839478 0.37176635861396789551 0.49440503120422363281 0.13343024253845214844 -0.22200222313404083252 -0.56127816438674926758 -0.91932505369186401367 -0.99281179904937744141 -0.67209905385971069336 -0.32827302813529968262 -0.50011074542999267578 -0.82442110776901245117 -1.1174193620681762695
-9999 -9999 -9999 0.33126586675643920898 0.29994812607765197754 0.12351750582456588745 -0.11734542250633239746 -0.35524070262908935547 -0.64192968606948852539 -0.91707974672317504883 -1.0678409337997436523 -0.77515119314193725586 -0.46464836597442626953 -0.15095829963684082031 0.1672604680061340332 0.4850317835807800293 0.77025949954986572266 1.0373365879058837891 0.99582141637802124023 0.67991697788238525391 0.31896474957466125488 -0.04188045114278793335 -0.40193974971771240234 -0.76504659652709960938 -1.1015708446502685547 -0.78697174787521362305 -0.42532637715339660645 -0.060096353292465209961 0.30735614895820617676 0.60048627853393554688 0.24553230404853820801 -0.11587121337652206421 -0.4825426936149597168 -0.84186464548110961914 -1.120507359504699707 -0.80647552013397216797 -0.4389972388744354248 -0.65853530168533325195 -0.99712234735488891602 -0.95745378732681274414
-9999 -9999 -9999 -0.027431504800915718079 -0.069198332726955413818 -0.11140301823616027832 -0.3991769254207611084 -0.62954181432723999023 -0.87539178133010864258 -1.0987460613250732422 -0.83343446254730224609 -0.54738819599151611328 -0.25949317216873168945 0.04943413659930229187 0.35830378532409667969 0.67372077703475952148 0.99125152826309204102 1.2207648754119873047 0.96922588348388671875 0.72522944211959838867 0.35954803228378295898 -0.0035921738017350435257 -0.36279374361038208008 -0.70773977041244506836 -1.0676672458648681641 -0.83861649036407470703 -0.46924993395805358887 -0.09971638023853302002 0.26985269784927368164 0.63943517208099365234 0.32679608464241027832 -0.016730459406971931458 -0.34973740577697753906 -0.70979422330856323242 -1.0487930774688720703 -0.90441167354583740234 -0.59421890974044799805 -0.78456395864486694336 -1.0108736753463745117 -0.94596636295318603516
-9999 -9999 -9999 -0.37565454840660095215 -0.43786528706550598145 -0.32978752255439758301 -0.62989622354507446289 -0.92186754941940307617 -1.1206127405166625977 -0.87886041402816772461 -0.58903300762176513672 -0.31212785840034484863 -0.025020433589816093445 0.2589403986930847168 0.55746430158615112305 0.86779171228408813477 1.1810336112976074219 0.97909981012344360352 0.69813323020935058594 0.44948697090148925781 0.24771879613399505615 -0.053474031388759613037 -0.40289077162742614746 -0.7556635737419128418 -1.1179864406585693359 -0.78663009405136108398 -0.41788896918296813965 -0.053533583879470825195 0.30791357159614562988 0.67169344425201416016 0.45868989825248718262 0.1118051484227180481 -0.22981333732604980469 -0.55679178237915039063 -0.85729753971099853516 -1.0959582328796386719 -0.75899839401245117188 -0.91829550266265869141 -0.99400347471237182617 -0.7347386479377746582
-9999 -9999 -9999 -0.68842935562133789063 -0.80446428060531616211 -0.61102080345153808594 -0.84727817773818969727 -1.0638720989227294922 -0.83409494161605834961 -0.60773026943206787109 -0.3604977726936340332 -0.075287140905857086182 0.2081823498010635376 0.49318516254425048828 0.71563065052032470703 0.87550562620162963867 0.99727737903594970703 0.75512599945068359375 0.46232613921165466309 0.17555224895477294922 -0.067372426390647888184 -0.24789185822010040283 -0.52285212278366088867 -0.86546748876571655273 -1.0483386516571044922 -0.71634107828140258789 -0.37279742956161499023 -0.015940792858600616455 0.34638041257858276367 0.66426193714141845703 0.59621053934097290039 0.26658046245574951172 -0.042736891657114028931 -0.35547158122062683105 -0.69342029094696044922 -1.0305846929550170898 -0.91745817661285400391 -0.97002959251403808594 -0.9437758326530456543 -0.57428818941116333008
-9999 -9999 -9999 -0.82832241058349609375 -1.1253153085708618164 -0.92611938714981079102 -1.0550384521484375 -0.90814489126205444336 -0.61447131633758544922 -0.31595554947853088379 -0.092343419790267944336 0.16133803129196166992 0.2143739163875579834 0.25335261225700378418 0.37587824463844299316 0.56538575887680053711 0.72617727518081665039 0.47739467024803161621 0.23535022139549255371 -0.050606936216354370117 -0.34687814116477966309 -0.57856696844100952148 -0.77016746997833251953 -1.0137678384780883789 -0.93152725696563720703 -0.59033250808715820313 -0.23985770344734191895 0.11009452491998672485 0.36800244450569152832 0.29543378949165344238 0.31610915064811706543 0.42633849382400512695 0.13209025561809539795 -0.20438407361507415771 -0.53647565841674804688 -0.84099680185317993164 -1.0802104473114013672 -1.0431108474731445313 -0.78480321168899536133 -0.48678705096244812012
-9999 -9999 -9999 -9999 -0.83829313516616821289 -1.028180241584777832 -1.0538933277130126953 -0.76169288158416748047 -0.4628226161003112793 -0.12228035926818847656 0.047351632267236709595 -0.089407518506050109863 -0.15517023205757141113 -0.1037540435791015625 0.051535025238990783691 0.28175613284111022949 0.4695962369441986084 0.20370322465896606445 -0.041255123913288116455 -0.28156131505966186523 -0.55373555421829223633 -0.86828434467315673828 -1.0602670907974243164 -0.9828472137451171875 -0.71074450016021728516 -0.42288085818290710449 -0.10524156689643859863 0.216272011399269104 0.022942580282688140869 -0.0728588104248046875 -0.045199844986200332642 0.097663454711437225342 0.28899180889129638672 -0.028026603162288665771 -0.31908854842185974121 -0.60796415805816650391 -0.97492003440856933594 -0.93283963203430175781 -0.56357753276824951172 -0.26222246885299682617
-9999 -9999 -9999 -9999 -9999 -0.75448775291442871094 -0.99450719356536865234 -0.91937392950057983398 -0.55201447010040283203 -0.18613979220390319824 -0.2936318814754486084 -0.44196629524230957031 -0.5246455073356628418 -0.45041260123252868652 -0.2408889085054397583 0.041623305529356002808 0.17928141355514526367 -0.043848808854818344116 -0.31848895549774169922 -0.56370794773101806641 -0.79873794317245483398 -1.0524761676788330078 -0.8948885798454284668 -0.72524064779281616211 -0.46653583645820617676 -0.19162651896476745605 0.095361001789569854736 -0.048579473048448562622 -0.30092346668243408203 -0.43976891040802001953 -0.39828136563301086426 -0.20006701350212097168 0.08072391897439956665 0.13405510783195495605 -0.22974915802478790283 -0.5947945713996887207 -0.95211112499237060547 -0.95610839128494262695 -0.59971559047698974609 -0.23774671554565429688
-9999 -9999 -9999 -9999 -9999 -9999 -1.0088689327239990234 -0.91007691621780395508 -0.54672855138778686523 -0.43719127774238586426 -0.62861627340316772461 -0.77666682004928588867 -0.89374083280563354492 -0.76339429616928100586 -0.46613091230392456055 -0.1514879763126373291 -0.069249421358108520508 -0.3426201939582824707 -0.56283938884735107422 -0.83892476558685302734 -1.0815700292587280273 -0.98763096332550048828 -0.73222726583480834961 -0.40250581502914428711 -0.20586386322975158691 0.054663237184286117554 0.11571694165468215942 -0.23651890456676483154 -0.56642931699752807617 -0.80076813697814941406 -0.72170376777648925781 -0.426921844482421875 -0.083927117288112640381 0.17153804004192352295 -0.19561375677585601807 -0.560474395751953125 -0.91544520854949951172 -1.0030801296234130859 -0.63775640726089477539 -0.27001288533210754395
-9999 -9999 -9999 -9999 -9999 -9999 -0.82709985971450805664 -0.78748917579650878906 -0.76466572284698486328 -0.7590783238410949707 -0.94187843799591064453 -1.1009541749954223633 -1.0177199840545654297 -0.95475089550018310547 -0.66771399974822998047 -0.48392981290817260742 -0.34104898571968078613 -0.58091604709625244141 -0.86227709054946899414 -1.082117915153503418 -0.91496074199676513672 -0.66789323091506958008 -0.48080369830131530762 -0.21887734532356262207 0.091757707297801971436 0.3153826594352722168 0.047176349908113479614 -0.30845734477043151855 -0.66308861970901489258 -1.0246721506118774414 -0.87598401308059692383 -0.51191467046737670898 -0.16887721419334411621 0.043473795056343078613 -0.21662971377372741699 -0.57709145545959472656 -0.93509304523468017578 -0.99294131994247436523 -0.63289076089859008789 -0.2659289240837097168
-9999 -9999 -9999 -9999 -9999 -0.89574587345123291016 -1.0770765542984008789 -1.1173646450042724609 -1.1039628982543945313 -1.104050755500793457 -0.98262757062911987305 -0.82305294275283813477 -0.80349463224411010742 -1.0893807411193847656 -0.96423476934432983398 -0.82956242561340332031 -0.65390503406524658203 -0.69018423557281494141 -1.0503706932067871094 -0.90260297060012817383 -0.67322897911071777344 -0.39437395334243774414 -0.16203145682811737061 0.038186378777027130127 0.30056881904602050781 0.36543887853622436523 0.010815262794494628906 -0.35877475142478942871 -0.72834432125091552734 -1.0973464250564575195 -0.81042486429214477539 -0.63667523860931396484 -0.47852087020874023438 -0.19383873045444488525 -0.2904320061206817627 -0.65590149164199829102 -1.0057392120361328125 -0.94013392925262451172 -0.57818394899368286133 -0.2106847614049911499
-9999 -9999 -9999 -9999 -0.83181035518646240234 -1.0701361894607543945 -0.88442975282669067383 -0.75105530023574829102 -0.77095550298690795898 -0.80263096094131469727 -0.69147503376007080078 -0.50831502676010131836 -0.56918001174926757813 -0.80186748504638671875 -0.95095658302307128906 -1.1106194257736206055 -0.91042149066925048828 -0.82032668590545654297 -1.1009988784790039063 -0.76793915033340454102 -0.41435214877128601074 -0.15053837001323699951 0.12572950124740600586 0.33984133601188659668 0.5593083500862121582 0.29904949665069580078 -0.069169908761978149414 -0.43593758344650268555 -0.80111789703369140625 -1.1173347234725952148 -0.80747896432876586914 -0.99533063173294067383 -0.68675571680068969727 -0.32560423016548156738 -0.25992402434349060059 -0.62168848514556884766 -0.97782111167907714844 -0.97129058837890625 -0.63829016685485839844 -0.28167325258255004883
-9999 -9999 -9999 -9999 -0.9986413121223449707 -0.92565965652465820313 -0.674198150634765625 -0.39538261294364929199 -0.40218812227249145508 -0.43311849236488342285 -0.35786166787147521973 -0.1880238950252532959 -0.29374271631240844727 -0.46684217453002929688 -0.62808340787887573242 -0.84590834379196166992 -1.1047089099884033203 -1.1271988153457641602 -0.93603914976119995117 -0.6407845616340637207 -0.30627793073654174805 0.047588497400283813477 0.37215539813041687012 0.64588063955307006836 0.64402419328689575195 0.27451229095458984375 -0.094936087727546691895 -0.46421709656715393066 -0.83272439241409301758 -1.0690256357192993164 -0.92161619663238525391 -1.0203927755355834961 -0.668392181396484375 -0.30289170145988464355 -0.27405050396919250488 -0.49103191494941711426 -0.85786569118499755859 -1.050337672233581543 -0.68740290403366088867 -0.32933577895164489746
-9999 -9999 -9999 -9999 -0.89164841175079345703 -1.0410050153732299805 -0.68582886457443237305 -0.32879137992858886719 -0.078521154820919036865 -0.19694714248180389404 -0.17800818383693695068 -0.028711145743727684021 0.024483337998390197754 -0.13620796799659729004 -0.32625663280487060547 -0.58959352970123291016 -0.74956554174423217773 -0.79393154382705688477 -0.67513102293014526367 -0.42463478446006774902 -0.12449651956558227539 0.18388237059116363525 0.51669895648956298828 0.86246675252914428711 0.66989022493362426758 0.30592954158782958984 -0.054390024393796920776 -0.40870279073715209961 -0.7558758854866027832 -1.1106716394424438477 -1.1041513681411743164 -0.9107723236083984375 -0.55993765592575073242 -0.37608385086059570313 -0.61525958776473999023 -0.76132911443710327148 -0.99094659090042114258 -0.98348152637481689453 -0.66519147157669067383 -0.31681311130523681641
-9999 -9999 -9999 -9999 -0.88567131757736206055 -1.0714104175567626953 -0.71608853340148925781 -0.3509387671947479248 -0.38259860873222351074 -0.56020933389663696289 -0.52987027168273925781 -0.31421706080436706543 -0.015303059481084346771 0.1957585066556930542 -0.067867815494537353516 -0.27919399738311767578 -0.40853095054626464844 -0.4332599341869354248 -0.33290952444076538086 -0.16310557723045349121 0.09409602731466293335 0.39128062129020690918 0.69170129299163818359 1.0098510980606079102 0.75963008403778076172 0.4059047400951385498 0.053454428911209106445 -0.28678491711616516113 -0.59316015243530273438 -0.90339791774749755859 -1.0400526523590087891 -0.71542769670486450195 -0.39682462811470031738 -0.55585753917694091797 -0.89437115192413330078 -1.065217137336730957 -0.99462455511093139648 -0.76387393474578857422 -0.4797591865062713623 -0.1570459902286529541
-9999 -9999 -9999 -9999 -0.96912592649459838867 -0.92963755130767822266 -0.57207530736923217773 -0.35045787692070007324 -0.62159180641174316406 -0.90290367603302001953 -0.83605223894119262695 -0.50576138496398925781 -0.14732883870601654053 0.21711276471614837646 0.22762939333915710449 0.060445364564657211304 -0.049667365849018096924 -0.066998973488807678223 0.017933879047632217407 0.15121583640575408936 0.35632100701332092285 0.61518192291259765625 0.90714418888092041016 1.2058918476104736328 0.87600666284561157227 0.53962737321853637695 0.22060857713222503662 -0.081315606832504272461 -0.41797626018524169922 -0.77208077907562255859 -1.1208009719848632813 -0.80626302957534790039 -0.47126367688179016113 -0.60131818056106567383 -0.96172428131103515625 -0.93022185564041137695 -0.70534241199493408203 -0.4753055274486541748 -0.24229307472705841064 0.03448202088475227356
-9999 -9999 -9999 -9999 -0.69382888078689575195 -0.67693120241165161133 -0.43046638369560241699 -0.55718451738357543945 -0.87060594558715820313 -1.0631421804428100586 -0.8462721705436706543 -0.51058709621429443359 -0.15040346980094909668 0.21486604213714599609 0.54724085330963134766 0.41248747706413269043 0.31442356109619140625 0.30096989870071411133 0.37298893928527832031 0.48814240097999572754 0.65584933757781982422 0.877437591552734375 1.1370060443878173828 1.366067051887512207 1.0426706075668334961 0.73602908849716186523 0.39291998744010925293 0.03904992714524269104 -0.3071747124195098877 -0.64529556035995483398 -0.98591780662536621094 -0.92931342124938964844 -0.57563257217407226563 -0.6127999424934387207 -0.97923260927200317383 -0.93399649858474731445 -0.58392006158828735352 -0.22761657834053039551 0.046449508517980575562 0.27993023395538330078
-9999 -9999 -9999 -9999 -0.44746643304824829102 -0.53952306509017944336 -0.61040538549423217773 -0.6570644378662109375 -0.99845892190933227539 -0.89972960948944091797 -0.60038411617279052734 -0.32538264989852905273 -0.023460276424884796143 0.31015941500663757324 0.65791547298431396484 0.76010406017303466797 0.68031263351440429688 0.6696045994758605957 0.72975504398345947266 0.83576875925064086914 0.97764617204666137695 1.1685378551483154297 1.2724237442016601563 1.0527900457382202148 0.87746399641036987305 0.71921056509017944336 0.3832321465015411377 0.038114756345748901367 -0.29490870237350463867 -0.61128562688827514648 -0.97393876314163208008 -0.94000107049942016602 -0.57652044296264648438 -0.52568989992141723633 -0.89236408472061157227 -1.0150434970855712891 -0.64747327566146850586 -0.27818313241004943848 0.074003130197525024414 0.41558930277824401855
