INPUT/RASTER/ASCII/rivers.asc
ncols        113
nrows        135
xllcorner    473009.983799999987
yllcorner    4429001.174800000153
cellsize     100.000000000000
NODATA_value  -9999
[rows 54 to 71 of 135, columns 40 to 79 of 113]
-0.76105254888534545898 -0.42049312591552734375 -0.089562945067882537842 0.25928407907485961914 0.6162509918212890625 0.97755926847457885742 0.79310876131057739258 0.42350763082504272461 0.053906619548797607422 -0.31569403409957885742 -0.68529367446899414063 -1.0548784732818603516 -0.88843888044357299805 -0.55303347110748291016 -0.2318318784236907959 -0.3591251373291015625 -0.62893408536911010742 -0.81139153242111206055 -0.92425233125686645508 -1.1139719486236572266 -0.85533225536346435547 -0.53025704622268676758 -0.86671817302703857422 -0.91343080997467041016 -9999 -9999 -9999 -9999 -9999 -9999 -9999 -9999 -9999 -9999 -9999 1.2830017805099487305 0.96768987178802490234 0.62346750497817993164 0.28469586372375488281 -0.053006500005722045898
-0.64724975824356079102 -0.30343589186668395996 0.044263914227485656738 0.40175271034240722656 0.7350985407829284668 1.0783158540725708008 0.82848888635635375977 0.46705013513565063477 0.11039647459983825684 -0.23578630387783050537 -0.55265098810195922852 -0.75819551944732666016 -0.67060577869415283203 -0.38603228330612182617 -0.062217772006988525391 -0.10871469974517822266 -0.31431892514228820801 -0.46242228150367736816 -0.72512376308441162109 -1.0714761018753051758 -0.83740848302841186523 -0.63596564531326293945 -0.98638421297073364258 -0.93528532981872558594 -0.76160788536071777344 -9999 -9999 -9999 -9999 -9999 -9999 -9999 -9999 -9999 -9999 1.2879285812377929688 0.97932904958724975586 0.61193877458572387695 0.24544060230255126953 -0.11963196843862533569
-0.57640469074249267578 -0.20681160688400268555 0.16278618574142456055 0.51959788799285888672 0.86370068788528442383 1.2128158807754516602 0.93034332990646362305 0.59032475948333740234 0.26533430814743041992 -0.031321298331022262573 -0.27011975646018981934 -0.39324563741683959961 -0.34493735432624816895 -0.15000373125076293945 0.12547311186790466309 0.18982128798961639404 -0.074246287345886230469 -0.44014945626258850098 -0.80405467748641967773 -1.1163210868835449219 -0.76601111888885498047 -0.63341653347015380859 -0.97355532646179199219 -0.98948317766189575195 -0.87658149003982543945 -9999 -9999 -9999 -9999 -9999 -9999 -9999 -9999 -9999 0.79921877384185791016 1.0766683816909790039 0.97460502386093139648 0.60608434677124023438 0.2381429821252822876 -0.12858596444129943848
-0.46602529287338256836 -0.13494637608528137207 0.21555441617965698242 0.57380515336990356445 0.93604093790054321289 1.3004873991012573242 1.0895768404006958008 0.77801156044006347656 0.49088329076766967773 0.24350179731845855713 0.060710314661264419556 -0.025224026292562484741 0.0076842312701046466827 0.15036785602569580078 0.37204429507255554199 0.3037783503532409668 -0.061486195772886276245 -0.42229050397872924805 -0.76941114664077758789 -1.0740827322006225586 -0.88692206144332885742 -0.61735296249389648438 -0.90602576732635498047 -1.0073508024215698242 -1.1062152385711669922 -9999 -9999 -9999 -9999 -9999 -9999 -9999 -9999 -9999 0.55893939733505249023 0.86985266208648681641 1.030981898307800293 0.67313706874847412109 0.32074755430221557617 -0.021485827863216400146
-0.21789446473121643066 0.049896474927663803101 0.35830312967300415039 0.68954199552536010742 1.0331932306289672852 1.3837912082672119141 1.2949541807174682617 1.0133260488510131836 0.76207590103149414063 0.55477565526962280273 0.40918117761611938477 0.34358382225036621094 0.36846253275871276855 0.47965130209922790527 0.66122835874557495117 0.39616322517395019531 0.057031445205211639404 -0.2587820589542388916 -0.57541513442993164063 -0.88436758518218994141 -1.1319200992584228516 -0.85015141963958740234 -0.94403100013732910156 -1.0079215764999389648 -0.82494193315505981445 -9999 -9999 -9999 -9999 -9999 -9999 -9999 -0.2461630702018737793 0.045580212026834487915 -9999 0.71437412500381469727 0.96468913555145263672 0.7890186309814453125 0.43040144443511962891 0.066076911985874176025
-0.14640031754970550537 0.20842272043228149414 0.56912118196487426758 0.86652433872222900391 1.1841421127319335938 1.5152529478073120117 1.5358675718307495117 1.2824226617813110352 1.0621056556701660156 0.88575881719589233398 0.76563495397567749023 0.71270805597305297852 0.73268687725067138672 0.82334637641906738281 0.88348305225372314453 0.56081652641296386719 0.24962545931339263916 -0.061958346515893936157 -0.36608639359474182129 -0.62623190879821777344 -0.92828518152236938477 -1.0335638523101806641 -1.1056765317916870117 -0.84524339437484741211 -9999 -9999 -9999 -9999 -9999 -9999 -9999 -9999 -0.45352140069007873535 -0.10172184556722640991 0.2302093207836151123 0.44303137063980102539 0.7060248255729675293 0.84925502538681030273 0.47992980480194091797 0.11076790094375610352
0.022197468206286430359 0.33962273597717285156 0.67614078521728515625 1.0223540067672729492 1.3752349615097045898 1.6888670921325683594 1.8036020994186401367 1.5752725601196289063 1.3806924819946289063 1.2281987667083740234 1.1263064146041870117 1.0819908380508422852 1.0986752510070800781 1.1750403642654418945 1.0730314254760742188 0.75699204206466674805 0.44789308309555053711 0.15562312304973602295 -0.11468304693698883057 -0.43244624137878417969 -0.72383725643157958984 -1.0430837869644165039 -0.88202553987503051758 -0.59829431772232055664 -9999 -9999 -9999 -9999 -9999 -9999 -9999 -0.85100752115249633789 -0.49417918920516967773 -0.26054885983467102051 -0.077605158090591430664 0.18562898039817810059 0.49070248007774353027 0.81814748048782348633 0.52147620916366577148 0.1603844761848449707
0.12855316698551177979 0.49430915713310241699 0.84323704242706298828 1.166064143180847168 1.5011267662048339844 1.8431814908981323242 2.0914959907531738281 1.8849827051162719727 1.7116215229034423828 1.5777666568756103516 1.4894601106643676758 1.4513645172119140625 1.4656841754913330078 1.493824005126953125 1.1463315486907958984 0.79773324728012084961 0.45804101228713989258 0.13343182206153869629 -0.17430607974529266357 -0.44114995002746582031 -0.64646679162979125977 -0.96765476465225219727 -0.93911308050155639648 -0.57175296545028686523 -0.20262736082077026367 0.16676744818687438965 -9999 -9999 -9999 -9999 -9999 -0.7419891357421875 -0.67528671026229858398 -0.59428459405899047852 -0.33179017901420593262 -0.0077779362909495830536 0.33780279755592346191 0.69278568029403686523 0.62703865766525268555 0.29209318757057189941
0.098837636411190032959 0.46803325414657592773 0.83738058805465698242 1.2068077325820922852 1.576282501220703125 1.9457875490188598633 2.3153131008148193359 2.2068743705749511719 2.0510542392730712891 1.9320292472839355469 1.8541926145553588867 1.8207951784133911133 1.5443426370620727539 1.2492760419845581055 0.97129386663436889648 0.67894041538238525391 0.33427441120147705078 -0.022378699854016304016 -0.36821570992469787598 -0.68276840448379516602 -0.9513409733772277832 -1.119290471076965332 -0.83969092369079589844 -0.51484668254852294922 -0.16267979145050048828 0.19835206866264343262 -9999 -9999 -9999 -9999 -9999 -9999 -9999 -0.83085775375366210938 -0.46831962466239929199 -0.10078882426023483276 0.26782727241516113281 0.58700174093246459961 0.79712033271789550781 0.49534347653388977051
0.10259963572025299072 0.47161996364593505859 0.84085685014724731445 1.2102085351943969727 1.57962799072265625 1.9490910768508911133 2.3185837268829345703 2.5377497673034667969 2.3965420722961425781 2.1564853191375732422 1.8881242275238037109 1.6425436735153198242 1.3471944332122802734 1.0306495428085327148 0.72952485084533691406 0.44887214899063110352 0.18794214725494384766 -0.14271107316017150879 -0.48354986310005187988 -0.81926161050796508789 -1.0888934135437011719 -0.81846565008163452148 -0.5999590754508972168 -0.32050186395645141602 -0.020061360672116279602 0.16003999114036560059 -9999 -9999 -9999 -9999 -9999 -9999 -9999 -0.73113065958023071289 -0.54010778665542602539 -0.2393220365047454834 0.09929501265287399292 0.4517663121223449707 0.81059217453002929688 0.74925118684768676758
0.15800960361957550049 0.52690869569778442383 0.88389068841934204102 1.2419676780700683594 1.6028505563735961914 1.9657851457595825195 2.3301279544830322266 2.4731197357177734375 2.2310111522674560547 1.9255884885787963867 1.6351670026779174805 1.365489959716796875 1.1231676340103149414 0.8496227264404296875 0.52168703079223632813 0.21204699575901031494 -0.073281332850456237793 -0.33460307121276855469 -0.63072663545608520508 -0.96680951118469238281 -0.972042083740234375 -0.64513486623764038086 -0.30542194843292236328 -0.07806275784969329834 0.1912762075662612915 -0.10475926101207733154 -0.34641614556312561035 -0.64825570583343505859 -9999 -9999 -9999 -9999 -9999 -1.0627771615982055664 -0.71081560850143432617 -0.34270721673965454102 0.026346571743488311768 0.39566388726234436035 0.76509153842926025391 0.9393405914306640625
0.08202578127384185791 0.44845357537269592285 0.81576824188232421875 1.1835362911224365234 1.5518065690994262695 1.9185928106307983398 2.2832627296447753906 2.1546392440795898438 1.9717069864273071289 1.7230310440063476563 1.4103451967239379883 1.1144863367080688477 0.84288758039474487305 0.6057751774787902832 0.36752137541770935059 0.0234700031578540802 -0.30195078253746032715 -0.59439450502395629883 -0.85659253597259521484 -1.1040759086608886719 -0.83102518320083618164 -0.48483797907829284668 -0.15526598691940307617 0.1758553236722946167 0.039738643914461135864 -0.30866858363151550293 -0.62647449970245361328 -0.80868476629257202148 -1.105252385139465332 -9999 -9999 -9999 -9999 -0.81706976890563964844 -0.6087277531623840332 -0.28346845507621765137 0.067601427435874938965 0.42722123861312866211 0.79061669111251831055 0.986675262451171875
0.035437040030956268311 0.40251168608665466309 0.77056133747100830078 1.1391134262084960938 1.5079581737518310547 1.8769881725311279297 2.0468280315399169922 1.8357580900192260742 1.6483820676803588867 1.4764667749404907227 1.2146888971328735352 0.89890056848526000977 0.5950183868408203125 0.32035219669342041016 0.092867709696292877197 -0.13631603121757507324 -0.45483076572418212891 -0.80120742321014404297 -1.0936304330825805664 -0.90041136741638183594 -0.62175118923187255859 -0.3220965266227722168 -0.0049211052246391773224 0.33685421943664550781 -0.0065637151710689067841 -0.37582233548164367676 -0.74443876743316650391 -1.0929052829742431641 -9999 -9999 -9999 -9999 -9999 -9999 -9999 -9999 0.21264299750328063965 0.54150718450546264648 0.88448172807693481445 1.0917723178863525391
0.044138826429843902588 0.4091517329216003418 0.77592557668685913086 1.143611907958984375 1.5118308067321777344 1.8803875446319580078 1.7608145475387573242 1.5299925804138183594 1.3289539813995361328 1.1453421115875244141 0.98712170124053955078 0.71407014131546020508 0.39083409309387207031 0.077925629913806915283 -0.20200519263744354248 -0.4068399965763092041 -0.63126969337463378906 -0.95455610752105712891 -0.99575012922286987305 -0.65540170669555664063 -0.37969797849655151367 -0.10150483250617980957 0.19025745987892150879 0.41720676422119140625 0.064576081931591033936 -0.27377197146415710449 -0.57168239355087280273 -0.78143334388732910156 -9999 -9999 -9999 -9999 -9999 -9999 -9999 -9999 0.43300235271453857422 0.72335392236709594727 1.03786468505859375 1.0816962718963623047
0.16124564409255981445 0.50068199634552001953 0.85089570283889770508 1.2070652246475219727 1.5666651725769042969 1.7645362615585327148 1.4943708181381225586 1.2392690181732177734 1.0146813392639160156 0.82418829202651977539 0.65009927749633789063 0.46742406487464904785 0.23005264997482299805 -0.11233502626419067383 -0.43130144476890563965 -0.72351217269897460938 -0.88470691442489624023 -1.0505123138427734375 -0.85303807258605957031 -0.5005734562873840332 -0.17006391286849975586 0.14262989163398742676 0.41680091619491577148 0.55249792337417602539 0.2350365370512008667 -0.049048468470573425293 -9999 -9999 -9999 -9999 -9999 -9999 -9999 -9999 -9999 -9999 -9999 0.95523589849472045898 0.93639713525772094727 0.76320517063140869141
0.3445835113525390625 0.66424804925918579102 0.98769557476043701172 1.3241634368896484375 1.668974757194519043 1.5191881656646728516 1.2418783903121948242 0.97190719842910766602 0.71836972236633300781 0.50404185056686401367 0.31907799839973449707 0.16414928436279296875 -0.053772028535604476929 -0.25913166999816894531 -0.57872623205184936523 -0.93834060430526733398 -1.0489484071731567383 -0.96499872207641601563 -0.74579662084579467773 -0.41189748048782348633 -0.061459124088287353516 0.29820749163627624512 0.65632873773574829102 0.75143730640411376953 0.47362509369850158691 0.23961211740970611572 -9999 -9999 -9999 -9999 -9999 -9999 -9999 -9999 -9999 -9999 -9999 0.77403312921524047852 0.59340548515319824219 0.466766357421875
0.55270057916641235352 0.85279333591461181641 1.170435786247253418 1.4884568452835083008 1.6201672554016113281 1.3022226095199584961 1.0003756284713745117 0.71924138069152832031 0.44959604740142822266 0.19887204468250274658 0.0015025901375338435173 -0.17612047493457794189 -0.31515279412269592285 -0.57324820756912231445 -0.72439563274383544922 -0.94565397500991821289 -0.96232974529266357422 -0.60794782638549804688 -0.47864606976509094238 -0.22844667732715606689 0.079233698546886444092 0.41125071048736572266 0.75563788414001464844 0.99630939960479736328 0.75476551055908203125 -9999 -9999 -9999 -0.47511807084083557129 -0.84471237659454345703 -1.0637471675872802734 -0.69418686628341674805 -0.33877196907997131348 -9999 -9999 -9999 -9999 0.48175773024559020996 0.26399433612823486328 0.11922571808099746704
0.76605409383773803711 1.0730266571044921875 1.3665996789932250977 1.6751331090927124023 1.4605240821838378906 1.1224294900894165039 0.79474627971649169922 0.48281505703926086426 0.19665002822875976563 -0.072350449860095977783 -0.31776481866836547852 -0.50669103860855102539 -0.64847004413604736328 -0.83258908987045288086 -1.085377812385559082 -1.0623143911361694336 -0.91194063425064086914 -0.54258066415786743164 -0.17309716343879699707 0.037441153079271316528 0.29228007793426513672 0.58675312995910644531 0.90523189306259155273 1.2366492748260498047 1.0287092924118041992 -9999 -9999 -9999 -0.41776397824287414551 -0.78201830387115478516 -1.1262836456298828125 -0.76966166496276855469 -0.44841665029525756836 -0.12184768170118331909 -9999 -9999 -9999 0.22746291756629943848 -0.039561755955219268799 -0.23152592778205871582
