INPUT/RASTER/ASCII/rivers.asc
ncols        113
nrows        135
xllcorner    473009.983799999987
yllcorner    4429001.174800000153
cellsize     100.000000000000
NODATA_value  -9999
[rows 72 to 89 of 135, columns 40 to 79 of 113]
0.69311934709548950195 1.0609819889068603516 1.4293439388275146484 1.4183717966079711914 1.1681081056594848633 0.94649755954742431641 0.63672149181365966797 0.29629236459732055664 -0.029919389635324478149 -0.32580789923667907715 -0.59415739774703979492 -0.82183152437210083008 -1.0012623071670532227 -1.0098267793655395508 -0.95314919948577880859 -0.83678954839706420898 -0.74798375368118286133 -0.4610671699047088623 -0.12026315927505493164 0.23511233925819396973 0.55757904052734375 0.81405019760131835938 1.1012620925903320313 -9999 -9999 -9999 -9999 -9999 -0.34169721603393554688 -0.67947232723236083984 -1.0082067251205444336 -0.94720762968063354492 -0.59335190057754516602 -0.23029570281505584717 -9999 -9999 -9999 0.036069814115762710571 -0.28909432888031005859 -0.55840224027633666992
0.68703758716583251953 1.0557410717010498047 1.3331696987152099609 1.1435496807098388672 0.89569270610809326172 0.64799284934997558594 0.42914256453514099121 0.16685125231742858887 -0.18249589204788208008 -0.52898657321929931641 -0.84741413593292236328 -1.0929555892944335938 -0.94700443744659423828 -0.90861302614212036133 -0.7539399266242980957 -0.47190925478935241699 -0.41970205307006835938 -0.22713787853717803955 0.048971004784107208252 0.36523404717445373535 0.70148169994354248047 1.048518061637878418 1.3362103700637817383 -9999 -9999 -9999 -9999 0.13551150262355804443 -0.22764831781387329102 -0.59400790929794311523 -0.96040391921997070313 -0.93915146589279174805 -9999 -9999 -9999 -9999 -9999 -9999 -0.42547973990440368652 -0.78703886270523071289
0.74556261301040649414 0.95253765583038330078 0.96600002050399780273 0.88672906160354614258 0.62093472480773925781 0.37302514910697937012 0.12999895215034484863 -0.082940399646759033203 -0.32800114154815673828 -0.64951676130294799805 -1.0013387203216552734 -0.93166559934616088867 -0.65245443582534790039 -0.53911328315734863281 -0.45329174399375915527 -0.23142644762992858887 -0.067332610487937927246 0.073523752391338348389 0.29505434632301330566 0.56668955087661743164 0.86949038505554199219 1.1916433572769165039 1.5261402130126953125 1.5598859786987304688 1.1905934810638427734 0.82141762971878051758 0.45243912935256958008 0.08383690565824508667 -0.28400394320487976074 -0.65184503793716430664 -1.0168946981430053711 -0.89374536275863647461 -0.64206838607788085938 -0.47451359033584594727 -0.36848467588424682617 -0.1758314967155456543 0.079290315508842468262 -9999 -0.38463190197944641113 -0.71024340391159057617
0.5721409916877746582 0.58353918790817260742 0.5998604893684387207 0.64871549606323242188 0.36613324284553527832 0.098387591540813446045 -0.14961335062980651855 -0.38221237063407897949 -0.58283877372741699219 -0.8147709965705871582 -1.1202379465103149414 -0.81764996051788330078 -0.46097895503044128418 -0.16960744559764862061 -0.10918673872947692871 0.052857074886560440063 0.29121983051300048828 0.4044189155101776123 0.5839176177978515625 0.81751519441604614258 1.0867356061935424805 1.3332475423812866211 1.4905726909637451172 1.5663007497787475586 1.1981971263885498047 0.83065426349639892578 0.46405830979347229004 0.09922835230827331543 -0.26301214098930358887 -0.6153163909912109375 -0.96889394521713256836 -1.1124422550201416016 -0.93043249845504760742 -0.84205710887908935547 -0.69141584634780883789 -0.44055145978927612305 -0.1276276707649230957 0.11026980727910995483 -0.1891460716724395752 -0.41999238729476928711
0.27011314034461975098 0.21486976742744445801 0.2355753481388092041 0.35068121552467346191 0.12656652927398681641 -0.15380576252937316895 -0.42394280433654785156 -0.67212492227554321289 -0.90071910619735717773 -1.0913255214691162109 -0.939975738525390625 -0.6472632288932800293 -0.31345650553703308105 0.0073934500105679035187 0.24625305831432342529 0.37316149473190307617 0.56846898794174194336 0.74841421842575073242 0.80473548173904418945 0.80036628246307373047 0.86533957719802856445 0.99332624673843383789 1.1738892793655395508 1.390108942985534668 1.2264620065689086914 0.90397852659225463867 0.55254536867141723633 0.1991329491138458252 -0.14688961207866668701 -0.46805205941200256348 -0.70729273557662963867 -0.83556985855102539063 -1.0181139707565307617 -1.076745152473449707 -0.95348685979843139648 -0.61352491378784179688 -0.25788444280624389648 0.10319191217422485352 0.089240156114101409912 -0.079134069383144378662
-0.048726554960012435913 -0.15310183167457580566 -0.12485588341951370239 0.026408383622765541077 -0.092066623270511627197 -0.39481493830680847168 -0.66827362775802612305 -0.94514942169189453125 -1.0801334381103515625 -0.86824524402618408203 -0.65939021110534667969 -0.41942104697227478027 -0.13469202816486358643 0.1785526573657989502 0.50784718990325927734 0.71123594045639038086 0.68847435712814331055 0.5272216796875 0.43774619698524475098 0.43235683441162109375 0.51187741756439208984 0.66511499881744384766 0.87531590461730957031 1.0758918523788452148 0.8912531733512878418 0.74808961153030395508 0.57532006502151489258 0.35257998108863830566 0.051582284271717071533 -0.2007083594799041748 -0.36070114374160766602 -0.52079856395721435547 -0.67005199193954467773 -0.86644816398620605469 -1.0300626754760742188 -0.6671994328498840332 -0.29844439029693603516 0.070827201008796691895 0.40635782480239868164 0.078989498317241668701
-0.36380204558372497559 -0.51913124322891235352 -0.47512611746788024902 -0.2612704932689666748 -0.27639192342758178711 -0.60907387733459472656 -0.91012477874755859375 -1.109172821044921875 -0.81027787923812866211 -0.56927573680877685547 -0.36596199870109558105 -0.14657165110111236572 0.10140515118837356567 0.38264077901840209961 0.68470615148544311523 0.63792216777801513672 0.38444545865058898926 0.18671597540378570557 0.072346195578575134277 0.065322890877723693848 0.16737833619117736816 0.35634434223175048828 0.60418343544006347656 0.78149712085723876953 0.56525784730911254883 0.4018694460391998291 0.25658741593360900879 0.063778631389141082764 -0.077713213860988616943 -0.18634225428104400635 -0.19261312484741210938 -0.33848327398300170898 -0.57962960004806518555 -0.92288076877593994141 -1.0146602392196655273 -0.66364902257919311523 -0.29985442757606506348 0.066514439880847930908 0.43439602851867675781 0.11637046188116073608
-0.60386568307876586914 -0.87501436471939086914 -0.78379046916961669922 -0.46383973956108093262 -0.34247723221778869629 -0.71057730913162231445 -1.073996424674987793 -0.86017155647277832031 -0.58843278884887695313 -0.2921148836612701416 -0.05434964597225189209 0.14580005407333374023 0.3708813786506652832 0.62333846092224121094 0.61970663070678710938 0.36084502935409545898 0.11611565947532653809 -0.13303859531879425049 -0.28941166400909423828 -0.29945570230484008789 -0.15866298973560333252 0.081854112446308135986 0.37530276179313659668 0.51752609014511108398 0.26109609007835388184 0.065019361674785614014 -0.068906873464584350586 -0.24671767652034759521 -0.43127268552780151367 -0.54479885101318359375 -0.55491107702255249023 -0.6597080230712890625 -0.84459716081619262695 -1.0253376960754394531 -0.91413468122482299805 -0.62578272819519042969 -0.29980048537254333496 0.041523259133100509644 0.39341467618942260742 0.23190256953239440918
-0.69329839944839477539 -1.044963836669921875 -0.86355763673782348633 -0.49521204829216003418 -0.36136987805366516113 -0.73093962669372558594 -1.0999091863632202148 -0.80783236026763916016 -0.43827417492866516113 -0.06868613511323928833 0.22342164814472198486 0.45927384495735168457 0.66284763813018798828 0.68100702762603759766 0.39923831820487976074 0.098448723554611206055 -0.15886804461479187012 -0.40475666522979736328 -0.63955032825469970703 -0.65683281421661376953 -0.43992781639099121094 -0.12998189032077789307 0.21034787595272064209 0.3008098602294921875 -0.003548973938450217247 -0.25658884644508361816 -0.42055150866508483887 -0.56664174795150756836 -0.75563997030258178711 -0.89435297250747680664 -0.91342759132385253906 -0.9620863795280456543 -1.1099454164505004883 -0.96564960479736328125 -1.1262536048889160156 -0.77027171850204467773 -0.4031918644905090332 -0.034429207444190979004 0.33052718639373779297 0.14757937192916870117
-0.81963181495666503906 -1.088072657585144043 -0.77250146865844726563 -0.4323164820671081543 -0.41485887765884399414 -0.72768574953079223633 -1.0939433574676513672 -0.81034940481185913086 -0.44100850820541381836 -0.071524351835250854492 0.29780989885330200195 0.66725343465805053711 0.75860702991485595703 0.45556247234344482422 0.15909264981746673584 -0.10741452872753143311 -0.4207172393798828125 -0.67383939027786254883 -0.92386871576309204102 -0.95641064643859863281 -0.6009120941162109375 -0.23404297232627868652 0.079373896121978759766 0.011767238378524780273 -0.19484433531761169434 -0.52187800407409667969 -0.76025402545928955078 -0.89141845703125 -1.0323030948638916016 -1.0380707979202270508 -1.0046876668930053711 -0.97690463066101074219 -0.79226952791213989258 -0.75516903400421142578 -1.1043589115142822266 -0.80328714847564697266 -0.45147633552551269531 -0.18752625584602355957 0.060037389397621154785 0.013030976057052612305
-0.75070726871490478516 -1.0690554380416870117 -0.85689789056777954102 -0.49857881665229797363 -0.69325196743011474609 -0.93180811405181884766 -1.0588167905807495117 -0.74858856201171875 -0.40028959512710571289 -0.038939926773309707642 0.3263600468635559082 0.69111067056655883789 0.59140157699584960938 0.25429227948188781738 -0.061296589672565460205 -0.36177161335945129395 -0.62485098838806152344 -0.92690503597259521484 -1.0896441936492919922 -0.82309812307357788086 -0.53604245185852050781 -0.19402940571308135986 -0.26109731197357177734 -0.35762509703636169434 -0.28837069869041442871 -0.63281732797622680664 -1.001719355583190918 -1.0440762042999267578 -0.86787080764770507813 -0.69984960556030273438 -0.63568329811096191406 -0.61388224363327026367 -0.49311712384223937988 -0.70740199089050292969 -1.0693632364273071289 -0.91194486618041992188 -0.69618320465087890625 -0.45740014314651489258 -0.22543092072010040283 -0.083478309214115142822
-0.81059157848358154297 -0.97701352834701538086 -0.93207561969757080078 -0.65142816305160522461 -0.91276192665100097656 -1.0644551515579223633 -0.82961374521255493164 -0.54701477289199829102 -0.24191154539585113525 0.077731512486934661865 0.41732001304626464844 0.76734697818756103516 0.4696464240550994873 0.11589368432760238647 -0.2297887951135635376 -0.57205474376678466797 -0.87528967857360839844 -1.1247897148132324219 -0.83692371845245361328 -0.56751400232315063477 -0.30253386497497558594 -0.26518726348876953125 -0.5643723607063293457 -0.72664266824722290039 -0.61818563938140869141 -0.50277435779571533203 -0.72986596822738647461 -0.68962818384170532227 -0.56613594293594360352 -0.44589352607727050781 -0.28631287813186645508 -0.24937051534652709961 -0.24793884158134460449 -0.57581180334091186523 -0.84570300579071044922 -1.095553278923034668 -0.9774799346923828125 -0.74743163585662841797 -0.45265018939971923828 -0.11723714321851730347
-1.1110035181045532227 -1.0100545883178710938 -0.89983779191970825195 -0.91283631324768066406 -1.1219698190689086914 -0.84629404544830322266 -0.55035388469696044922 -0.30701294541358947754 -0.026152428239583969116 0.27135962247848510742 0.58035200834274291992 0.73466753959655761719 0.37119427323341369629 0.011631773784756660461 -0.33926069736480712891 -0.69753205776214599609 -1.0516353845596313477 -0.8890826106071472168 -0.64699274301528930664 -0.32768002152442932129 -0.044844094663858413696 -0.36684843897819519043 -0.73542255163192749023 -1.0866583585739135742 -0.96199256181716918945 -0.79755866527557373047 -0.67159682512283325195 -0.54054033756256103516 -0.81115746498107910156 -0.77847188711166381836 -0.57313084602355957031 -0.30463278293609619141 -0.18073000013828277588 -0.32739681005477905273 -0.57862818241119384766 -0.77768379449844360352 -1.0089850425720214844 -0.93201178312301635742 -0.60245120525360107422 -0.24646237492561340332
-0.80565726757049560547 -0.96579301357269287109 -1.0564399957656860352 -1.0414154529571533203 -0.87592786550521850586 -0.610286712646484375 -0.32559657096862792969 -0.033531710505485534668 0.21550761163234710693 0.49494203925132751465 0.78399705886840820313 0.71032315492630004883 0.34093374013900756836 -0.028314677998423576355 -0.39721152186393737793 -0.76471579074859619141 -1.1086565256118774414 -0.80670511722564697266 -0.5863246917724609375 -0.3578567206859588623 -0.048990830779075622559 -0.30109959840774536133 -0.62061041593551635742 -0.83109289407730102539 -0.96639239788055419922 -1.1166374683380126953 -0.98314249515533447266 -0.7257378697395324707 -0.96506601572036743164 -1.0828875303268432617 -0.81827193498611450195 -0.47229483723640441895 -0.54998284578323364258 -0.46118971705436706543 -0.27953237295150756836 -0.59908890724182128906 -0.96205431222915649414 -0.95037889480590820313 -0.61600220203399658203 -0.25524401664733886719
-0.57417762279510498047 -0.93350809812545776367 -1.0232619047164916992 -0.80917817354202270508 -0.54880297183990478516 -0.35549142956733703613 -0.088012605905532836914 0.19666232168674468994 0.48278990387916564941 0.64966374635696411133 0.72032022476196289063 0.75784051418304443359 0.39960941672325134277 0.034307640045881271362 -0.32709333300590515137 -0.69465976953506469727 -1.0600118637084960938 -1.0217267274856567383 -0.87496572732925415039 -0.52708977460861206055 -0.23378495872020721436 -0.12140294164419174194 -0.33415842056274414063 -0.49768051505088806152 -0.65678983926773071289 -0.77753245830535888672 -1.0311602354049682617 -1.0442278385162353516 -0.81197518110275268555 -0.99686485528945922852 -0.97605401277542114258 -0.7080097198486328125 -0.91806787252426147461 -0.73739653825759887695 -0.46274220943450927734 -0.77689409255981445313 -1.1005887985229492188 -0.88923352956771850586 -0.54747378826141357422 -0.18696747720241546631
-0.70307296514511108398 -1.0509010553359985352 -0.87417250871658325195 -0.54391151666641235352 -0.28655636310577392578 -0.05410262569785118103 0.16667145490646362305 0.38526830077171325684 0.28744587302207946777 0.28202095627784729004 0.36999043822288513184 0.5367100834846496582 0.38067615032196044922 0.029236113652586936951 -0.33307737112045288086 -0.6848666071891784668 -1.0410852432250976563 -0.8888829350471496582 -0.8116696476936340332 -0.54847383499145507813 -0.59898108243942260742 -0.42646750807762145996 -0.1405105888843536377 -0.14942182600498199463 -0.31389176845550537109 -0.5105349421501159668 -0.74123442173004150391 -0.97379058599472045898 -0.94035011529922485352 -0.77917474508285522461 -1.0477521419525146484 -0.89924353361129760742 -1.1263227462768554688 -0.77674013376235961914 -0.76052260398864746094 -0.97592729330062866211 -1.0226141214370727539 -0.70630979537963867188 -0.37502488493919372559 -0.20150157809257507324
-0.78244149684906005859 -1.128100275993347168 -0.80442512035369873047 -0.43804168701171875 -0.069488883018493652344 0.23612128198146820068 0.26756468415260314941 0.051202736794948577881 -0.076954789459705352783 -0.084252186119556427002 0.031573079526424407959 0.23983590304851531982 0.30173781514167785645 -0.059967882931232452393 -0.42347732186317443848 -0.78721088171005249023 -1.1293196678161621094 -0.79970777034759521484 -0.49266019463539123535 -0.83219778537750244141 -0.94655597209930419922 -0.63590967655181884766 -0.27739137411117553711 0.087722636759281158447 0.011968123726546764374 -0.23337501287460327148 -0.58891236782073974609 -0.91431254148483276367 -1.0545375347137451172 -0.79556381702423095703 -0.86918884515762329102 -1.0681874752044677734 -1.02411651611328125 -0.9627431035041809082 -1.1026947498321533203 -1.1222403049468994141 -0.95363175868988037109 -0.67595273256301879883 -0.37100848555564880371 -0.12947364151477813721
-0.84303957223892211914 -1.0652778148651123047 -0.71292454004287719727 -0.34978595376014709473 0.0079239169135689735413 0.33743229508399963379 0.020660545676946640015 -0.25413966178894042969 -0.43590539693832397461 -0.44697725772857666016 -0.28072407841682434082 -0.013132575899362564087 0.25234535336494445801 -0.1168880462646484375 -0.48570513725280761719 -0.85249418020248413086 -1.0557234287261962891 -0.69399613142013549805 -0.53277087211608886719 -0.89906060695648193359 -1.0311596393585205078 -0.68341219425201416016 -0.32069501280784606934 -0.078561984002590179443 0.17773762345314025879 -0.094782687723636627197 -0.39690104126930236816 -0.70002400875091552734 -0.97625434398651123047 -1.0622502565383911133 -0.85760658979415893555 -1.0538759231567382813 -1.0296517610549926758 -1.0405079126358032227 -0.91103649139404296875 -0.80501693487167358398 -1.0799729824066162109 -0.81608092784881591797 -0.44743168354034423828 -0.093778602778911590576
