INPUT/RASTER/ASCII/rivers.asc
ncols        113
nrows        135
xllcorner    473009.983799999987
yllcorner    4429001.174800000153
cellsize     100.000000000000
NODATA_value  -9999
[rows 18 to 35 of 135, columns 0 to 39 of 113]
-9999 -9999 -9999 -9999 -9999 -9999 -9999 -9999 -9999 -9999 -9999 -9999 -9999 -9999 -0.64046037197113037109 -0.75144201517105102539 -0.82393312454223632813 -1.0423985719680786133 -1.0094506740570068359 -0.84156763553619384766 -0.58798468112945556641 -0.2923869788646697998 0.034908942878246307373 0.3817164301872253418 0.73724734783172607422 1.0973452329635620117 1.4601123332977294922 1.8245687484741210938 2.1593687534332275391 2.4589104652404785156 2.7704617977142333984 2.6516730785369873047 2.2878348827362060547 1.9253765344619750977 1.5648527145385742188 1.2071553468704223633 -9999 -9999 0.16312354803085327148 -0.16442561149597167969
-9999 -9999 -9999 -9999 -9999 -9999 -9999 -9999 -9999 -9999 -9999 -9999 -9999 -9999 -0.89412575960159301758 -1.1102696657180786133 -1.0844881534576416016 -0.97627848386764526367 -0.71152013540267944336 -0.53899645805358886719 -0.31984612345695495605 -0.06843967735767364502 0.22325742244720458984 0.53140902519226074219 0.86049872636795043945 1.2017120122909545898 1.5504386425018310547 1.9040966033935546875 2.2611474990844726563 2.6206250190734863281 2.9733617305755615234 2.6076211929321289063 2.2390418052673339844 1.8707132339477539063 1.5027399063110351563 -9999 -9999 -9999 -9999 -9999
-9999 -9999 -9999 -9999 -9999 -9999 -9999 -9999 -9999 -9999 -9999 -9999 -9999 -0.85274022817611694336 -1.0849275588989257813 -0.81255573034286499023 -0.72243726253509521484 -0.67268341779708862305 -0.45377868413925170898 -0.1951389014720916748 -0.033707778900861740112 0.19974473118782043457 0.45316866040229797363 0.74279624223709106445 1.0401947498321533203 1.3569628000259399414 1.6865937709808349609 2.0250699520111083984 2.3698327541351318359 2.7191970348358154297 2.9671247005462646484 2.5976033210754394531 2.2281000614166259766 1.8586208820343017578 1.4891760349273681641 -9999 -9999 -9999 -9999 -9999
-9999 -9999 -9999 -9999 -9999 -9999 -9999 -9999 -9999 -9999 -9999 -9999 -0.916912078857421875 -1.1014478206634521484 -0.91272902488708496094 -0.64859062433242797852 -0.3673203587532043457 -0.32399693131446838379 -0.1684776991605758667 0.06886437535285949707 0.28742703795433044434 0.48132675886154174805 0.72075259685516357422 0.97531402111053466797 1.2599943876266479492 1.5543127059936523438 1.8623473644256591797 2.157436370849609375 2.4435305595397949219 2.7437522411346435547 2.9601490497589111328 2.6238689422607421875 2.2572243213653564453 1.8912981748580932617 1.5263863801956176758 -9999 -9999 -9999 -9999 -9999
-9999 -9999 -9999 -9999 -9999 -9999 -9999 -9999 -9999 -9999 -9999 -0.95355993509292602539 -1.1311298608779907227 -0.83822208642959594727 -0.60543149709701538086 -0.3965823054313659668 -0.1328096240758895874 0.036387439817190170288 0.15371455252170562744 0.34679999947547912598 0.44900277256965637207 0.59907943010330200195 0.73974597454071044922 0.91184991598129272461 1.1261521577835083008 1.3668572902679443359 1.6360555887222290039 1.9262495040893554688 2.232021331787109375 2.5494987964630126953 2.7150354385375976563 2.4376571178436279297 2.1783137321472167969 1.941563725471496582 1.6110833883285522461 1.2600967884063720703 -9999 -9999 -9999 -9999
-9999 -9999 -9999 -9999 -9999 -9999 -9999 -9999 -9999 -9999 -9999 -0.89119553565979003906 -1.0282646417617797852 -0.67684495449066162109 -0.31841552257537841797 -0.092653937637805938721 0.12495787441730499268 0.081661120057106018066 -0.0068607004359364509583 0.0024230969138443470001 0.10365977883338928223 0.25613725185394287109 0.40588626265525817871 0.60687333345413208008 0.84427809715270996094 1.1152836084365844727 1.4111773967742919922 1.7242538928985595703 2.0494556427001953125 2.3834264278411865234 2.4910643100738525391 2.1951048374176025391 1.9152352809906005859 1.6562918424606323242 1.4246239662170410156 1.2282525300979614258 -9999 -9999 -9999 -9999
-9999 -9999 -9999 -9999 -9999 -9999 -9999 -9999 -9999 -9999 -9999 -1.0442866086959838867 -0.89231514930725097656 -0.54911392927169799805 -0.20791251957416534424 0.056243360042572021484 -0.13373588025569915771 -0.25399562716484069824 -0.3739306032657623291 -0.36215877532958984375 -0.22625780105590820313 -0.085476554930210113525 0.090460807085037231445 0.32178208231925964355 0.59566903114318847656 0.8999888300895690918 1.2230080366134643555 1.5580165386199951172 1.9010530710220336914 2.2496807575225830078 2.292377471923828125 1.9776074886322021484 1.6761983633041381836 1.3929258584976196289 1.1345791816711425781 0.91060560941696166992 0.73338037729263305664 0.61711394786834716797 -9999 -9999
-9999 -9999 -9999 -9999 -9999 -9999 -9999 -9999 -9999 -9999 -0.98228734731674194336 -1.0412772893905639648 -0.73423421382904052734 -0.44183894991874694824 -0.20683179795742034912 -0.26202318072319030762 -0.46071609854698181152 -0.59656047821044921875 -0.73634278774261474609 -0.71977460384368896484 -0.56414717435836791992 -0.41984185576438903809 -0.20049212872982025146 0.078693866729736328125 0.39656668901443481445 0.73352766036987304688 1.0809017419815063477 1.4344757795333862305 1.7920066118240356445 2.1522054672241210938 2.1235973834991455078 1.7907499074935913086 1.4678249359130859375 1.1590093374252319336 0.87081706523895263672 0.61345231533050537109 0.40243399143218994141 0.25890904664993286133 0.20468159019947052002 0.25024762749671936035
-9999 -9999 -9999 -9999 -9999 -9999 -9999 -9999 -9999 -9999 -0.81689858436584472656 -1.0018478631973266602 -0.96262466907501220703 -0.69929522275924682617 -0.54948836565017700195 -0.61995732784271240234 -0.74467045068740844727 -0.95501554012298583984 -1.0774619579315185547 -1.0427476167678833008 -0.90972179174423217773 -0.72171080112457275391 -0.42984572052955627441 -0.087870486080646514893 0.26814442873001098633 0.62974172830581665039 0.99408441781997680664 1.3599718809127807617 1.7268127202987670898 2.0942823886871337891 1.9895681142807006836 1.6407182216644287109 1.2979935407638549805 0.96439021825790405273 0.64503270387649536133 0.34912028908729553223 0.093654215335845947266 -0.091348916292190551758 -0.16488207876682281494 -0.10293426364660263062
-9999 -9999 -9999 -9999 -9999 -9999 -9999 -9999 -9999 -9999 -0.90298157930374145508 -0.95310819149017333984 -1.0743519067764282227 -1.029010772705078125 -0.9077243804931640625 -0.93902760744094848633 -1.0327031612396240234 -1.0191968679428100586 -0.87535059452056884766 -0.88583171367645263672 -1.0347902774810791016 -0.87549662590026855469 -0.50797373056411743164 -0.13891783356666564941 0.23043231666088104248 0.59988927841186523438 0.96939665079116821289 1.3389323949813842773 1.7084847688674926758 2.0780487060546875 1.894898533821105957 1.533720850944519043 1.1752046346664428711 0.82081079483032226563 0.47326055169105529785 0.13815233111381530762 -0.1714983135461807251 -0.42191997170448303223 -0.53439974784851074219 -0.43895435333251953125
-9999 -9999 -9999 -9999 -9999 -9999 -9999 -9999 -0.93494564294815063477 -0.66858452558517456055 -0.6108468174934387207 -0.62510669231414794922 -0.77551257610321044922 -0.90493607521057128906 -1.0017695426940917969 -1.0587412118911743164 -0.89897096157073974609 -0.76346224546432495117 -0.52927374839782714844 -0.54518568515777587891 -0.71201753616333007813 -0.65124845504760742188 -0.38622227311134338379 -0.05795903131365776062 0.29062676429748535156 0.64767980575561523438 1.0089821815490722656 1.3727004528045654297 1.737918853759765625 2.1041302680969238281 1.8433392047882080078 1.4750475883483886719 1.1071859598159790039 0.74000751972198486328 0.37400916218757629395 0.010319084860384464264 -0.34787315130233764648 -0.68729543685913085938 -0.90365457534790039063 -0.71485561132431030273
-9999 -9999 -9999 -9999 -9999 -9999 -0.91099554300308227539 -1.0877264738082885742 -0.9780406951904296875 -0.67716145515441894531 -0.32282179594039916992 -0.26691654324531555176 -0.42831620573997497559 -0.55976319313049316406 -0.65756458044052124023 -0.69131380319595336914 -0.5580056309700012207 -0.41801121830940246582 -0.24956367909908294678 -0.22162634134292602539 -0.34907925128936767578 -0.31464231014251708984 -0.1348342597484588623 0.12998856604099273682 0.43755322694778442383 0.76728308200836181641 1.1094483137130737305 1.4591405391693115234 1.8136864900588989258 2.1715273857116699219 1.837131500244140625 1.4679629802703857422 1.0989373922348022461 0.73013913631439208984 0.36173620820045471191 -0.0058859400451183319092 -0.37160471081733703613 -0.73027855157852172852 -1.0033141374588012695 -0.96839863061904907227
-9999 -9999 -9999 -9999 -9999 -9999 -0.99595099687576293945 -0.96464318037033081055 -0.66199314594268798828 -0.45536068081855773926 -0.17393939197063446045 0.050940830260515213013 -0.086166404187679290771 -0.20129132270812988281 -0.29518088698387145996 -0.32192322611808776855 -0.23791922628879547119 -0.081515930593013763428 0.062807254493236541748 0.10857745260000228882 0.018084907904267311096 0.04186299443244934082 0.17371731996536254883 0.38586598634719848633 0.64996886253356933594 0.94637984037399291992 1.2631692886352539063 1.593257904052734375 1.9323611259460449219 2.24151611328125 1.8765556812286376953 1.5128806829452514648 1.1511045694351196289 0.79229348897933959961 0.43847292661666870117 0.093946240842342376709 -0.23065014183521270752 -0.50398296117782592773 -0.78466755151748657227 -1.0423610210418701172
-9999 -9999 -9999 -9999 -9999 -9999 -1.1046595573425292969 -0.78509610891342163086 -0.45627859234809875488 -0.16087983548641204834 0.067332528531551361084 0.34282582998275756836 0.25856760144233703613 0.15330171585083007813 0.071305446326732635498 0.047598648816347122192 0.10786877572536468506 0.26167270541191101074 0.40073758363723754883 0.45615914463996887207 0.38642656803131103516 0.40454107522964477539 0.50760614871978759766 0.68124884366989135742 0.90758341550827026367 1.1711747646331787109 1.460715174674987793 1.7684624195098876953 2.0892140865325927734 2.3160414695739746094 1.9598702192306518555 1.6072504520416259766 1.2597489356994628906 0.91995865106582641602 0.59242528676986694336 0.28562775254249572754 0.012386812828481197357 -0.26242879033088684082 -0.55923002958297729492 -0.90680748224258422852
-9999 -9999 -9999 -9999 -9999 -0.85463660955429077148 -1.1060062646865844727 -0.80192613601684570313 -0.43316242098808288574 -0.064223691821098327637 0.30505391955375671387 0.59002697467803955078 0.60898876190185546875 0.50820791721343994141 0.43764278292655944824 0.41715824604034423828 0.46431717276573181152 0.58824819326400756836 0.74303138256072998047 0.81185251474380493164 0.75525909662246704102 0.76987665891647338867 0.85413962602615356445 0.9998321533203125 1.1954817771911621094 1.4296985864639282227 1.6929298639297485352 1.9778330326080322266 2.2789933681488037109 2.4275023937225341797 2.0836734771728515625 1.7462238073348999023 1.4176813364028930664 1.1019663810729980469 0.80533778667449951172 0.53071367740631103516 0.2344208061695098877 -0.12490539997816085815 -0.49351167678833007813 -0.86289578676223754883
-9999 -9999 -9999 -9999 -0.899158477783203125 -1.0982400178909301758 -1.0271313190460205078 -0.72442811727523803711 -0.37328615784645080566 -0.013247851282358169556 0.35008442401885986328 0.71239525079727172852 0.96327447891235351563 0.86576455831527709961 0.80449050664901733398 0.78673386573791503906 0.82563227415084838867 0.92801725864410400391 1.0863683223724365234 1.1719149351119995117 1.1243423223495483398 1.1365904808044433594 1.2077230215072631836 1.3326610326766967773 1.503785252571105957 1.7127932310104370117 1.9520096778869628906 2.2149775028228759766 2.4965465068817138672 2.5725729465484619141 2.2435221672058105469 1.9237351417541503906 1.6164394617080688477 1.3061088323593139648 0.93650835752487182617 0.56690847873687744141 0.1973091810941696167 -0.17228831350803375244 -0.54188138246536254883 -0.91144716739654541016
-9999 -9999 -9999 -9999 -0.59716910123825073242 -0.73502063751220703125 -0.69692850112915039063 -0.50621217489242553711 -0.2224210202693939209 0.10084512829780578613 0.44280758500099182129 0.79376363754272460938 1.1505949497222900391 1.2265626192092895508 1.172215580940246582 1.156317591667175293 1.1891282796859741211 1.2765592336654663086 1.414465785026550293 1.5345818996429443359 1.4935709238052368164 1.5041087865829467773 1.565592646598815918 1.6746851205825805664 1.8261358737945556641 2.0138471126556396484 2.2317662239074707031 2.4744319915771484375 2.7371997833251953125 2.6630945205688476563 2.3077750205993652344 1.9558024406433105469 1.6073225736618041992 1.2640197277069091797 0.91480803489685058594 0.55343478918075561523 0.19435794651508331299 -0.15868532657623291016 -0.51956284046173095703 -0.88691413402557373047
-9999 -9999 -9999 -9999 -9999 -9999 -9999 -9999 0.016312360763549804688 0.29238465428352355957 0.60076725482940673828 0.92706239223480224609 1.2659209966659545898 1.588917851448059082 1.5404571294784545898 1.5259065628051757813 1.5542184114456176758 1.6305670738220214844 1.7517592906951904297 1.8989207744598388672 1.8628914356231689453 1.8721368312835693359 1.9262479543685913086 2.0229215621948242188 2.158416748046875 2.3281850814819335938 2.5274689197540283203 2.751735687255859375 2.7879617214202880859 2.5833532810211181641 2.2196080684661865234 1.8572967052459716797 1.4970099925994873047 1.1397087574005126953 0.78705513477325439453 0.4395815730094909668 0.10348348319530487061 -0.2329114377498626709 -0.60173845291137695313 -0.96941339969635009766
