INPUT/RASTER/ASCII/sand.asc
ncols        113
nrows        135
xllcorner    473009.983799999987
yllcorner    4429001.174800000153
cellsize     100.000000000000
NODATA_value  -9999
[rows 51 to 67 of 135, columns 0 to 39 of 113]
-9999 -5.1134510040283203125 -5.1134510040283203125 -5.1134510040283203125 -1.3113704919815063477 -0.75382602214813232422 -0.58395868539810180664 -0.51581215858459472656 -0.44766589999198913574 -0.41897934675216674805 -0.39726564288139343262 -0.39554953575134277344 -0.43099808692932128906 -0.46644607186317443848 -0.44724649190902709961 -0.41839045286178588867 -0.39943689107894897461 -0.39888706803321838379 -0.39833724498748779297 -0.40783300995826721191 -0.41910430788993835449 -0.43585300445556640625 -0.4627799689769744873 -0.48970693349838256836 -0.49865478277206420898 -0.50442612171173095703 -0.4840456843376159668 -0.41506227850914001465 -0.34607943892478942871 -0.2913487553596496582 -0.23913718760013580322 -0.18519355356693267822 -0.12803183495998382568 -0.070869565010070800781 -0.069060452282428741455 -0.077031657099723815918 -0.091344378888607025146 -0.1174424588680267334 -0.14354108273983001709 -0.034193664789199829102
-9999 -5.1134510040283203125 -5.1134510040283203125 -5.1134510040283203125 -2.8078668117523193359 -1.2611128091812133789 -0.58521991968154907227 -0.57016801834106445313 -0.55511641502380371094 -0.51870858669281005859 -0.47852697968482971191 -0.45753535628318786621 -0.47220748662948608398 -0.48687961697578430176 -0.46455991268157958984 -0.43570387363433837891 -0.41594290733337402344 -0.41308474540710449219 -0.41022607684135437012 -0.43899405002593994141 -0.47335007786750793457 -0.49380066990852355957 -0.48840913176536560059 -0.48301756381988525391 -0.48711243271827697754 -0.49288374185562133789 -0.46442726254463195801 -0.37235912680625915527 -0.28029155731201171875 -0.24171297252178192139 -0.21258558332920074463 -0.17445887625217437744 -0.11960546672344207764 -0.064752049744129180908 -0.071136496961116790771 -0.088341481983661651611 -0.087660662829875946045 -0.053738329559564590454 -0.019816549494862556458 0.05930711701512336731
-9999 -5.1134510040283203125 -5.1134510040283203125 -5.1134510040283203125 -3.4554700851440429688 -1.6599035263061523438 -0.58648085594177246094 -0.62452417612075805664 -0.66256719827651977539 -0.61843776702880859375 -0.55978834629058837891 -0.51952147483825683594 -0.51341718435287475586 -0.50731313228607177734 -0.48187333345413208008 -0.45301726460456848145 -0.43244889378547668457 -0.42728188633918762207 -0.42211490869522094727 -0.47015455365180969238 -0.52759534120559692383 -0.55174863338470458984 -0.51403826475143432617 -0.47632822394371032715 -0.47557032108306884766 -0.4813416600227355957 -0.44480884075164794922 -0.32965654134750366211 -0.21450367569923400879 -0.19207720458507537842 -0.18603454530239105225 -0.1637236475944519043 -0.11117909103631973267 -0.058633990585803985596 -0.073213100433349609375 -0.099651865661144256592 -0.083976946771144866943 0.0099657960236072540283 0.10390798747539520264 0.15280735492706298828
-9999 -3.6094622611999511719 -3.6094622611999511719 -3.6094622611999511719 -2.5207433700561523438 -1.2396535873413085938 -0.42610076069831848145 -0.48145008087158203125 -0.5367991328239440918 -0.50419521331787109375 -0.45604988932609558105 -0.42428725957870483398 -0.42297074198722839355 -0.42165368795394897461 -0.36651790142059326172 -0.30187317728996276855 -0.25782436132431030273 -0.2520535886287689209 -0.2462822645902633667 -0.33122897148132324219 -0.43220508098602294922 -0.49124360084533691406 -0.47234177589416503906 -0.45344051718711853027 -0.4526099860668182373 -0.45497277379035949707 -0.42364937067031860352 -0.32972258329391479492 -0.23579525947570800781 -0.20720723271369934082 -0.19016516208648681641 -0.16210661828517913818 -0.11357436329126358032 -0.065042108297348022461 -0.073587357997894287109 -0.092217832803726196289 -0.080278918147087097168 -0.011528327129781246185 0.057222817093133926392 0.11379452794790267944
-9999 -1.5722329616546630859 -1.5722329616546630859 -1.5722329616546630859 -1.1014904975891113281 -0.54757040739059448242 -0.20841093361377716064 -0.26837685704231262207 -0.32834333181381225586 -0.31408894062042236328 -0.28672003746032714844 -0.27331104874610900879 -0.28584492206573486328 -0.29837879538536071777 -0.20412509143352508545 -0.091002039611339569092 -0.015434947796165943146 -0.0096636274829506874084 -0.003892307402566075325 -0.13199955224990844727 -0.28376227617263793945 -0.38874128460884094238 -0.4067751467227935791 -0.42480957508087158203 -0.42560157179832458496 -0.42334720492362976074 -0.40194389224052429199 -0.3449522554874420166 -0.28796058893203735352 -0.2453009188175201416 -0.2051741182804107666 -0.16372144222259521484 -0.11980635672807693481 -0.075891263782978057861 -0.073358945548534393311 -0.078138478100299835205 -0.07657648622989654541 -0.063229143619537353516 -0.049881242215633392334 0.027798218652606010437
-9999 -0.023127656430006027222 -0.023127656430006027222 -0.023127656430006027222 -0.021725280210375785828 -0.020075229927897453308 -0.03909482806921005249 -0.096527889370918273926 -0.15396039187908172607 -0.15324324369430541992 -0.14225043356418609619 -0.14318004250526428223 -0.16626477241516113281 -0.1893495023250579834 -0.071373164653778076172 0.071527279913425445557 0.16472370922565460205 0.16554486751556396484 0.16636604070663452148 0.016791101545095443726 -0.1593580096960067749 -0.28599461913108825684 -0.32061427831649780273 -0.35523396730422973633 -0.35739752650260925293 -0.35382661223411560059 -0.34102469682693481445 -0.31106898188591003418 -0.28111273050308227539 -0.22710140049457550049 -0.16883945465087890625 -0.1183665543794631958 -0.082368172705173492432 -0.046369798481464385986 -0.036526739597320556641 -0.031305804848670959473 -0.037236735224723815918 -0.063892357051372528076 -0.090548522770404815674 -0.0053403661586344242096
-9999 -0.034669745713472366333 -0.034669745713472366333 -0.034669745713472366333 -0.027382120490074157715 -0.018806597217917442322 -0.024439770728349685669 -0.056479789316654205322 -0.088519260287284851074 -0.085950620472431182861 -0.077266670763492584229 -0.079696610569953918457 -0.10278189182281494141 -0.12586662173271179199 -0.03339395672082901001 0.07949683070182800293 0.14591269195079803467 0.12595799565315246582 0.10600274801254272461 0.004315560217946767807 -0.11181313544511795044 -0.18246750533580780029 -0.16860939562320709229 -0.15475074946880340576 -0.15748229622840881348 -0.16314464807510375977 -0.15473148226737976074 -0.12015859782695770264 -0.085585713386535644531 -0.028919341042637825012 0.031650900840759277344 0.077164307236671447754 0.094695121049880981445 0.11222538352012634277 0.11733294278383255005 0.12024556845426559448 0.11604449152946472168 0.098622657358646392822 0.081200815737247467041 0.13052067160606384277
-9999 -0.046212386339902877808 -0.046212386339902877808 -0.046212386339902877808 -0.033038962632417678833 -0.017537962645292282104 -0.0097847124561667442322 -0.016431692987680435181 -0.023078123107552528381 -0.018657993525266647339 -0.012282902374863624573 -0.016213741153478622437 -0.039298471063375473022 -0.062383752316236495972 0.0045852484181523323059 0.087465830147266387939 0.1271022409200668335 0.086370572447776794434 0.045639447867870330811 -0.0081599801778793334961 -0.0642682686448097229 -0.078940384089946746826 -0.016603961586952209473 0.045732460916042327881 0.042433463037014007568 0.027536787092685699463 0.031561739742755889893 0.070751242339611053467 0.10994128882884979248 0.16926270723342895508 0.23214182257652282715 0.27269515395164489746 0.27175787091255187988 0.27082055807113647461 0.2711931765079498291 0.27179747819900512695 0.26932573318481445313 0.2611376643180847168 0.25294962525367736816 0.26638117432594299316
-9999 -0.040712404996156692505 -0.040712404996156692505 -0.040712404996156692505 -0.024549847468733787537 -0.0055318996310234069824 0.0050442679785192012787 -6.8793866375926882029e-05 -0.0051813051104545593262 0.0033001028932631015778 0.014183934777975082397 0.021531553938984870911 0.022305943071842193604 0.023080332204699516296 0.071024782955646514893 0.12730368971824645996 0.14416523277759552002 0.087769642472267150879 0.031374610960483551025 0.011747937649488449097 -0.0013825590722262859344 0.010365374386310577393 0.068348266184329986572 0.12633115053176879883 0.11018621176481246948 0.080942690372467041016 0.074274241924285888672 0.10955987125635147095 0.14484550058841705322 0.19830094277858734131 0.25496730208396911621 0.29336756467819213867 0.29782181978225708008 0.30227607488632202148 0.30439284443855285645 0.30609738826751708984 0.30399382114410400391 0.29481452703475952148 0.28563466668128967285 0.29929906129837036133
-9999 -0.029169766232371330261 -0.029169766232371330261 -0.029169766232371330261 -0.011045640334486961365 0.010280615650117397308 0.019934890791773796082 0.0078969048336148262024 -0.0041416310705244541168 0.0091859027743339538574 0.026995209977030754089 0.050150938332080841064 0.083244390785694122314 0.11633729934692382813 0.14755448698997497559 0.17844036221504211426 0.17394647002220153809 0.10370049625635147095 0.033454507589340209961 0.043136853724718093872 0.066942036151885986328 0.094627976417541503906 0.1295261383056640625 0.16442485153675079346 0.13108041882514953613 0.085677638649940490723 0.066080138087272644043 0.094440288841724395752 0.12280044704675674438 0.16736884415149688721 0.21480143070220947266 0.25204369425773620605 0.2703488767147064209 0.28865408897399902344 0.29481288790702819824 0.29882517457008361816 0.29660767316818237305 0.28281122446060180664 0.26901474595069885254 0.29571825265884399414
-9999 -0.02037739194929599762 -0.02037739194929599762 -0.02037739194929599762 0.001555387512780725956 0.025497615337371826172 0.034990079700946807861 0.020426383242011070251 0.0058626881800591945648 0.023293880745768547058 0.046378612518310546875 0.080422580242156982422 0.13483458757400512695 0.18924658000469207764 0.20629140734672546387 0.21673382818698883057 0.19564203917980194092 0.11594542115926742554 0.036248806864023208618 0.062813609838485717773 0.10815474390983581543 0.1427281796932220459 0.15729187428951263428 0.17185556888580322266 0.13060542941093444824 0.079493530094623565674 0.05356882140040397644 0.074453666806221008301 0.095338515937328338623 0.13140459358692169189 0.17015267908573150635 0.20736466348171234131 0.24172013998031616211 0.27607616782188415527 0.28427028656005859375 0.2878411710262298584 0.28391364216804504395 0.26605039834976196289 0.24818658828735351563 0.29736113548278808594
-9999 -0.02037739194929599762 -0.02037739194929599762 -0.02037739194929599762 0.01598864234983921051 0.040779009461402893066 0.05057033151388168335 0.047548726201057434082 0.044527672231197357178 0.063692025840282440186 0.086776755750179290771 0.11597569286823272705 0.15653674304485321045 0.1970978081226348877 0.20813904702663421631 0.21396484971046447754 0.19148664176464080811 0.11640664190053939819 0.041326642036437988281 0.045043382793664932251 0.062682069838047027588 0.075207144021987915039 0.078228749334812164307 0.081249803304672241211 0.061808612197637557983 0.038398053497076034546 0.027253888547420501709 0.038904957473278045654 0.050555471330881118774 0.079349331557750701904 0.11117249727249145508 0.15195700526237487793 0.20939777791500091553 0.26683855056762695313 0.27065157890319824219 0.26498869061470031738 0.25425016880035400391 0.23407806456089019775 0.2139059603214263916 0.31570321321487426758
-9999 -0.02037739194929599762 -0.02037739194929599762 -0.02037739194929599762 0.049054026603698730469 0.060204241424798965454 0.066150583326816558838 0.074671618640422821045 0.083192653954029083252 0.10409071296453475952 0.12717545032501220703 0.15152825415134429932 0.17823891341686248779 0.20494902133941650391 0.20998668670654296875 0.21119531989097595215 0.18733070790767669678 0.11686786264181137085 0.046405028551816940308 0.027272602543234825134 0.017209943383932113647 0.0076866587623953819275 -0.00083492754492908716202 -0.0093559632077813148499 -0.0069887642748653888702 -0.0026968745514750480652 0.00093895813915878534317 0.0033556916750967502594 0.0057729757390916347504 0.027294617146253585815 0.052191760390996932983 0.096549913287162780762 0.1770754009485244751 0.25760090351104736328 0.25703290104866027832 0.24213622510433197021 0.22458671033382415771 0.20210629701614379883 0.17962533235549926758 0.33404529094696044922
-9999 -5.1134510040283203125 -5.1134510040283203125 -5.1134510040283203125 -1.7835276126861572266 -0.36681127548217773438 0.13405027985572814941 0.15752248466014862061 0.18099413812160491943 0.1968952566385269165 0.21145895123481750488 0.22125303745269775391 0.22218263149261474609 0.22311277687549591064 0.21311396360397338867 0.20118440687656402588 0.17635495960712432861 0.12755136191844940186 0.078747764229774475098 0.050912670791149139404 0.026781659573316574097 0.0046705575659871101379 -0.013689131475985050201 -0.032048270106315612793 -0.035134270787239074707 -0.035521741956472396851 -0.03219577297568321228 -0.021970750764012336731 -0.011745178140699863434 0.006511589977890253067 0.026187796145677566528 0.065688259899616241455 0.14203085005283355713 0.21837288141250610352 0.23684814572334289551 0.24509784579277038574 0.24894392490386962891 0.24460579454898834229 0.24026767909526824951 0.37506812810897827148
-9999 -5.1134510040283203125 -5.1134510040283203125 -5.1134510040283203125 -2.8496723175048828125 -0.83815026283264160156 0.22050011157989501953 0.26013156771659851074 0.29976245760917663574 0.30828130245208740234 0.31130236387252807617 0.30309340357780456543 0.27401277422904968262 0.24493272602558135986 0.21669475734233856201 0.18860538303852081299 0.16296082735061645508 0.14185912907123565674 0.12075742334127426147 0.089234769344329833984 0.055869974195957183838 0.024524537846446037292 -0.0030683833174407482147 -0.03066185489296913147 -0.048866886645555496216 -0.065413616597652435303 -0.067748889327049255371 -0.04367236793041229248 -0.019596397876739501953 -0.0031828631181269884109 0.011876177042722702026 0.043529275804758071899 0.1060209125280380249 0.16851253807544708252 0.21433471143245697021 0.25721177458763122559 0.29245448112487792969 0.31350994110107421875 0.3345648646354675293 0.42413261532783508301
-9999 -5.1134510040283203125 -5.1134510040283203125 -5.1134510040283203125 -3.2807726860046386719 -1.1242692470550537109 0.2948233187198638916 0.34346401691436767578 0.39210468530654907227 0.39497163891792297363 0.3897501528263092041 0.36664560437202453613 0.31030505895614624023 0.25396451354026794434 0.21397641301155090332 0.17687836289405822754 0.15256573259830474854 0.15201589465141296387 0.15146607160568237305 0.1217255517840385437 0.086826838552951812744 0.051446542143821716309 0.015169121325016021729 -0.021107750013470649719 -0.048273574560880661011 -0.073829524219036102295 -0.079485818743705749512 -0.048158545047044754028 -0.016831271350383758545 1.8717093553277663887e-05 0.014311073347926139832 0.041582021862268447876 0.092972971498966217041 0.1443633735179901123 0.2076635211706161499 0.27306777238845825195 0.3314552009105682373 0.37680405378341674805 0.42215234041213989258 0.47520324587821960449
-9999 -5.1134510040283203125 -5.1134510040283203125 -5.1134510040283203125 -3.2670397758483886719 -1.0943771600723266602 0.33037644624710083008 0.36516618728637695313 0.39995592832565307617 0.40270453691482543945 0.39979189634323120117 0.37172731757164001465 0.29691863059997558594 0.22211052477359771729 0.19112063944339752197 0.16787299513816833496 0.15175831317901611328 0.14890018105506896973 0.14604148268699645996 0.13557264208793640137 0.12375921756029129028 0.10096453875303268433 0.057761643081903457642 0.014559295959770679474 -0.0018757025245577096939 -0.013580705970525741577 -0.015076648443937301636 0.0023991253692656755447 0.019875450059771537781 0.04445502161979675293 0.070290021598339080811 0.10425747931003570557 0.15333956480026245117 0.20242221653461456299 0.25164246559143066406 0.30088746547698974609 0.35603752732276916504 0.42216223478317260742 0.48828640580177307129 0.53268635272979736328
