INPUT/RASTER/ASCII/sand.asc
ncols        113
nrows        135
xllcorner    473009.983799999987
yllcorner    4429001.174800000153
cellsize     100.000000000000
NODATA_value  -9999
[rows 102 to 118 of 135, columns 40 to 79 of 113]
0.78843247890472412109 0.78638613224029541016 0.78023564815521240234 0.77408456802368164063 0.73360162973403930664 0.6870524287223815918 0.61657911539077758789 0.50164365768432617188 0.38670819997787475586 0.34721708297729492188 0.32105734944343566895 0.30095404386520385742 0.29210719466209411621 0.28326088190078735352 0.28449979424476623535 0.28752085566520690918 0.26933342218399047852 0.21172975003719329834 0.15412661433219909668 0.11114443093538284302 0.070746287703514099121 0.047556433826684951782 0.056348808109760284424 0.065141178667545318604 0.085895590484142303467 0.10876347124576568604 0.13072596490383148193 0.15100648999214172363 0.17128702998161315918 0.27306944131851196289 0.38925260305404663086 0.48673322796821594238 0.54945713281631469727 0.61218100786209106445 0.61435776948928833008 0.60583674907684326172 0.56691694259643554688 0.47150245308876037598 0.37608799338340759277 0.28324106335639953613
0.71664100885391235352 0.71689641475677490234 0.74306380748748779297 0.7692317962646484375 0.76106745004653930664 0.74683672189712524414 0.68283921480178833008 0.52635091543197631836 0.36986261606216430664 0.33786550164222717285 0.32786449790000915527 0.32392045855522155762 0.33123338222503662109 0.33854633569717407227 0.33240240812301635742 0.32388138771057128906 0.29495871067047119141 0.22812181711196899414 0.16128435730934143066 0.11691574752330780029 0.076517604291439056396 0.049289587885141372681 0.046539872884750366211 0.043790157884359359741 0.078505590558052062988 0.11984103918075561523 0.15138791501522064209 0.16474296152591705322 0.17809857428073883057 0.22390918433666229248 0.27545532584190368652 0.3535239100456237793 0.48088485002517700195 0.60824579000473022461 0.61032015085220336914 0.59025651216506958008 0.54948574304580688477 0.47023051977157592773 0.39097476005554199219 0.30447816848754882813
0.61749219894409179688 0.6275565028190612793 0.65366286039352416992 0.67976862192153930664 0.6816806793212890625 0.67931789159774780273 0.62459713220596313477 0.47257074713706970215 0.32054439187049865723 0.30150112509727478027 0.30595594644546508789 0.31229358911514282227 0.32213169336318969727 0.33196979761123657227 0.3134994804859161377 0.29002782702445983887 0.26127085089683532715 0.222692832350730896 0.18411481380462646484 0.14543826878070831299 0.1067441105842590332 0.081952646374702453613 0.08299837261438369751 0.084044098854064941406 0.11764445900917053223 0.15699687600135803223 0.184831961989402771 0.19126154482364654541 0.19769111275672912598 0.21215243637561798096 0.22803319990634918213 0.27511960268020629883 0.38020211458206176758 0.48528406023979187012 0.49737706780433654785 0.49303895235061645508 0.46754905581474304199 0.40274855494499206543 0.33794862031936645508 0.28216782212257385254
0.5086434483528137207 0.5311794281005859375 0.54574310779571533203 0.56030684709548950195 0.56440937519073486328 0.5666637420654296875 0.52221316099166870117 0.39096319675445556641 0.25971272587776184082 0.25556063652038574219 0.27386581897735595703 0.28840091824531555176 0.29593071341514587402 0.30346050858497619629 0.27091082930564880371 0.23127935826778411865 0.20655338466167449951 0.2095276564359664917 0.21250247955322265625 0.18202720582485198975 0.1456413567066192627 0.12558098137378692627 0.13586103916168212891 0.14614056050777435303 0.17327995598316192627 0.20339860022068023682 0.22280731797218322754 0.22231142222881317139 0.22181552648544311523 0.21365718543529510498 0.20414435863494873047 0.21614657342433929443 0.26813414692878723145 0.3201211392879486084 0.34582132101058959961 0.36687678098678588867 0.36274173855781555176 0.31179276108741760254 0.26084321737289428711 0.24441701173782348633
0.43551895022392272949 0.46634316444396972656 0.48091456294059753418 0.4954859614372253418 0.49883890151977539063 0.50020992755889892578 0.46206888556480407715 0.35049515962600708008 0.23892143368721008301 0.24201568961143493652 0.26537176966667175293 0.2827682793140411377 0.28908997774124145508 0.29541113972663879395 0.25268653035163879395 0.20129558444023132324 0.17942003905773162842 0.21239681541919708252 0.24537412822246551514 0.22931174933910369873 0.20458467304706573486 0.19129401445388793945 0.19925750792026519775 0.20722155272960662842 0.22382882237434387207 0.24196395277976989746 0.25250491499900817871 0.24893346428871154785 0.24536202847957611084 0.2217054516077041626 0.19449944794178009033 0.1806567460298538208 0.19164900481700897217 0.20264126360416412354 0.23161289095878601074 0.26376134157180786133 0.27322408556938171387 0.24052581191062927246 0.20782697200775146484 0.2225354313850402832
0.47661441564559936523 0.50234925746917724609 0.55385631322860717773 0.60536342859268188477 0.59856837987899780273 0.58147126436233520508 0.53697603940963745117 0.44156160950660705566 0.34614768624305725098 0.33205017447471618652 0.33232149481773376465 0.33551701903343200684 0.34414649009704589844 0.35277649760246276855 0.31236019730567932129 0.26327756047248840332 0.24048012495040893555 0.26653197407722473145 0.29258382320404052734 0.31079435348510742188 0.32762011885643005371 0.3276157379150390625 0.29633578658103942871 0.26505529880523681641 0.25811329483985900879 0.25547146797180175781 0.25573509931564331055 0.26139798760414123535 0.26706033945083618164 0.25067543983459472656 0.23039489984512329102 0.22024747729301452637 0.228931427001953125 0.23761537671089172363 0.23681291937828063965 0.23433399200439453125 0.23258927464485168457 0.23221006989479064941 0.23183029890060424805 0.25139147043228149414
0.51770991086959838867 0.53835588693618774414 0.62679809331893920898 0.71524083614349365234 0.69829732179641723633 0.66273260116577148438 0.6118838191032409668 0.53262859582901000977 0.45337337255477905273 0.42208462953567504883 0.39927124977111816406 0.38826522231101989746 0.39920353889465332031 0.41014131903648376465 0.37203386425971984863 0.32526007294654846191 0.30154019594192504883 0.32066714763641357422 0.3397935032844543457 0.39227697253227233887 0.45065504312515258789 0.46393799781799316406 0.3934135138988494873 0.32288902997970581055 0.29239723086357116699 0.26897951960563659668 0.25896584987640380859 0.27386197447776794434 0.28875866532325744629 0.2796459496021270752 0.26629090309143066406 0.25983822345733642578 0.26621386408805847168 0.27258950471878051758 0.24201239645481109619 0.20490664243698120117 0.19195501506328582764 0.223893776535987854 0.25583305954933166504 0.28024753928184509277
0.55888408422470092773 0.58442407846450805664 0.66549223661422729492 0.74655985832214355469 0.72295284271240234375 0.68085014820098876953 0.62723016738891601563 0.55220460891723632813 0.47717911005020141602 0.45152848958969116211 0.43460255861282348633 0.43061667680740356445 0.4506798088550567627 0.47074347734451293945 0.42582997679710388184 0.36943495273590087891 0.34001806378364562988 0.36074054241180419922 0.38146248459815979004 0.4144623875617980957 0.44963186979293823242 0.4531752467155456543 0.39794206619262695313 0.34270945191383361816 0.32292756438255310059 0.30940958857536315918 0.3042926788330078125 0.31478959321975708008 0.32528594136238098145 0.32429471611976623535 0.32127365469932556152 0.31536585092544555664 0.30409508943557739258 0.29282379150390625 0.25623980164527893066 0.21518285572528839111 0.20023718476295471191 0.23381882905960083008 0.26739993691444396973 0.30219957232475280762
0.60008633136749267578 0.63406038284301757813 0.692043304443359375 0.75002616643905639648 0.72099125385284423828 0.67658025026321411133 0.62145882844924926758 0.54643332958221435547 0.47140780091285705566 0.4594897925853729248 0.4587230980396270752 0.46928167343139648438 0.50088745355606079102 0.53249317407608032227 0.47754180431365966797 0.40729582309722900391 0.37048947811126708984 0.39582860469818115234 0.42116713523864746094 0.41562423110008239746 0.4046242833137512207 0.39026367664337158203 0.36965787410736083984 0.34905207157135009766 0.35212594270706176758 0.35938441753387451172 0.36454534530639648438 0.3658084869384765625 0.36707106232643127441 0.37450233101844787598 0.38302338123321533203 0.37654426693916320801 0.34218823909759521484 0.3078327476978302002 0.27366715669631958008 0.23953621089458465576 0.22586248815059661865 0.25021034479141235352 0.27455821633338928223 0.32170349359512329102
0.62979435920715332031 0.66623413562774658203 0.69838261604309082031 0.7305310368537902832 0.71014374494552612305 0.68047475814819335938 0.63763129711151123047 0.57030564546585083008 0.50297999382019042969 0.49099427461624145508 0.4887866973876953125 0.5007146000862121582 0.53891342878341674805 0.57711166143417358398 0.51745504140853881836 0.44050872325897216797 0.40096035599708557129 0.43091607093811035156 0.46087235212326049805 0.42800346016883850098 0.38403388857841491699 0.35554161667823791504 0.35581296682357788086 0.35608431696891784668 0.37060177326202392578 0.38763669133186340332 0.39823210239410400391 0.39686110615730285645 0.39549010992050170898 0.41046494245529174805 0.42832872271537780762 0.42234936356544494629 0.37205862998962402344 0.32176735997200012207 0.29343196749687194824 0.2689762115478515625 0.25701639056205749512 0.2682799994945526123 0.27954414486885070801 0.33284875750541687012
0.62275499105453491211 0.64257758855819702148 0.6400992274284362793 0.6376202702522277832 0.67088878154754638672 0.71047341823577880859 0.72396332025527954102 0.68895620107650756836 0.65394902229309082031 0.59777086973190307617 0.53785115480422973633 0.50902706384658813477 0.53799152374267578125 0.56695544719696044922 0.51964557170867919922 0.458858489990234375 0.43143180012702941895 0.4660046696662902832 0.50057756900787353516 0.47624951601028442383 0.4415137171745300293 0.41094928979873657227 0.38813534379005432129 0.36532193422317504883 0.35479310154914855957 0.34643444418907165527 0.34698095917701721191 0.36407753825187683105 0.3811740875244140625 0.40088441967964172363 0.42105650901794433594 0.41900083422660827637 0.37563556432723999023 0.3322703242301940918 0.32066932320594787598 0.31468117237091064453 0.30584475398063659668 0.29171532392501831055 0.27758586406707763672 0.31726795434951782227
0.61571502685546875 0.61892157793045043945 0.58181577920913696289 0.5447095036506652832 0.63163322210311889648 0.74047261476516723633 0.81029480695724487305 0.80760675668716430664 0.80491811037063598633 0.70454692840576171875 0.58691567182540893555 0.51733893156051635742 0.53706961870193481445 0.55679976940155029297 0.52183610200881958008 0.47720772027969360352 0.46190267801284790039 0.50109273195266723633 0.54028224945068359375 0.52449500560760498047 0.4989935457706451416 0.46635636687278747559 0.42045769095420837402 0.37455958127975463867 0.33898389339447021484 0.30523216724395751953 0.29572981595993041992 0.33129447698593139648 0.36685860157012939453 0.39130389690399169922 0.41378486156463623047 0.41565230488777160645 0.37921252846717834473 0.34277272224426269531 0.34790617227554321289 0.36038610339164733887 0.35467311739921569824 0.31515008211135864258 0.27562761306762695313 0.30168771743774414063
0.60365003347396850586 0.59858101606369018555 0.57286214828491210938 0.54714387655258178711 0.64538896083831787109 0.76553815603256225586 0.84328919649124145508 0.84224289655685424805 0.84119719266891479492 0.75575345754623413086 0.65539658069610595703 0.59858983755111694336 0.62272030115127563477 0.64685076475143432617 0.60165929794311523438 0.54421854019165039063 0.51683205366134643555 0.54530060291290283203 0.57376974821090698242 0.52076947689056396484 0.45337504148483276367 0.4027144312858581543 0.38315436244010925293 0.36359372735023498535 0.32922118902206420898 0.29223158955574035645 0.27814120054244995117 0.30661034584045410156 0.33507892489433288574 0.35897216200828552246 0.38205689191818237305 0.38674065470695495605 0.35722580552101135254 0.32771149277687072754 0.33364847302436828613 0.3458493649959564209 0.34538045525550842285 0.32136613130569458008 0.29735177755355834961 0.30868968367576599121
0.58980298042297363281 0.57941615581512451172 0.58139914274215698242 0.58338218927383422852 0.67794024944305419922 0.78885573148727416992 0.85737240314483642578 0.8470923304557800293 0.83681285381317138672 0.78725683689117431641 0.73076111078262329102 0.70570158958435058594 0.7390664219856262207 0.77243065834045410156 0.70900720357894897461 0.62848168611526489258 0.58043324947357177734 0.59274256229400634766 0.60505187511444091797 0.49861818552017211914 0.37120279669761657715 0.29686361551284790039 0.32116466760635375977 0.34546521306037902832 0.32160279154777526855 0.28922978043556213379 0.27248823642730712891 0.28479754924774169922 0.29710686206817626953 0.31857401132583618164 0.34165877103805541992 0.34876474738121032715 0.32617592811584472656 0.30358707904815673828 0.30467849969863891602 0.30995392799377441406 0.31548085808753967285 0.32147675752639770508 0.32747262716293334961 0.32369863986968994141
0.57548749446868896484 0.56069266796112060547 0.58377736806869506836 0.60686212778091430664 0.6995455622673034668 0.80452680587768554688 0.86634033918380737305 0.84792673587799072266 0.82951307296752929688 0.81273853778839111328 0.79625397920608520508 0.79793703556060791016 0.83338558673858642578 0.86883413791656494141 0.79031151533126831055 0.69165140390396118164 0.62308079004287719727 0.61043077707290649414 0.59778076410293579102 0.46183165907859802246 0.3040961921215057373 0.21961563825607299805 0.27127736806869506836 0.32293912768363952637 0.30804353952407836914 0.28138792514801025391 0.26405689120292663574 0.26405689120292663574 0.26405689120292663574 0.28367531299591064453 0.30676004290580749512 0.3155199587345123291 0.29765614867210388184 0.27979290485382080078 0.27804487943649291992 0.27914512157440185547 0.29033991694450378418 0.32029616832733154297 0.35025188326835632324 0.33700141310691833496
0.55967497825622558594 0.54337865114212036133 0.56646394729614257813 0.58954870700836181641 0.68615585565567016602 0.79575425386428833008 0.85895365476608276367 0.83592343330383300781 0.81289315223693847656 0.81896722316741943359 0.83018404245376586914 0.84260946512222290039 0.85728156566619873047 0.87195372581481933594 0.78834992647171020508 0.68738096952438354492 0.5987351536750793457 0.53299021720886230469 0.46724525094032287598 0.37825429439544677734 0.28515583276748657227 0.23381663858890533447 0.26008534431457519531 0.2863540351390838623 0.27549275755882263184 0.25807037949562072754 0.24674348533153533936 0.24674348533153533936 0.24674348533153533936 0.2663618922233581543 0.28944662213325500488 0.29739856719970703125 0.27722647786140441895 0.25705435872077941895 0.25888383388519287109 0.26460066437721252441 0.2804126441478729248 0.31498551368713378906 0.34955841302871704102 0.34484878182411193848
0.54386192560195922852 0.52606528997421264648 0.54914999008178710938 0.57223528623580932617 0.67276608943939208984 0.78698110580444335938 0.85156750679016113281 0.82392013072967529297 0.79627269506454467773 0.82519537210464477539 0.86411404609680175781 0.88728189468383789063 0.88117760419845581055 0.87507331371307373047 0.78638780117034912109 0.68311113119125366211 0.57438945770263671875 0.45554959774017333984 0.33670970797538757324 0.29467746615409851074 0.26621603965759277344 0.24801817536354064941 0.24889329075813293457 0.24976894259452819824 0.24294143915176391602 0.23475338518619537354 0.22943007946014404297 0.22943007946014404297 0.22943007946014404297 0.24904848635196685791 0.27213323116302490234 0.27927774190902709961 0.25679677724838256836 0.23431637883186340332 0.23972280323505401611 0.25005680322647094727 0.27048537135124206543 0.30967542529106140137 0.3488654792308807373 0.35269615054130554199
