INPUT/RASTER/ASCII/sand.asc
ncols        113
nrows        135
xllcorner    473009.983799999987
yllcorner    4429001.174800000153
cellsize     100.000000000000
NODATA_value  -9999
[rows 34 to 50 of 135, columns 0 to 39 of 113]
-9999 -5.1134510040283203125 -5.1134510040283203125 -5.1134510040283203125 -3.4557046890258789063 -1.5050429105758666992 -0.25303491950035095215 -0.29088643193244934082 -0.31963405013084411621 -0.4067421257495880127 -0.50485265254974365234 -0.56056410074234008789 -0.537479400634765625 -0.51439464092254638672 -0.61392432451248168945 -0.73511928319931030273 -0.81997275352478027344 -0.83728617429733276367 -0.85459983348846435547 -0.86700880527496337891 -0.87855112552642822266 -0.89211261272430419922 -0.90942603349685668945 -0.92673969268798828125 -1.037240147590637207 -1.1642061471939086914 -1.2306030988693237305 -1.1844333410263061523 -1.1382638216018676758 -1.1509493589401245117 -1.17403411865234375 -1.1587579250335693359 -1.072190403938293457 -0.98562246561050415039 -0.95790958404541015625 -0.94059616327285766602 -0.91318762302398681641 -0.86701816320419311523 -0.82084870338439941406 -0.82862943410873413086
-9999 -5.1134510040283203125 -5.1134510040283203125 -5.1134510040283203125 -3.4557046890258789063 -1.5050429105758666992 -0.26693099737167358398 -0.3055216670036315918 -0.3217112123966217041 -0.4067421257495880127 -0.50485265254974365234 -0.56056410074234008789 -0.537479400634765625 -0.51439464092254638672 -0.61392432451248168945 -0.73511928319931030273 -0.81997275352478027344 -0.83728617429733276367 -0.85459983348846435547 -0.86700880527496337891 -0.87855112552642822266 -0.89211261272430419922 -0.90942603349685668945 -0.92673969268798828125 -1.037240147590637207 -1.1642061471939086914 -1.2306030988693237305 -1.1844333410263061523 -1.1382638216018676758 -1.1509493589401245117 -1.17403411865234375 -1.1587579250335693359 -1.072190403938293457 -0.98562246561050415039 -0.95790958404541015625 -0.94059616327285766602 -0.91318762302398681641 -0.86701816320419311523 -0.82084870338439941406 -0.82862943410873413086
-9999 -9999 -9999 -9999 -9999 -9999 -0.32336455583572387695 -0.32336455583572387695 -0.32336455583572387695 -0.40735140442848205566 -0.4990323483943939209 -0.54777622222900390625 -0.52744150161743164063 -0.507106781005859375 -0.59863609075546264648 -0.70993101596832275391 -0.79046422243118286133 -0.81382769346237182617 -0.83719122409820556641 -0.85004127025604248047 -0.86103379726409912109 -0.87327545881271362305 -0.88783913850784301758 -0.90240257978439331055 -1.005478978157043457 -1.1241952180862426758 -1.1833039522171020508 -1.1316344738006591797 -1.079964756965637207 -1.0964986085891723633 -1.1250833272933959961 -1.1178085803985595703 -1.0438907146453857422 -0.96997284889221191406 -0.93013721704483032227 -0.89632385969161987305 -0.85780280828475952148 -0.81053340435028076172 -0.76326400041580200195 -0.76714032888412475586
-9999 -9999 -9999 -9999 -9999 -9999 -0.32336455583572387695 -0.32336455583572387695 -0.32336455583572387695 -0.41114962100982666016 -0.4709911346435546875 -0.49410229921340942383 -0.48530992865562438965 -0.47651752829551696777 -0.53446716070175170898 -0.60420954227447509766 -0.66661059856414794922 -0.71536713838577270508 -0.76412397623062133789 -0.77882528305053710938 -0.78750920295715332031 -0.79421204328536987305 -0.79723340272903442383 -0.80025446414947509766 -0.87217026948928833008 -0.95625925064086914063 -0.9847787022590637207 -0.91002452373504638672 -0.83527040481567382813 -0.86795574426651000977 -0.91962516307830810547 -0.94593405723571777344 -0.9251111149787902832 -0.90428817272186279297 -0.81357043981552124023 -0.71050286293029785156 -0.62534010410308837891 -0.57345384359359741211 -0.52156722545623779297 -0.50905567407608032227
-9999 -9999 -9999 -9999 -9999 -9999 -0.32336455583572387695 -0.32336455583572387695 -0.32336455583572387695 -0.41985115408897399902 -0.43534556031227111816 -0.44042834639549255371 -0.44317862391471862793 -0.44592833518981933594 -0.47029820084571838379 -0.49848830699920654297 -0.54275673627853393555 -0.61690658330917358398 -0.69105643033981323242 -0.70760923624038696289 -0.71398460865020751953 -0.71514862775802612305 -0.70662760734558105469 -0.69810628890991210938 -0.73886138200759887695 -0.78832322359085083008 -0.78625351190567016602 -0.68841457366943359375 -0.59057569503784179688 -0.63941287994384765625 -0.7141672968864440918 -0.77405947446823120117 -0.80633151531219482422 -0.83860349655151367188 -0.69700360298156738281 -0.52468156814575195313 -0.39287742972373962402 -0.33637395501136779785 -0.27987051010131835938 -0.25097098946571350098
-9999 -9999 -9999 -9999 -9999 -9999 -9999 -9999 -9999 -0.42436045408248901367 -0.42436045408248901367 -0.42637926340103149414 -0.43215057253837585449 -0.43792134523391723633 -0.4534663856029510498 -0.46665027737617492676 -0.50062459707260131836 -0.57801264524459838867 -0.65540069341659545898 -0.66758120059967041016 -0.66823977231979370117 -0.67118817567825317383 -0.6783924102783203125 -0.68559664487838745117 -0.71811383962631225586 -0.75510346889495849609 -0.7380415797233581543 -0.62052643299102783203 -0.5030110478401184082 -0.54389053583145141602 -0.61275750398635864258 -0.67368412017822265625 -0.71985357999801635742 -0.76602303981781005859 -0.65165805816650390625 -0.50892740488052368164 -0.3846117556095123291 -0.29451951384544372559 -0.20442670583724975586 -0.18230734765529632568
-9999 -9999 -9999 -9999 -9999 -9999 -9999 -9999 -9999 -0.42436045408248901367 -0.42436045408248901367 -0.42637926340103149414 -0.43215057253837585449 -0.43792134523391723633 -0.45337721705436706543 -0.45976278185844421387 -0.48746687173843383789 -0.56023830175399780273 -0.63300913572311401367 -0.63861095905303955078 -0.63234400749206542969 -0.63967317342758178711 -0.67227077484130859375 -0.704868316650390625 -0.73727488517761230469 -0.7696475982666015625 -0.74312329292297363281 -0.60714030265808105469 -0.47115737199783325195 -0.49553054571151733398 -0.54823827743530273438 -0.59865862131118774414 -0.64482808113098144531 -0.69099754095077514648 -0.6315638422966003418 -0.55347049236297607422 -0.45583522319793701172 -0.32188183069229125977 -0.18792840838432312012 -0.18080259859561920166
-9999 -9999 -9999 -9999 -9999 -9999 -9999 -9999 -9999 -9999 -9999 -9999 -9999 -9999 -0.4408417046070098877 -0.4408417046070098877 -0.46776315569877624512 -0.54471719264984130859 -0.62167125940322875977 -0.62481999397277832031 -0.61492770910263061523 -0.62397325038909912109 -0.66821390390396118164 -0.7124544978141784668 -0.73894667625427246094 -0.76230275630950927734 -0.73192101716995239258 -0.60167002677917480469 -0.47141933441162109375 -0.48432308435440063477 -0.52252107858657836914 -0.56177634000778198242 -0.60299593210220336914 -0.64421552419662475586 -0.61606645584106445313 -0.57566058635711669922 -0.49276375770568847656 -0.33089929819107055664 -0.16903485357761383057 -0.17088468372821807861
-9999 -9999 -9999 -9999 -9999 -9999 -9999 -9999 -9999 -9999 -9999 -9999 -9999 -9999 -0.38890090584754943848 -0.38890090584754943848 -0.42712834477424621582 -0.53640145063400268555 -0.64567428827285766602 -0.65956157445907592773 -0.65659475326538085938 -0.65883642435073852539 -0.67075860500335693359 -0.68268042802810668945 -0.68470114469528198242 -0.68497252464294433594 -0.66865527629852294922 -0.62150943279266357422 -0.57436358928680419922 -0.59189939498901367188 -0.62086355686187744141 -0.64684718847274780273 -0.66729032993316650391 -0.68773353099822998047 -0.61526644229888916016 -0.52638256549835205078 -0.42004325985908508301 -0.28126353025436401367 -0.14248380064964294434 -0.13406679034233093262
-9999 -9999 -9999 -9999 -9999 -9999 -9999 -9999 -9999 -9999 -9999 -9999 -9999 -9999 -0.33696013689041137695 -0.33696013689041137695 -0.38649407029151916504 -0.5280857086181640625 -0.6696770787239074707 -0.6943028569221496582 -0.69826149940490722656 -0.69369965791702270508 -0.67330300807952880859 -0.65290635824203491211 -0.6304556727409362793 -0.60764223337173461914 -0.60538953542709350586 -0.64134883880615234375 -0.67730814218521118164 -0.69947564601898193359 -0.71920609474182128906 -0.73191773891448974609 -0.73158472776412963867 -0.73125177621841430664 -0.61446619033813476563 -0.47710424661636352539 -0.34732219576835632324 -0.23162719607353210449 -0.11593275517225265503 -0.097249440848827362061
-9999 -9999 -9999 -9999 -5.1134510040283203125 -5.1134510040283203125 -5.1134510040283203125 -5.1134510040283203125 -5.1134510040283203125 -3.5194640159606933594 -1.6438279151916503906 -1.0805292129516601563 -2.956165313720703125 -4.8318014144897460938 -2.0933978557586669922 -0.80851596593856811523 -0.41003012657165527344 -0.54815131425857543945 -0.68627250194549560547 -0.70757263898849487305 -0.70823115110397338867 -0.69916057586669921875 -0.67200875282287597656 -0.64485728740692138672 -0.63943046331405639648 -0.63784205913543701172 -0.64865243434906005859 -0.68250513076782226563 -0.71635782718658447266 -0.72311985492706298828 -0.72509515285491943359 -0.72257196903228759766 -0.71168810129165649414 -0.70080429315567016602 -0.58323770761489868164 -0.44682049751281738281 -0.31797796487808227539 -0.20321311056613922119 -0.088447712361812591553 -0.06196491047739982605
-9999 -9999 -9999 -9999 -5.1134510040283203125 -5.1134510040283203125 -5.1134510040283203125 -5.1134510040283203125 -5.1134510040283203125 -3.5194640159606933594 -1.6438279151916503906 -1.0805292129516601563 -2.956165313720703125 -4.8318014144897460938 -3.1136136054992675781 -1.3366215229034423828 -0.45631736516952514648 -0.57827955484390258789 -0.70024150609970092773 -0.7132294774055480957 -0.70696252584457397461 -0.69419693946838378906 -0.66935372352600097656 -0.64451050758361816406 -0.67081969976425170898 -0.7061672210693359375 -0.72968536615371704102 -0.73121929168701171875 -0.73275321722030639648 -0.71700590848922729492 -0.69820481538772583008 -0.67975103855133056641 -0.66194170713424682617 -0.64413237571716308594 -0.5412203669548034668 -0.42327123880386352539 -0.30401307344436645508 -0.1823222041130065918 -0.060631882399320602417 -0.027223059907555580139
-9999 -9999 -9999 -9999 -4.6913266181945800781 -4.6913266181945800781 -4.6892104148864746094 -4.6831603050231933594 -4.6771101951599121094 -3.2294490337371826172 -1.5270624160766601563 -1.0156027078628540039 -2.7174391746520996094 -4.4192757606506347656 -3.2360136508941650391 -1.5429695844650268555 -0.47788360714912414551 -0.57983607053756713867 -0.68178856372833251953 -0.68354946374893188477 -0.66760706901550292969 -0.65128242969512939453 -0.63424777984619140625 -0.61721312999725341797 -0.66393136978149414063 -0.72191452980041503906 -0.75249904394149780273 -0.73216432332992553711 -0.71182954311370849609 -0.67654395103454589844 -0.63861703872680664063 -0.60568976402282714844 -0.58205491304397583008 -0.55842036008834838867 -0.47219812870025634766 -0.37491676211357116699 -0.27206057310104370117 -0.15884450078010559082 -0.045627880841493606567 -0.0043348157778382301331
-9999 -9999 -9999 -9999 -2.9195718765258789063 -2.9195718765258789063 -2.9085719585418701172 -2.8771288394927978516 -2.8456854820251464844 -2.0121877193450927734 -1.0369707345962524414 -0.74308997392654418945 -1.7154481410980224609 -2.6878063678741455078 -2.0051336288452148438 -1.030025482177734375 -0.4204075932502746582 -0.49004155397415161133 -0.55967551469802856445 -0.54088872671127319336 -0.50647848844528198242 -0.48703041672706604004 -0.49538910388946533203 -0.50374722480773925781 -0.53466033935546875 -0.56955873966217041016 -0.58917248249053955078 -0.5803801417350769043 -0.57158774137496948242 -0.52626448869705200195 -0.47448661923408508301 -0.43174660205841064453 -0.40580317378044128418 -0.37985974550247192383 -0.31683316826820373535 -0.24725313484668731689 -0.18259795010089874268 -0.12709343433380126953 -0.071588918566703796387 -0.019343771040439605713
-9999 -9999 -9999 -9999 -1.1478171348571777344 -1.1478171348571777344 -1.127933502197265625 -1.071097254753112793 -1.0142608880996704102 -0.79492646455764770508 -0.54687911272048950195 -0.470577239990234375 -0.71345734596252441406 -0.95633739233016967773 -0.77425378561019897461 -0.51708137989044189453 -0.3629321753978729248 -0.40024706721305847168 -0.43756249547004699707 -0.39822825789451599121 -0.34535017609596252441 -0.32277840375900268555 -0.35653010010719299316 -0.39028126001358032227 -0.40538930892944335938 -0.4172032773494720459 -0.42584595084190368652 -0.42859566211700439453 -0.43134593963623046875 -0.37598505616188049316 -0.31035622954368591309 -0.25780287384986877441 -0.22955115139484405518 -0.20129942893981933594 -0.16146762669086456299 -0.11959005147218704224 -0.093134775757789611816 -0.095342360436916351318 -0.097549952566623687744 -0.034352727234363555908
-9999 -9999 -9999 -9999 -0.66276097297668457031 -0.66276097297668457031 -0.638763427734375 -0.57016777992248535156 -0.50157207250595092773 -0.4523639678955078125 -0.40658196806907653809 -0.3937943577766418457 -0.44232663512229919434 -0.49085888266563415527 -0.44942986965179443359 -0.39210525155067443848 -0.36194917559623718262 -0.38228365778923034668 -0.40261867642402648926 -0.37255781888961791992 -0.33359289169311523438 -0.32179540395736694336 -0.36048957705497741699 -0.39918318390846252441 -0.40989857912063598633 -0.41566991806030273438 -0.41428625583648681641 -0.39960697293281555176 -0.38492715358734130859 -0.32676428556442260742 -0.26091861724853515625 -0.20503212511539459229 -0.16765503585338592529 -0.1302779465913772583 -0.10537640005350112915 -0.082678593695163726807 -0.076363489031791687012 -0.10049395263195037842 -0.1246244087815284729 -0.04365255311131477356
-9999 -9999 -9999 -9999 -0.63390493392944335938 -0.63390493392944335938 -0.60748487710952758789 -0.53196370601654052734 -0.45644286274909973145 -0.41992768645286560059 -0.39030438661575317383 -0.38640767335891723633 -0.4303233027458190918 -0.47423839569091796875 -0.4458490908145904541 -0.40468370914459228516 -0.38099575042724609375 -0.38978812098503112793 -0.39858049154281616211 -0.38836649060249328613 -0.37479457259178161621 -0.37869954109191894531 -0.41508540511131286621 -0.4514707028865814209 -0.46183937788009643555 -0.46761015057563781738 -0.45653587579727172852 -0.4141547083854675293 -0.37177297472953796387 -0.31337454915046691895 -0.25214549899101257324 -0.195223197340965271 -0.14630346000194549561 -0.097384281456470489502 -0.084481649100780487061 -0.0779436454176902771 -0.085365012288093566895 -0.11872925609350204468 -0.15209405124187469482 -0.050928071141242980957
