INPUT/RASTER/ASCII/sand.asc
ncols        113
nrows        135
xllcorner    473009.983799999987
yllcorner    4429001.174800000153
cellsize     100.000000000000
NODATA_value  -9999
[rows 85 to 101 of 135, columns 40 to 79 of 113]
0.74781805276870727539 0.69229370355606079102 0.59742909669876098633 0.50256496667861938477 0.4932244420051574707 0.49899575114250183105 0.50230634212493896484 0.50104320049285888672 0.49978059530258178711 0.53074353933334350586 0.56740015745162963867 0.59728986024856567383 0.61460381746292114258 0.63191717863082885742 0.62129753828048706055 0.60574263334274291992 0.58737963438034057617 0.56379902362823486328 0.54021894931793212891 0.50085163116455078125 0.45869502425193786621 0.43576607108116149902 0.44857072830200195313 0.46137595176696777344 0.50763070583343505859 0.5597960352897644043 0.58169305324554443359 0.54733705520629882813 0.51298099756240844727 0.4786249697208404541 0.44426894187927246094 0.41331976652145385742 0.3887011408805847168 0.36408248543739318848 0.36505997180938720703 0.37055993080139160156 0.36088639497756958008 0.32301342487335205078 0.28514042496681213379 0.28052657842636108398
0.76790815591812133789 0.71373772621154785156 0.6400909423828125 0.56644415855407714844 0.55421352386474609375 0.5528348088264465332 0.55530440807342529297 0.56492561101913452148 0.57454687356948852539 0.58462882041931152344 0.59479218721389770508 0.60591816902160644531 0.61883181333541870117 0.63174545764923095703 0.6213080286979675293 0.60674428939819335938 0.58602571487426757813 0.55387008190155029297 0.5217139124870300293 0.48115122318267822266 0.43910303711891174316 0.41666996479034423828 0.43069097399711608887 0.44471254944801330566 0.50683820247650146484 0.57746338844299316406 0.60867398977279663086 0.56663346290588378906 0.52459245920181274414 0.46619236469268798828 0.40490165352821350098 0.3633213043212890625 0.35837113857269287109 0.35342100262641906738 0.37136128544807434082 0.39334636926651000977 0.39139306545257568359 0.3449522554874420166 0.29851144552230834961 0.29317712783813476563
0.78579342365264892578 0.76463502645492553711 0.72099840641021728516 0.6773617863655090332 0.64413350820541381836 0.61274456977844238281 0.60135608911514282227 0.62713658809661865234 0.65291708707809448242 0.63992196321487426758 0.62007516622543334961 0.60522854328155517578 0.59967464208602905273 0.59412014484405517578 0.59071880578994750977 0.58769720792770385742 0.56963801383972167969 0.52363145351409912109 0.47762438654899597168 0.42909651994705200195 0.38012284040451049805 0.36530101299285888672 0.41394942998886108398 0.46259725093841552734 0.5142281651496887207 0.56638580560684204102 0.60012596845626831055 0.59963774681091308594 0.59914958477020263672 0.51363813877105712891 0.41310349106788635254 0.33873951435089111328 0.31301295757293701172 0.28728693723678588867 0.2981834113597869873 0.31555131077766418457 0.31867253780364990234 0.29531648755073547363 0.27196040749549865723 0.29755818843841552734
0.80367863178253173828 0.81553173065185546875 0.8019053339958190918 0.78827893733978271484 0.73405349254608154297 0.67265492677688598633 0.64740777015686035156 0.68934750556945800781 0.73128730058670043945 0.6952145695686340332 0.64535814523696899414 0.60453891754150390625 0.58051687479019165039 0.55649489164352416992 0.56012958288192749023 0.56865060329437255859 0.55325037240982055664 0.49339285492897033691 0.43353480100631713867 0.37704125046730041504 0.32114210724830627441 0.31393155455589294434 0.3972072899341583252 0.48048251867294311523 0.52161818742752075195 0.55530822277069091797 0.59157794713973999023 0.63264203071594238281 0.6737067103385925293 0.56108343601226806641 0.4213047325611114502 0.31415775418281555176 0.26765474677085876465 0.22115230560302734375 0.22500555217266082764 0.23775628209114074707 0.24595148861408233643 0.24568015336990356445 0.245409354567527771 0.30193868279457092285
0.84448903799057006836 0.86541074514389038086 0.85452693700790405273 0.8436425328254699707 0.76287710666656494141 0.66976374387741088867 0.62597250938415527344 0.67384648323059082031 0.72172051668167114258 0.68565666675567626953 0.63476157188415527344 0.59098076820373535156 0.56042021512985229492 0.52986013889312744141 0.53942525386810302734 0.55608040094375610352 0.54350799322128295898 0.47661608457565307617 0.40972468256950378418 0.34918579459190368652 0.28976970911026000977 0.28105878829956054688 0.36658066511154174805 0.45210310816764831543 0.50250279903411865234 0.5466969609260559082 0.58883154392242431641 0.62713819742202758789 0.66544491052627563477 0.55671280622482299805 0.42200043797492980957 0.31982174515724182129 0.27810654044151306152 0.23639076948165893555 0.22255633771419525146 0.21364782750606536865 0.21225976943969726563 0.22484758496284484863 0.237435951828956604 0.28860235214233398438
0.89342802762985229492 0.91492873430252075195 0.89711946249008178711 0.87931013107299804688 0.77003866434097290039 0.6446062922477722168 0.58061045408248901367 0.63079279661178588867 0.68097507953643798828 0.65310585498809814453 0.61144459247589111328 0.57285940647125244141 0.53999108076095581055 0.50712215900421142578 0.52222579717636108398 0.54580640792846679688 0.53612130880355834961 0.46461275219917297363 0.39310419559478759766 0.32991081476211547852 0.26818588376045227051 0.25474387407302856445 0.33103194832801818848 0.40731948614120483398 0.47398963570594787598 0.53896021842956542969 0.58814191818237304688 0.60798048973083496094 0.62781959772109985352 0.53397095203399658203 0.42003500461578369141 0.33620941638946533203 0.3083451390266418457 0.28048032522201538086 0.24518370628356933594 0.20857329666614532471 0.19240523874759674072 0.21422739326953887939 0.23604898154735565186 0.26898393034934997559
0.93224823474884033203 0.94855165481567382813 0.92161703109741210938 0.89468234777450561523 0.76966273784637451172 0.62731158733367919922 0.54831343889236450195 0.58705437183380126953 0.62579476833343505859 0.60452187061309814453 0.57264477014541625977 0.540767669677734375 0.50889056921005249023 0.47701343894004821777 0.49394488334655761719 0.51950085163116455078 0.5114091038703918457 0.44078335165977478027 0.37015816569328308105 0.30747222900390625 0.24618925154209136963 0.23192001879215240479 0.30502414703369140625 0.37812826037406921387 0.45122632384300231934 0.52432274818420410156 0.57598286867141723633 0.58780395984649658203 0.59962511062622070313 0.51288139820098876953 0.40872132778167724609 0.33648240566253662109 0.32356876134872436523 0.31065511703491210938 0.26855078339576721191 0.22128880023956298828 0.19988659024238586426 0.22654221951961517334 0.25319838523864746094 0.26583850383758544922
0.93871635198593139648 0.93135660886764526367 0.88826215267181396484 0.84516823291778564453 0.7451877593994140625 0.63515508174896240234 0.55778717994689941406 0.54112428426742553711 0.52446198463439941406 0.50467848777770996094 0.48434400558471679688 0.4640089869499206543 0.44367453455924987793 0.42333951592445373535 0.43023359775543212891 0.44193860888481140137 0.43130189180374145508 0.37914428114891052246 0.32698664069175720215 0.27492147684097290039 0.22287225723266601563 0.22025959193706512451 0.30952295660972595215 0.39878636598587036133 0.44684529304504394531 0.4876231849193572998 0.52715444564819335938 0.56436920166015625 0.60158336162567138672 0.49707216024398803711 0.36751908063888549805 0.2852312624454498291 0.29078572988510131836 0.29633963108062744141 0.29428339004516601563 0.29088258743286132813 0.2947660982608795166 0.3121884763240814209 0.32961031794548034668 0.31536033749580383301
0.94518440961837768555 0.91416096687316894531 0.85490781068801879883 0.79565405845642089844 0.72071218490600585938 0.64299863576889038086 0.56726092100143432617 0.49519482254981994629 0.42312872409820556641 0.40483507513999938965 0.39604270458221435547 0.38725030422210693359 0.37845793366432189941 0.36966556310653686523 0.36652177572250366211 0.36437582969665527344 0.35119470953941345215 0.31750518083572387695 0.28381511569023132324 0.24237014353275299072 0.19955471158027648926 0.20859916508197784424 0.31402179598808288574 0.4194450080394744873 0.44246423244476318359 0.45092362165451049805 0.47832611203193664551 0.54093384742736816406 0.60354161262512207031 0.48126351833343505859 0.32631683349609375 0.23398010432720184326 0.25800213217735290527 0.28202417492866516113 0.32001602649688720703 0.36047580838203430176 0.38964614272117614746 0.39783418178558349609 0.40602278709411621094 0.3648821711540222168
0.94074392318725585938 0.90045529603958129883 0.84719800949096679688 0.79394018650054931641 0.71839785575866699219 0.63891810178756713867 0.56351721286773681641 0.49569565057754516602 0.42787465453147888184 0.3881644904613494873 0.35342100262641906738 0.32523640990257263184 0.30924007296562194824 0.29324316978454589844 0.28304016590118408203 0.27386033535003662109 0.25958558917045593262 0.23584260046482086182 0.21209906041622161865 0.18289186060428619385 0.15271873772144317627 0.15834531188011169434 0.23050497472286224365 0.30266463756561279297 0.31205198168754577637 0.31034743785858154297 0.33287134766578674316 0.40042099356651306152 0.46797120571136474609 0.40451255440711975098 0.31790587306022644043 0.2776546776294708252 0.32355278730392456055 0.36945092678070068359 0.39441466331481933594 0.41567870974540710449 0.43033048510551452637 0.43269327282905578613 0.4350560605525970459 0.37767529487609863281
0.93243587017059326172 0.88798749446868896484 0.84858059883117675781 0.80917370319366455078 0.72394019365310668945 0.63061004877090454102 0.55508697032928466797 0.51265901327133178711 0.47023108601570129395 0.40098294615745544434 0.32699543237686157227 0.26845005154609680176 0.23860277235507965088 0.20875547826290130615 0.19254833459854125977 0.17875187098979949951 0.1638981252908706665 0.14708061516284942627 0.13026255369186401367 0.11386607587337493896 0.097543902695178985596 0.094408921897411346436 0.11578195542097091675 0.13715499639511108398 0.13695411384105682373 0.13294181227684020996 0.15315684676170349121 0.21839819848537445068 0.28363955020904541016 0.30615517497062683105 0.3211211860179901123 0.35498464107513427734 0.42396748065948486328 0.49295035004615783691 0.48606780171394348145 0.46577957272529602051 0.45180037617683410645 0.44954600930213928223 0.44729164242744445801 0.37744688987731933594
0.92407172918319702148 0.87727922201156616211 0.85282295942306518555 0.82836717367172241211 0.733608245849609375 0.62642657756805419922 0.54751098155975341797 0.52112668752670288086 0.49474185705184936523 0.40109521150588989258 0.29556360840797424316 0.21435727179050445557 0.17835944890975952148 0.14236107468605041504 0.12083943188190460205 0.10187596827745437622 0.087624892592430114746 0.082132615149021148682 0.076640345156192779541 0.06810665130615234375 0.059035230427980422974 0.047657702118158340454 0.031994342803955078125 0.016330979764461517334 0.012346204370260238647 0.010424816049635410309 0.028498306870460510254 0.083731479942798614502 0.13896465301513671875 0.23040536046028137207 0.32824426889419555664 0.42098605632781982422 0.50425356626510620117 0.58752161264419555664 0.55494940280914306641 0.50190895795822143555 0.4642505943775177002 0.4551791846752166748 0.44610777497291564941 0.36580517888069152832
0.91553139686584472656 0.87219750881195068359 0.86620938777923583984 0.8602212071418762207 0.7564640045166015625 0.6354319453239440918 0.54266536235809326172 0.50243014097213745117 0.46219438314437866211 0.36058259010314941406 0.24812549352645874023 0.16887745261192321777 0.15134719014167785645 0.13381692767143249512 0.10918286442756652832 0.083293929696083068848 0.073423899710178375244 0.0933246612548828125 0.11322543025016784668 0.096733741462230682373 0.073811918497085571289 0.055851809680461883545 0.04711392521858215332 0.038375485688447952271 0.049163550138473510742 0.063401967287063598633 0.079867787659168243408 0.10047359764575958252 0.12107940018177032471 0.22693903744220733643 0.34786269068717956543 0.45076787471771240234 0.52018439769744873047 0.5896015167236328125 0.55102568864822387695 0.49336808919906616211 0.44786238670349121094 0.42494001984596252441 0.40201818943023681641 0.31767359375953674316
0.90699112415313720703 0.86711639165878295898 0.87959581613540649414 0.89207518100738525391 0.77932035923004150391 0.64443731307983398438 0.53781980276107788086 0.48373362421989440918 0.42964690923690795898 0.32006996870040893555 0.200687408447265625 0.12339761108160018921 0.12433491647243499756 0.12527221441268920898 0.097526289522647857666 0.064711883664131164551 0.059222359210252761841 0.10451671481132507324 0.14981050789356231689 0.12536138296127319336 0.08858861774206161499 0.064045920968055725098 0.062233507633209228516 0.06042054295539855957 0.085981450974941253662 0.11637857556343078613 0.13123673200607299805 0.11721515655517578125 0.10319413989782333374 0.22347272932529449463 0.36748108267784118652 0.48054909706115722656 0.53611528873443603516 0.59168142080307006836 0.54710203409194946289 0.48482725024223327637 0.43147417902946472168 0.39470142126083374023 0.35792863368988037109 0.26954257488250732422
0.896656036376953125 0.86774879693984985352 0.86631560325622558594 0.86488294601440429688 0.75999253988265991211 0.63682222366333007813 0.53595566749572753906 0.47653955221176147461 0.41712346673011779785 0.32403329014778137207 0.22499343752861022949 0.15904319286346435547 0.15458893775939941406 0.15013468265533447266 0.13307335972785949707 0.11378461867570877075 0.10927862673997879028 0.13224722445011138916 0.15521582961082458496 0.12433326244354248047 0.083935126662254333496 0.060054536908864974976 0.06687103956937789917 0.073688082396984100342 0.095449142158031463623 0.119850941002368927 0.13300566375255584717 0.12525901198387145996 0.11751236766576766968 0.25545495748519897461 0.41913953423500061035 0.53657758235931396484 0.56806778907775878906 0.59955739974975585938 0.56771552562713623047 0.52468323707580566406 0.47482180595397949219 0.41226854920387268066 0.34971526265144348145 0.25694429874420166016
0.88568520545959472656 0.87040770053863525391 0.84358143806457519531 0.81675523519515991211 0.72570860385894775391 0.62331414222717285156 0.53514766693115234375 0.47342330217361450195 0.41169890761375427246 0.34376618266105651855 0.27473652362823486328 0.22345235943794250488 0.20514716207981109619 0.1868419647216796875 0.18535701930522918701 0.18684415519237518311 0.182117462158203125 0.1658420860767364502 0.14956669509410858154 0.11279062181711196899 0.072392486035823822021 0.051742099225521087646 0.067792929708957672119 0.083843760192394256592 0.095220737159252166748 0.10577158629894256592 0.11718928813934326172 0.13021907210350036621 0.14324884116649627686 0.30000519752502441406 0.48215788602828979492 0.60191196203231811523 0.60570025444030761719 0.60948854684829711914 0.59702897071838378906 0.58169800043106079102 0.53934878110885620117 0.44678473472595214844 0.35422125458717346191 0.25694429874420166016
0.86022341251373291016 0.85587644577026367188 0.81740689277648925781 0.77893781661987304688 0.70613586902618408203 0.62726813554763793945 0.5503190159797668457 0.47693639993667602539 0.40355321764945983887 0.35656920075416564941 0.3142496645450592041 0.27798709273338317871 0.25298154354095458984 0.22797541320323944092 0.23659716546535491943 0.25116086006164550781 0.24370756745338439941 0.1953382343053817749 0.14696888625621795654 0.10537365823984146118 0.064974963665008544922 0.045823276042938232422 0.066158287227153778076 0.086492754518985748291 0.093285590410232543945 0.097685351967811584473 0.1100640222430229187 0.13727003335952758789 0.16447603702545166016 0.32222911715507507324 0.50304991006851196289 0.61994308233261108398 0.61802935600280761719 0.61611568927764892578 0.61839592456817626953 0.62141698598861694336 0.5843486785888671875 0.47277495265007019043 0.36120122671127319336 0.26200395822525024414
