INPUT/RASTER/ASCII/silt.asc
ncols        113
nrows        135
xllcorner    473009.983799999987
yllcorner    4429001.174800000153
cellsize     100.000000000000
NODATA_value  -9999
[rows 51 to 67 of 135, columns 0 to 38 of 113]
-9999 -5.772899627685546875 -5.772899627685546875 -5.772899627685546875 0.19576333463191986084 1.0710198879241943359 1.2678616046905517578 1.1752551794052124023 1.0826487541198730469 1.0565696954727172852 1.0422464609146118164 1.0236620903015136719 0.99716132879257202148 0.97066062688827514648 1.0166498422622680664 1.075448155403137207 1.1053576469421386719 1.0815798044204711914 1.0578014850616455078 0.90485757589340209961 0.72909009456634521484 0.64838540554046630859 0.74434930086135864258 0.84031379222869873047 0.8451417088508605957 0.83386600017547607422 0.79956972599029541016 0.72248977422714233398 0.64540916681289672852 0.59888482093811035156 0.55776005983352661133 0.52622705698013305664 0.51252180337905883789 0.49881601333618164063 0.52342474460601806641 0.55480277538299560547 0.5559107661247253418 0.500762939453125 0.44561445713043212891
-9999 -5.772899627685546875 -5.772899627685546875 -5.772899627685546875 -2.1934425830841064453 0.20791821181774139404 1.2310051918029785156 1.1793429851531982422 1.1276813745498657227 1.0794786214828491211 1.0318871736526489258 0.99973177909851074219 0.99626201391220092773 0.99279284477233886719 1.0465898513793945313 1.1105064153671264648 1.1088285446166992188 0.98524802923202514648 0.86166691780090332031 0.77420264482498168945 0.69312024116516113281 0.67397576570510864258 0.76993972063064575195 0.86590361595153808594 0.85333383083343505859 0.82158607244491577148 0.76413190364837646484 0.65890204906463623047 0.55367225408554077148 0.51596963405609130859 0.49019861221313476563 0.47670572996139526367 0.48603147268295288086 0.49535784125328063965 0.52124965190887451172 0.55006885528564453125 0.53429406881332397461 0.43564197421073913574 0.33699047565460205078
-9999 -5.772899627685546875 -5.772899627685546875 -5.772899627685546875 -3.2273626327514648438 -0.47058683633804321289 1.1941483020782470703 1.183430790901184082 1.1727139949798583984 1.102387547492980957 1.0215284824371337891 0.97580087184906005859 0.99536269903182983398 1.0149251222610473633 1.07653045654296875 1.1455640792846679688 1.1122995615005493164 0.88891565799713134766 0.66553229093551635742 0.6435483098030090332 0.65715038776397705078 0.69956558942794799805 0.79553014039993286133 0.89149403572082519531 0.86152595281600952148 0.80930608510971069336 0.72869348526000976563 0.59531438350677490234 0.46193465590476989746 0.43305385112762451172 0.42263719439506530762 0.4271844327449798584 0.45954173803329467773 0.49189904332160949707 0.51907515525817871094 0.54533487558364868164 0.51267677545547485352 0.37052166461944580078 0.22836589813232421875
-9999 -3.8411729335784912109 -3.8411729335784912109 -3.8411729335784912109 -2.1584577560424804688 -0.17841571569442749023 1.1062886714935302734 1.0987316370010375977 1.0911747217178344727 0.99786782264709472656 0.88940858840942382813 0.82520163059234619141 0.8432356715202331543 0.86126911640167236328 0.91093927621841430664 0.96619880199432373047 0.94590300321578979492 0.78518974781036376953 0.62447649240493774414 0.61369860172271728516 0.629413604736328125 0.67254197597503662109 0.76661694049835205078 0.86069190502166748047 0.84996902942657470703 0.82072883844375610352 0.75446146726608276367 0.61938190460205078125 0.48430240154266357422 0.44734293222427368164 0.42772075533866882324 0.42310455441474914551 0.44637650251388549805 0.46964845061302185059 0.49489048123359680176 0.52048087120056152344 0.50190931558609008789 0.40126517415046691895 0.3006204068660736084
-9999 -1.2245504856109619141 -1.2245504856109619141 -1.2245504856109619141 -0.4661140143871307373 0.42633453011512756348 1.0003461837768554688 0.98255252838134765625 0.96475946903228759766 0.84816789627075195313 0.71411824226379394531 0.62969243526458740234 0.63748979568481445313 0.64528715610504150391 0.67602217197418212891 0.71080958843231201172 0.71928054094314575195 0.67884212732315063477 0.63840377330780029297 0.61958938837051391602 0.60459560155868530273 0.62686324119567871094 0.71837937831878662109 0.80989485979080200195 0.83140963315963745117 0.84055477380752563477 0.80193090438842773438 0.67452794313430786133 0.54712557792663574219 0.49609547853469848633 0.45856004953384399414 0.43513497710227966309 0.43793481588363647461 0.44073468446731567383 0.46290230751037597656 0.48849272727966308594 0.49498808383941650391 0.46599686145782470703 0.43700620532035827637
-9999 0.78237462043762207031 0.78237462043762207031 0.78237462043762207031 0.83259880542755126953 0.89169716835021972656 0.92266154289245605469 0.90133899450302124023 0.88001638650894165039 0.74270075559616088867 0.58489042520523071289 0.48250129818916320801 0.48311081528663635254 0.48372033238410949707 0.49753230810165405273 0.51367676258087158203 0.54378455877304077148 0.5998433232307434082 0.65590149164199829102 0.63687902688980102539 0.6045907139778137207 0.608959197998046875 0.68145406246185302734 0.75394898653030395508 0.79538428783416748047 0.83133095502853393555 0.81473743915557861328 0.70049905776977539063 0.58626139163970947266 0.51317590475082397461 0.44736245274543762207 0.40009677410125732422 0.38730126619338989258 0.37450638413429260254 0.39795953035354614258 0.42781776189804077148 0.45554298162460327148 0.47930425405502319336 0.50306612253189086914
-9999 0.83995318412780761719 0.83995318412780761719 0.83995318412780761719 0.87277907133102416992 0.91140538454055786133 0.93532592058181762695 0.9319165349006652832 0.92850714921951293945 0.77865839004516601563 0.60293483734130859375 0.48979410529136657715 0.49296310544013977051 0.49613147974014282227 0.49945360422134399414 0.5028031468391418457 0.5317535400390625 0.60828441381454467773 0.68481522798538208008 0.69061505794525146484 0.68391650915145874023 0.67985618114471435547 0.68069815635681152344 0.68154013156890869141 0.70351612567901611328 0.72922676801681518555 0.71672105789184570313 0.63319146633148193359 0.54966187477111816406 0.42899346351623535156 0.30176255106925964355 0.21456612646579742432 0.20177061855792999268 0.18897570669651031494 0.22765205800533294678 0.27542412281036376953 0.3121102452278137207 0.3281943202018737793 0.34427839517593383789
-9999 0.89753121137619018555 0.89753121137619018555 0.89753121137619018555 0.9129593968391418457 0.93111300468444824219 0.94799023866653442383 0.96249407529830932617 0.97699797153472900391 0.81461602449417114258 0.6209786534309387207 0.49708753824234008789 0.50281476974487304688 0.50854259729385375977 0.50137484073638916016 0.49192893505096435547 0.51972311735153198242 0.61672604084014892578 0.71372961997985839844 0.74435049295425415039 0.76324295997619628906 0.75075316429138183594 0.67994219064712524414 0.60913062095642089844 0.61164861917495727539 0.62712317705154418945 0.61870467662811279297 0.56588387489318847656 0.51306241750717163086 0.34481105208396911621 0.15616326034069061279 0.029035462066531181335 0.016239950433373451233 0.003444437636062502861 0.057345200330018997192 0.12302988767623901367 0.16867689788341522217 0.17708379030227661133 0.18549129366874694824
-9999 0.84175676107406616211 0.84175676107406616211 0.84175676107406616211 0.86868578195571899414 0.90037316083908081055 0.93297696113586425781 0.96728354692459106445 1.0015902519226074219 0.88475704193115234375 0.74121874570846557617 0.63361060619354248047 0.59277749061584472656 0.55194497108459472656 0.53012269735336303711 0.51165974140167236328 0.53282248973846435547 0.62762713432312011719 0.7224324345588684082 0.74236088991165161133 0.74905884265899658203 0.73199367523193359375 0.67076593637466430664 0.60953760147094726563 0.60479509830474853516 0.61003363132476806641 0.60041624307632446289 0.56318956613540649414 0.5259634852409362793 0.35120818018913269043 0.15215231478214263916 0.016274727880954742432 -0.0021882238797843456268 -0.02065117470920085907 0.03798780590295791626 0.11025084555149078369 0.15881119668483734131 0.16331940889358520508 0.167827606201171875
-9999 0.74579280614852905273 0.74579280614852905273 0.74579280614852905273 0.79446971416473388672 0.8517475128173828125 0.90815103054046630859 0.96292972564697265625 1.0177090167999267578 0.9670187830924987793 0.89769226312637329102 0.81595277786254882813 0.71114391088485717773 0.60633504390716552734 0.56838166713714599609 0.54224157333374023438 0.55483210086822509766 0.63940072059631347656 0.72396934032440185547 0.72061300277709960938 0.7017205357551574707 0.68144613504409790039 0.65860372781753540039 0.63576132059097290039 0.62808412313461303711 0.62308597564697265625 0.61039483547210693359 0.58340418338775634766 0.55641412734985351563 0.38972041010856628418 0.1983417123556137085 0.064769797027111053467 0.038629658520221710205 0.012489520013332366943 0.072151072323322296143 0.1469729691743850708 0.19630146026611328125 0.19825081527233123779 0.20020015537738800049
-9999 0.67269212007522583008 0.67269212007522583008 0.67269212007522583008 0.74729132652282714844 0.82872450351715087891 0.89954519271850585938 0.96016407012939453125 1.0207822322845458984 1.0216016769409179688 1.0118556022644042969 0.95244354009628295898 0.80072957277297973633 0.64901626110076904297 0.59645897150039672852 0.56142264604568481445 0.56571364402770996094 0.6430950164794921875 0.72047573328018188477 0.70569187402725219727 0.67462253570556640625 0.65666049718856811523 0.66305822134017944336 0.66945600509643554688 0.65850609540939331055 0.64449155330657958984 0.62994498014450073242 0.61441063880920410156 0.5988762974739074707 0.45700728893280029297 0.29281571507453918457 0.16975498199462890625 0.12313421815633773804 0.076513454318046569824 0.12802009284496307373 0.19686582684516906738 0.23693387210369110107 0.22352029383182525635 0.21010734140872955322
-9999 0.67269212007522583008 0.67269212007522583008 0.67269212007522583008 0.80563437938690185547 0.89625966548919677734 0.94279992580413818359 0.96247398853302001953 0.98214739561080932617 0.98769283294677734375 0.99074101448059082031 0.94233381748199462891 0.79829704761505126953 0.65426087379455566406 0.59198248386383056641 0.5441506505012512207 0.54101884365081787109 0.62095850706100463867 0.70089870691299438477 0.71259599924087524414 0.71223545074462890625 0.71423906087875366211 0.72063618898391723633 0.72703397274017333984 0.71173512935638427734 0.69260227680206298828 0.68010020256042480469 0.67991960048675537109 0.6797389984130859375 0.61629348993301391602 0.54166865348815917969 0.45535445213317871094 0.34731683135032653809 0.23927856981754302979 0.25329068303108215332 0.28886881470680236816 0.28761196136474609375 0.21789984405040740967 0.14818711578845977783
-9999 0.67269212007522583008 0.67269212007522583008 0.67269212007522583008 0.93929600715637207031 0.98210960626602172852 0.98605465888977050781 0.96478390693664550781 0.94351255893707275391 0.95378339290618896484 0.96962708234786987305 0.93222403526306152344 0.79586505889892578125 0.65950548648834228516 0.5875059962272644043 0.52687925100326538086 0.51632350683212280273 0.59882259368896484375 0.68132168054580688477 0.71950078010559082031 0.74984830617904663086 0.77181768417358398438 0.77821481227874755859 0.78461253643035888672 0.76496416330337524414 0.74071353673934936523 0.73025482892990112305 0.74542856216430664063 0.76060235500335693359 0.77557909488677978516 0.79052102565765380859 0.74095332622528076172 0.57149881124496459961 0.4020442962646484375 0.37856125831604003906 0.38087180256843566895 0.33829003572463989258 0.21227876842021942139 0.086267501115798950195
-9999 -5.772899627685546875 -5.772899627685546875 -5.772899627685546875 -1.606905817985534668 0.16551645100116729736 0.77331370115280151367 0.74888247251510620117 0.72445130348205566406 0.72585457563400268555 0.73182284832000732422 0.70324283838272094727 0.6104558110237121582 0.51766884326934814453 0.48308214545249938965 0.45877969264984130859 0.4588565826416015625 0.50424122810363769531 0.54962587356567382813 0.60511785745620727539 0.66239565610885620117 0.69724714756011962891 0.69042044878005981445 0.68359315395355224609 0.67366462945938110352 0.66318821907043457031 0.65846461057662963867 0.66443282365798950195 0.67040109634399414063 0.68946868181228637695 0.7108516693115234375 0.67835402488708496094 0.5457217097282409668 0.41308876872062683105 0.37168028950691223145 0.34639066457748413086 0.28864002227783203125 0.1705633997917175293 0.052486784756183624268
-9999 -5.772899627685546875 -5.772899627685546875 -5.772899627685546875 -3.1144182682037353516 -0.75217539072036743164 0.46980890631675720215 0.45561438798904418945 0.44141924381256103516 0.4291362464427947998 0.41719123721122741699 0.39665997028350830078 0.36017212271690368652 0.32368430495262145996 0.3432222902774810791 0.37265953421592712402 0.38977044820785522461 0.38397428393363952637 0.37817808985710144043 0.44773218035697937012 0.53060102462768554688 0.57582336664199829102 0.55108284950256347656 0.52634298801422119141 0.53112268447875976563 0.54111832380294799805 0.54343801736831665039 0.53149300813674926758 0.51954799890518188477 0.51635342836380004883 0.51470482349395751953 0.49229988455772399902 0.43132048845291137695 0.37034165859222412109 0.3179448544979095459 0.26706421375274658203 0.20341916382312774658 0.11605068296194076538 0.028682811185717582703
-9999 -5.772899627685546875 -5.772899627685546875 -5.772899627685546875 -3.7312042713165283203 -1.3287513256072998047 0.23163372278213500977 0.2270657271146774292 0.22249712049961090088 0.20213608443737030029 0.17898432910442352295 0.16702285408973693848 0.17585927248001098633 0.18469630181789398193 0.24116568267345428467 0.30605232715606689453 0.33321198821067810059 0.29025745391845703125 0.24730353057384490967 0.32369893789291381836 0.4211832582950592041 0.47092175483703613281 0.43192633986473083496 0.39293089509010314941 0.41296857595443725586 0.4434363245964050293 0.45429286360740661621 0.42870244383811950684 0.40311202406883239746 0.37984982132911682129 0.35699889063835144043 0.33905085921287536621 0.33021444082260131836 0.32137802243232727051 0.26335343718528747559 0.19663764536380767822 0.13088095188140869141 0.066904619336128234863 0.0029282728210091590881
-9999 -5.772899627685546875 -5.772899627685546875 -5.772899627685546875 -3.7420780658721923828 -1.3524204492568969727 0.20233131945133209229 0.20544050633907318115 0.20854908227920532227 0.19803971052169799805 0.18512399494647979736 0.18339918553829193115 0.20247164368629455566 0.22154471278190612793 0.25997886061668395996 0.30183333158493041992 0.3167050778865814209 0.28142774105072021484 0.24615038931369781494 0.30630126595497131348 0.38331291079521179199 0.41884589195251464844 0.37729158997535705566 0.33573669195175170898 0.37278825044631958008 0.42372870445251464844 0.4478957056999206543 0.42230528593063354492 0.39671427011489868164 0.36040335893630981445 0.32219803333282470703 0.29068636894226074219 0.27161389589309692383 0.25254145264625549316 0.20602867007255554199 0.1546672433614730835 0.098892785608768463135 0.034916445612907409668 -0.029059289023280143738
