INPUT/RASTER/ASCII/silt.asc
ncols        113
nrows        135
xllcorner    473009.983799999987
yllcorner    4429001.174800000153
cellsize     100.000000000000
NODATA_value  -9999
[rows 34 to 50 of 135, columns 39 to 77 of 113]
0.94522392749786376953 0.98360985517501831055 0.97723346948623657227 0.8876667022705078125 0.79809993505477905273 0.77377676963806152344 0.7609812617301940918 0.73251897096633911133 0.67494100332260131836 0.61736243963241577148 0.58696848154067993164 0.56137806177139282227 0.52459681034088134766 0.46701818704605102539 0.40943962335586547852 0.40079355239868164063 0.40079355239868164063 -9999 -9999 -9999 -9999 -9999 0.65669828653335571289 0.65669828653335571289 0.65669828653335571289 0.65669828653335571289 0.65669828653335571289 -9999 -9999 -9999 -9999 -9999 -9999 -9999 -9999 -9999 -9999 -9999 -9999
0.94522392749786376953 0.98360985517501831055 0.97723346948623657227 0.8876667022705078125 0.79809993505477905273 0.77377676963806152344 0.7609812617301940918 0.73251897096633911133 0.67494100332260131836 0.61736243963241577148 0.58696848154067993164 0.56137806177139282227 0.52459681034088134766 0.46701818704605102539 0.40943962335586547852 0.40079355239868164063 0.40079355239868164063 -9999 -9999 -9999 -9999 -9999 0.65669828653335571289 0.65669828653335571289 0.65669828653335571289 0.65669828653335571289 0.65669828653335571289 -9999 -9999 -9999 -9999 -9999 -9999 -9999 -9999 -9999 -9999 -9999 -9999
0.87199997901916503906 0.90672761201858520508 0.90181183815002441406 0.8232199549674987793 0.74462747573852539063 0.72298824787139892578 0.71141237020492553711 0.68353033065795898438 0.62534224987030029297 0.56715410947799682617 0.53407752513885498047 0.50543892383575439453 0.47030189633369445801 0.42308807373046875 0.37587428092956542969 0.3657926023006439209 0.35514226555824279785 0.30482965707778930664 0.30482965707778930664 0.30482965707778930664 0.22485952079296112061 0.22485952079296112061 0.47027260065078735352 0.58479160070419311523 0.61166387796401977539 0.63696753978729248047 0.71865087747573852539 1.1045309305191040039 1.1045309305191040039 1.1045309305191040039 -9999 -9999 -9999 -9999 -9999 -9999 -9999 -9999 -9999
0.56466180086135864258 0.58403503894805908203 0.58525037765502929688 0.5527210235595703125 0.52019166946411132813 0.50981897115707397461 0.5033614039421081543 0.47791135311126708984 0.41716378927230834961 0.35641682147979736328 0.31208279728889465332 0.27064868807792663574 0.24241155385971069336 0.23870199918746948242 0.23499184846878051758 0.24874159693717956543 0.27561083436012268066 0.30482965707778930664 0.30482965707778930664 0.30482965707778930664 0.22485952079296112061 0.22485952079296112061 0.27679264545440673828 0.37255460023880004883 0.42844250798225402832 0.57098448276519775391 0.82658112049102783203 1.1045309305191040039 1.1045309305191040039 1.1045309305191040039 -9999 -9999 -9999 -9999 -9999 -9999 -9999 -9999 -9999
0.2573229670524597168 0.26134186983108520508 0.26868957281112670898 0.282222747802734375 0.29575648903846740723 0.29664972424507141113 0.29531049728393554688 0.27229237556457519531 0.208985939621925354 0.14568011462688446045 0.090087480843067169189 0.035858474671840667725 0.01452184189110994339 0.054315935820341110229 0.094109416007995605469 0.1646976768970489502 0.2471113353967666626 0.30482965707778930664 0.30482965707778930664 0.30482965707778930664 0.22485952079296112061 0.22485952079296112061 0.22961054742336273193 0.24238410592079162598 0.25408139824867248535 0.52360713481903076172 0.86525684595108032227 1.1045309305191040039 1.1045309305191040039 1.1045309305191040039 -9999 -9999 -9999 -9999 -9999 -9999 -9999 -9999 -9999
0.25216561555862426758 0.23516267538070678711 0.22314690053462982178 0.22039890289306640625 0.21765090525150299072 0.21723785996437072754 0.21723785996437072754 0.20278768241405487061 0.16148231923580169678 0.12017694860696792603 0.085914239287376403809 0.052895568311214447021 0.03941915556788444519 0.06226218491792678833 0.085104607045650482178 0.15884964168071746826 0.24158911406993865967 0.30534824728965759277 0.35132777690887451172 0.47408160567283630371 0.3477878272533416748 0.27760347723960876465 0.24699419736862182617 0.22926156222820281982 0.21152831614017486572 0.42502948641777038574 0.67938882112503051758 0.8447634577751159668 0.8447634577751159668 0.8447634577751159668 -9999 -9999 -9999 -9999 -9999 -9999 -9999 -9999 -9999
0.35414716601371765137 0.31411266326904296875 0.27369382977485656738 0.23256050050258636475 0.1914265751838684082 0.1852502971887588501 0.1852502971887588501 0.18154257535934448242 0.17094594240188598633 0.16034871339797973633 0.1589692234992980957 0.1592181473970413208 0.15394301712512969971 0.13839951157569885254 0.1228566095232963562 0.17561461031436920166 0.24044086039066314697 0.30597972869873046875 0.38601025938987731934 0.49337857961654663086 0.41864150762557983398 0.33501735329627990723 0.28000798821449279785 0.24692098796367645264 0.21383397281169891357 0.30541718006134033203 0.41902893781661987305 0.49289476871490478516 0.49289476871490478516 0.49289476871490478516 -9999 -9999 -9999 -9999 -9999 -9999 -9999 -9999 -9999
0.42439129948616027832 0.37778761982917785645 0.32244148850440979004 0.25084835290908813477 0.17925521731376647949 0.1726494133472442627 0.17752735316753387451 0.18069572746753692627 0.18068717420101165771 0.18067863583564758301 0.20138867199420928955 0.22576005756855010986 0.22764474153518676758 0.18773898482322692871 0.14783324301242828369 0.18999949097633361816 0.24666778743267059326 0.31431034207344055176 0.40234813094139099121 0.49038654565811157227 0.43629053235054016113 0.35708063840866088867 0.2922604978084564209 0.25418388843536376953 0.21610729396343231201 0.21498894691467285156 0.22081074118614196777 0.22485952079296112061 0.22485952079296112061 0.22485952079296112061 -9999 -9999 -9999 -9999 -9999 -9999 -9999 -9999 -9999
0.39316335320472717285 0.39262276887893676758 0.36543443799018859863 0.288722991943359375 0.21201153099536895752 0.22203586995601654053 0.24738588929176330566 0.24506437778472900391 0.19131614267826080322 0.13756729662418365479 0.14585827291011810303 0.16511133313179016113 0.17083063721656799316 0.15139697492122650146 0.13196392357349395752 0.19677735865116119385 0.27647659182548522949 0.3474553227424621582 0.4022261202335357666 0.45699632167816162109 0.38920608162879943848 0.29975950717926025391 0.23813214898109436035 0.22820483148097991943 0.21827812492847442627 0.21845261752605438232 0.22154593467712402344 0.22485952079296112061 0.22485952079296112061 0.22485952079296112061 -9999 -9999 -9999 -9999 -9999 -9999 -9999 -9999 -9999
0.36193600296974182129 0.40745791792869567871 0.40842679142951965332 0.32659763097763061523 0.24476847052574157715 0.27142232656478881836 0.31724444031715393066 0.3094330132007598877 0.20194450020790100098 0.09445657581090927124 0.090327873826026916504 0.10446321964263916016 0.11401653289794921875 0.11505557596683502197 0.11609461158514022827 0.20355522632598876953 0.30628600716590881348 0.38060027360916137695 0.40210348367691040039 0.42360606789588928223 0.34212100505828857422 0.24243840575218200684 0.18400381505489349365 0.20222637057304382324 0.22044894099235534668 0.2232707589864730835 0.22356911003589630127 0.22485952079296112061 0.22485952079296112061 0.22485952079296112061 -9999 -9999 -9999 -9999 -9999 -9999 -9999 -9999 -9999
0.3035075068473815918 0.36864307522773742676 0.39048793911933898926 0.33187887072563171387 0.27326917648315429688 0.29225194454193115234 0.33408507704734802246 0.31269046664237976074 0.18188180029392242432 0.082533545792102813721 0.077304780483245849609 0.086321800947189331055 0.090456604957580566406 0.085518874228000640869 0.080581143498420715332 0.16584593057632446289 0.26704835891723632813 0.332035064697265625 0.32971659302711486816 0.32739812135696411133 0.26735278964042663574 0.19710804522037506104 0.16369463503360748291 0.19873097538948059082 0.23376733064651489258 0.23902842402458190918 0.23902842402458190918 -9999 -9999 -9999 -9999 -9999 -9999 -9999 -9999 -9999 -9999 -9999 -9999
0.23543541133403778076 0.31080701947212219238 0.35094523429870605469 0.32560375332832336426 0.30026164650917053223 0.30626952648162841797 0.33005276322364807129 0.26689398288726806641 0.136383056640625 0.081631168723106384277 0.079352967441082000732 0.083251655101776123047 0.078687325119972229004 0.05839583277702331543 0.038103729486465454102 0.11236310005187988281 0.20332947373390197754 0.25449931621551513672 0.23170876502990722656 0.20891760289669036865 0.18276953697204589844 0.15602841973304748535 0.15537558495998382568 0.20320744812488555908 0.25103870034217834473 0.25822168588638305664 0.25822168588638305664 -9999 -9999 -9999 -9999 -9999 -9999 -9999 -9999 -9999 -9999 -9999 -9999
0.2005039900541305542 0.26233330368995666504 0.29848009347915649414 0.28689566254615783691 0.27531126141548156738 0.25183796882629394531 0.17447733879089355469 -0.02594155631959438324 0.058518465608358383179 0.07909488677978515625 0.063772238790988922119 0.045061580836772918701 0.023750571534037590027 -0.0045792981982231140137 -0.032909169793128967285 0.03092623688280582428 0.11104705929756164551 0.14992292225360870361 0.11214711517095565796 0.074370697140693664551 0.080352962017059326172 0.09406732022762298584 0.12477789074182510376 0.19045647978782653809 0.26163533329963684082 0.27284148335456848145 0.27284148335456848145 -9999 -9999 -9999 -9999 -9999 -9999 -9999 -9999 -9999 -9999 0.5767281651496887207 0.5767281651496887207
0.27153214812278747559 0.24379470944404602051 0.20469920337200164795 0.14449281990528106689 0.08428703993558883667 0.02113741263747215271 -0.080479897558689117432 -0.15231768786907196045 -0.042909093201160430908 0.064868025481700897217 -0.043116535991430282593 -0.12766502797603607178 -0.1692034602165222168 -0.18217957019805908203 -0.19515506923198699951 -0.13988763093948364258 -0.072562322020530700684 -0.041109841316938400269 -0.076327398419380187988 -0.11154434084892272949 -0.079080276191234588623 -0.034657783806324005127 0.015366863459348678589 0.097865335643291473389 0.24152870476245880127 0.27284148335456848145 0.27284148335456848145 -9999 -9999 -9999 -9999 -9999 -9999 -9999 -9999 -9999 -9999 0.5767281651496887207 0.5767281651496887207
0.34255969524383544922 0.22525671124458312988 0.11091832071542739868 0.002089963061735033989 -0.10673778504133224487 -0.1445087045431137085 -0.17184224724769592285 -0.18590803444385528564 -0.15817181766033172607 -0.015163723379373550415 -0.28799208998680114746 -0.34723508358001708984 -0.36215811967849731445 -0.35977923870086669922 -0.35740098357200622559 -0.31070211529731750488 -0.25617170333862304688 -0.23214320838451385498 -0.26480129361152648926 -0.29745876789093017578 -0.23851351439952850342 -0.16338288784027099609 -0.10804711282253265381 -0.072145000100135803223 0.12601888179779052734 0.27284148335456848145 0.27284148335456848145 -9999 -9999 -9999 -9999 -9999 -9999 -9999 -9999 -9999 -9999 0.5767281651496887207 0.5767281651496887207
0.36285057663917541504 0.22965997457504272461 0.10979325324296951294 0.014687796123325824738 -0.080418273806571960449 -0.12100797146558761597 -0.15196564793586730957 -0.17515827715396881104 -0.18930460512638092041 -0.22707003355026245117 -0.3597908318042755127 -0.41119498014450073242 -0.42154511809349060059 -0.4000339806079864502 -0.3785228431224822998 -0.33500760793685913086 -0.28760528564453125 -0.2527751624584197998 -0.24131153523921966553 -0.22984731197357177734 -0.18634550273418426514 -0.13718234002590179443 -0.10521858185529708862 -0.10521858185529708862 -0.10521858185529708862 -9999 -9999 -9999 -9999 -9999 -9999 -9999 -9999 -9999 -9999 -9999 -9999 0.47754403948783874512 0.47754403948783874512
0.36515197157859802246 0.24219740927219390869 0.14151968061923980713 0.082240685820579528809 0.022961681708693504333 -0.040520459413528442383 -0.10474573075771331787 -0.15589971840381622314 -0.18805079162120819092 -0.23118470609188079834 -0.32802596688270568848 -0.40716081857681274414 -0.43357613682746887207 -0.39159229397773742676 -0.34960848093032836914 -0.30736961960792541504 -0.26508501172065734863 -0.21299204230308532715 -0.14266979694366455078 -0.072348169982433319092 -0.05915363505482673645 -0.056053597480058670044 -0.054037749767303466797 -0.054037749767303466797 -0.054037749767303466797 -9999 -9999 -9999 -9999 -9999 -9999 -9999 -9999 -9999 -9999 -9999 -9999 0.34319421648979187012 0.34319421648979187012
