INPUT/RASTER/ASCII/silt.asc
ncols        113
nrows        135
xllcorner    473009.983799999987
yllcorner    4429001.174800000153
cellsize     100.000000000000
NODATA_value  -9999
[rows 68 to 84 of 135, columns 39 to 77 of 113]
-0.079193145036697387695 -0.089240662753582000732 -0.089656159281730651855 -0.072172455489635467529 -0.054688140749931335449 -0.047450244426727294922 -0.042023196816444396973 -0.044740684330463409424 -0.062593512237071990967 -0.080446951091289520264 -0.093745812773704528809 -0.10624054074287414551 -0.11311113834381103516 -0.10953032225370407104 -0.10594889521598815918 -0.080503694713115692139 -0.051194574683904647827 -0.032373480498790740967 -0.033043395727872848511 -0.033713310956954956055 -0.031223397701978683472 -0.028174608945846557617 -0.045164112001657485962 -0.099393732845783233643 -0.15362273156642913818 -0.17346456646919250488 -0.18723018467426300049 -0.19100318849086761475 -0.16235727071762084961 -0.0042455606162548065186 0.11290122568607330322 0.11290122568607330322 0.17687757313251495361 0.17687757313251495361 0.17687757313251495361 -0.1696195751428604126 -0.22526344656944274902 -0.24685694277286529541 -0.26628205180168151855
-0.10566641390323638916 -0.098109416663646697998 -0.090041756629943847656 -0.081025347113609313965 -0.072008334100246429443 -0.058174997568130493164 -0.043490543961524963379 -0.040657740086317062378 -0.059850398451089859009 -0.079043053090572357178 -0.095024637877941131592 -0.1104388013482093811 -0.12651433050632476807 -0.14381805062294006348 -0.16112177073955535889 -0.13011345267295837402 -0.09056828916072845459 -0.061553250998258590698 -0.052107319235801696777 -0.042661383748054504395 -0.040622349828481674194 -0.039892032742500305176 -0.063526391983032226563 -0.13243985176086425781 -0.20135392248630523682 -0.21232272684574127197 -0.2130524367094039917 -0.2022282332181930542 -0.1500956118106842041 -0.010914212092757225037 0.032931100577116012573 0.032931100577116012573 0.026216691359877586365 0.0070240329951047897339 -0.012168626300990581512 -0.16496676206588745117 -0.25204482674598693848 -0.27986219525337219238 -0.2633406519889831543
-0.141750335693359375 -0.1239573061466217041 -0.11102512478828430176 -0.10712643712759017944 -0.10322774946689605713 -0.087988078594207763672 -0.07074476778507232666 -0.066248156130313873291 -0.085440814495086669922 -0.10463347285985946655 -0.11626547574996948242 -0.12656192481517791748 -0.13841418921947479248 -0.15315903723239898682 -0.167903900146484375 -0.12781207263469696045 -0.078030861914157867432 -0.037884116172790527344 -0.015642669051885604858 0.0065987766720354557037 0.0040344269946217536926 -0.0029124405700713396072 -0.036909747868776321411 -0.12117758393287658691 -0.20544603466987609863 -0.21219582855701446533 -0.20524835586547851563 -0.17698436975479125977 -0.095737256109714508057 0.01326315663754940033 0.032931100577116012573 0.032931100577116012573 0.026216691359877586365 0.0070240329951047897339 -0.012168626300990581512 -0.065115764737129211426 -0.16593563556671142578 -0.25598073005676269531 -0.21632087230682373047
-0.16673734784126281738 -0.14358559250831604004 -0.1261873096227645874 -0.11948022246360778809 -0.1127737388014793396 -0.095455989241600036621 -0.07626333087682723999 -0.070925973355770111084 -0.091337658464908599854 -0.11174995452165603638 -0.12698778510093688965 -0.14131166040897369385 -0.15360748767852783203 -0.16213457286357879639 -0.1706622689962387085 -0.12404638528823852539 -0.067687436938285827637 -0.020493762567639350891 0.0096652582287788391113 0.039824277162551879883 0.035551581531763076782 0.025194734334945678711 -0.013617059215903282166 -0.10531376302242279053 -0.19700984656810760498 -0.20145948231220245361 -0.19049373269081115723 -0.15373621881008148193 -0.069047398865222930908 0.015641419216990470886 0.027322236448526382446 0.026102598756551742554 0.020515086129307746887 0.0068098795600235462189 -0.0068959374912083148956 -0.015225345268845558167 -0.037547938525676727295 -0.15212793648242950439 -0.15638598799705505371
-0.15624321997165679932 -0.14332811534404754639 -0.12273705750703811646 -0.087880693376064300537 -0.053024943917989730835 -0.031479649245738983154 -0.012286989949643611908 -0.0087403412908315658569 -0.034270353615283966064 -0.059800978749990463257 -0.10407886654138565063 -0.15167033672332763672 -0.17932847142219543457 -0.16994293034076690674 -0.160556793212890625 -0.11560044437646865845 -0.0643598213791847229 -0.023179527372121810913 -0.00069769175024703145027 0.021783532574772834778 0.025057457387447357178 0.024937262758612632751 -0.00095272343605756759644 -0.074736192822456359863 -0.14851905405521392822 -0.15680330991744995117 -0.15351413190364837646 -0.12891028821468353271 -0.064693555235862731934 -0.0004774371336679905653 0.0037800054997205734253 -0.0025579587090760469437 -0.0034157924819737672806 0.005910557229071855545 0.015236296691000461578 -0.015808014199137687683 -0.07674106210470199585 -0.14499925076961517334 -0.14867950975894927979
-0.145749703049659729 -0.14307065308094024658 -0.11928681284189224243 -0.056281175464391708374 0.0067244619131088256836 0.032496083527803421021 0.051688741892576217651 0.053445287048816680908 0.022796949371695518494 -0.0078513910993933677673 -0.081170558929443359375 -0.16202902793884277344 -0.20505005121231079102 -0.17775069177150726318 -0.1504513174295425415 -0.10715511441230773926 -0.061032205820083618164 -0.025865292176604270935 -0.011060641147196292877 0.0037433980032801628113 0.014563330449163913727 0.024679791182279586792 0.011711002327501773834 -0.044158626347780227661 -0.10002826154232025146 -0.1121465340256690979 -0.11653454601764678955 -0.1040843576192855835 -0.060340326279401779175 -0.0165956839919090271 -0.019762834534049034119 -0.03121790662407875061 -0.027346670627593994141 0.0050112348981201648712 0.037368532270193099976 -0.016227168962359428406 -0.090785495936870574951 -0.14326040446758270264 -0.14395289123058319092
-0.11494517326354980469 -0.13194809854030609131 -0.12036611884832382202 -0.055660068988800048828 0.0090453727170825004578 0.023834159597754478455 0.029802387580275535583 0.027118453755974769592 0.0083547122776508331299 -0.010408419184386730194 -0.047599114477634429932 -0.088046044111251831055 -0.11306598782539367676 -0.10941623151302337646 -0.10576646775007247925 -0.073582448065280914307 -0.036355756223201751709 -0.021555377170443534851 -0.048434372991323471069 -0.075312763452529907227 -0.066869258880615234375 -0.05218480527400970459 -0.059881512075662612915 -0.10917340219020843506 -0.15846468508243560791 -0.13277114927768707275 -0.093826964497566223145 -0.060365952551364898682 -0.037094008177518844604 -0.013822671025991439819 -0.016385190188884735107 -0.023512654006481170654 -0.02397085726261138916 -0.012034398503601551056 -9.7330121207050979137e-05 -0.031437549740076065063 -0.070424452424049377441 -0.11229540407657623291 -0.15952567756175994873
-0.076939962804317474365 -0.11697444319725036621 -0.12305188179016113281 -0.066023014485836029053 -0.0089941527694463729858 -0.010582304559648036957 -0.02252730540931224823 -0.030590698122978210449 -0.031441211700439453125 -0.032291114330291748047 -0.010247956961393356323 0.015840319916605949402 0.020649923011660575867 -0.014085634611546993256 -0.048821803182363510132 -0.031100152060389518738 -0.0041101132519543170929 -0.014765311963856220245 -0.09538399428129196167 -0.17600207030773162842 -0.17345358431339263916 -0.15621027350425720215 -0.16134811937808990479 -0.20808054506778717041 -0.25481358170509338379 -0.17654019594192504883 -0.076179742813110351563 -0.0099496068432927131653 -0.0071503594517707824707 -0.0043505020439624786377 -0.0034633821342140436172 -0.002913660835474729538 -0.010913602076470851898 -0.034803602844476699829 -0.058693602681159973145 -0.051918178796768188477 -0.039724249392747879028 -0.07070083916187286377 -0.18190746009349822998
-0.04277791827917098999 -0.092429779469966888428 -0.11064624041318893433 -0.070440314710140228271 -0.030233776196837425232 -0.039726078510284423828 -0.058000501245260238647 -0.066045589745044708252 -0.055079229176044464111 -0.044112868607044219971 0.013450465165078639984 0.079247415065765380859 0.10348396748304367065 0.050482530146837234497 -0.0025195209309458732605 0.0037598714698106050491 0.02051386609673500061 -0.0062119890935719013214 -0.11374323070049285889 -0.22127446532249450684 -0.22059296071529388428 -0.20079018175601959229 -0.20571509003639221191 -0.25659573078155517578 -0.30747577548027038574 -0.21390111744403839111 -0.094802550971508026123 -0.017366269603371620178 -0.017357727512717247009 -0.01734918542206287384 -0.0072473688051104545593 0.0046372292563319206238 -0.0031943176873028278351 -0.047668058425188064575 -0.092142410576343536377 -0.055843714624643325806 -0.0052723987028002738953 -0.023867135867476463318 -0.17100332677364349365
-0.020903155207633972168 -0.037288025021553039551 -0.049989581108093261719 -0.055846154689788818359 -0.061702121049165725708 -0.052014578133821487427 -0.039580259472131729126 -0.030345428735017776489 -0.027056252583861351013 -0.02376768551766872406 -0.0065030180849134922028 0.013231430202722549438 0.023634038865566253662 0.016695102676749229431 0.0097567765042185783386 0.014253998175263404846 0.020771948620676994324 0.0079813171178102493286 -0.040691904723644256592 -0.089365735650062561035 -0.077670887112617492676 -0.055309247225522994995 -0.067522704601287841797 -0.14399376511573791504 -0.22046421468257904053 -0.23077225685119628906 -0.22938911616802215576 -0.20968699455261230469 -0.1559381633996963501 -0.10218992829322814941 -0.06444584578275680542 -0.029529694467782974243 -0.012538971379399299622 -0.028864048421382904053 -0.045188516378402709961 -0.0068373656831681728363 0.041174482554197311401 0.03971689566969871521 -0.053680218756198883057
0.00097160646691918373108 0.017854336649179458618 0.010667691007256507874 -0.041251998394727706909 -0.093171082437038421631 -0.064303077757358551025 -0.021160017699003219604 0.0053547346033155918121 0.00096672546351328492165 -0.0034218938089907169342 -0.026455890387296676636 -0.052784554660320281982 -0.056215282529592514038 -0.017091713845729827881 0.022032463923096656799 0.024747513234615325928 0.021029420197010040283 0.022174622863531112671 0.032358806580305099487 0.042543601244688034058 0.065251179039478302002 0.090172290802001953125 0.070669688284397125244 -0.031391791999340057373 -0.13345265388488769531 -0.24764278531074523926 -0.36397567391395568848 -0.40200772881507873535 -0.29451918601989746094 -0.18703067302703857422 -0.12164432555437088013 -0.063696615397930145264 -0.021884234622120857239 -0.010059428401291370392 0.0017653773538768291473 0.042168375104665756226 0.087621971964836120605 0.10330031812191009521 0.063643507659435272217
-0.0093583967536687850952 -0.0026598493568599224091 -0.014077092520892620087 -0.059160958975553512573 -0.10424482077360153198 -0.067519038915634155273 -0.016338210552930831909 0.013377250172197818756 0.0032009982969611883163 -0.0069752535782754421234 -0.015435838140547275543 -0.023594411090016365051 -0.018263150006532669067 0.012136259116232395172 0.042535670101642608643 0.015975156798958778381 -0.020649954676628112793 -0.036170888692140579224 -0.01246941741555929184 0.011231445707380771637 0.034932918846607208252 0.058633781969547271729 0.035334378480911254883 -0.075313977897167205811 -0.1859623342752456665 -0.29069980978965759277 -0.39439275860786437988 -0.42523390054702758789 -0.320682525634765625 -0.21613050997257232666 -0.15569472312927246094 -0.10305447131395339966 -0.059470899403095245361 -0.032721251249313354492 -0.0059716003015637397766 0.0473422221839427948 0.1053503379225730896 0.12882484495639801025 0.088120445609092712402
-0.031106254085898399353 -0.049998119473457336426 -0.069100484251976013184 -0.08859393000602722168 -0.1080873832106590271 -0.067519038915634155273 -0.016338210552930831909 0.011587147600948810577 -0.0037074317224323749542 -0.019001400098204612732 0.0065652197226881980896 0.039352044463157653809 0.061455603688955307007 0.063705131411552429199 0.065955266356468200684 0.00037124482332728803158 -0.077198043465614318848 -0.1202349439263343811 -0.099092938005924224854 -0.077950932085514068604 -0.056808322668075561523 -0.035666316747665405273 -0.061524577438831329346 -0.17473240196704864502 -0.28794023394584655762 -0.3430417180061340332 -0.38787665963172912598 -0.38850814104080200195 -0.30698767304420471191 -0.22546723484992980957 -0.18153893947601318359 -0.1442524641752243042 -0.10707091540098190308 -0.070085220038890838623 -0.033099528402090072632 0.036975000053644180298 0.11289634555578231812 0.14085586369037628174 0.079678773880004882813
-0.054745491594076156616 -0.090692147612571716309 -0.11171700805425643921 -0.10501052439212799072 -0.098303437232971191406 -0.057946201413869857788 -0.011643309146165847778 0.011107590049505233765 -0.0099148293957114219666 -0.030936639755964279175 0.013022158294916152954 0.068462260067462921143 0.0975797995924949646 0.077777020633220672607 0.057974845170974731445 -0.031208753585815429688 -0.13265156745910644531 -0.1933851093053817749 -0.17845964431762695313 -0.16353480517864227295 -0.14239218831062316895 -0.12015135586261749268 -0.14277778565883636475 -0.24878920614719390869 -0.35480064153671264648 -0.37071937322616577148 -0.37071937322616577148 -0.34833821654319763184 -0.28436186909675598145 -0.22038613259792327881 -0.19214044511318206787 -0.17020833492279052734 -0.13793584704399108887 -0.086445689201354980469 -0.034955523908138275146 0.040084801614284515381 0.11928678303956985474 0.14584240317344665527 0.074558615684509277344
-0.084431670606136322021 -0.11014227569103240967 -0.11466451734304428101 -0.079808153212070465088 -0.044952400028705596924 -0.017765900120139122009 0.0080649033188819885254 0.014818971976637840271 -0.013880022801458835602 -0.042579017579555511475 -0.030219743028283119202 -0.010606099851429462433 -0.005676910746842622757 -0.028038552030920982361 -0.050400193780660629272 -0.11387073993682861328 -0.18460541963577270508 -0.231639862060546875 -0.23462824523448944092 -0.23761662840843200684 -0.20828981697559356689 -0.17325346171855926514 -0.1741320490837097168 -0.24175815284252166748 -0.30938363075256347656 -0.31953853368759155273 -0.31953853368759155273 -0.29715737700462341309 -0.2331810295581817627 -0.16920529305934906006 -0.15400832891464233398 -0.14742998778820037842 -0.11529294401407241821 -0.035653505474328994751 0.043985933065414428711 0.086282752454280853271 0.12198047339916229248 0.12830929458141326904 0.08005704730749130249
-0.11411845684051513672 -0.12959301471710205078 -0.11761201918125152588 -0.054606385529041290283 0.0083992518484592437744 0.022413790225982666016 0.027772506698966026306 0.018530964851379394531 -0.017845217138528823853 -0.054221395403146743774 -0.073462255299091339111 -0.089675068855285644531 -0.10893423110246658325 -0.13385473191738128662 -0.15877522528171539307 -0.19653272628784179688 -0.23655867576599121094 -0.26989459991455078125 -0.29079622030258178711 -0.31169784069061279297 -0.27418744564056396484 -0.22635558247566223145 -0.20548690855503082275 -0.23472708463668823242 -0.26396664977073669434 -0.26835769414901733398 -0.26835769414901733398 -0.24597653746604919434 -0.18200020492076873779 -0.11802446842193603516 -0.11587560921907424927 -0.1246522367000579834 -0.092649422585964202881 0.01513928733766078949 0.12292800098657608032 0.13248009979724884033 0.1246747821569442749 0.11077616363763809204 0.085554875433444976807
-0.10120396316051483154 -0.10077443718910217285 -0.082485370337963104248 -0.031003752723336219788 0.020477259531617164612 0.021785974502563476563 0.014228982850909233093 -0.008078357204794883728 -0.057799160480499267578 -0.10751996934413909912 -0.12067911028861999512 -0.12737704813480377197 -0.13407559692859649658 -0.14077353477478027344 -0.14747147262096405029 -0.1740563809871673584 -0.2041556239128112793 -0.23465996980667114258 -0.26591780781745910645 -0.29717627167701721191 -0.24553054571151733398 -0.17923572659492492676 -0.14020429551601409912 -0.15183995664119720459 -0.16347622871398925781 -0.1796731799840927124 -0.19667610526084899902 -0.18468840420246124268 -0.11882311850786209106 -0.052957829087972640991 -0.042702872306108474731 -0.04227334633469581604 -0.016248522326350212097 0.057345807552337646484 0.1309401392936706543 0.12407503277063369751 0.10299281775951385498 0.083893507719039916992 0.06847934424877166748
