INPUT/RASTER/ASCII/silt.asc
ncols        113
nrows        135
xllcorner    473009.983799999987
yllcorner    4429001.174800000153
cellsize     100.000000000000
NODATA_value  -9999
[rows 0 to 16 of 135, columns 0 to 38 of 113]
-9999.0 -9999 -9999 -9999 -9999 -9999 -9999 -9999 -9999 -9999 -9999 -9999 -9999 -9999 -9999 -9999 -9999 -9999 -9999 -5.772899627685546875 -5.772899627685546875 -4.841838836669921875 -2.1804332733154296875 0.48097234964370727539 0.81537133455276489258 0.73860007524490356445 -0.2155167311429977417 -2.8001513481140136719 -5.3847856521606445313 -3.4893884658813476563 -0.80239218473434448242 0.93787622451782226563 0.91868358850479125977 0.89949089288711547852 -1.3705921173095703125 -4.0383954048156738281 -5.772899627685546875 -5.772899627685546875 -5.772899627685546875
-9999 -9999 -9999 -9999 -9999 -9999 -9999 -9999 -9999 -9999 -9999 -9999 -9999 -9999 -9999 -9999 -9999 -9999 -9999 -5.1144266128540039063 -5.1144266128540039063 -4.2744426727294921875 -1.8733779191970825195 0.52768707275390625 0.82402896881103515625 0.74847674369812011719 -0.11910255253314971924 -2.4586386680603027344 -4.7981748580932617188 -3.0794479846954345703 -0.64364719390869140625 0.93031740188598632813 0.9025891423225402832 0.87486022710800170898 -1.1794018745422363281 -3.5917420387268066406 -5.1695098876953125 -5.2217926979064941406 -5.5269484519958496094
-9999 -9999 -9999 -9999 -9999 -9999 -9999 -9999 -9999 -9999 -9999 -9999 -9999 -9999 -9999 -9999 -9999 -9999 -9999 -2.3506588935852050781 -2.3506588935852050781 -1.8929475545883178711 -0.58459454774856567383 0.72375881671905517578 0.86036610603332519531 0.78993284702301025391 0.28557169437408447266 -1.0252288579940795898 -2.336029052734375 -1.3588320016860961914 0.022642588242888450623 0.89859098196029663086 0.83503562211990356445 0.77148085832595825195 -0.37693163752555847168 -1.7170321941375732422 -2.8258116245269775391 -3.7589819431304931641 -5.4089808464050292969
-9999 -9999 -9999 -9999 -9999 -9999 -9999 -9999 -9999 -9999 -9999 -9999 -9999 -9999 -9999 -9999 -9999 -9999 -9999 0.41310828924179077148 0.41310828924179077148 0.4885482490062713623 0.70418912172317504883 0.91983062028884887695 0.89670383930206298828 0.83138829469680786133 0.6902453303337097168 0.40818092226982116699 0.12611649930477142334 0.36178407073020935059 0.68893295526504516602 0.86686456203460693359 0.767482757568359375 0.66810089349746704102 0.42553895711898803711 0.15767759084701538086 -0.74838709831237792969 -2.96588897705078125 -5.3894009590148925781
-9999 -9999 -9999 -9999 -9999 -9999 -9999 -9999 -9999 -9999 -9999 -9999 -9999 -9999 -9999 -9999 -5.772899627685546875 -5.772899627685546875 -5.772899627685546875 -1.4265236854553222656 0.42264267802238464355 1.0450193881988525391 0.98598080873489379883 0.9269421696662902832 0.86531299352645874023 0.80322623252868652344 0.75640106201171875 0.73793810606002807617 0.71947515010833740234 0.7505652308464050293 0.79041057825088500977 0.78091216087341308594 0.6797097325325012207 0.57850730419158935547 0.60468953847885131836 0.65337985754013061523 0.056948009878396987915 -1.7384221553802490234 -3.5337922573089599609
-9999 -9999 -9999 -9999 -9999 -9999 -9999 -9999 -9999 -9999 -9999 -9999 -9999 -9999 -9999 -9999 -5.772899627685546875 -5.772899627685546875 -5.772899627685546875 -2.9038159847259521484 -0.35443884134292602539 0.9544270634651184082 0.91074281930923461914 0.86705857515335083008 0.80990952253341674805 0.75038158893585205078 0.70253443717956542969 0.67639434337615966797 0.65025418996810913086 0.66714304685592651367 0.69163399934768676758 0.67573416233062744141 0.58476775884628295898 0.49380141496658325195 0.56284117698669433594 0.66015344858169555664 0.46328181028366088867 -0.28032162785530090332 -1.0239244699478149414
-9999 -9999 -9999 -9999 -9999 -9999 -9999 -9999 -9999 -9999 -9999 -9999 -9999 -9999 -9999 -9999 -5.1433873176574707031 -5.1433873176574707031 -5.1433873176574707031 -3.0855166912078857422 -0.66403108835220336914 0.89828288555145263672 0.8638560175895690918 0.82942920923233032227 0.77480912208557128906 0.71662098169326782227 0.66589224338531494141 0.62902677059173583984 0.59216064214706420898 0.60008984804153442383 0.61593353748321533203 0.59991168975830078125 0.52466875314712524414 0.44942590594291687012 0.54971194267272949219 0.68101358413696289063 0.78844350576400756836 0.85150897502899169922 0.91457498073577880859
-9999 -9999 -9999 -9999 -9999 -9999 -9999 -9999 -9999 -9999 -9999 -9999 -9999 -9999 -9999 -9999 -2.5011744499206542969 -2.5011744499206542969 -2.5011744499206542969 -1.3219121694564819336 0.065719753503799438477 0.95228064060211181641 0.90761715173721313477 0.86295425891876220703 0.80462217330932617188 0.74387520551681518555 0.6843204498291015625 0.62698286771774291992 0.56964462995529174805 0.58537304401397705078 0.61401224136352539063 0.61794751882553100586 0.5759722590446472168 0.53399693965911865234 0.62840443849563598633 0.74691057205200195313 0.85407876968383789063 0.94017636775970458984 1.0262733697891235352
-9999 -9999 -9999 -9999 -9999 -9999 -9999 -9999 -9999 -9999 -9999 -9999 -9999 -9999 -9999 -9999 0.14103829860687255859 0.14103829860687255859 0.14103829860687255859 0.44169259071350097656 0.79547029733657836914 1.0062777996063232422 0.95137888193130493164 0.8964793086051940918 0.83443588018417358398 0.77112942934036254883 0.7027492523193359375 0.62493896484375 0.5471286773681640625 0.57065683603286743164 0.61209034919738769531 0.63598340749740600586 0.62727510929107666016 0.61856740713119506836 0.70709758996963500977 0.81280821561813354492 0.91971468925476074219 1.0288431644439697266 1.1379717588424682617
-9999 -9999 -9999 -9999 -9999 -9999 -9999 -9999 -9999 -9999 -9999 -9999 -9999 -9999 -9999 -9999 0.87986260652542114258 0.87986260652542114258 0.87986260652542114258 0.93769866228103637695 1.0057537555694580078 1.0265527963638305664 0.95952826738357543945 0.8925043940544128418 0.82807046175003051758 0.76409411430358886719 0.70463937520980834961 0.65358728170394897461 0.60253518819808959961 0.60402756929397583008 0.61480480432510375977 0.6363518834114074707 0.67791473865509033203 0.71947759389877319336 0.79665458202362060547 0.8801243901252746582 0.97269660234451293945 1.0821857452392578125 1.1916748285293579102
-9999 -9999 -9999 -9999 -9999 -9999 -9999 -9999 -9999 -9999 -9999 -9999 -9999 -9999 -9999 -9999 0.94383895397186279297 0.94383895397186279297 0.94383895397186279297 0.98427671194076538086 1.0318596363067626953 1.0348718166351318359 0.95505243539810180664 0.87523239850997924805 0.80887717008590698242 0.74490141868591308594 0.70066565275192260742 0.69311720132827758789 0.68556874990463256836 0.65444815158843994141 0.61916291713714599609 0.63045752048492431641 0.72831887006759643555 0.82618087530136108398 0.89006388187408447266 0.94794327020645141602 1.0211915969848632813 1.1230036020278930664 1.2248162031173706055
-9999 -9999 -9999 -9999 -9999 -9999 -9999 -9999 -9999 -9999 -9999 -9999 -9999 -9999 -9999 -9999 0.9956213831901550293 0.9956213831901550293 0.9956213831901550293 1.0093338489532470703 1.0254698991775512695 1.0073997974395751953 0.92575979232788085938 0.84411913156509399414 0.79199874401092529297 0.74509423971176147461 0.71779179573059082031 0.72692048549652099609 0.73604917526245117188 0.69315809011459350586 0.64107549190521240234 0.65751832723617553711 0.8013140559196472168 0.94511044025421142578 0.99621564149856567383 1.0309432744979858398 1.0875200033187866211 1.1847035884857177734 1.281887054443359375
-9999 -9999 -9999 -9999 -9999 -9999 -9999 -9999 -9999 -9999 -9999 -9999 -9999 -9999 -9999 -9999 1.008416295051574707 1.008416295051574707 1.008416295051574707 0.96558499336242675781 0.91518634557723999023 0.86549603939056396484 0.81712299585342407227 0.76874995231628417969 0.78251862525939941406 0.80726706981658935547 0.80237936973571777344 0.74241399765014648438 0.68244796991348266602 0.69442528486251831055 0.71911334991455078125 0.7899468541145324707 0.94653815031051635742 1.1031293869018554688 1.1431071758270263672 1.162480473518371582 1.210865020751953125 1.3131662607192993164 1.4154682159423828125
-9999 -9999 -9999 -9999 -9999 -9999 -9999 -9999 -9999 -9999 -9999 -9999 -9999 -9999 -9999 -9999 1.0212117433547973633 1.0212117433547973633 1.0212117433547973633 0.92183667421340942383 0.80490219593048095703 0.72359168529510498047 0.70848619937896728516 0.69338077306747436523 0.77303850650787353516 0.86943989992141723633 0.88696688413619995117 0.75790745019912719727 0.62884736061096191406 0.69569194316864013672 0.79715180397033691406 0.92237544059753417969 1.0917615890502929688 1.2611477375030517578 1.2899986505508422852 1.2940175533294677734 1.3342100381851196289 1.4416296482086181641 1.5490492582321166992
-9999 -9999 -9999 -9999 -9999 -9999 -9999 -9999 -9999 -9999 -9999 -9999 -9999 -9999 0.75266224145889282227 0.75266224145889282227 0.85428625345230102539 0.98122060298919677734 1.0334312915802001953 0.93739849328994750977 0.81816262006759643555 0.73377525806427001953 0.71415305137634277344 0.69453084468841552734 0.72683322429656982422 0.76831066608428955078 0.77222031354904174805 0.70631176233291625977 0.64040315151214599609 0.71454167366027832031 0.81342566013336181641 0.93682378530502319336 1.1057810783386230469 1.274738311767578125 1.298503875732421875 1.2966142892837524414 1.3268251419067382813 1.4166921377182006836 1.5065590143203735352
-9999 -9999 -9999 -9999 -9999 -9999 -9999 -9999 -9999 -9999 -9999 -9999 -9999 -9999 0.75266224145889282227 0.75266224145889282227 0.81054890155792236328 0.94435453414916992188 1.0449364185333251953 0.97398942708969116211 0.87522566318511962891 0.79788213968276977539 0.7603467106819152832 0.72281128168106079102 0.66760790348052978516 0.60928255319595336914 0.58680009841918945313 0.63093036413192749023 0.67506057024002075195 0.73962509632110595703 0.80780088901519775391 0.90944325923919677734 1.0732821226119995117 1.2371211051940917969 1.2579427957534790039 1.2534949779510498047 1.2730891704559326172 1.3373656272888183594 1.4016427993774414063
-9999 -9999 -9999 -9999 -9999 -9999 -9999 -9999 -9999 -9999 -9999 -5.772899627685546875 -5.772899627685546875 -5.772899627685546875 -0.2766145169734954834 0.52937161922454833984 0.78096461296081542969 0.89672338962554931641 1.0124815702438354492 0.96799254417419433594 0.89518833160400390625 0.83336144685745239258 0.79193586111068725586 0.75051033496856689453 0.64514011144638061523 0.52847170829772949219 0.4948209226131439209 0.61545640230178833008 0.73609250783920288086 0.79226595163345336914 0.83704900741577148438 0.91870611906051635742 1.0688911676406860352 1.2190761566162109375 1.2361912727355957031 1.2297941446304321289 1.2389551401138305664 1.2770317792892456055 1.3151082992553710938
