INPUT/RASTER/ASCII/slope.asc
ncols        113
nrows        135
xllcorner    473009.983799999987
yllcorner    4429001.174800000153
cellsize     100.000000000000
NODATA_value  -9999
[rows 54 to 71 of 135, columns 40 to 79 of 113]
-0.0097851399332284927368 0.025058498606085777283 0.19265955686569213867 0.10613390803337097168 -0.5892003178596496582 -0.36887109279632568359 0.24683110415935516357 0.54929912090301513672 0.45305982232093811035 -0.27253174781799316406 -0.55542457103729248047 -0.86282426118850708008 -0.47581589221954345703 -0.53166192770004272461 -0.47961986064910888672 -0.54617142677307128906 -0.093726634979248046875 0.49582049250602722168 0.020413834601640701294 0.24542024731636047363 0.56640845537185668945 -0.43191012740135192871 -0.54150098562240600586 -0.49609300494194030762 -0.37263724207878112793 -9999 -9999 -9999 -9999 -9999 -9999 -9999 -9999 -9999 -9999 0.052063465118408203125 0.12130017578601837158 -0.12260229885578155518 -0.50180768966674804688 -0.43885344266891479492
-0.14862401783466339111 -0.088387630879878997803 -0.060142926871776580811 -0.070066824555397033691 -0.33143970370292663574 -0.32058876752853393555 -0.22292283177375793457 -0.45408937335014343262 0.053782496601343154907 -0.24045921862125396729 -0.39818271994590759277 -0.34902504086494445801 -0.45991778373718261719 -0.80318975448608398438 -0.56681412458419799805 -0.65717482566833496094 -0.61059713363647460938 -0.1263026893138885498 0.62020033597946166992 0.49738380312919616699 0.50514024496078491211 -0.50616550445556640625 -0.48061808943748474121 -0.4392045438289642334 -0.23974038660526275635 -9999 -9999 -9999 -9999 -9999 -9999 -9999 -9999 -9999 -0.55773878097534179688 -0.48875761032104492188 -0.0091803120449185371399 -0.14743885397911071777 -0.35193729400634765625 -0.55133736133575439453
-0.28550395369529724121 -0.23059265315532684326 -0.10302428156137466431 -0.37259805202484130859 -0.57362359762191772461 -0.79777753353118896484 -0.56601238250732421875 -0.58615082502365112305 -0.32052594423294067383 -0.36925104260444641113 -0.51828807592391967773 -0.54287236928939819336 -0.87664115428924560547 -0.83365547657012939453 -0.56570708751678466797 -0.46223294734954833984 -0.47035643458366394043 -0.26753696799278259277 0.92755097150802612305 0.33716893196105957031 0.30227020382881164551 -0.46995908021926879883 -0.41910758614540100098 -0.11868432164192199707 -0.012539436109364032745 -9999 -9999 -9999 -9999 -9999 -9999 -9999 -9999 -9999 -0.77753084897994995117 -0.74958848953247070313 -0.15080668032169342041 0.28764384984970092773 -0.22054326534271240234 -0.39080604910850524902
-0.42140850424766540527 -0.32682302594184875488 -0.21113812923431396484 -0.080767683684825897217 -0.42531916499137878418 -0.84734529256820678711 -0.80738598108291625977 -0.50496727228164672852 -0.36087042093276977539 -0.4598261415958404541 -0.61418879032135009766 -0.46486690640449523926 -0.7646325230598449707 -0.64428222179412841797 -0.56856966018676757813 -0.34192857146263122559 -0.30301260948181152344 -0.1745869368314743042 0.80779540538787841797 0.10653437674045562744 0.1507771611213684082 -0.18920487165451049805 -0.043913006782531738281 -0.15197166800498962402 -0.22906430065631866455 -9999 -9999 -9999 -9999 -9999 -9999 -9999 -9999 -9999 -0.690479278564453125 -0.7102267146110534668 -0.1638361513614654541 0.47195196151733398438 -0.33961278200149536133 -0.3901042938232421875
-0.39447957277297973633 -0.13446587324142456055 -0.046481825411319732666 -0.013847030699253082275 -0.26117417216300964355 -0.24304929375648498535 -0.18498352169990539551 -0.045183844864368438721 -0.19329464435577392578 -0.35533356666564941406 -0.21136081218719482422 -0.24148435890674591064 -0.38333308696746826172 -0.29660102725028991699 -0.50900000333786010742 -0.20413070917129516602 -0.22812539339065551758 0.042918331921100616455 0.35970124602317810059 0.3545500338077545166 -0.58929461240768432617 -0.25392374396324157715 -0.63500994443893432617 -0.93949717283248901367 -0.71761167049407958984 -9999 -9999 -9999 -9999 -9999 -9999 -9999 -0.49028617143630981445 -0.82818168401718139648 -0.72838008403778076172 -0.65151190757751464844 -0.22367145121097564697 0.57702177762985229492 -0.37150219082832336426 -0.667644500732421875
-0.073703937232494354248 0.15023611485958099365 0.10582549870014190674 0.065098136663436889648 0.025914169847965240479 -0.17229814827442169189 -0.12968775629997253418 -0.09336360543966293335 -0.24190257489681243896 -0.35275194048881530762 -0.30146816372871398926 -0.50239855051040649414 -0.48377501964569091797 -0.040379490703344345093 -0.2217810899019241333 -0.094229169189929962158 -0.074856363236904144287 -0.02706988900899887085 0.038553349673748016357 0.36322128772735595703 -0.41479524970054626465 -0.90888291597366333008 -0.94924753904342651367 -0.93586331605911254883 -0.97408723831176757813 -9999 -9999 -9999 -9999 -9999 -9999 0.96127724647521972656 0.44663390517234802246 -0.82562738656997680664 -0.61442959308624267578 -0.57036000490188598633 -0.21938116848468780518 0.56036913394927978516 -0.56270509958267211914 -0.79687798023223876953
-0.53194463253021240234 -0.21911528706550598145 -0.095651447772979736328 -0.25789409875869750977 -0.35367283225059509277 -0.30454990267753601074 -0.029866708442568778992 -0.20351247489452362061 -0.43784224987030029297 -0.397060394287109375 -0.28809052705764770508 -0.32633349299430847168 -0.14399304986000061035 0.12063925713300704956 0.21685175597667694092 0.058288395404815673828 0.13362064957618713379 -0.19855634868144989014 -0.11047057062387466431 0.1444781571626663208 -0.12153191864490509033 -0.91878712177276611328 -0.83760380744934082031 -0.38677877187728881836 -9999 -9999 -9999 -9999 -9999 -9999 -9999 0.77998965978622436523 0.82639932632446289063 -0.047101244330406188965 -0.54951363801956176758 -0.70665282011032104492 -0.099820099771022796631 0.31854739785194396973 -0.65943175554275512695 -0.77362310886383056641
-0.59447890520095825195 -0.44775399565696716309 -0.39699989557266235352 -0.46123874187469482422 -0.28934580087661743164 -0.11345048993825912476 -0.079348579049110412598 -0.25267457962036132813 -0.33446717262268066406 -0.32208386063575744629 -0.24146609008312225342 -0.30149471759796142578 -0.22841592133045196533 -0.0024947498459368944168 0.25834566354751586914 0.15699191391468048096 0.28728172183036804199 -0.20193617045879364014 -0.11979558318853378296 -0.055913541465997695923 0.061694793403148651123 -0.54522806406021118164 -0.49236050248146057129 0.077726118266582489014 -0.33152502775192260742 -0.4913100898265838623 -9999 -9999 -9999 -9999 -9999 0.39820244908332824707 0.65430444478988647461 1.0197867155075073242 0.0023162767756730318069 -0.43898972868919372559 0.24890570342540740967 -0.18805374205112457275 -0.68137127161026000977 -0.71349793672561645508
-0.47871625423431396484 -0.51239746809005737305 -0.653045654296875 -0.60146111249923706055 -0.49105703830718994141 -0.35253700613975524902 -0.47775042057037353516 -0.43829679489135742188 -0.2656472623348236084 -0.24147135019302368164 -0.20044440031051635742 -0.12567557394504547119 -0.068486452102661132813 0.028335290029644966125 0.16658625006675720215 0.20115032792091369629 0.22153815627098083496 -0.18469795584678649902 -0.16661736369132995605 0.095971830189228057861 0.62149763107299804688 0.45322006940841674805 0.45461010932922363281 0.062674187123775482178 -0.40055364370346069336 -0.49988001585006713867 -1.0406725406646728516 -9999 -9999 -9999 -9999 -9999 0.014032607898116111755 0.93606269359588623047 0.80564469099044799805 -0.28772398829460144043 0.32301551103591918945 -0.62070769071578979492 -0.67980176210403442383 -0.70445305109024047852
-0.45480650663375854492 -0.47461959719657897949 -0.7314541935920715332 -0.70890575647354125977 -0.63602036237716674805 -0.59780907630920410156 -0.7095584869384765625 -0.54349488019943237305 -0.23343057930469512939 -0.032276067882776260376 -0.10277275741100311279 -0.29986703395843505859 -0.33752197027206420898 -0.030278936028480529785 0.28746765851974487305 0.52876573801040649414 0.31308856606483459473 -0.13535887002944946289 -0.18870685994625091553 0.2118031233549118042 0.36873283982276916504 0.86254060268402099609 0.56049692630767822266 -0.1958681643009185791 -0.51509380340576171875 -0.81721836328506469727 -0.52840125560760498047 0.64444696903228759766 -9999 -9999 -9999 -9999 -0.91161864995956420898 6.4910796936601400375e-05 0.78321069478988647461 -0.29229333996772766113 0.1907793581485748291 -0.52859514951705932617 -0.44615057110786437988 -0.61776697635650634766
-0.4565830528736114502 -0.43329831957817077637 -0.50916618108749389648 -0.57926744222640991211 -0.64745187759399414063 -0.67868125438690185547 -0.64802885055541992188 -0.49172094464302062988 -0.49718928337097167969 -0.53395509719848632813 -0.55079793930053710938 -0.4725634157657623291 -0.4793815910816192627 -0.36239776015281677246 0.11267301440238952637 0.10187795013189315796 -0.012939336709678173065 -0.18318900465965270996 -0.13355897367000579834 0.22142811119556427002 0.61456090211868286133 1.1331075429916381836 -0.011674265377223491669 -0.71690523624420166016 -0.82964050769805908203 -0.2266635894775390625 0.55387717485427856445 0.088485337793827056885 -0.58527350425720214844 -9999 -9999 -9999 -0.95521932840347290039 -0.36547228693962097168 0.24748387932777404785 0.0037721381522715091705 0.21027080714702606201 -0.0076715229079127311707 -0.21726919710636138916 -0.48686224222183227539
-0.64781296253204345703 -0.57110625505447387695 -0.63489997386932373047 -0.67607879638671875 -0.78013479709625244141 -0.82532858848571777344 -0.74869823455810546875 -0.66053736209869384766 -0.62642079591751098633 -0.5521838068962097168 -0.42063927650451660156 -0.41829681396484375 -0.52719831466674804688 -0.49002856016159057617 -0.4495798647403717041 -0.51763248443603515625 -0.44630363583564758301 -0.28976297378540039063 0.083442464470863342285 -0.23558689653873443604 1.1459109783172607422 0.64557629823684692383 -0.76199334859848022461 -0.93207734823226928711 -0.52151674032211303711 0.38377153873443603516 0.18138870596885681152 -0.43894040584564208984 -0.74610871076583862305 -9999 -9999 -9999 -0.92061674594879150391 -0.33945998549461364746 -0.07993316650390625 -0.19428326189517974854 0.12891457974910736084 -0.29680341482162475586 -0.58364343643188476563 -0.41188102960586547852
-0.64033180475234985352 -0.85406124591827392578 -0.75039011240005493164 -0.68962270021438598633 -0.74227547645568847656 -0.77043157815933227539 -0.73780673742294311523 -0.69722229242324829102 -0.65879786014556884766 -0.55466860532760620117 -0.50833350419998168945 -0.54428541660308837891 -0.56513303518295288086 -0.53934425115585327148 -0.56526643037796020508 -0.57386898994445800781 -0.54343229532241821289 -0.13631637394428253174 0.51447314023971557617 0.24207910895347595215 1.0628769397735595703 0.10340189188718795776 -0.6038087010383605957 -0.27767035365104675293 0.091545999050140380859 0.11673852056264877319 -0.2489153742790222168 -0.78677839040756225586 -0.9157810211181640625 -9999 -9999 -9999 -0.81100267171859741211 -0.23231332004070281982 -0.12747994065284729004 -0.22988840937614440918 -0.11606409400701522827 -0.26230844855308532715 -0.083723627030849456787 -0.11176714301109313965
-0.52316164970397949219 -0.71790850162506103516 -0.90457773208618164063 -0.80933809280395507813 -0.77255046367645263672 -0.80464649200439453125 -0.78485339879989624023 -0.64294141530990600586 -0.54603421688079833984 -0.5022042393684387207 -0.44756016135215759277 -0.50829923152923583984 -0.52141463756561279297 -0.53737878799438476563 -0.61603987216949462891 -0.6702219843864440918 -0.31598040461540222168 0.22137360274791717529 0.32848656177520751953 0.40607696771621704102 0.68775784969329833984 -0.16928327083587646484 -0.53270041942596435547 -0.047386918216943740845 -0.12033080309629440308 -0.16118341684341430664 -0.46576279401779174805 -0.87350428104400634766 -0.97238969802856445313 -9999 -9999 -9999 -9999 -9999 -9999 -9999 -0.62623608112335205078 -0.06181604042649269104 -0.094241328537464141846 -0.3807735145092010498
-0.5219542384147644043 -0.58803719282150268555 -0.82525455951690673828 -0.98567795753479003906 -0.91691243648529052734 -0.88036406040191650391 -0.71732431650161743164 -0.49629244208335876465 -0.46703368425369262695 -0.54740947484970092773 -0.66754913330078125 -0.56745058298110961914 -0.73550140857696533203 -0.61680090427398681641 -0.54485368728637695313 -0.39166614413261413574 0.084413267672061920166 -0.47034597396850585938 0.42050179839134216309 0.3343982398509979248 0.38719058036804199219 -0.32174327969551086426 -0.43819206953048706055 -0.24420364201068878174 -0.37186118960380554199 -0.46459808945655822754 -0.52814477682113647461 -0.8952319025993347168 -9999 -9999 -9999 -9999 -9999 -9999 -9999 -9999 -0.96958523988723754883 -0.50686872005462646484 0.084921620786190032959 -0.55575799942016601563
-0.40467405319213867188 -0.51774173974990844727 -0.58660596609115600586 -0.6728445887565612793 -0.73596227169036865234 -0.63618457317352294922 -0.52833944559097290039 -0.40167734026908874512 -0.37207379937171936035 -0.53577065467834472656 -0.63586664199829101563 -0.59765774011611938477 -0.70557129383087158203 -0.66360932588577270508 -0.24321566522121429443 0.086295947432518005371 0.0024803762789815664291 -0.15722618997097015381 0.46324563026428222656 0.32385435700416564941 0.039857212454080581665 -0.31406775116920471191 -0.23302897810935974121 -0.14225614070892333984 -0.54570192098617553711 -0.87329214811325073242 -0.93608254194259643555 -9999 -9999 -9999 -9999 -9999 -9999 -9999 -9999 -9999 -0.97604143619537353516 -0.46127787232398986816 0.0857106819748878479 -0.16330483555793762207
-0.24389778077602386475 -0.322078704833984375 -0.49509346485137939453 -0.41994675993919372559 -0.29168397188186645508 -0.32819995284080505371 -0.4617938697338104248 -0.41393256187438964844 -0.40934121608734130859 -0.65080165863037109375 -0.669582366943359375 -0.68076974153518676758 -0.57912504673004150391 -0.63027131557464599609 0.26787418127059936523 0.44093838334083557129 0.45982497930526733398 -0.058087099343538284302 0.14931552112102508545 0.3553733527660369873 -0.47815361618995666504 -0.40733560919761657715 -0.22358760237693786621 -0.50310164690017700195 -0.89386361837387084961 -0.96993052959442138672 -9999 -0.98247992992401123047 -0.97765886783599853516 -0.97636407613754272461 -0.93384253978729248047 -0.94207537174224853516 -0.98645234107971191406 -0.96142804622650146484 -9999 -9999 -9999 -0.63047420978546142578 -0.021343478932976722717 0.46185526251792907715
-0.063086085021495819092 -0.39250212907791137695 -0.40642338991165161133 -0.40578198432922363281 -0.37532734870910644531 -0.39914968609809875488 -0.55867093801498413086 -0.47818267345428466797 -0.59700912237167358398 -0.81979531049728393555 -0.60766780376434326172 -0.20537078380584716797 -0.16538621485233306885 0.69037473201751708984 0.69522970914840698242 -0.29968619346618652344 0.45922243595123291016 -0.085186950862407684326 0.16408799588680267334 0.13516473770141601563 -0.37922638654708862305 -0.2423388361930847168 -0.31673952937126159668 -0.81803339719772338867 -0.96484661102294921875 -0.97403818368911743164 -9999 -0.97875350713729858398 -0.97386085987091064453 -0.96568244695663452148 -0.93215638399124145508 -0.94317549467086791992 -0.99531543254852294922 -0.95388430356979370117 -9999 -9999 -9999 -0.88563132286071777344 -0.2203572392463684082 0.73108977079391479492
