INPUT/RASTER/ASCII/slope.asc
ncols        113
nrows        135
xllcorner    473009.983799999987
yllcorner    4429001.174800000153
cellsize     100.000000000000
NODATA_value  -9999
[rows 36 to 53 of 135, columns 0 to 39 of 113]
-9999 -9999 -9999 -9999 -9999 -9999 -9999 -9999 -9999 -0.48261725902557373047 -0.67699092626571655273 -0.73831313848495483398 -0.7471904754638671875 -0.70720916986465454102 -0.49273845553398132324 -0.45168912410736083984 -0.35610854625701904297 -0.4199612736701965332 -0.49481368064880371094 -0.60051685571670532227 -0.76007574796676635742 -0.79710447788238525391 -0.79789018630981445313 -0.7566070556640625 -0.72608488798141479492 -0.7368310093879699707 -0.64918559789657592773 -0.53713268041610717773 -0.53783643245697021484 -0.54778522253036499023 -0.77079540491104125977 -0.99135667085647583008 -0.99119037389755249023 -0.96556401252746582031 -0.89558076858520507813 -0.78342974185943603516 -0.83803552389144897461 -0.82195967435836791992 -0.5921503901481628418 -0.61423653364181518555
-9999 -9999 -9999 -9999 -9999 -9999 -9999 -9999 -9999 -9999 -0.82210713624954223633 -0.77070903778076171875 -0.76250988245010375977 -0.66255730390548706055 0.37602594494819641113 1.0202993154525756836 1.2056167125701904297 0.73515117168426513672 -0.20497715473175048828 -0.33806779980659484863 -0.73633062839508056641 -0.81490701436996459961 -0.82136899232864379883 -0.81913739442825317383 -0.78761708736419677734 -0.75247114896774291992 -0.72146993875503540039 -0.55653911828994750977 -0.4460335075855255127 -0.56040549278259277344 -0.95144093036651611328 -0.99179482460021972656 -0.9770323634147644043 -0.9556490778923034668 -0.90642476081848144531 -0.79647296667098999023 -0.83110737800598144531 -0.73059940338134765625 -0.63598340749740600586 -0.71465229988098144531
-9999 -9999 -9999 -9999 -9999 -9999 -9999 -9999 -9999 -9999 -9999 -0.78611725568771362305 -0.81105363368988037109 -0.23853321373462677002 1.1801992654800415039 0.35470610857009887695 0.22466057538986206055 0.47343733906745910645 0.010845274664461612701 -0.10033535212278366089 -0.62375664710998535156 -0.82009136676788330078 -0.82525175809860229492 -0.86682951450347900391 -0.79843956232070922852 -0.65018284320831298828 -0.40326836705207824707 -0.19703398644924163818 -0.40448427200317382813 -0.92332488298416137695 -0.96925973892211914063 -0.9653733372688293457 -0.95582109689712524414 -0.93988597393035888672 -0.90204715728759765625 -0.82989114522933959961 -0.82295006513595581055 -0.74479871988296508789 -0.70822709798812866211 -0.40056264400482177734
-9999 -9999 -9999 -9999 -9999 -9999 -9999 -9999 -9999 -9999 -9999 -9999 -9999 2.2590138912200927734 0.94503396749496459961 0.96252554655075073242 0.6915810704231262207 0.17965824902057647705 -0.25948935747146606445 -0.27675262093544006348 -0.54046678543090820313 -0.83455663919448852539 -0.82624322175979614258 -0.82020771503448486328 -0.70211815834045410156 -0.5278193354606628418 -0.19039478898048400879 -0.38856339454650878906 -0.86941832304000854492 -0.99426639080047607422 -0.9758173823356628418 -0.9821669459342956543 -0.94187653064727783203 -0.9171740412712097168 -0.87568372488021850586 -0.82430630922317504883 -0.84801709651947021484 -0.77188509702682495117 -0.50727784633636474609 -0.48826542496681213379
-9999 -9999 -9999 -9999 -9999 -9999 -9999 -9999 -9999 -9999 -9999 -9999 -9999 -9999 -9999 0.89178651571273803711 0.027295274659991264343 -0.51772004365921020508 -0.51321053504943847656 -0.42658576369285583496 -0.63192278146743774414 -0.87031435966491699219 -0.78736835718154907227 -0.62349820137023925781 -0.52657973766326904297 -0.50267839431762695313 -0.53790837526321411133 -0.74733442068099975586 -0.75343531370162963867 -0.88463866710662841797 -0.98826301097869873047 -0.95260488986968994141 -0.91920781135559082031 -0.89998137950897216797 -0.82046860456466674805 -0.81090933084487915039 -0.85361582040786743164 -0.57489085197448730469 -0.46245992183685302734 -0.66531050205230712891
-9999 -9999 -9999 -9999 -9999 -9999 -9999 -9999 -9999 -9999 -9999 -9999 -9999 -9999 -9999 1.7121174335479736328 0.33893454074859619141 -0.30271443724632263184 -0.61637020111083984375 -0.55836373567581176758 -0.77531099319458007813 -0.77754867076873779297 -0.83320450782775878906 -0.4601694941520690918 -0.51435315608978271484 -0.60080665349960327148 -0.68254297971725463867 -0.75962978601455688477 -0.65987896919250488281 -0.61880546808242797852 -0.85848480463027954102 -0.89655232429504394531 -0.92377287149429321289 -0.94816738367080688477 -0.80200254917144775391 -0.81778681278228759766 -0.76986587047576904297 -0.31871756911277770996 -0.59242111444473266602 -0.68252015113830566406
-9999 -9999 -9999 -9999 -9999 -9999 -9999 -9999 -9999 -9999 -9999 -9999 -9999 -9999 -9999 -9999 0.79189121723175048828 -0.0050571248866617679596 -0.48940134048461914063 -0.7148602604866027832 -0.90135812759399414063 -0.73196876049041748047 -0.57988893985748291016 -0.42003712058067321777 -0.55249494314193725586 -0.68203985691070556641 -0.78576248884201049805 -0.87260574102401733398 -0.87021350860595703125 -0.72469961643218994141 -0.74044883251190185547 -0.7583103179931640625 -0.75375193357467651367 -0.77309197187423706055 -0.77196019887924194336 -0.81314140558242797852 -0.49533113837242126465 -0.40109112858772277832 -0.64967966079711914063 -0.29679566621780395508
-9999 -9999 -9999 -9999 -9999 -9999 -9999 -9999 -9999 -9999 -9999 -9999 -9999 -9999 -9999 -9999 1.5994647741317749023 0.1267467886209487915 -0.43271598219871520996 -0.56150388717651367188 -0.49005168676376342773 -0.23294851183891296387 -0.39912882447242736816 -0.49758052825927734375 -0.63428002595901489258 -0.92508649826049804688 -0.81479209661483764648 -0.81582808494567871094 -0.76669728755950927734 -0.82227176427841186523 -0.78082680702209472656 -0.61771541833877563477 -0.54966908693313598633 -0.57051628828048706055 -0.60988962650299072266 -0.56448286771774291992 -0.19879487156867980957 -0.61189877986907958984 -0.5815906524658203125 -0.10857177525758743286
-9999 -9999 -9999 -9999 -9999 -9999 -9999 -9999 -9999 -9999 -9999 -9999 -9999 -9999 -9999 -9999 1.3683974742889404297 0.22575408220291137695 -0.53669881820678710938 -0.58355695009231567383 -0.22176463901996612549 -0.32903343439102172852 -0.37683632969856262207 -0.4054730534553527832 -0.78046995401382446289 -0.89171779155731201172 -0.7549431920051574707 -0.74096018075942993164 -0.6922041773796081543 -0.7165088653564453125 -0.69982606172561645508 -0.66540801525115966797 -0.58923166990280151367 -0.48130691051483154297 -0.34514856338500976563 -0.28198310732841491699 -0.34608244895935058594 -0.45043224096298217773 0.018292639404535293579 0.066696383059024810791
-9999 -9999 -9999 -9999 -9999 -9999 -9999 -9999 3.2773907184600830078 2.3689622879028320313 1.6302548646926879883 0.78237628936767578125 -0.010915968567132949829 0.87617546319961547852 0.52297687530517578125 0.20494033396244049072 0.055429715663194656372 -0.082077205181121826172 -0.66194421052932739258 -0.49550130963325500488 -0.31592729687690734863 -0.50477582216262817383 -0.48679485917091369629 -0.46990513801574707031 -0.48980644345283508301 -0.77282154560089111328 -0.71592909097671508789 -0.83014374971389770508 -0.79704564809799194336 -0.6449082493782043457 -0.66139507293701171875 -0.7605717778205871582 -0.79799443483352661133 -0.69381046295166015625 -0.56802147626876831055 -0.47793591022491455078 -0.31000727415084838867 -0.066018618643283843994 0.15646885335445404053 -0.20861788094043731689
-9999 -9999 -9999 -9999 -9999 -9999 1.3234717845916748047 1.307978510856628418 1.6684653759002685547 1.6216685771942138672 1.0424772500991821289 0.22413524985313415527 -0.095910713076591491699 0.2510153651237487793 -0.077825650572776794434 -0.19506609439849853516 -0.21377718448638916016 -0.32422095537185668945 -0.77788573503494262695 -0.34443923830986022949 -0.47130253911018371582 -0.77041536569595336914 -0.7781779170036315918 -0.7828521728515625 -0.60584908723831176758 -0.77809667587280273438 -0.70378422737121582031 -0.81410509347915649414 -0.99318921566009521484 -0.89221209287643432617 -0.76826673746109008789 -0.70927643775939941406 -0.69926875829696655273 -0.66825914382934570313 -0.6565253138542175293 -0.58840453624725341797 -0.39355921745300292969 -0.33047115802764892578 -0.28376460075378417969 -0.5085512995719909668
-9999 -9999 -9999 -9999 -9999 0.12339457124471664429 0.40830063819885253906 0.23566451668739318848 0.53109329938888549805 0.25162935256958007813 -0.16458302736282348633 -0.37959739565849304199 -0.29513856768608093262 -0.48946562409400939941 -0.52739042043685913086 -0.50693851709365844727 -0.34520053863525390625 -0.31214821338653564453 -0.63388788700103759766 -0.25922623276710510254 -0.56872117519378662109 -0.72577261924743652344 -0.74250245094299316406 -0.64099395275115966797 -0.65605300664901733398 -0.82371962070465087891 -0.83412432670593261719 -0.80027943849563598633 -0.83621615171432495117 -0.83034545183181762695 -0.6443570256233215332 -0.70845824480056762695 -0.83380186557769775391 -0.81917101144790649414 -0.64778679609298706055 -0.57204777002334594727 -0.54577863216400146484 -0.43898367881774902344 -0.2100563347339630127 -0.66009747982025146484
-9999 -9999 -9999 -9999 1.8623759746551513672 0.41734287142753601074 0.10567689687013626099 -0.20546126365661621094 -0.094136036932468414307 -0.063271448016166687012 -0.42111438512802124023 -0.46014511585235595703 -0.30991452932357788086 -0.45313876867294311523 -0.46726205945014953613 -0.47954851388931274414 -0.42332023382186889648 -0.3819853365421295166 -0.43817126750946044922 -0.24629861116409301758 -0.25118273496627807617 -0.13622392714023590088 -0.20756866037845611572 -0.38160058856010437012 -0.69722884893417358398 -0.81339776515960693359 -0.83444261550903320313 -0.90274786949157714844 -0.76974433660507202148 -0.70022106170654296875 -0.60049659013748168945 -0.86354547739028930664 -0.78906905651092529297 -0.82642775774002075195 -0.57423055171966552734 -0.5802173614501953125 -0.46418529748916625977 0.075706593692302703857 -0.18889115750789642334 -0.71720784902572631836
-9999 -9999 -9999 -9999 2.0634887218475341797 0.91139048337936401367 0.205987587571144104 -0.057482838630676269531 -0.020043913275003433228 0.029801443219184875488 -0.0026008321437984704971 -0.23597452044486999512 -0.26857414841651916504 -0.2619495391845703125 -0.29473480582237243652 -0.39925029873847961426 -0.42464473843574523926 -0.5345541834831237793 -0.52774608135223388672 -0.28010335564613342285 -0.0025417970027774572372 -0.13415820896625518799 0.34137704968452453613 -0.0266950950026512146 -0.6378014683723449707 -0.65211862325668334961 -0.68780690431594848633 -0.71228212118148803711 -0.67545229196548461914 -0.62358951568603515625 -0.65558731555938720703 -0.76536005735397338867 -0.52933794260025024414 -0.46942770481109619141 -0.58539444208145141602 -0.46337679028511047363 -0.04854330793023109436 -0.052291586995124816895 -0.71336019039154052734 -0.49437442421913146973
-9999 -9999 -9999 -9999 -9999 0.90077298879623413086 0.40938916802406311035 -0.026737844571471214294 -0.025658361613750457764 -0.038932338356971740723 -0.08084583282470703125 -0.16031937301158905029 -0.13632689416408538818 -0.0045494451187551021576 -0.015399813652038574219 -0.31726440787315368652 -0.41041594743728637695 -0.70823055505752563477 -0.8267504572868347168 -0.43604010343551635742 -0.27226719260215759277 -0.45990398526191711426 -0.065812788903713226318 0.88405269384384155273 0.45598113536834716797 -0.30289489030838012695 -0.47922194004058837891 -0.35757237672805786133 -0.51470577716827392578 -0.64511728286743164063 -0.73071187734603881836 -0.65562194585800170898 -0.30635115504264831543 -0.20041103661060333252 -0.59515362977981567383 -0.51996403932571411133 -0.021173045039176940918 -0.37833109498023986816 -0.95749783515930175781 -0.59934163093566894531
-9999 -9999 -9999 -9999 -9999 1.3386833667755126953 0.7409775853157043457 0.41771098971366882324 0.02513223700225353241 -0.02224472537636756897 -0.030669225379824638367 0.11524217575788497925 0.16517540812492370605 0.18912580609321594238 0.056674655526876449585 -0.21977587044239044189 -0.36018681526184082031 -0.50128316879272460938 -0.7957751154899597168 -0.46379128098487854004 -0.50062507390975952148 -0.63722705841064453125 0.18120163679122924805 0.33325779438018798828 0.76623797416687011719 0.44310289621353149414 -0.30767956376075744629 -0.18166935443878173828 -0.45549768209457397461 -0.72636485099792480469 -0.68612146377563476563 -0.65405428409576416016 -0.28250473737716674805 -0.29511097073554992676 -0.20604453980922698975 -0.61526733636856079102 -0.35635033249855041504 -0.093455888330936431885 -0.83665359020233154297 -0.71499919891357421875
-9999 -9999 -9999 -9999 1.2636290788650512695 0.68246901035308837891 0.098296254873275756836 -0.10121098160743713379 -0.23234255611896514893 0.073107920587062835693 0.25086584687232971191 0.44032314419746398926 0.45016369223594665527 0.32491698861122131348 0.035808667540550231934 -0.14266616106033325195 -0.30035853385925292969 -0.069536864757537841797 -0.15494248270988464355 -0.43627324700355529785 -0.63721930980682373047 -0.62581557035446166992 0.36528798937797546387 -0.4790592193603515625 -0.10072140395641326904 0.74146306514739990234 0.62711614370346069336 0.064772874116897583008 -0.36181294918060302734 -0.49855569005012512207 -0.60179853439331054688 -0.47919899225234985352 -0.15326608717441558838 -0.06729386746883392334 -0.08231334388256072998 -0.68593603372573852539 -0.84245312213897705078 -0.13016088306903839111 -0.29499471187591552734 -0.41729795932769775391
-9999 -9999 -9999 -9999 1.1827298402786254883 0.47933655977249145508 0.014189017005264759064 -0.17717657983303070068 -0.098659299314022064209 0.11578989028930664063 0.23624141514301300049 0.30936449766159057617 0.60863190889358520508 0.3676363825798034668 -0.0093991495668888092041 -0.15968005359172821045 -0.31375879049301147461 -0.37155866622924804688 -0.27152851223945617676 -0.43636915087699890137 -0.66030466556549072266 -0.19707244634628295898 -0.0601805858314037323 -0.6459305882453918457 -0.51470476388931274414 0.14971305429935455322 0.31298089027404785156 0.2565682828426361084 -0.0095584988594055175781 -0.20519514381885528564 -0.6376444697380065918 -0.48765391111373901367 -0.2924276888370513916 -0.18763580918312072754 -0.18738536536693572998 -0.2498238682746887207 -0.49126720428466796875 -0.17027036845684051514 -0.044450316578149795532 -0.062970735132694244385
