INPUT/RASTER/ASCII/slope.asc
ncols        113
nrows        135
xllcorner    473009.983799999987
yllcorner    4429001.174800000153
cellsize     100.000000000000
NODATA_value  -9999
[rows 54 to 71 of 135, columns 0 to 39 of 113]
-9999 -9999 -9999 1.5536254644393920898 2.1482524871826171875 0.77682286500930786133 0.04791234433650970459 -0.12760275602340698242 0.016372187063097953796 0.23124898970127105713 0.41877248883247375488 0.52250349521636962891 0.56629639863967895508 0.3553543388843536377 -0.088866926729679107666 -0.22145351767539978027 -0.43226656317710876465 -0.41270017623901367188 -0.35274052619934082031 -0.27260109782218933105 -0.22808100283145904541 -0.10484560579061508179 -0.45747020840644836426 -0.48770186305046081543 -0.4026158452033996582 -0.35486257076263427734 -0.27168738842010498047 0.20573663711547851563 0.28349769115447998047 0.14657740294933319092 -0.51540720462799072266 -0.41915419697761535645 -0.080615460872650146484 -0.095973081886768341064 -0.060570422559976577759 -0.058706741780042648315 -0.18319171667098999023 0.12763537466526031494 0.14024187624454498291 -0.15422354638576507568
-9999 -9999 -9999 2.3551607131958007813 2.5657753944396972656 1.1081569194793701172 -0.013747055083513259888 -0.19645573198795318604 0.17936849594116210938 0.72871994972229003906 0.67085129022598266602 0.56440150737762451172 0.47608986496925354004 0.35403648018836975098 0.070188395678997039795 -0.16400341689586639404 -0.30876973271369934082 -0.34054458141326904297 -0.33093926310539245605 -0.29915753006935119629 -0.14041779935359954834 -0.16160960495471954346 -0.32323047518730163574 -0.43431970477104187012 -0.52622365951538085938 -0.5557320713996887207 -0.51914411783218383789 -0.28748744726181030273 0.030077617615461349487 0.34966763854026794434 -0.45174866914749145508 -0.36871486902236938477 0.010231625288724899292 0.17095315456390380859 -0.1238826364278793335 0.11039280891418457031 -0.049796618521213531494 0.008864317089319229126 -0.29724407196044921875 -0.47162404656410217285
-9999 -9999 -9999 3.1184480190277099609 2.2814788818359375 0.5291194915771484375 -0.035589274019002914429 0.23155082762241363525 1.2506957054138183594 1.4676123857498168945 1.005659937858581543 0.27275523543357849121 0.26726993918418884277 0.56576991081237792969 0.50443160533905029297 0.079132556915283203125 -0.1173388361930847168 -0.19025908410549163818 -0.28038930892944335938 -0.33039769530296325684 -0.23850958049297332764 -0.23777464032173156738 -0.42581316828727722168 -0.49182114005088806152 -0.5767040252685546875 -0.69873231649398803711 -0.79409623146057128906 -0.7769305109977722168 -0.014178848825395107269 0.43064543604850769043 -0.28061968088150024414 -0.30958282947540283203 -0.19290809333324432373 0.072507388889789581299 -0.27004730701446533203 -0.45147526264190673828 -0.35920119285583496094 -0.25726941227912902832 -0.45098131895065307617 -0.40794599056243896484
-9999 -9999 2.8045642375946044922 2.4719038009643554688 1.4676510095596313477 -0.040410932153463363647 0.2611846625804901123 1.9795697927474975586 1.9711607694625854492 1.471965789794921875 0.55487871170043945313 0.082546308636665344238 0.55723935365676879883 1.5909198522567749023 1.9340864419937133789 0.95419573783874511719 0.21504688262939453125 0.033165428787469863892 -0.17483410239219665527 -0.24490059912204742432 -0.23739600181579589844 -0.27528470754623413086 -0.37826329469680786133 -0.35240656137466430664 -0.54919373989105224609 -0.71446108818054199219 -0.77702343463897705078 -0.82161664962768554688 -0.28892821073532104492 0.11228159070014953613 -0.30981364846229553223 -0.45570397377014160156 -0.59893447160720825195 -0.24217134714126586914 -0.18734261393547058105 -0.4024537503719329834 -0.221304282546043396 -0.25685390830039978027 -0.075989000499248504639 -0.42354443669319152832
-9999 -9999 2.9223043918609619141 2.4125218391418457031 2.1977510452270507813 0.94589054584503173828 1.7468972206115722656 2.3954901695251464844 1.9639567136764526367 0.53486651182174682617 -0.050405744463205337524 -0.073521398007869720459 1.3515824079513549805 1.5860081911087036133 2.2001574039459228516 2.5795245170593261719 0.99704939126968383789 0.16205230355262756348 -0.099561221897602081299 -0.13315393030643463135 -0.22615246474742889404 -0.2884502112865447998 -0.35867080092430114746 -0.42314800620079040527 -0.50019270181655883789 -0.61301392316818237305 -0.73677664995193481445 -0.75625211000442504883 -0.3346665501594543457 -0.15757989883422851563 -0.40876117348670959473 -0.46564239263534545898 -0.74357575178146362305 -0.33562254905700683594 -0.086900785565376281738 -0.010075000114738941193 -0.28246584534645080566 -0.37210485339164733887 -0.1901963651180267334 -0.03084056265652179718
-9999 -9999 -9999 4.0241198539733886719 3.3497302532196044922 2.8845403194427490234 2.5358378887176513672 2.4390122890472412109 1.0916059017181396484 -0.039730105549097061157 -0.24207176268100738525 0.2219813615083694458 0.88786983489990234375 -0.17753960192203521729 0.39241328835487365723 1.5398874282836914063 1.5743540525436401367 0.24270236492156982422 -0.076567478477954864502 -0.17139700055122375488 -0.41297003626823425293 -0.41433709859848022461 -0.45521843433380126953 -0.4792060554027557373 -0.54072904586791992188 -0.47726359963417053223 -0.62753349542617797852 -0.72162890434265136719 -0.5921027064323425293 -0.28476658463478088379 -0.21764200925827026367 -0.28327453136444091797 -0.41255739331245422363 -0.35612204670906066895 -0.043385196477174758911 -0.040865797549486160278 -0.41810715198516845703 -0.55299961566925048828 -0.51546436548233032227 -0.18462014198303222656
-9999 -9999 -9999 -9999 0.14896403253078460693 1.2353225946426391602 1.1569333076477050781 2.8735888004302978516 0.92592221498489379883 -0.22386133670806884766 -0.45383271574974060059 0.1215189024806022644 0.37633523344993591309 -0.18083161115646362305 0.032501906156539916992 0.88284802436828613281 1.5368171930313110352 -0.00098788295872509479523 -0.20777153968811035156 -0.21789257228374481201 -0.41455945372581481934 -0.40612331032752990723 -0.44831982254981994629 -0.47309672832489013672 -0.36206009984016418457 -0.46177339553833007813 -0.56978452205657958984 -0.8177890777587890625 -0.53001970052719116211 -0.29585105180740356445 -0.39585718512535095215 -0.40053349733352661133 -0.51579594612121582031 -0.58138686418533325195 0.02539517916738986969 -0.14799459278583526611 -0.51889699697494506836 -0.66455727815628051758 -0.64200222492218017578 -0.62106215953826904297
-9999 -9999 -9999 -9999 -9999 0.25754451751708984375 0.40675476193428039551 3.2348201274871826172 1.3092646598815917969 -0.23155395686626434326 -0.10884015262126922607 0.96935826539993286133 1.1969058513641357422 0.75061661005020141602 0.8775221705436706543 1.3982654809951782227 0.94003498554229736328 -0.3277447819709777832 -0.47717207670211791992 -0.30159842967987060547 -0.25603821873664855957 -0.41096034646034240723 -0.46371933817863464355 -0.42116403579711914063 -0.43538126349449157715 -0.4866288304328918457 -0.44388183951377868652 -0.36327248811721801758 -0.11016990989446640015 -0.045043155550956726074 -0.18763439357280731201 -0.2650775611400604248 -0.48981356620788574219 -0.52846884727478027344 -0.012374091893434524536 -0.046220012009143829346 -0.21201002597808837891 -0.36189979314804077148 -0.59988170862197875977 -0.61397022008895874023
-9999 -9999 -9999 -9999 -9999 -9999 0.85318726301193237305 3.4387784004211425781 1.488170623779296875 -0.078331410884857177734 1.3845399618148803711 1.6612284183502197266 0.42549523711204528809 0.40812534093856811523 2.2344348430633544922 1.1982412338256835938 -0.081525079905986785889 -0.55519324541091918945 -0.58173012733459472656 -0.44673848152160644531 -0.46908470988273620605 -0.46639645099639892578 -0.40031358599662780762 -0.52455317974090576172 -0.58260607719421386719 -0.52589762210845947266 -0.40935879945755004883 -0.39737772941589355469 -0.13277636468410491943 -0.090953171253204345703 -0.053872533142566680908 -0.08997977524995803833 -0.14724077284336090088 -0.32785207033157348633 -0.15418532490730285645 -0.010728118941187858582 -0.4120515286922454834 -0.77356153726577758789 -0.53439301252365112305 -0.56791275739669799805
-9999 -9999 -9999 -9999 -9999 -9999 2.5727813243865966797 3.4250187873840332031 2.0796036720275878906 1.6909714937210083008 1.7717814445495605469 0.3147589564323425293 -0.53520989418029785156 0.46277448534965515137 2.3006350994110107422 0.33928230404853820801 -0.28414291143417358398 -0.58418369293212890625 -0.45545887947082519531 -0.49007028341293334961 -0.35282540321350097656 -0.41125863790512084961 -0.53453838825225830078 -0.64729154109954833984 -0.66603672504425048828 -0.62066596746444702148 -0.56158339977264404297 -0.53779798746109008789 -0.20108088850975036621 -0.44661542773246765137 -0.20768779516220092773 -0.31357538700103759766 -0.24093404412269592285 -0.3571878969669342041 -0.19287155568599700928 -0.066578321158885955811 -0.66590827703475952148 -0.8324972987174987793 -0.53111642599105834961 -0.53092789649963378906
-9999 -9999 -9999 -9999 -9999 -0.60926431417465209961 0.9163596034049987793 2.53185272216796875 2.5465877056121826172 1.2089678049087524414 0.35979670286178588867 0.69104480743408203125 0.73532342910766601563 0.78893971443176269531 1.8597322702407836914 0.49533838033676147461 0.013951293192803859711 -0.43688926100730895996 -0.55180639028549194336 -0.34291189908981323242 -0.37949696183204650879 -0.46301856637001037598 -0.5948708653450012207 -0.63784360885620117188 -0.60979151725769042969 -0.66736179590225219727 -0.68971419334411621094 -0.72017896175384521484 -0.35306918621063232422 -0.82097655534744262695 -0.4046154320240020752 -0.38191205263137817383 -0.2420330345630645752 -0.42356988787651062012 -0.16505265235900878906 -0.35610792040824890137 -0.64615052938461303711 -0.66940915584564208984 -0.51614552736282348633 -0.45792734622955322266
-9999 -9999 -9999 -9999 -0.039027336984872817993 0.25745391845703125 2.3033568859100341797 2.5473682880401611328 1.7566815614700317383 1.5811690092086791992 1.3517270088195800781 1.1429620981216430664 0.59479421377182006836 1.0063149929046630859 1.258274078369140625 0.41431283950805664063 0.30159208178520202637 -0.41195669770240783691 -0.58556854724884033203 -0.23747047781944274902 -0.48376476764678955078 -0.5190442204475402832 -0.50907385349273681641 -0.60808837413787841797 -0.61046880483627319336 -0.63813692331314086914 -0.7441082000732421875 -0.75160193443298339844 -0.4000104367733001709 -0.752964019775390625 -0.48341190814971923828 -0.16724447906017303467 -0.22806556522846221924 -0.14731790125370025635 -0.1719713062047958374 -0.49028527736663818359 -0.56680399179458618164 -0.67152291536331176758 -0.56445682048797607422 -0.60026621818542480469
-9999 -9999 -9999 -9999 2.0865409374237060547 2.3723735809326171875 1.7684367895126342773 0.29915639758110046387 -0.463558197021484375 -0.53443145751953125 -0.77101522684097290039 -0.30064973235130310059 -0.33777579665184020996 0.028772624209523200989 -0.12650585174560546875 -0.08024451136589050293 -0.36112695932388305664 -0.81046199798583984375 -0.57066577672958374023 -0.30380320549011230469 -0.48845919966697692871 -0.55785566568374633789 -0.50072085857391357422 -0.55599749088287353516 -0.68758672475814819336 -0.6426417231559753418 -0.65624356269836425781 -0.65867537260055541992 -0.33064696192741394043 -0.19544705748558044434 -0.056244455277919769287 -0.05505594983696937561 -0.25375390052795410156 -0.1905447542667388916 -0.21246416866779327393 -0.24642883241176605225 -0.47176077961921691895 -0.4799270331859588623 -0.5069300532341003418 -0.60148972272872924805
-9999 -9999 -9999 -9999 3.8213071823120117188 3.39581298828125 1.3776947259902954102 -0.058672361075878143311 -0.51540893316268920898 -0.74042588472366333008 -0.65617197751998901367 -0.29483914375305175781 -0.24406692385673522949 -0.23505121469497680664 -0.17334398627281188965 -0.63152223825454711914 -0.94261956214904785156 -0.9350541234016418457 -0.58936685323715209961 -0.56209802627563476563 -0.5071513056755065918 -0.40093448758125305176 -0.4338703453540802002 -0.55461215972900390625 -0.67286062240600585938 -0.6085357666015625 -0.55802744626998901367 -0.64075654745101928711 -0.20105826854705810547 0.093323275446891784668 -0.045805864036083221436 -0.38228395581245422363 -0.34204646944999694824 -0.052054543048143386841 -0.15785482525825500488 -0.29403758049011230469 -0.53252798318862915039 -0.45046013593673706055 -0.52296453714370727539 -0.5292034149169921875
-9999 -9999 -9999 -9999 2.7200975418090820313 3.4719378948211669922 1.3211597204208374023 -0.11843590438365936279 -0.55503475666046142578 -0.55364781618118286133 -0.55411547422409057617 -0.15337160229682922363 -0.17572121322154998779 -0.24493548274040222168 -0.26245129108428955078 -0.45492082834243774414 -0.95526039600372314453 -0.89060854911804199219 -0.66552686691284179688 -0.64691865444183349609 -0.64717680215835571289 -0.4990641474723815918 -0.40070495009422302246 -0.57386684417724609375 -0.66447889804840087891 -0.65536481142044067383 -0.63049715757369995117 -0.634490966796875 -0.37771189212799072266 0.55730539560317993164 0.056029453873634338379 -0.051808334887027740479 -0.3335119783878326416 -0.37757340073585510254 -0.24592228233814239502 -0.30024233460426330566 -0.2796064913272857666 -0.69984978437423706055 -0.65698146820068359375 -0.50508350133895874023
-9999 -9999 -9999 -9999 3.7091698646545410156 3.4557554721832275391 0.43761011958122253418 -0.20199045538902282715 -0.23257049918174743652 -0.3738708794116973877 -0.5781796574592590332 -0.20150171220302581787 -0.22086723148822784424 -0.31293657422065734863 -0.3299401700496673584 -0.29048150777816772461 -0.5137424468994140625 -0.68849295377731323242 -0.64000606536865234375 -0.52587080001831054688 -0.50162452459335327148 -0.42662212252616882324 -0.38867127895355224609 -0.64611905813217163086 -0.6341679692268371582 -0.63079142570495605469 -0.61647117137908935547 -0.70107823610305786133 -0.4205964207649230957 0.39821422100067138672 -0.47020092606544494629 0.051857974380254745483 -0.37017038464546203613 -0.74694430828094482422 -0.34012436866760253906 -0.17102345824241638184 -0.27943599224090576172 -0.84942162036895751953 -0.73256248235702514648 -0.48197805881500244141
-9999 -9999 -9999 -9999 4.1473698616027832031 2.5827810764312744141 0.055694356560707092285 -0.17812289297580718994 0.088520735502243041992 -0.065498501062393188477 -0.19508203864097595215 -0.23389783501625061035 -0.30339968204498291016 -0.37697377800941467285 -0.37129709124565124512 -0.26809734106063842773 -0.23464821279048919678 -0.29492560029029846191 -0.37574949860572814941 -0.37540060281753540039 -0.34558975696563720703 -0.21795873343944549561 -0.19638493657112121582 -0.45644202828407287598 -0.59757792949676513672 -0.7138831019401550293 -0.62237948179244995117 -0.57797485589981079102 -0.46821963787078857422 0.18122324347496032715 -0.17927050590515136719 -0.042800273746252059937 -0.34193369746208190918 -0.54364371299743652344 -0.50067257881164550781 -0.11227204650640487671 -0.2195529639720916748 -0.68740701675415039063 -0.78228902816772460938 -0.41522970795631408691
-9999 -9999 -9999 3.0855224132537841797 4.3571414947509765625 1.4234225749969482422 0.031930439174175262451 0.025030789896845817566 -0.11528617888689041138 -0.3350899815559387207 -0.030138587579131126404 -0.31615591049194335938 -0.39146861433982849121 -0.43062126636505126953 -0.36839371919631958008 -0.14665143191814422607 -0.19427081942558288574 -0.28822776675224304199 -0.27405032515525817871 -0.3185870051383972168 -0.26219636201858520508 -0.16679559648036956787 -0.12247495353221893311 -0.30498656630516052246 -0.54145598411560058594 -0.61879557371139526367 -0.55141717195510864258 -0.5253728032112121582 -0.59731566905975341797 0.3743635714054107666 0.4277509152889251709 -0.0060235145501792430878 -0.37504175305366516113 -0.60740554332733154297 -0.57442206144332885742 -0.11181152611970901489 -0.28357648849487304688 -0.55973947048187255859 -0.55528146028518676758 -0.30104315280914306641
