INPUT/RASTER/ASCII/slope.asc
ncols        113
nrows        135
xllcorner    473009.983799999987
yllcorner    4429001.174800000153
cellsize     100.000000000000
NODATA_value  -9999
[rows 0 to 17 of 135, columns 0 to 39 of 113]
-9999.0 -9999 -9999 -9999 -9999 -9999 -9999 -9999 -9999 -9999 -9999 -9999 -9999 -9999 -9999 -9999 -9999 -9999 -9999 -9999 -9999 -9999 0.72208577394485473633 0.27207857370376586914 -0.23325268924236297607 -0.77602171897888183594 -0.83961492776870727539 -0.80680835247039794922 -0.73059284687042236328 -0.45585781335830688477 -0.50723147392272949219 -0.63244497776031494141 -0.74526250362396240234 -0.88814073801040649414 -9999 -9999 -9999 -9999 -9999 -9999
-9999 -9999 -9999 -9999 -9999 -9999 -9999 -9999 -9999 -9999 -9999 -9999 -9999 -9999 -9999 -9999 -9999 -9999 -9999 -9999 2.985492706298828125 0.46010410785675048828 0.43981376290321350098 -0.1428588181734085083 -0.72319024801254272461 -0.77801376581192016602 -0.83968657255172729492 -0.79692095518112182617 -0.70344018936157226563 -0.54589676856994628906 -0.44202634692192077637 -0.59301161766052246094 -0.67644417285919189453 -0.4765612483024597168 -0.49782007932662963867 -0.55677241086959838867 -9999 -9999 -9999 -9999
-9999 -9999 -9999 -9999 -9999 -9999 -9999 -9999 -9999 -9999 -9999 -9999 -9999 -9999 -9999 -9999 -9999 -9999 -9999 -9999 2.8304035663604736328 0.32540452480316162109 -0.057302337139844894409 -0.5749378204345703125 -0.8451315760612487793 -0.81120985746383666992 -0.77249723672866821289 -0.70031493902206420898 -0.66236132383346557617 -0.50228798389434814453 -0.49406716227531433105 -0.55340939760208129883 -0.51418703794479370117 -0.44597136974334716797 -0.64201194047927856445 -0.86281764507293701172 -0.8270714879035949707 -9999 -9999 -9999
-9999 -9999 -9999 -9999 -9999 -9999 -9999 -9999 -9999 -9999 -9999 -9999 -9999 -9999 -9999 -9999 -9999 -9999 -9999 -9999 2.5921168327331542969 0.46144846081733703613 -0.34360003471374511719 -0.59961467981338500977 -0.87367689609527587891 -0.83963853120803833008 -0.75899368524551391602 -0.66906142234802246094 -0.48321560025215148926 -0.31518393754959106445 -0.51160514354705810547 -0.58597606420516967773 -0.45136305689811706543 -0.44010323286056518555 -0.6960646510124206543 -0.86038029193878173828 -0.86455947160720825195 -0.81541150808334350586 -0.72496140003204345703 -9999
-9999 -9999 -9999 -9999 -9999 -9999 -9999 -9999 -9999 -9999 -9999 -9999 -9999 -9999 -9999 -9999 -9999 -9999 -9999 -9999 2.3735239505767822266 0.34178882837295532227 -0.55734312534332275391 -0.67077118158340454102 -0.80202400684356689453 -0.82511961460113525391 -0.78644144535064697266 -0.9034290313720703125 -0.7232723236083984375 -0.41342246532440185547 -0.33215823769569396973 -0.49520945549011230469 -0.2821477055549621582 -0.19632425904273986816 -0.34600770473480224609 -0.67382198572158813477 -0.8459441065788269043 -0.79207885265350341797 -0.77830708026885986328 -0.57895392179489135742
-9999 -9999 -9999 -9999 -9999 -9999 -9999 -9999 -9999 -9999 -9999 -9999 -9999 -9999 -9999 -9999 -9999 -9999 -9999 3.5851950645446777344 1.1802012920379638672 -0.10858353972434997559 -0.68893665075302124023 -0.78079378604888916016 -0.72988379001617431641 -0.6280047297477722168 -0.60891294479370117188 -0.69149512052536010742 -0.72245246171951293945 -0.54345864057540893555 -0.4408302009105682373 -0.3928807675838470459 -0.36516448855400085449 -0.1848459392786026001 -0.13320554792881011963 -0.54612576961517333984 -0.74888336658477783203 -0.75421291589736938477 -0.6881396174430847168 -0.41028589010238647461
-9999 -9999 -9999 -9999 -9999 -9999 -9999 -9999 -9999 -9999 -9999 -9999 -9999 -9999 -9999 -9999 -9999 -9999 -9999 1.9080255031585693359 0.89228075742721557617 -0.35483729839324951172 -0.71966516971588134766 -0.79877817630767822266 -0.6954447627067565918 -0.68847984075546264648 -0.82857859134674072266 -0.73342764377593994141 -0.76606088876724243164 -0.70746046304702758789 -0.56745547056198120117 -0.51158928871154785156 -0.52937728166580200195 -0.42872676253318786621 -0.30681303143501281738 -0.4389101564884185791 -0.57061237096786499023 -0.4946638941764831543 -0.52680957317352294922 -0.46875908970832824707
-9999 -9999 -9999 -9999 -9999 -9999 -9999 -9999 -9999 -9999 -9999 -9999 -9999 -9999 -9999 -9999 -9999 -9999 0.68927937746047973633 0.95513325929641723633 0.53522670269012451172 -0.50216048955917358398 -0.4467938840389251709 -0.4449310600757598877 -0.53240579366683959961 -0.60678279399871826172 -0.73364377021789550781 -0.79847121238708496094 -0.79487264156341552734 -0.7169577479362487793 -0.67464655637741088867 -0.69080382585525512695 -0.57147103548049926758 -0.2623094022274017334 -0.54888558387756347656 -0.60153448581695556641 -0.64234501123428344727 -0.65619456768035888672 -0.70442223548889160156 -0.69540178775787353516
-9999 -9999 -9999 -9999 -9999 -9999 -9999 -9999 -9999 -9999 -9999 -9999 -9999 -9999 -9999 -9999 -9999 -9999 0.45756298303604125977 0.66080909967422485352 0.44213727116584777832 -0.62512153387069702148 -0.73073214292526245117 -0.77264541387557983398 -0.76976835727691650391 -0.73574078083038330078 -0.56582129001617431641 -0.64944559335708618164 -0.72381454706192016602 -0.74534356594085693359 -0.73795998096466064453 -0.74327635765075683594 -0.66531336307525634766 -0.18954777717590332031 -0.52733397483825683594 -0.73009240627288818359 -0.62888741493225097656 -0.70773333311080932617 -0.79124051332473754883 -0.67209440469741821289
-9999 -9999 -9999 -9999 -9999 -9999 -9999 -9999 -9999 -9999 -9999 -9999 -9999 -9999 -9999 -9999 -9999 -9999 0.022101877257227897644 0.7049325108528137207 0.45099708437919616699 -0.68739503622055053711 -0.75995993614196777344 -0.75346106290817260742 -0.8436018824577331543 -0.90693682432174682617 -0.74422204494476318359 -0.74123227596282958984 -0.80155849456787109375 -0.86435735225677490234 -0.81055450439453125 -0.72398680448532104492 -0.6865819096565246582 -0.31981897354125976563 -0.59306597709655761719 -0.69588935375213623047 -0.57717823982238769531 -0.45208781957626342773 -0.52139502763748168945 -0.49191710352897644043
-9999 -9999 -9999 -9999 -9999 -9999 -9999 -9999 -9999 -9999 -9999 -9999 -9999 -9999 -9999 -9999 -9999 -9999 -0.52623647451400756836 0.88144361972808837891 0.25162413716316223145 -0.79262715578079223633 -0.79742187261581420898 -0.75693559646606445313 -0.79098522663116455078 -0.87713825702667236328 -0.92608481645584106445 -0.84475296735763549805 -0.81174629926681518555 -0.86701297760009765625 -0.74151343107223510742 -0.65573233366012573242 -0.64497524499893188477 -0.4836228489875793457 -0.7678012847900390625 -0.77862405776977539063 -0.50934493541717529297 -0.31691139936447143555 -0.37520715594291687012 -0.47193631529808044434
-9999 -9999 -9999 -9999 -9999 -9999 -9999 -9999 -9999 -9999 -9999 -9999 -9999 -9999 -9999 -9999 -9999 -9999 -0.67133706808090209961 0.95529115200042724609 0.047367118299007415771 -0.55317175388336181641 -0.59838342666625976563 -0.79770773649215698242 -0.77748388051986694336 -0.78445017337799072266 -0.89860171079635620117 -0.76996856927871704102 -0.72606682777404785156 -0.72886872291564941406 -0.66737252473831176758 -0.6972980499267578125 -0.72974789142608642578 -0.56202244758605957031 -0.60530883073806762695 -0.57432514429092407227 -0.34383922815322875977 -0.44769462943077087402 -0.45802193880081176758 -0.57994890213012695313
-9999 -9999 -9999 -9999 -9999 -9999 -9999 -9999 -9999 -9999 -9999 -9999 -9999 -9999 -9999 -9999 -9999 -9999 -0.69892686605453491211 0.8251717686653137207 0.29071673750877380371 -0.44740810990333557129 -0.45024704933166503906 -0.62112587690353393555 -0.73870253562927246094 -0.73441964387893676758 -0.80656838417053222656 -0.57061803340911865234 -0.60377866029739379883 -0.64228022098541259766 -0.68480402231216430664 -0.79934132099151611328 -0.7726993560791015625 -0.54084748029708862305 -0.39111638069152832031 -0.21069124341011047363 -0.15597039461135864258 -0.38240343332290649414 -0.44198828935623168945 -0.67447543144226074219
-9999 -9999 -9999 -9999 -9999 -9999 -9999 -9999 -9999 -9999 -9999 -9999 -9999 -9999 -9999 -9999 -9999 -9999 0.13690321147441864014 0.79166275262832641602 0.48034253716468811035 -0.35391286015510559082 -0.62605190277099609375 -0.60678207874298095703 -0.63491910696029663086 -0.62372988462448120117 -0.4327392280101776123 -0.16503179073333740234 -0.5033124089241027832 -0.76211971044540405273 -0.91719698905944824219 -0.74350845813751220703 -0.49611443281173706055 -0.32392454147338867188 -0.18885332345962524414 -0.053082570433616638184 -0.22925519943237304688 -0.47219839692115783691 -0.34483242034912109375 -0.79747873544692993164
-9999 -9999 -9999 -9999 -9999 -9999 -9999 -9999 -9999 -9999 -9999 -9999 -9999 -9999 -9999 -9999 3.3416445255279541016 2.2944748401641845703 2.5892348289489746094 1.1675391197204589844 -0.36333757638931274414 -0.6475766301155090332 -0.66745573282241821289 -0.40314820408821105957 -0.32402569055557250977 -0.071746274828910827637 -0.009692063555121421814 -0.44168633222579956055 -0.73729723691940307617 -0.87891936302185058594 -0.58325552940368652344 -0.34307765960693359375 -0.24798354506492614746 -0.41832196712493896484 -0.46180987358093261719 -0.45860120654106140137 -0.48131030797958374023 -0.48658603429794311523 -0.31410714983940124512 -0.56510901451110839844
-9999 -9999 -9999 -9999 -9999 -9999 -9999 -9999 -9999 -9999 -9999 -9999 -9999 -9999 -9999 1.9749064445495605469 2.3166687488555908203 1.2218489646911621094 0.2054748237133026123 -0.305522918701171875 -0.67218840122222900391 -0.61492431163787841797 -0.28250932693481445313 -0.026549655944108963013 0.014619679190218448639 -0.091556981205940246582 -0.78134864568710327148 -0.85711759328842163086 -0.68991130590438842773 -0.61393451690673828125 -0.4538726806640625 -0.38994139432907104492 -0.54129976034164428711 -0.60149878263473510742 -0.51614624261856079102 -0.45725646615028381348 -0.5641384124755859375 -0.45042794942855834961 -0.30741453170776367188 -0.33791738748550415039
-9999 -9999 -9999 -9999 -9999 -9999 -9999 -9999 -9999 -9999 -9999 -9999 -9999 -9999 -0.81029230356216430664 1.3566341400146484375 1.6075184345245361328 -0.2167899012565612793 -0.99700945615768432617 -0.80631047487258911133 -0.30295595526695251465 -0.16186152398586273193 0.25153899192810058594 -0.14094719290733337402 -0.33838701248168945313 -0.55019372701644897461 -0.79308789968490600586 -0.7102451324462890625 -0.60149544477462768555 -0.54679405689239501953 -0.52924084663391113281 -0.60707747936248779297 -0.67440760135650634766 -0.49152636528015136719 -0.50271105766296386719 -0.67231386899948120117 -0.72074556350708007813 -0.52294981479644775391 -0.34001788496971130371 -0.54620653390884399414
-9999 -9999 -9999 -9999 -9999 -9999 -9999 -9999 -9999 -9999 -9999 -9999 -9999 -9999 -0.3338604271411895752 1.0582412481307983398 0.42211160063743591309 -0.61084526777267456055 -0.61034142971038818359 -0.6449826359748840332 0.10296919196844100952 0.22721309959888458252 -0.21380229294300079346 -0.59743332862854003906 -0.74974936246871948242 -0.51234567165374755859 -0.39406716823577880859 -0.4296728968620300293 -0.48952460289001464844 -0.59091818332672119141 -0.6326592564582824707 -0.6397826075553894043 -0.62567049264907836914 -0.48615920543670654297 -0.79573994874954223633 -0.93626606464385986328 -0.88878470659255981445 -0.66381996870040893555 -0.3908970952033996582 -0.62155038118362426758
