INPUT/RASTER/ASCII/tpi.asc
ncols        113
nrows        135
xllcorner    473009.983799999987
yllcorner    4429001.174800000153
cellsize     100.000000000000
NODATA_value  -9999
[rows 18 to 35 of 135, columns 0 to 39 of 113]
-9999 -9999 -9999 -9999 -9999 -9999 -9999 -9999 -9999 -9999 -9999 -9999 -9999 -9999 -2.2932012081146240234 -0.055614449083805084229 1.2392764091491699219 -0.25583347678184509277 -0.60141789913177490234 -0.37414437532424926758 0.34690237045288085938 0.48414134979248046875 0.49825271964073181152 0.38593715429306030273 0.24523262679576873779 0.051724307239055633545 0.02170628868043422699 0.017142321914434432983 0.1049595177173614502 0.19524759054183959961 0.21011368930339813232 0.14388281106948852539 0.12329025566577911377 0.055362887680530548096 0.072530560195446014404 0.066639162600040435791 0.0014417998027056455612 -0.31698495149612426758 0.21130722761154174805 0.1505753248929977417
-9999 -9999 -9999 -9999 -9999 -9999 -9999 -9999 -9999 -9999 -9999 -9999 -9999 -9999 -3.6569743156433105469 -1.6548769474029541016 -0.10494224727153778076 -0.63806825876235961914 -0.14018107950687408447 -0.20633870363235473633 0.48215499520301818848 0.45660674571990966797 0.53962552547454833984 0.31653541326522827148 0.23491592705249786377 -0.010554164648056030273 0.088748157024383544922 -0.011017708107829093933 0.20017021894454956055 0.37881717085838317871 0.24974325299263000488 0.1680097430944442749 0.016296245157718658447 -0.11402267217636108398 0.04762215539813041687 0.068399295210838317871 -9999 -9999 0.049823895096778869629 0.1208723410964012146
-9999 -9999 -9999 -9999 -9999 -9999 -9999 -9999 -9999 -9999 -9999 -9999 0.4446283876895904541 -1.7938956022262573242 -2.9121155738830566406 -0.93764817714691162109 0.17602856457233428955 0.1053734123706817627 0.078618064522743225098 0.1599019467830657959 0.66636335849761962891 0.40112930536270141602 0.21908359229564666748 0.066454052925109863281 -0.098375074565410614014 -0.1596797257661819458 -0.20362143218517303467 -0.30253484845161437988 -0.1194175034761428833 0.068231590092182159424 0.12633273005485534668 0.12466938048601150513 0.032253678888082504272 0.00899707060307264328 0.020060086622834205627 -0.029255881905555725098 -9999 -9999 -9999 -9999
-9999 -9999 -9999 -9999 -9999 -9999 -9999 -9999 -9999 -9999 -9999 1.8636643886566162109 0.22069041430950164795 -1.4667570590972900391 -0.8677914738655090332 0.41096723079681396484 0.20831327140331268311 0.12912297248840332031 0.3093782961368560791 0.581935882568359375 0.76135528087615966797 0.25369599461555480957 0.19291076064109802246 -0.08023010939359664917 -0.093445755541324615479 -0.095440216362476348877 -0.078767336905002593994 -0.078659646213054656982 -0.18859949707984924316 -0.026684349402785301208 0.098015412688255310059 0.10049135982990264893 -0.095849268138408660889 0.0075606019236147403717 0.018753997981548309326 -0.016180351376533508301 -9999 -9999 -9999 -9999
-9999 -9999 -9999 -9999 -9999 -9999 -9999 -9999 -9999 -9999 -9999 1.9114624261856079102 -0.64504778385162353516 0.0017976216040551662445 1.1053191423416137695 0.55083072185516357422 -0.037634145468473434448 0.037944164127111434937 0.17438037693500518799 -0.10104236751794815063 0.019690375775098800659 0.17656014859676361084 0.30371835827827453613 0.16427494585514068604 0.064654104411602020264 -0.027401890605688095093 -0.067724362015724182129 -0.01596991904079914093 0.017649041488766670227 -0.019245168194174766541 0.021160805597901344299 -0.0051093627698719501495 -0.23207993805408477783 -0.059180304408073425293 0.047255326062440872192 0.062713436782360076904 -0.20209653675556182861 -9999 -9999 -9999
-9999 -9999 -9999 -9999 -9999 -9999 -9999 -9999 -9999 -9999 5.1923351287841796875 0.54126924276351928711 -1.4345042705535888672 0.97723662853240966797 0.64083135128021240234 0.21585136651992797852 0.041354324668645858765 0.020811809226870536804 0.16394104063510894775 0.026427106931805610657 -0.16843299567699432373 -0.18608048558235168457 -0.099063858389854431152 -0.18527396023273468018 -0.35033908486366271973 -0.15309818089008331299 0.0076056066900491714478 0.074597157537937164307 0.074214443564414978027 0.044478580355644226074 0.093996033072471618652 0.088792465627193450928 -0.034822273999452590942 -0.067617617547512054443 0.13844762742519378662 -0.39821296930313110352 -0.90984624624252319336 -0.3794441521167755127 -9999 -9999
-9999 -9999 -9999 -9999 -9999 -9999 -9999 -9999 -9999 -9999 0.13639502227306365967 -1.7519878149032592773 -0.33916521072387695313 0.98905235528945922852 0.1881005018949508667 0.24242986738681793213 0.0918749198317527771 0.04921278730034828186 0.13948602974414825439 0.101939372718334198 0.030653173103928565979 -0.0432473793625831604 -0.05281786993145942688 -0.024842344224452972412 -0.24705255031585693359 -0.026072103530168533325 0.059515900909900665283 0.29862734675407409668 0.11061287671327590942 -0.043079581111669540405 -0.048747599124908447266 0.012807637453079223633 0.04898729175329208374 0.015033932402729988098 0.25678592920303344727 -0.35117992758750915527 -0.57362920045852661133 -0.03165546804666519165 0.4436365962028503418 0.31872522830963134766
-9999 -9999 -9999 -9999 -9999 -9999 -9999 -9999 -9999 -9999 -2.9792230129241943359 -1.9081087112426757813 1.1952207088470458984 0.37397056818008422852 0.074498794972896575928 0.11479980498552322388 0.066015042364597320557 0.037140008062124252319 -0.0099846785888075828552 0.0093712499365210533142 -0.12283018976449966431 -0.3261006772518157959 -0.014392922632396221161 0.031319212168455123901 0.11605175584554672241 0.20547549426555633545 -0.039689179509878158569 0.22269555926322937012 0.081355847418308258057 -0.12778067588806152344 0.65087938308715820313 0.33481717109680175781 0.19554255902767181396 0.12587296962738037109 0.25158569216728210449 -0.15435352921485900879 -0.31903451681137084961 0.11614828556776046753 0.34403827786445617676 0.30573886632919311523
-9999 -9999 -9999 -9999 -9999 -9999 -9999 -9999 -9999 -9999 -2.7811892032623291016 -0.32690525054931640625 0.90688264369964599609 0.32188060879707336426 0.14154241979122161865 0.041291583329439163208 -0.0057932198978960514069 -0.0032377443276345729828 0.0030805580317974090576 -0.094552904367446899414 -0.31172618269920349121 -0.017439771443605422974 0.067049510776996612549 0.10112121701240539551 0.078185446560382843018 0.10796530544757843018 -0.10037791728973388672 0.0036442284472286701202 0.021967932581901550293 0.012849890626966953278 0.55532795190811157227 0.24013383686542510986 0.26234775781631469727 0.084334522485733032227 -0.15940317511558532715 -0.25737279653549194336 -0.025569703429937362671 -0.072265163064002990723 0.13121944665908813477 0.13617554306983947754
-9999 -9999 -9999 -9999 -9999 -9999 -9999 -9999 -9999 -11.370299339294433594 -5.638011932373046875 -1.8703627586364746094 0.16131921112537384033 -0.12584072351455688477 -0.028688805177807807922 0.047086041420698165894 -0.18347766995429992676 -0.047602955251932144165 0.072389751672744750977 -0.064819656312465667725 -0.1365085989236831665 0.15253578126430511475 -0.23248313367366790771 -0.050934486091136932373 -0.083511896431446075439 -0.010634644888341426849 -0.22342930734157562256 0.051291365176439285278 0.16941675543785095215 0.17587338387966156006 0.26533368229866027832 0.093746922910213470459 0.21358403563499450684 0.032217711210250854492 0.029040627181529998779 -0.020054304972290992737 -0.2537460625171661377 -0.33377301692962646484 -0.020520899444818496704 0.047677427530288696289
-9999 -9999 -9999 -9999 -9999 -9999 -9999 -6.6916522979736328125 -4.8240756988525390625 -3.9579493999481201172 -3.5088036060333251953 0.691349029541015625 0.62878280878067016602 0.0029155134689062833786 0.0050136172212660312653 0.044183775782585144043 -0.20466217398643493652 -0.10051757097244262695 0.020336905494332313538 -0.10987661033868789673 -0.10989058017730712891 -0.10410448908805847168 -0.048193689435720443726 -0.065674744546413421631 -0.071545287966728210449 -0.084941178560256958008 -0.12895452976226806641 0.27222597599029541016 0.13810852169990539551 0.16077522933483123779 0.18110965192317962646 0.20771802961826324463 0.14284479618072509766 0.13871681690216064453 0.19568236172199249268 0.030984163284301757813 0.029151806607842445374 0.025826515629887580872 0.022638641297817230225 0.01428669411689043045
-9999 -9999 -9999 -9999 -9999 -9999 -1.3385235071182250977 -5.2377195358276367188 -2.0638532638549804688 0.32120487093925476074 0.97130692005157470703 0.60682386159896850586 0.31462973356246948242 0.062866747379302978516 0.032367423176765441895 -0.046819068491458892822 -0.051412008702754974365 0.10752382874488830566 0.044538218528032302856 -0.00087693083332851529121 -0.12031427770853042603 -0.064014382660388946533 -0.04186386987566947937 0.085030369460582733154 0.11516388505697250366 0.014179931022226810455 0.19183965027332305908 0.20705090463161468506 0.17586363852024078369 0.26531502604484558105 0.33381357789039611816 0.40983527898788452148 -0.17556592822074890137 -0.19942618906497955322 0.23568499088287353516 0.23628564178943634033 0.16247822344303131104 0.14558303356170654297 -0.03051685728132724762 -0.28685095906257629395
-9999 -9999 -9999 -9999 -9999 4.4203891754150390625 -1.9494268894195556641 -1.7520532608032226563 1.9271436929702758789 0.99801921844482421875 0.23099665343761444092 0.121407337486743927 0.096856236457824707031 0.043245900422334671021 0.024882469326257705688 -0.080819375813007354736 -0.0048166699707508087158 0.034348636865615844727 -0.024837568402290344238 0.032013259828090667725 0.22036245465278625488 0.16824327409267425537 -0.025347590446472167969 0.14686125516891479492 0.13329766690731048584 0.12913267314434051514 0.19350063800811767578 0.063739612698554992676 0.18905396759510040283 0.38634908199310302734 0.33715254068374633789 -0.078064933419227600098 -0.42913773655891418457 -0.19298999011516571045 0.054302666336297988892 0.18687689304351806641 0.082762062549591064453 0.069037228822708129883 0.038338541984558105469 -0.10072168707847595215
-9999 -9999 -9999 -9999 -9999 5.4214272499084472656 -2.1851284503936767578 0.64699059724807739258 1.3538377285003662109 0.55157285928726196289 0.49281129240989685059 0.19076497852802276611 0.044913493096828460693 0.02358300425112247467 -0.065158061683177947998 -0.057832539081573486328 0.019525395706295967102 -0.0044482122175395488739 0.12914292514324188232 0.31732353568077087402 0.14442333579063415527 0.13340128958225250244 0.12124080955982208252 0.21981038153171539307 0.32987445592880249023 0.18211972713470458984 0.083913497626781463623 0.055627871304750442505 0.24157021939754486084 0.18035785853862762451 -0.0040750438347458839417 -0.28622525930404663086 -0.054462481290102005005 0.12404371798038482666 0.17231176793575286865 0.19597612321376800537 0.075409971177577972412 0.070922784507274627686 0.17621645331382751465 0.037519995123147964478
-9999 -9999 -9999 -9999 -5.9099335670471191406 -0.30857816338539123535 -2.3065824508666992188 0.59490907192230224609 0.88056612014770507813 0.45574396848678588867 0.22749055922031402588 0.10570861399173736572 -0.055936902761459350586 -0.032805237919092178345 -0.14587290585041046143 0.037098985165357589722 -0.014315824955701828003 0.06418685615062713623 0.23723094165325164795 0.22701421380043029785 0.24769419431686401367 0.24294701218605041504 0.12263793498277664185 0.25645071268081665039 0.13804642856121063232 0.071779564023017883301 0.11547397822141647339 0.21939809620380401611 0.24744084477424621582 0.0086332373321056365967 -0.21896912157535552979 -0.10561096668243408203 0.054434061050415039063 0.09845206141471862793 0.16523735225200653076 0.15580329298973083496 0.089192099869251251221 0.078727781772613525391 0.22417999804019927979 -0.013702520169317722321
-9999 -9999 -9999 -2.0926420688629150391 1.4664837121963500977 -2.5215160846710205078 -4.218196868896484375 1.2258087396621704102 0.67536067962646484375 0.37133425474166870117 0.26322448253631591797 0.054981514811515808105 0.017086822539567947388 -0.076232582330703735352 -0.22237525880336761475 0.21645197272300720215 0.1140346825122833252 0.10478273779153823853 0.29030704498291015625 0.14718803763389587402 0.16966137290000915527 0.17715013027191162109 0.19946151971817016602 0.28382009267807006836 0.080250568687915802002 0.061793062835931777954 0.12527893483638763428 0.30334201455116271973 0.1035188138484954834 0.015711272135376930237 -0.16808199882507324219 -0.0081791495904326438904 0.044620882719755172729 0.040368583053350448608 -0.051553133875131607056 0.01392630208283662796 0.095993719995021820068 0.1504789888858795166 0.062347769737243652344 -0.26332524418830871582
-9999 -9999 -9999 -2.4279735088348388672 5.402980804443359375 4.1030445098876953125 2.2403402328491210938 1.768919825553894043 0.47890910506248474121 0.18289451301097869873 0.38035404682159423828 0.11627727746963500977 0.10760536044836044312 -0.052932981401681900024 -0.080334402620792388916 0.25634375214576721191 0.11896330863237380981 0.061766725033521652222 0.1972513049840927124 -0.0031279313843697309494 0.027675013989210128784 0.091099701821804046631 0.1311381906270980835 0.23179118335247039795 0.17011849582195281982 0.084501855075359344482 0.22093501687049865723 0.31843572854995727539 0.056006867438554763794 0.058445420116186141968 -0.17970480024814605713 -0.082319803535938262939 0.023721354082226753235 0.02142670750617980957 -0.080589249730110168457 -0.038616009056568145752 0.031065071001648902893 0.12601730227470397949 0.20440158247947692871 0.0057501820847392082214
-9999 -9999 -9999 -9999 6.9292988777160644531 5.7300548553466796875 3.4955751895904541016 0.29569855332374572754 0.0088296737521886825562 0.19029752910137176514 -0.064780913293361663818 0.017359921708703041077 0.12730881571769714355 0.1220768466591835022 0.17000320553779602051 0.13636475801467895508 0.073978006839752197266 0.1355349421501159668 0.1535704880952835083 0.11837232857942581177 0.062204115092754364014 0.09175033867359161377 0.054340340197086334229 0.056538764387369155884 0.18993113934993743896 0.27948269248008728027 0.38270989060401916504 0.17642192542552947998 -0.085653960704803466797 0.024986829608678817749 -0.041230872273445129395 -0.094240568578243255615 0.006373796612024307251 0.05576030537486076355 0.059750214219093322754 0.0095483753830194473267 -0.039084974676370620728 0.048499025404453277588 0.21928161382675170898 0.14573651552200317383
