INPUT/RASTER/ASCII/tpi.asc
ncols        113
nrows        135
xllcorner    473009.983799999987
yllcorner    4429001.174800000153
cellsize     100.000000000000
NODATA_value  -9999
[rows 0 to 17 of 135, columns 0 to 39 of 113]
-9999.0 -9999 -9999 -9999 -9999 -9999 -9999 -9999 -9999 -9999 -9999 -9999 -9999 -9999 -9999 -9999 -9999 -9999 -9999 -9999 -9999 -9999 -2.4387621879577636719 -0.92802906036376953125 -0.045344088226556777954 0.25976571440696716309 0.35910788178443908691 0.43010923266410827637 0.34880897402763366699 -0.014548566192388534546 0.28818932175636291504 0.32230207324028015137 0.36528611183166503906 -0.059224899858236312866 0.75402671098709106445 -9999 -9999 -9999 -9999 -9999
-9999 -9999 -9999 -9999 -9999 -9999 -9999 -9999 -9999 -9999 -9999 -9999 -9999 -9999 -9999 -9999 -9999 -9999 -9999 -9999 -4.0688014030456542969 -1.3152059316635131836 -1.1111086606979370117 -0.14635746181011199951 0.23462849855422973633 0.18209075927734375 0.20727013051509857178 0.17372390627861022949 0.12045636028051376343 -0.05257223173975944519 0.070393823087215423584 0.13635972142219543457 0.17038078606128692627 0.41898995637893676758 1.180802464485168457 0.31242525577545166016 -9999 -9999 -9999 -9999
-9999 -9999 -9999 -9999 -9999 -9999 -9999 -9999 -9999 -9999 -9999 -9999 -9999 -9999 -9999 -9999 -9999 -9999 -9999 -9999 -3.3546118736267089844 -0.47937867045402526855 -0.031522873789072036743 0.56754398345947265625 0.13664962351322174072 0.13165493309497833252 0.19219067692756652832 0.061248924583196640015 0.068564899265766143799 -0.094696447253227233887 0.076352223753929138184 0.10805985331535339355 0.16497655212879180908 0.52484112977981567383 0.4389718472957611084 0.041431248188018798828 0.14431861042976379395 -9999 -9999 -9999
-9999 -9999 -9999 -9999 -9999 -9999 -9999 -9999 -9999 -9999 -9999 -9999 -9999 -9999 -9999 -9999 -9999 -9999 -9999 -9999 -3.6774151325225830078 -0.50971585512161254883 0.1530701369047164917 0.30503737926483154297 0.17777204513549804688 0.10557658225297927856 0.087355472147464752197 -0.22535155713558197021 -0.29743528366088867188 -0.051681183278560638428 0.39818564057350158691 0.16093498468399047852 0.17550736665725708008 0.25631752610206604004 0.26320406794548034668 0.24957789480686187744 0.24936577677726745605 0.26956528425216674805 0.43022808432579040527 0.44579181075096130371
-9999 -9999 -9999 -9999 -9999 -9999 -9999 -9999 -9999 -9999 -9999 -9999 -9999 -9999 -9999 -9999 -9999 -9999 -9999 -9999 -2.7269432544708251953 -0.12713460624217987061 0.32638153433799743652 0.18877471983432769775 0.23800347745418548584 0.16374789178371429443 0.11370579898357391357 0.036511998623609542847 -0.22641032934188842773 0.038360446691513061523 0.29063722491264343262 0.30839776992797851563 0.01585137099027633667 0.12032316625118255615 0.27378451824188232422 0.3140856325626373291 0.25895854830741882324 0.14431814849376678467 0.28562331199645996094 0.839618682861328125
-9999 -9999 -9999 -9999 -9999 -9999 -9999 -9999 -9999 -9999 -9999 -9999 -9999 -9999 -9999 -9999 -9999 -9999 -9999 -4.4914102554321289063 -1.6293787956237792969 0.09261226654052734375 0.25067913532257080078 0.12796133756637573242 0.22836686670780181885 0.12352312356233596802 -0.095310613512992858887 -0.0008982142317108809948 -0.05018658563494682312 0.037985555827617645264 0.090185031294822692871 0.16710774600505828857 -0.27324455976486206055 -0.40852561593055725098 0.014795977622270584106 0.24155549705028533936 0.32248774170875549316 0.15106327831745147705 0.13140860199928283691 0.37202510237693786621
-9999 -9999 -9999 -9999 -9999 -9999 -9999 -9999 -9999 -9999 -9999 -9999 -9999 -9999 -9999 -9999 -9999 -9999 -9999 -3.7796635627746582031 -0.54574507474899291992 0.47898265719413757324 0.45996052026748657227 0.28397133946418762207 0.20490697026252746582 -0.047313287854194641113 -0.21434517204761505127 -0.11685223132371902466 0.092125318944454193115 0.033607073128223419189 0.058908194303512573242 -0.037127461284399032593 -0.24200999736785888672 -0.22797054052352905273 -0.11475743353366851807 0.19436350464820861816 0.40489995479583740234 0.37941661477088928223 0.00031675017089582979679 -0.2218923419713973999
-9999 -9999 -9999 -9999 -9999 -9999 -9999 -9999 -9999 -9999 -9999 -9999 -9999 -9999 -9999 -9999 -9999 -9999 -2.6452326774597167969 -1.9715162515640258789 0.51960903406143188477 0.51916807889938354492 0.25714835524559020996 0.069817148149013519287 0.12399646639823913574 -0.1228734627366065979 0.12918254733085632324 0.25693479180335998535 0.1611950993537902832 0.056895349174737930298 0.045892789959907531738 -0.11243523657321929932 -0.36878630518913269043 0.020315978676080703735 0.19378760457038879395 0.044727209955453872681 0.18180197477340698242 0.071222573518753051758 0.046955130994319915771 0.024252802133560180664
-9999 -9999 -9999 -9999 -9999 -9999 -9999 -9999 -9999 -9999 -9999 -9999 -9999 -9999 -9999 -9999 -9999 -9999 -2.1755497455596923828 -1.0593162775039672852 0.74155652523040771484 0.44087740778923034668 -0.056166917085647583008 -0.072836086153984069824 -0.095381997525691986084 -0.30892494320869445801 0.12643684446811676025 0.24870984256267547607 0.043850861489772796631 -0.046328295022249221802 -0.090742409229278564453 -0.14512032270431518555 -0.26564303040504455566 -0.053564954549074172974 0.47003838419914245605 0.18333464860916137695 0.2712135612964630127 0.21137325465679168701 0.22924660146236419678 0.36259281635284423828
-9999 -9999 -9999 -9999 -9999 -9999 -9999 -9999 -9999 -9999 -9999 -9999 -9999 -9999 -9999 -9999 -9999 -9999 -2.2112631797790527344 -0.95589756965637207031 0.70941108465194702148 0.38532876968383789063 0.052608858793973922729 0.062244497239589691162 0.048855196684598922729 -0.018520915880799293518 -0.046068850904703140259 -0.0018533430993556976318 -0.044980503618717193604 -0.058976009488105773926 -0.14954195916652679443 -0.042473930865526199341 -0.14471186697483062744 -0.038086101412773132324 0.2944812774658203125 0.13901962339878082275 0.071328058838844299316 0.17124192416667938232 0.33791458606719970703 0.29359889030456542969
-9999 -9999 -9999 -9999 -9999 -9999 -9999 -9999 -9999 -9999 -9999 -9999 -9999 -9999 -9999 -9999 -9999 -9999 -1.7609779834747314453 -0.76685112714767456055 1.0690277814865112305 0.29700991511344909668 -0.011901145800948143005 -0.089327059686183929443 0.03361596912145614624 0.12008245289325714111 -0.032558958977460861206 -0.099913232028484344482 -0.10245133191347122192 -0.092365987598896026611 -0.26255074143409729004 -0.057030878961086273193 -0.041074842214584350586 0.14863812923431396484 0.2807407677173614502 0.19514203071594238281 0.15625432133674621582 -0.23463544249534606934 0.12533842027187347412 0.20407952368259429932
-9999 -9999 -9999 -9999 -9999 -9999 -9999 -9999 -9999 -9999 -9999 -9999 -9999 -9999 -9999 -9999 -9999 0.071565732359886169434 -1.3456983566284179688 -0.39772614836692810059 1.2694411277770996094 0.45176175236701965332 0.01347157452255487442 0.095560468733310699463 0.066459022462368011475 0.16271185874938964844 0.056169513612985610962 -0.0093769952654838562012 0.063623085618019104004 -0.011238316074013710022 -0.043170254677534103394 0.0098945396021008491516 0.14789739251136779785 0.30233842134475708008 0.40940064191818237305 0.45279195904731750488 0.2051194310188293457 -0.27582353353500366211 -0.0064683826640248298645 0.21004366874694824219
-9999 -9999 -9999 -9999 -9999 -9999 -9999 -9999 -9999 -9999 -9999 -9999 -9999 -9999 -9999 -9999 -9999 0.20331744849681854248 -0.96897810697555541992 -0.35762003064155578613 1.1941797733306884766 0.080604977905750274658 -0.20591296255588531494 0.26956403255462646484 -0.021169494837522506714 -0.0395967140793800354 -0.13858588039875030518 -0.16234664618968963623 0.11796893924474716187 0.1017796248197555542 0.19909299910068511963 0.23466448485851287842 0.20168250799179077148 0.071606934070587158203 0.31811642646789550781 0.49425330758094787598 0.15204843878746032715 -0.19660823047161102295 -0.038974482566118240356 0.14124378561973571777
-9999 -9999 -9999 -9999 -9999 -9999 -9999 -9999 -9999 -9999 -9999 -9999 -9999 -9999 -9999 -9999 -9999 0.1249478459358215332 -2.3984410762786865234 -1.7934062480926513672 -0.38181614875793457031 -0.11613505333662033081 0.023962071165442466736 -0.11896792799234390259 -0.17006409168243408203 -0.18783874809741973877 -0.42793524265289306641 -0.12492765486240386963 0.1421782374382019043 0.28723636269569396973 0.39672684669494628906 0.49142566323280334473 0.23913232982158660889 -0.016189150512218475342 0.10388863086700439453 -0.11000653356313705444 -0.23192870616912841797 -0.2325032353401184082 -0.05628256872296333313 0.26162472367286682129
-9999 -9999 -9999 -9999 -9999 -9999 -9999 -9999 -9999 -9999 -9999 -9999 -9999 -9999 -9999 -9999 -4.1908354759216308594 -3.1742486953735351563 -3.2027618885040283203 -0.24466942250728607178 0.68258112668991088867 0.068472407758235931396 -0.16256345808506011963 -0.32856711745262145996 -0.20271900296211242676 -0.15842008590698242188 0.33255377411842346191 0.63324952125549316406 0.40469750761985778809 0.30862540006637573242 0.29936143755912780762 0.18068419396877288818 0.055538237094879150391 -0.34184366464614868164 -0.060375530272722244263 -0.073772184550762176514 -0.26812282204627990723 -0.16931304335594177246 -0.15663123130798339844 0.51986598968505859375
-9999 -9999 -9999 -9999 -9999 -9999 -9999 -9999 -9999 -9999 -9999 -9999 -9999 -9999 -9999 -5.3109874725341796875 -3.7802736759185791016 -0.17915815114974975586 0.55674231052398681641 0.66240000724792480469 0.24675638973712921143 -0.1979700922966003418 -0.47216546535491943359 -0.084129668772220611572 0.035529192537069320679 0.67092096805572509766 0.55755776166915893555 0.33321928977966308594 0.3747336268424987793 0.14097625017166137695 0.031168231740593910217 -0.25258579850196838379 -0.15239818394184112549 -0.02313954569399356842 0.059741482138633728027 0.061783730983734130859 -0.16962935030460357666 -0.30907782912254333496 -0.057262949645519256592 0.44822609424591064453
-9999 -9999 -9999 -9999 -9999 -9999 -9999 -9999 -9999 -9999 -9999 -9999 -9999 -9999 -2.823207855224609375 -3.4091007709503173828 -1.2949429750442504883 0.97008126974105834961 0.23834991455078125 -0.22214773297309875488 -0.41916191577911376953 -0.29757824540138244629 0.2205359339714050293 0.49791568517684936523 0.46433416008949279785 0.62831586599349975586 0.44033205509185791016 0.31899178028106689453 0.31552594900131225586 0.11587897688150405884 0.091603383421897888184 -0.083049207925796508789 0.031971115618944168091 -0.0034656808711588382721 -0.27521583437919616699 -0.28303775191307067871 -0.32403030991554260254 -0.47009518742561340332 0.065679579973220825195 0.23572854697704315186
-9999 -9999 -9999 -9999 -9999 -9999 -9999 -9999 -9999 -9999 -9999 -9999 -9999 -9999 -2.1575915813446044922 -1.2383078336715698242 1.6382830142974853516 0.88494181632995605469 0.19078446924686431885 -0.38981425762176513672 -0.36487016081809997559 0.11487037688493728638 0.70334458351135253906 0.57542985677719116211 0.32486212253570556641 0.25024583935737609863 0.19862718880176544189 0.17787037789821624756 0.18395702540874481201 0.092657037079334259033 0.067468114197254180908 0.097096495330333709717 0.15644668042659759521 -0.0088845510035753250122 -0.22831961512565612793 -0.046583969146013259888 -0.16190063953399658203 -0.38159823417663574219 0.14833754301071166992 0.33265766501426696777
