INPUT/RASTER/ASCII/tpi.asc
ncols        113
nrows        135
xllcorner    473009.983799999987
yllcorner    4429001.174800000153
cellsize     100.000000000000
NODATA_value  -9999
[rows 90 to 107 of 135, columns 0 to 39 of 113]
-9999 -1.0043874979019165039 -0.69249349832534790039 0.29190352559089660645 -0.77417832612991333008 -1.8911423683166503906 0.73818385601043701172 -0.32900094985961914063 1.0641199350357055664 0.47415992617607116699 -0.042185895144939422607 0.080177269876003265381 0.85044831037521362305 1.3062067031860351563 -0.0051830410957336425781 -0.84800171852111816406 -0.99081861972808837891 -1.1709299087524414063 -0.47998261451721191406 -1.7142145633697509766 0.29434093832969665527 0.40715062618255615234 -0.59688818454742431641 1.6170464754104614258 1.2573788166046142578 -0.023102771490812301636 -0.039350610226392745972 -0.24243776500225067139 -0.96054875850677490234 -0.13813008368015289307 0.44279360771179199219 -0.055936824530363082886 -0.098498038947582244873 0.20508882403373718262 0.15642723441123962402 0.072187006473541259766 0.10438156872987747192 0.11568140983581542969 0.61590254306793212891 -0.38670909404754638672
-9999 -9999 -0.55347722768783569336 -0.26610293984413146973 -2.0530762672424316406 -1.3909711837768554688 -0.37282869219779968262 -0.68696796894073486328 1.2351881265640258789 1.0363882780075073242 0.051590785384178161621 0.31498393416404724121 1.4452949762344360352 1.9288927316665649414 -0.085385113954544067383 -0.16191713511943817139 -0.79915904998779296875 -0.85161727666854858398 -0.3149515688419342041 -1.7765460014343261719 0.43162485957145690918 0.31802532076835632324 -0.00125631759874522686 1.6218352317810058594 1.0243120193481445313 0.26565968990325927734 -0.11951933801174163818 -0.093529731035232543945 -0.090170018374919891357 -0.049324605613946914673 0.021800162270665168762 0.20362648367881774902 0.080654226243495941162 0.038458913564682006836 0.095593027770519256592 0.18623203039169311523 0.087927095592021942139 0.021915070712566375732 0.34207969903945922852 0.79918342828750610352
-9999 -9999 -9999 -9999 -2.9597554206848144531 -1.5233507156372070313 -1.989050745964050293 -1.8121534585952758789 1.2159899473190307617 1.2179780006408691406 0.32273298501968383789 1.1812175512313842773 3.1235792636871337891 -0.70062905550003051758 -2.0632216930389404297 -0.59304654598236083984 -0.30059581995010375977 -0.45083120465278625488 -0.3398494422435760498 -1.1294704675674438477 0.43501707911491394043 -0.27600529789924621582 1.6885029077529907227 1.3648073673248291016 0.37645015120506286621 -0.21660280227661132813 -0.28068748116493225098 -0.063345737755298614502 0.099522195756435394287 0.15756237506866455078 -0.19490647315979003906 0.13482633233070373535 0.3354422450065612793 0.15623800456523895264 0.17276443541049957275 0.40705820918083190918 0.63176083564758300781 0.41404733061790466309 0.61197429895401000977 2.4239490032196044922
-9999 -9999 -9999 -9999 -9999 -9999 -4.2583651542663574219 -3.5787751674652099609 0.19010742008686065674 1.1533797979354858398 0.62580460309982299805 0.54982793331146240234 2.1249144077301025391 -1.400475621223449707 -2.584499359130859375 -1.9140326976776123047 -0.9598674774169921875 -0.13714699447154998779 0.1390317380428314209 0.01641242392361164093 -0.79827231168746948242 -1.2548921108245849609 1.9062244892120361328 1.0088900327682495117 0.27460619807243347168 -0.36176687479019165039 -0.045289464294910430908 0.13955757021903991699 0.25783067941665649414 0.48485645651817321777 1.0680174827575683594 1.5816549062728881836 1.43054962158203125 1.3705147504806518555 0.74621737003326416016 1.0871970653533935547 1.4700857400894165039 1.9069261550903320313 2.5416107177734375 0.92272478342056274414
-9999 -9999 -9999 -9999 -9999 -9999 -6.4906191825866699219 -3.9412615299224853516 0.19067300856113433838 -0.041881438344717025757 0.30275177955627441406 0.40524393320083618164 1.8201258182525634766 0.72188270092010498047 -1.0844736099243164063 -0.83197695016860961914 -1.0669158697128295898 -1.1262948513031005859 0.61968237161636352539 -0.3235950767993927002 -1.1514037847518920898 -1.1602091789245605469 3.3767614364624023438 1.7563729286193847656 -0.311183929443359375 -0.36142399907112121582 -0.10885802656412124634 0.42376437783241271973 0.713077545166015625 1.9554287195205688477 1.3271017074584960938 -0.42906853556632995605 -0.8299725651741027832 1.7548717260360717773 2.7890679836273193359 -1.4353489875793457031 -1.7096391916275024414 -0.3023796379566192627 -0.73647928237915039063 -4.0223269462585449219
-9999 -9999 -9999 -9999 -9999 -9999 -9999 -4.7441349029541015625 -0.59437960386276245117 0.37009832262992858887 0.32583117485046386719 0.32820665836334228516 1.3382362127304077148 3.0139639377593994141 1.2080438137054443359 0.35159268975257873535 0.50820177793502807617 -1.4204554557800292969 -0.0087091233581304550171 -0.31347692012786865234 -0.89646100997924804688 -1.0490633249282836914 1.1740659475326538086 -1.3669186830520629883 0.29333123564720153809 0.15292516350746154785 -0.10503628849983215332 0.45469969511032104492 1.1619325876235961914 0.7862784266471862793 -1.5433437824249267578 -2.3956046104431152344 -3.1171321868896484375 -3.5257074832916259766 -0.36971116065979003906 -3.2842187881469726563 -1.9915356636047363281 -2.6472055912017822266 -3.5305793285369873047 -1.6036345958709716797
-9999 -9999 -9999 -9999 -9999 -9999 -9999 -4.1639871597290039063 -1.9497218132019042969 -0.44908851385116577148 -0.82427948713302612305 0.013368873856961727142 0.94077211618423461914 2.7022047042846679688 2.3631124496459960938 0.62806159257888793945 0.49981632828712463379 -0.98529922962188720703 -0.54694724082946777344 0.13243867456912994385 -0.46767413616180419922 -1.8205384016036987305 -3.1812436580657958984 -0.82601374387741088867 1.5966067314147949219 0.19885315001010894775 0.10462135821580886841 1.2684091329574584961 2.0290539264678955078 -0.84153079986572265625 -1.713484644889831543 -2.7653341293334960938 0.29689049720764160156 -0.5953763127326965332 -2.0910663604736328125 -2.9958238601684570313 1.0541212558746337891 2.4928314685821533203 1.8384618759155273438 1.4164662361145019531
-9999 -9999 -9999 -9999 -9999 -9999 -9999 -5.0994687080383300781 -3.2199521064758300781 -1.9681807756423950195 -2.6434442996978759766 -1.5843033790588378906 -0.4605916142463684082 2.7454407215118408203 -1.2355742454528808594 -0.91172486543655395508 -0.88994187116622924805 -1.0830641984939575195 -0.33809185028076171875 -0.24437485635280609131 -1.3159453868865966797 -1.3746721744537353516 1.7107414007186889648 1.3705352544784545898 0.69596344232559204102 0.045246973633766174316 0.50310802459716796875 2.2115614414215087891 1.807093501091003418 -0.44557404518127441406 -2.85976409912109375 -0.47608223557472229004 2.9465692043304443359 1.252180933952331543 0.68030703067779541016 0.53761786222457885742 0.95686751604080200195 0.7449524998664855957 0.66174030303955078125 0.80782461166381835938
-9999 -9999 -9999 -9999 -9999 -9999 -9999 -9999 -9999 -9999 -3.9332399368286132813 -2.3577773571014404297 -1.4138444662094116211 4.7820711135864257813 0.65618056058883666992 -0.55915182828903198242 -1.2766089439392089844 -0.48297399282455444336 -0.31599098443984985352 -0.85243391990661621094 -1.4560933113098144531 0.51963603496551513672 4.0768613815307617188 1.0030256509780883789 0.2026755213737487793 0.52098071575164794922 2.6848804950714111328 2.3986179828643798828 -1.0869681835174560547 -2.2867422103881835938 -2.5793478488922119141 0.57753783464431762695 1.17182159423828125 -1.0408043861389160156 -1.6145037412643432617 -0.17978848516941070557 1.0653194189071655273 0.58020925521850585938 0.61314541101455688477 1.6384302377700805664
-9999 -9999 -9999 -9999 -9999 -9999 -9999 -9999 -9999 -9999 -9999 -9999 1.6760873794555664063 4.7535791397094726563 0.66000318527221679688 -2.5225768089294433594 -0.34591224789619445801 -0.28991821408271789551 -0.51662373542785644531 -0.37984636425971984863 -1.0399577617645263672 1.1979478597640991211 4.4293880462646484375 2.2171857357025146484 2.1682095527648925781 3.4483144283294677734 1.7899487018585205078 -1.9957003593444824219 -4.2160677909851074219 -3.1621654033660888672 -1.8762257099151611328 0.2702305912971496582 -1.451405644416809082 -0.85180252790451049805 0.61329811811447143555 1.339684605598449707 0.76583242416381835938 0.61427295207977294922 1.2330678701400756836 0.32021975517272949219
-9999 -9999 -9999 -9999 -9999 -9999 -9999 -9999 -9999 -9999 -9999 -9999 -1.0765588283538818359 -1.2056734561920166016 -4.2798743247985839844 -2.9530687332153320313 -0.79996752738952636719 -1.0336592197418212891 -0.38744178414344787598 -0.60589957237243652344 -1.6760026216506958008 -3.0743384361267089844 -3.0246016979217529297 0.4664281308650970459 3.7634222507476806641 0.43885657191276550293 -3.4855754375457763672 -3.8140497207641601563 -2.6781206130981445313 0.86729681491851806641 2.2007293701171875 2.0776989459991455078 1.2038547992706298828 1.747546076774597168 1.1987133026123046875 0.84369379281997680664 0.33779427409172058105 0.90887689590454101563 1.9092680215835571289 -1.313677668571472168
-9999 -9999 -9999 -9999 -9999 -9999 -9999 -9999 -9999 -9999 -9999 -9999 -4.3400759696960449219 -5.0430235862731933594 -5.9104290008544921875 -0.75727486610412597656 -0.56962937116622924805 -0.61650794744491577148 -1.1248413324356079102 -1.4663007259368896484 -1.3355326652526855469 -1.2665055990219116211 -2.5756931304931640625 -2.0100908279418945313 -2.9392015933990478516 -3.6738877296447753906 -3.49205780029296875 -1.3990598917007446289 1.9750521183013916016 3.1398468017578125 1.7655589580535888672 1.7529408931732177734 1.6682252883911132813 1.5960168838500976563 1.4877817630767822266 1.5934343338012695313 1.470409393310546875 2.4767153263092041016 1.3897854089736938477 -3.6282176971435546875
-9999 -9999 -9999 -9999 -9999 -9999 -9999 -9999 -9999 -9999 -9999 -9999 -9999 -9999 -9999 -0.71064513921737670898 0.34683972597122192383 -0.098213434219360351563 1.6101164817810058594 1.3368206024169921875 1.6464791297912597656 0.10650871694087982178 -1.51235198974609375 -2.2326638698577880859 -2.0262887477874755859 -1.8821910619735717773 0.046323966234922409058 2.5175566673278808594 2.7267997264862060547 -0.28616389632225036621 -0.68936264514923095703 2.2796819210052490234 1.7573893070220947266 0.44166487455368041992 -0.0029719180893152952194 0.90388667583465576172 2.1003832817077636719 1.7354235649108886719 -0.37768080830574035645 -3.5377357006072998047
-9999 -9999 -9999 -9999 -9999 -9999 -9999 -9999 -9999 -9999 -9999 -9999 -9999 -9999 -9999 -9999 1.6263253688812255859 2.1973540782928466797 2.3829753398895263672 1.9866211414337158203 2.1466913223266601563 2.4213883876800537109 -1.4874023199081420898 -2.0687041282653808594 -2.1484243869781494141 0.34257581830024719238 1.0572919845581054688 1.4205225706100463867 0.63163453340530395508 -0.74451518058776855469 -3.1423799991607666016 -0.39097058773040771484 -0.25093832612037658691 -0.94729948043823242188 -1.8744029998779296875 -0.67536473274230957031 0.72056233882904052734 0.45336100459098815918 -0.89588618278503417969 -2.4033868312835693359
-9999 -9999 -9999 -9999 -9999 -9999 -9999 -9999 -9999 -9999 -9999 -9999 -9999 -9999 -9999 -9999 -9999 -0.38016095757484436035 0.15665079653263092041 0.44892400503158569336 0.40294891595840454102 0.94931775331497192383 2.2456555366516113281 1.0308912992477416992 -1.9276752471923828125 1.5201970338821411133 1.275622248649597168 0.40449169278144836426 1.0432486534118652344 2.4515194892883300781 -0.53261893987655639648 -2.6634862422943115234 -2.7644586563110351563 -1.51519775390625 -2.1473672389984130859 0.81928008794784545898 0.28056469559669494629 0.65615034103393554688 0.21480271220207214355 0.7810039520263671875
-9999 -9999 -9999 -9999 -9999 -9999 -9999 -9999 -9999 -9999 -9999 -9999 -9999 -9999 -9999 -9999 -9999 -0.63543260097503662109 -0.14718288183212280273 0.092325173318386077881 0.1977701038122177124 0.0094325644895434379578 0.26073890924453735352 1.3294733762741088867 1.1648004055023193359 0.84667026996612548828 0.11071193218231201172 0.12482555210590362549 1.0945088863372802734 3.2419147491455078125 0.74137395620346069336 -1.6368721723556518555 -1.7271761894226074219 0.61885666847229003906 1.9152797460556030273 3.6769394874572753906 1.0740202665328979492 -0.96990978717803955078 -0.61495113372802734375 0.80850481986999511719
-9999 -9999 -9999 -9999 -9999 -9999 -9999 -9999 -9999 -9999 -9999 -9999 -9999 -9999 -9999 -9999 -9999 0.0030728548299521207809 0.0021583100315183401108 0.17584280669689178467 0.26206338405609130859 -0.062756747007369995117 -0.22090922296047210693 -0.031173801049590110779 0.47235649824142456055 0.086558334529399871826 0.052944898605346679688 0.29961088299751281738 1.4178926944732666016 2.1334123611450195313 -0.77001434564590454102 -1.8887820243835449219 -1.9254372119903564453 1.2369997501373291016 1.3788073062896728516 0.56667274236679077148 0.88095432519912719727 -1.1976971626281738281 -0.4819691777229309082 -0.067688249051570892334
-9999 -9999 -9999 -9999 -9999 -9999 -9999 -9999 -9999 -9999 -9999 -9999 -9999 -9999 -9999 -9999 -9999 -9999 -0.017590239644050598145 0.1974375993013381958 0.15765288472175598145 0.24498002231121063232 -0.042238924652338027954 -0.32481312751770019531 0.15272264182567596436 0.23016904294490814209 0.19293078780174255371 0.58065241575241088867 1.1859588623046875 -0.37941658496856689453 -1.8868116140365600586 -0.96545165777206420898 -0.96186983585357666016 0.5909404754638671875 0.24860227108001708984 0.055286992341279983521 -1.5533871650695800781 -1.5197806358337402344 -0.87530690431594848633 -0.11695967614650726318
