INPUT/RASTER/ASCII/tpi.asc
ncols        113
nrows        135
xllcorner    473009.983799999987
yllcorner    4429001.174800000153
cellsize     100.000000000000
NODATA_value  -9999
[rows 72 to 89 of 135, columns 0 to 39 of 113]
-9999 -9999 -9999 -6.588336944580078125 -3.3857195377349853516 2.3708655834197998047 -0.40404173731803894043 -0.39382156729698181152 -1.1720582246780395508 -0.36835443973541259766 0.23526838421821594238 0.3234240412712097168 0.066030830144882202148 0.31971257925033569336 -0.026913747191429138184 -0.28736317157745361328 0.035323709249496459961 0.12057177722454071045 0.037618752568960189819 -0.077429667115211486816 -0.13819319009780883789 0.040680501610040664673 -0.09122677147388458252 0.074120588600635528564 0.32819688320159912109 0.18557189404964447021 -0.062293045222759246826 0.10224306583404541016 0.74129378795623779297 0.59918111562728881836 -1.0590765476226806641 -0.15584525465965270996 0.23262476921081542969 0.2765731513500213623 -0.12289980053901672363 -0.75059753656387329102 0.45859280228614807129 0.43386515974998474121 0.34428891539573669434 -0.68943387269973754883
-9999 -9999 -9999 -2.7702996730804443359 -2.6005010604858398438 -0.026626011356711387634 -0.7705834507942199707 -0.28437456488609313965 -0.56446272134780883789 0.012773269787430763245 0.25486415624618530273 0.32087841629981994629 0.26702663302421569824 0.20421449840068817139 0.15493153035640716553 -0.22376377880573272705 0.14374330639839172363 0.056152217090129852295 0.1102587580680847168 -0.066727533936500549316 0.017545150592923164368 0.073189489543437957764 -0.28536245226860046387 0.10774397104978561401 0.28390610218048095703 -0.0079734446480870246887 -0.038576971739530563354 0.41150239109992980957 1.1457129716873168945 -0.11487909406423568726 -1.2974947690963745117 0.63882595300674438477 0.28197076916694641113 -0.062325157225131988525 -0.18412786722183227539 -0.79434806108474731445 0.1944916844367980957 0.37701219320297241211 0.22154344618320465088 -0.23966479301452636719
-9999 -9999 -1.0455666780471801758 -2.1719520092010498047 -2.3143115043640136719 0.70358371734619140625 1.2603430747985839844 1.0792502164840698242 0.68117773532867431641 -0.0097203655168414115906 0.11301333457231521606 0.17530499398708343506 0.11236484348773956299 0.14601507782936096191 0.070759400725364685059 -0.27588006854057312012 0.037440132349729537964 0.04103086516261100769 -0.060660094022750854492 -0.10863095521926879883 -0.082496680319309234619 -0.088478431105613708496 0.18846391141414642334 0.06700976938009262085 -0.01535816490650177002 0.021570427343249320984 0.060138437896966934204 0.53138601779937744141 1.1927890777587890625 -0.59053081274032592773 -0.94014936685562133789 0.96312940120697021484 0.44347757101058959961 -0.40956342220306396484 -0.09955415874719619751 0.10653500258922576904 0.22098894417285919189 0.38058447837829589844 0.22908800840377807617 -0.48947811126708984375
-9999 -9999 -0.67498201131820678711 -2.1065692901611328125 1.2548935413360595703 1.5386615991592407227 0.40932291746139526367 0.65524321794509887695 0.47063171863555908203 0.099151954054832458496 0.22414921224117279053 0.3766231536865234375 0.12421518564224243164 0.27850607037544250488 0.037461254745721817017 -0.19590535759925842285 0.017215870320796966553 0.081188276410102844238 -0.5344982147216796875 -0.15372930467128753662 0.20887871086597442627 0.15978518128395080566 0.13994480669498443604 0.04131011664867401123 0.15883588790893554688 0.40572607517242431641 0.80256664752960205078 1.3886514902114868164 1.5424293279647827148 -0.80739575624465942383 -0.7062428593635559082 0.21637943387031555176 0.13211002945899963379 -0.51369166374206542969 -0.12741060554981231689 0.33458191156387329102 0.28080144524574279785 0.29206806421279907227 0.26154434680938720703 -0.40557318925857543945
-9999 -9999 -0.53086680173873901367 -2.0370745658874511719 1.2029547691345214844 1.2164937257766723633 0.25705358386039733887 0.22137369215488433838 0.14566190540790557861 0.21943144500255584717 0.14050468802452087402 0.47255250811576843262 0.69661539793014526367 0.45364910364151000977 -0.18804185092449188232 -0.55504959821701049805 -0.034568820148706436157 -0.080730050802230834961 0.0069709927774965763092 0.073935814201831817627 0.21186921000480651855 0.1109553799033164978 0.056161053478717803955 0.091067649424076080322 0.35246390104293823242 1.1326204538345336914 0.57353061437606811523 -0.65831381082534790039 1.6877156496047973633 -0.70151466131210327148 -0.16538256406784057617 0.12901674211025238037 0.35606688261032104492 0.1395784914493560791 0.31000295281410217285 0.16476672887802124023 0.29409840703010559082 0.39038249850273132324 0.19978260993957519531 -0.12240117788314819336
-9999 -9999 -0.91868102550506591797 -1.3883922100067138672 -3.5337567329406738281 1.1485503911972045898 0.38987249135971069336 0.072214134037494659424 -0.13773390650749206543 -0.11607134342193603516 0.12898421287536621094 0.50360000133514404297 0.45765912532806396484 -0.10156875103712081909 -0.19053003191947937012 -0.11180426180362701416 -0.18326288461685180664 -0.019961321726441383362 0.40760210156440734863 0.16673581302165985107 0.059469491243362426758 0.095005348324775695801 0.33055609464645385742 0.3645051419734954834 1.2577685117721557617 2.2081220149993896484 -0.78104245662689208984 -2.7865087985992431641 -0.13004845380783081055 -1.9012973308563232422 0.75659614801406860352 0.37608048319816589355 0.28458610177040100098 -0.53680449724197387695 -0.21963645517826080322 0.18009518086910247803 0.28934058547019958496 0.37713426351547241211 -0.010618052445352077484 -0.54996389150619506836
-9999 -9999 -9999 -1.1728918552398681641 -3.6407666206359863281 1.8531855344772338867 0.57539379596710205078 0.042493563145399093628 0.026594769209623336792 -0.19313108921051025391 0.091951079666614532471 0.316455841064453125 0.15342026948928833008 0.083005487918853759766 0.078680478036403656006 -0.15894007682800292969 -0.069051414728164672852 0.38004252314567565918 0.022383697330951690674 -0.11184561997652053833 -0.064885385334491729736 -0.040269281715154647827 0.26124644279479980469 0.57866680622100830078 0.2617899775505065918 -0.67277383804321289063 -1.2811943292617797852 -1.6908156871795654297 -1.4712321758270263672 -1.5290583372116088867 0.97618013620376586914 0.71741724014282226563 0.21194320917129516602 -0.32072299718856811523 -0.52611321210861206055 0.096818424761295318604 0.34762486815452575684 0.13976407051086425781 -0.54415845870971679688 0.031454451382160186768
-9999 -9999 -9999 -5.8459138870239257813 -2.1379179954528808594 1.6255317926406860352 0.36469721794128417969 0.11839883029460906982 0.045325301587581634521 -0.063058927655220031738 0.084994480013847351074 0.22551028430461883545 0.11721636354923248291 0.055041812360286712646 0.050545305013656616211 -0.51564240455627441406 -0.33883866667747497559 -0.062878653407096862793 -0.060279015451669692993 0.056661479175090789795 0.10002534091472625732 0.088376790285110473633 0.20092611014842987061 0.90486580133438110352 -0.76428145170211791992 -1.2193886041641235352 -0.9745184779167175293 -1.1248853206634521484 -0.33204707503318786621 1.1681979894638061523 0.35271304845809936523 0.55581402778625488281 0.51576352119445800781 0.14452204108238220215 -0.042249627411365509033 0.074702844023704528809 0.21805453300476074219 -0.45138701796531677246 -0.63954532146453857422 0.22449348866939544678
-9999 -9999 -9999 1.5757570266723632813 -2.6147739887237548828 0.2772273719310760498 0.60814452171325683594 0.11882769316434860229 0.03908227384090423584 -0.16462518274784088135 0.18258827924728393555 0.36450937390327453613 0.08858951181173324585 0.16491025686264038086 0.44516259431838989258 -0.093695804476737976074 0.085673458874225616455 -0.025052726268768310547 0.22403678297996520996 0.26557943224906921387 0.015393691137433052063 0.12499727308750152588 0.22712208330631256104 0.60638546943664550781 0.88044887781143188477 -0.072587907314300537109 -1.2070901393890380859 -0.91714233160018920898 1.2123017311096191406 0.62635034322738647461 0.44704115390777587891 -0.21806956827640533447 -0.92542695999145507813 -0.20472875237464904785 0.23225533962249755859 0.39083254337310791016 0.1819829791784286499 -0.88144469261169433594 0.16190919280052185059 0.42252260446548461914
-9999 -9999 -2.0584633350372314453 -2.5373070240020751953 -3.8085858821868896484 0.20042154192924499512 0.96272349357604980469 0.0052573205903172492981 -0.30631569027900695801 0.094645723700523376465 0.29940745234489440918 0.27723261713981628418 0.11292009055614471436 0.22197179496288299561 -0.62246519327163696289 -0.68357694149017333984 0.17838206887245178223 -0.0096618896350264549255 0.15146669745445251465 0.080845393240451812744 0.042644586414098739624 0.097592934966087341309 0.10130747407674789429 0.74493181705474853516 0.96692097187042236328 -0.30035755038261413574 -0.92785686254501342773 -0.70799744129180908203 -0.76104140281677246094 -1.9919775724411010742 -0.10227809101343154907 0.28822633624076843262 0.29254716634750366211 0.21263587474822998047 0.3793958127498626709 0.35274446010589599609 -0.16570580005645751953 -0.85766273736953735352 -0.067239023745059967041 0.33533677458763122559
-9999 -14.191998481750488281 -4.607791900634765625 0.9716320037841796875 1.4533003568649291992 1.2182348966598510742 0.47709792852401733398 -1.013190150260925293 -0.15757772326469421387 0.26232418417930603027 0.40457817912101745605 0.43680208921432495117 0.59770697355270385742 -0.3186467289924621582 -1.4579290151596069336 0.32234030961990356445 0.49377527832984924316 0.078645855188369750977 0.18972313404083251953 0.010595900006592273712 -0.14970292150974273682 0.0063914749771356582642 0.11542935669422149658 0.74146002531051635742 1.0903590917587280273 -1.5748846530914306641 -0.62273514270782470703 -1.9714730978012084961 -1.266102910041809082 0.71063983440399169922 0.31688618659973144531 0.65614354610443115234 0.2305043637752532959 0.17607286572456359863 0.21537521481513977051 0.19874255359172821045 0.24874511361122131348 -0.33690735697746276855 -0.068144612014293670654 0.082734912633895874023
-9999 -10.831383705139160156 -3.190441131591796875 1.5131536722183227539 0.42580386996269226074 0.49397096037864685059 -0.28254926204681396484 -0.19767311215400695801 0.86135715246200561523 1.5857857465744018555 1.1584427356719970703 0.95678406953811645508 1.0552233457565307617 -1.7227026224136352539 -0.10050037503242492676 0.54986107349395751953 0.36899510025978088379 0.13357989490032196045 0.15468730032444000244 0.10462024807929992676 0.093738093972206115723 0.071098104119300842285 0.24309888482093811035 1.1871473789215087891 0.59320372343063354492 -0.82716310024261474609 2.3324196338653564453 -0.38992875814437866211 -0.31068173050880432129 0.86041140556335449219 0.44568634033203125 0.35471814870834350586 0.16357666254043579102 0.10751176625490188599 0.12384904921054840088 0.062536820769309997559 0.33855676651000976563 -0.20634622871875762939 -0.2520758211612701416 -0.70343267917633056641
-9999 -9.343601226806640625 -2.6209168434143066406 1.9616998434066772461 0.35965773463249206543 0.42166003584861755371 -0.50323373079299926758 0.6489194035530090332 1.9828575849533081055 0.45520985126495361328 -2.2313165664672851563 -2.4727473258972167969 -2.5125801563262939453 -1.0417306423187255859 0.59683114290237426758 0.20771071314811706543 0.13487586379051208496 0.18394546210765838623 0.086688987910747528076 0.08982582390308380127 0.28916224837303161621 0.52658712863922119141 0.49106687307357788086 1.9356293678283691406 1.58258819580078125 0.1918986886739730835 -0.10896462947130203247 -2.3546788692474365234 0.36153766512870788574 0.31431573629379272461 0.13206636905670166016 0.3807602226734161377 0.22152687609195709229 0.13762512803077697754 0.13104383647441864014 0.034494541585445404053 0.32886070013046264648 -0.1121051982045173645 -0.38381969928741455078 -0.87992107868194580078
-9999 1.1576669216156005859 -3.8226425647735595703 1.514618992805480957 0.57945686578750610352 0.46828767657279968262 -1.4966535568237304688 -1.0158027410507202148 -0.60721820592880249023 -2.5932772159576416016 -1.1746847629547119141 -0.0828704833984375 0.7494328618049621582 0.67861539125442504883 0.18799585103988647461 0.24115879833698272705 0.17344334721565246582 0.13814407587051391602 0.17970311641693115234 0.30855992436408996582 0.54211753606796264648 1.2658250331878662109 1.6936653852462768555 1.8449862003326416016 -1.2589069604873657227 -2.3651189804077148438 -3.1153008937835693359 -0.3769970238208770752 0.63944649696350097656 0.39317759871482849121 -0.10506519675254821777 0.17908580601215362549 0.47714990377426147461 0.18821580708026885986 0.095671854913234710693 0.15251530706882476807 0.20288313925266265869 0.3074919283390045166 0.70175707340240478516 0.43420326709747314453
-9.7919816970825195313 -2.4701764583587646484 -2.9639544486999511719 1.2985095977783203125 0.50259631872177124023 0.52795630693435668945 -2.3926985263824462891 -1.1765626668930053711 -1.4548450708389282227 0.76033419370651245117 1.6533118486404418945 1.047863006591796875 0.73594701290130615234 0.31906342506408691406 0.20530685782432556152 0.55075639486312866211 0.79075872898101806641 1.2611373662948608398 1.6101053953170776367 2.0412192344665527344 3.2544035911560058594 2.9884033203125 0.72264188528060913086 -1.3768506050109863281 -2.8465328216552734375 -3.2411577701568603516 0.95647633075714111328 1.7421914339065551758 0.091500096023082733154 0.050520338118076324463 0.17921431362628936768 0.16848045587539672852 0.17530432343482971191 -0.21106366813182830811 -0.25967431068420410156 0.023793820291757583618 0.1871430128812789917 0.17182326316833496094 0.63911950588226318359 1.1011185646057128906
-4.5535974502563476563 -2.789554595947265625 0.9909203648567199707 1.7051551342010498047 1.0041692256927490234 -0.77788007259368896484 -1.9734309911727905273 1.8227914571762084961 1.6789603233337402344 1.0595875978469848633 0.3001956641674041748 0.42866471409797668457 0.20671845972537994385 0.30115029215812683105 0.99084204435348510742 2.2040412425994873047 1.8885810375213623047 2.03261566162109375 2.0896406173706054688 1.5129464864730834961 0.29754433035850524902 -1.5665519237518310547 -3.4142477512359619141 -3.8926527500152587891 -3.0019109249114990234 0.37077271938323974609 1.4665395021438598633 1.0403869152069091797 0.47519996762275695801 0.2604535222053527832 0.57101774215698242188 0.30391421914100646973 -0.17023965716361999512 -0.14106783270835876465 -0.15075820684432983398 -0.025936149060726165771 0.14799803495407104492 0.10326664894819259644 0.53499269485473632813 0.95392221212387084961
-0.58016699552536010742 0.35709753632545471191 0.7212511897087097168 0.46469011902809143066 0.78580832481384277344 -1.5645833015441894531 -0.48244747519493103027 0.027784826233983039856 0.3723704218864440918 0.33460924029350280762 -0.26122820377349853516 0.11757743358612060547 0.21695223450660705566 0.91874331235885620117 0.3683026432991027832 1.2062449455261230469 -0.69036656618118286133 -2.8031420707702636719 -2.1629629135131835938 -1.8999212980270385742 -2.6779234409332275391 -2.986225128173828125 -1.9325101375579833984 -0.73982948064804077148 2.7772042751312255859 1.7666033506393432617 0.84504848718643188477 0.62137365341186523438 0.7483399510383605957 0.60071486234664916992 0.33280423283576965332 0.14356222748756408691 0.0080657703801989555359 -0.14809055626392364502 0.0019423030316829681396 0.082423686981201171875 0.25259667634963989258 0.24769283831119537354 0.83724361658096313477 0.60694783926010131836
-0.61906462907791137695 -0.36706575751304626465 0.13226687908172607422 0.17736363410949707031 0.43434959650039672852 -2.3850355148315429688 -0.018108444288372993469 -0.42130896449089050293 0.96798682212829589844 0.28330236673355102539 0.34203651547431945801 0.32105997204780578613 0.97638010978698730469 0.12485604733228683472 -1.8778758049011230469 -0.66354346275329589844 -0.65971934795379638672 -1.3390167951583862305 -1.4623005390167236328 -1.8447738885879516602 -1.0143963098526000977 -0.0067744799889624118805 -0.5802173614501953125 0.062839448451995849609 2.5353069305419921875 0.36478623747825622559 0.56800609827041625977 0.50168597698211669922 -0.13376681506633758545 0.011723024770617485046 0.18866387009620666504 0.039540700614452362061 -0.033959146589040756226 0.023892860859632492065 0.13491620123386383057 0.089918822050094604492 0.23984803259372711182 0.41422045230865478516 0.74545931816101074219 -0.3992303311824798584
