INPUT/RASTER/ASCII/twi.asc
ncols        113
nrows        135
xllcorner    473009.983799999987
yllcorner    4429001.174800000153
cellsize     100.000000000000
NODATA_value  -9999
[rows 0 to 17 of 135, columns 0 to 39 of 113]
-9999.0 -9999 -9999 -9999 -9999 -9999 -9999 -9999 -9999 -9999 -9999 -9999 -9999 -9999 -9999 -9999 -9999 -9999 -9999 -9999 -9999 -9999 -0.80628663301467895508 -0.76937639713287353516 -0.55064213275909423828 -0.54556816816329956055 -0.70147627592086791992 -0.84466075897216796875 -0.87903255224227905273 -0.57033622264862060547 -0.70705610513687133789 -0.65916520357131958008 -0.51182967424392700195 0.12894213199615478516 -2.1607553958892822266 -9999 -9999 -9999 -9999 -9999
-9999 -9999 -9999 -9999 -9999 -9999 -9999 -9999 -9999 -9999 -9999 -9999 -9999 -9999 -9999 -9999 -9999 -9999 -9999 -9999 -1.4675039052963256836 -0.96727019548416137695 -1.0956984758377075195 -0.4077053368091583252 0.033937569707632064819 -0.10221046209335327148 -0.045426495373249053955 -0.22009736299514770508 -0.22831371426582336426 -0.050568830221891403198 -0.098449811339378356934 -0.013000101782381534576 -0.17596264183521270752 -0.83333981037139892578 -1.2669564485549926758 -1.0335988998413085938 -9999 -9999 -9999 -9999
-9999 -9999 -9999 -9999 -9999 -9999 -9999 -9999 -9999 -9999 -9999 -9999 -9999 -9999 -9999 -9999 -9999 -9999 -9999 -9999 -1.4055497646331787109 -0.53563195466995239258 -0.83773374557495117188 -0.16532295942306518555 0.40959966182708740234 0.37306359410285949707 -0.21353617310523986816 0.18474860489368438721 0.4961306154727935791 0.49298164248466491699 0.2226225733757019043 -0.089348331093788146973 -0.57916724681854248047 -1.0511062145233154297 -0.67283481359481811523 -0.15210220217704772949 -0.64552795886993408203 -9999 -9999 -9999
-9999 -9999 -9999 -9999 -9999 -9999 -9999 -9999 -9999 -9999 -9999 -9999 -9999 -9999 -9999 -9999 -9999 -9999 -9999 -9999 -0.76225149631500244141 -0.15082426369190216064 0.11495918035507202148 0.22960655391216278076 0.62510156631469726563 0.50212991237640380859 0.0049342028796672821045 0.750698089599609375 0.86607766151428222656 0.050180152058601379395 -0.0037247093860059976578 -0.11784496158361434937 -0.41322186589241027832 -0.54568213224411010742 -0.1066463664174079895 -0.34859696030616760254 -0.53254950046539306641 -0.54515230655670166016 -1.2802530527114868164 -1.2057924270629882813
-9999 -9999 -9999 -9999 -9999 -9999 -9999 -9999 -9999 -9999 -9999 -9999 -9999 -9999 -9999 -9999 -9999 -9999 -9999 -9999 -1.0425393581390380859 -0.49349206686019897461 0.06265249103307723999 -0.078099958598613739014 0.35256502032279968262 0.6474831700325012207 0.3888270258903503418 1.4903696775436401367 1.3015695810317993164 -0.11409570276737213135 -0.2795613408088684082 -0.13286598026752471924 -0.17259778082370758057 -0.27227872610092163086 -0.36040395498275756836 -0.47410410642623901367 -0.22600850462913513184 -0.15447877347469329834 -0.44282492995262145996 -0.94528561830520629883
-9999 -9999 -9999 -9999 -9999 -9999 -9999 -9999 -9999 -9999 -9999 -9999 -9999 -9999 -9999 -9999 -9999 -9999 -9999 -1.3886964321136474609 -0.62037670612335205078 0.0060436278581619262695 0.31519660353660583496 0.26664695143699645996 0.12401508539915084839 0.23019365966320037842 0.5600070953369140625 1.1725782155990600586 0.63125681877136230469 0.039205241948366165161 -0.26879993081092834473 -0.19592149555683135986 0.39218229055404663086 0.1121586337685585022 -0.33922621607780456543 -0.38478130102157592773 -0.57236826419830322266 -0.020358888432383537292 0.26573604345321655273 -0.53129708766937255859
-9999 -9999 -9999 -9999 -9999 -9999 -9999 -9999 -9999 -9999 -9999 -9999 -9999 -9999 -9999 -9999 -9999 -9999 -9999 -1.253167271614074707 -0.83057194948196411133 -0.22442232072353363037 0.01270797383040189743 0.34240090847015380859 -0.0022104941308498382568 0.59580796957015991211 1.9640390872955322266 1.2673057317733764648 0.46878001093864440918 0.40178930759429931641 -0.11878647655248641968 0.22885395586490631104 0.95905172824859619141 0.49482330679893493652 -0.024169912561774253845 -0.36171066761016845703 -0.78724801540374755859 -0.85963982343673706055 0.11105939745903015137 0.40237700939178466797
-9999 -9999 -9999 -9999 -9999 -9999 -9999 -9999 -9999 -9999 -9999 -9999 -9999 -9999 -9999 -9999 -9999 -9999 -0.56672102212905883789 -0.86396175622940063477 -0.86286491155624389648 -0.50989538431167602539 -0.57902061939239501953 0.031003292649984359741 -0.11378626525402069092 1.1569863557815551758 1.1447148323059082031 0.19124864041805267334 0.42332175374031066895 0.5477650761604309082 0.232209816575050354 1.1151508092880249023 1.0725488662719726563 0.10475726425647735596 0.20563878118991851807 -0.10689943283796310425 -0.50313299894332885742 -0.43527245521545410156 -0.011478090658783912659 0.49220445752143859863
-9999 -9999 -9999 -9999 -9999 -9999 -9999 -9999 -9999 -9999 -9999 -9999 -9999 -9999 -9999 -9999 -9999 -9999 -0.51972365379333496094 -0.71043324470520019531 -0.87095201015472412109 -0.19649359583854675293 0.40973940491676330566 0.69873082637786865234 0.8071066737174987793 1.8386974334716796875 -0.3596375584602355957 -0.54320120811462402344 0.51864713430404663086 0.86272603273391723633 1.0154008865356445313 1.4769084453582763672 0.74676233530044555664 -0.29337579011917114258 -0.11928721517324447632 0.12957420945167541504 -0.48341518640518188477 -0.055955838412046432495 0.230424538254737854 -0.010722482576966285706
-9999 -9999 -9999 -9999 -9999 -9999 -9999 -9999 -9999 -9999 -9999 -9999 -9999 -9999 -9999 -9999 -9999 -9999 0.55275207757949829102 -0.50595480203628540039 -0.83313351869583129883 0.21621429920196533203 0.84810620546340942383 0.69946062564849853516 1.8896391391754150391 1.7215714454650878906 0.49801784753799438477 0.39131516218185424805 1.251565098762512207 1.8838047981262207031 1.9247251749038696289 1.0638791322708129883 0.70709288120269775391 -0.024090154096484184265 -0.031594064086675643921 0.074523337185382843018 -0.14637877047061920166 -0.090106941759586334229 -0.076308690011501312256 -0.24565671384334564209
-9999 -9999 -9999 -9999 -9999 -9999 -9999 -9999 -9999 -9999 -9999 -9999 -9999 -9999 -9999 -9999 -9999 -9999 2.0576264858245849609 -0.42679792642593383789 -0.84734106063842773438 0.71562826633453369141 1.3930485248565673828 2.0893003940582275391 2.4646997451782226563 2.6502130031585693359 2.7813212871551513672 1.7657914161682128906 1.4781168699264526367 1.7561789751052856445 1.2761098146438598633 0.51560372114181518555 0.27140370011329650879 -0.05829162895679473877 0.25469157099723815918 0.16533307731151580811 -0.046314034610986709595 0.18752217292785644531 -0.22114442288875579834 -0.28540471196174621582
-9999 -9999 -9999 -9999 -9999 -9999 -9999 -9999 -9999 -9999 -9999 -9999 -9999 -9999 -9999 -9999 -9999 -1.5684549808502197266 1.4570989608764648438 -0.66481339931488037109 -1.2116237878799438477 -0.10952187329530715942 2.0861704349517822266 2.4977276325225830078 1.6723142862319946289 0.84336447715759277344 1.4050776958465576172 0.60805183649063110352 0.29039105772972106934 0.28384485840797424316 0.15487508475780487061 0.080677345395088195801 -0.11206935346126556396 -0.53111386299133300781 -0.058555491268634796143 -0.24892263114452362061 -0.32276266813278198242 0.57053226232528686523 -0.093607924878597259521 -0.29766955971717834473
-9999 -9999 -9999 -9999 -9999 -9999 -9999 -9999 -9999 -9999 -9999 -9999 -9999 -9999 -9999 -9999 -9999 -1.4250444173812866211 0.29284137487411499023 -0.92654711008071899414 -1.0749249458312988281 0.66357344388961791992 1.3340404033660888672 1.0925353765487670898 1.0302569866180419922 0.99445974826812744141 1.1706730127334594727 0.27525430917739868164 -0.054518382996320724487 -0.14105592668056488037 -0.25343587994575500488 -0.29088348150253295898 -0.27209821343421936035 -0.055557046085596084595 -0.25334173440933227539 -0.57897084951400756836 -0.44533944129943847656 0.55347168445587158203 -0.07789726555347442627 -0.10831410437822341919
-9999 -9999 -9999 -9999 -9999 -9999 -9999 -9999 -9999 -9999 -9999 -9999 -9999 -9999 -9999 -9999 -9999 -0.63796710968017578125 0.60251188278198242188 0.48006916046142578125 0.81049549579620361328 1.5711580514907836914 1.3109582662582397461 1.3651486635208129883 1.0127478837966918945 0.51560491323471069336 0.13055889308452606201 -0.39240697026252746582 -0.1113605201244354248 0.25314256548881530762 0.63314998149871826172 -0.38073581457138061523 -0.55659705400466918945 0.14772079885005950928 -0.20472013950347900391 -0.49263030290603637695 -0.066214121878147125244 0.77562236785888671875 0.028515180572867393494 0.49682447314262390137
-9999 -9999 -9999 -9999 -9999 -9999 -9999 -9999 -9999 -9999 -9999 -9999 -9999 -9999 -9999 -9999 -2.3305683135986328125 -1.2137244939804077148 -1.0977596044540405273 -0.94673568010330200195 0.8835646510124206543 1.6732611656188964844 1.371008753776550293 0.32614693045616149902 -0.16854628920555114746 -0.33609104156494140625 -0.65281659364700317383 -0.84038466215133666992 -0.26664942502975463867 0.39224886894226074219 -0.47839128971099853516 -0.67670494318008422852 -0.5922120213508605957 0.37382102012634277344 0.30947136878967285156 0.046107064932584762573 0.60962957143783569336 0.9678179621696472168 0.0099524017423391342163 -0.19996939599514007568
-9999 -9999 -9999 -9999 -9999 -9999 -9999 -9999 -9999 -9999 -9999 -9999 -9999 -9999 -9999 -1.0501524209976196289 -1.6182349920272827148 -1.1443083286285400391 0.13199815154075622559 -0.69452106952667236328 0.51233065128326416016 0.68675440549850463867 0.041001308709383010864 -0.56994557380676269531 -0.97444581985473632813 -0.76653742790222167969 0.80288541316986083984 -0.24274283647537231445 -0.7887541651725769043 -0.40874460339546203613 -0.34589147567749023438 -0.074622966349124908447 0.13069023191928863525 0.39525210857391357422 0.67161166667938232422 0.24235954880714416504 1.084927678108215332 0.85760766267776489258 -0.41878578066825866699 -1.0811445713043212891
-9999 -9999 -9999 -9999 -9999 -9999 -9999 -9999 -9999 -9999 -9999 -9999 -9999 -9999 1.1808491945266723633 -0.20481549203395843506 -1.500149846076965332 0.10785166174173355103 1.5189329385757446289 1.1497936248779296875 0.4405994117259979248 -0.36240750551223754883 -0.90186631679534912109 -0.75785875320434570313 -0.81920486688613891602 -0.77848535776138305664 0.084695264697074890137 -0.15307129919528961182 -0.51277506351470947266 -0.33939504623413085938 -0.051855765283107757568 0.3046162724494934082 0.68836879730224609375 0.60154098272323608398 0.93883615732192993164 1.7055723667144775391 2.5836055278778076172 1.1140941381454467773 -0.27447539567947387695 -0.49969255924224853516
-9999 -9999 -9999 -9999 -9999 -9999 -9999 -9999 -9999 -9999 -9999 -9999 -9999 -9999 -0.15904121100902557373 -1.0173643827438354492 -1.234887242317199707 -0.03120186924934387207 0.39283776283264160156 1.4671905040740966797 -0.17084190249443054199 -0.80986827611923217773 -0.76853710412979125977 -0.63468557596206665039 0.1747919619083404541 -0.52691757678985595703 -0.61242395639419555664 -0.2269662022590637207 -0.19383157789707183838 -0.16832439601421356201 0.16252173483371734619 0.31014183163642883301 0.37995225191116333008 0.41629579663276672363 1.2507789134979248047 2.6317658424377441406 3.1900191307067871094 1.43527984619140625 -0.31632530689239501953 -0.6356270909309387207
