INPUT/RASTER/ASCII/twi.asc
ncols        113
nrows        135
xllcorner    473009.983799999987
yllcorner    4429001.174800000153
cellsize     100.000000000000
NODATA_value  -9999
[rows 54 to 71 of 135, columns 40 to 79 of 113]
-0.32131889462471008301 -0.59132295846939086914 -1.1044905185699462891 -1.4983894824981689453 -0.25531050562858581543 -0.54274332523345947266 -1.5530622005462646484 -1.5062661170959472656 -0.80025410652160644531 0.11968173086643218994 0.94801384210586547852 1.8832584619522094727 -0.10948649793863296509 -0.65919458866119384766 -0.65790647268295288086 0.22036594152450561523 0.31249201297760009766 -0.33512553572654724121 -0.72572982311248779297 0.80222517251968383789 -0.47556856274604797363 -0.61792725324630737305 0.3009192049503326416 1.9676150083541870117 -0.32901111245155334473 -9999 -9999 -9999 -9999 -9999 -9999 -9999 -9999 -9999 -9999 -0.99288266897201538086 -0.7833347320556640625 0.30922728776931762695 0.5219580531120300293 0.19481678307056427002
-0.18098804354667663574 -0.50324302911758422852 -0.7635974884033203125 -0.77335023880004882813 -0.083859980106353759766 -0.38293546438217163086 -0.78544324636459350586 -0.3025156557559967041 -0.95040935277938842773 -0.23201139271259307861 -0.0036257605534046888351 0.34228214621543884277 -0.63611853122711181641 0.012445310130715370178 0.19284801185131072998 0.48481389880180358887 -0.014526311308145523071 -0.59877049922943115234 -0.91863244771957397461 0.15794670581817626953 -0.80525821447372436523 -0.52297997474670410156 0.56627029180526733398 1.0926060676574707031 -0.61496180295944213867 -9999 -9999 -9999 -9999 -9999 -9999 -9999 -9999 -9999 -0.28841516375541687012 -0.57101029157638549805 -0.38527846336364746094 0.17994870245456695557 0.57314330339431762695 -0.18129087984561920166
0.015605672262609004974 -0.26207619905471801758 -0.4687563776969909668 0.23627570271492004395 0.21172203123569488525 1.1164251565933227539 -0.30719202756881713867 -0.92425572872161865234 -0.76530957221984863281 -0.62202763557434082031 -0.49946588277816772461 0.13254626095294952393 0.59569644927978515625 -0.0074871592223644256592 -0.28511208295822143555 -0.55992323160171508789 -0.55550110340118408203 -0.42924198508262634277 -0.71976262331008911133 1.1837750673294067383 -1.1556068658828735352 -0.37689960002899169922 0.99610048532485961914 1.1490517854690551758 -0.36785149574279785156 -9999 -9999 -9999 -9999 -9999 -9999 -9999 -9999 -9999 0.76834756135940551758 -0.10063748061656951904 -0.6090291142463684082 -0.46066689491271972656 0.6146729588508605957 -0.93305826187133789063
-0.2037426382303237915 -0.19859550893306732178 0.22508789598941802979 -0.24943836033344268799 -0.75288283824920654297 0.95910626649856567383 0.4017359614372253418 -0.7711130976676940918 -0.92637383937835693359 -0.89981359243392944336 -0.48206260800361633301 -0.61136186122894287109 0.033983148634433746338 -0.81101250648498535156 -0.80649894475936889648 -0.58100348711013793945 -0.111611194908618927 -0.084123238921165466309 -0.32873976230621337891 1.2152814865112304688 -0.41037455201148986816 -0.70899575948715209961 0.37522968649864196777 2.348117828369140625 1.677252650260925293 -9999 -9999 -9999 -9999 -9999 -9999 -9999 -9999 -9999 0.47407704591751098633 -0.36039254069328308105 -1.1142905950546264648 -1.0576928853988647461 0.36494621634483337402 0.22001992166042327881
-0.28888711333274841309 0.34996777772903442383 -0.31706592440605163574 -0.92981570959091186523 -0.91163468360900878906 -0.13013559579849243164 -0.20190639793872833252 -0.69432437419891357422 -0.50008565187454223633 -0.5387706756591796875 -0.75850969552993774414 -0.55223041772842407227 -0.062932021915912628174 -0.81331080198287963867 -0.89347428083419799805 -0.91951608657836914063 -0.7728932499885559082 -0.79280352592468261719 -0.59523534774780273438 0.68733251094818115234 2.6213421821594238281 1.4388984441757202148 2.7863585948944091797 3.6753594875335693359 2.9494214057922363281 -9999 -9999 -9999 -9999 -9999 -9999 -9999 0.94900989532470703125 2.1823985576629638672 0.98272925615310668945 -0.84952783584594726563 -0.99735212326049804688 -0.87197512388229370117 0.015083342790603637695 1.1244927644729614258
-0.54184234142303466797 0.043937988579273223877 -0.79279005527496337891 -1.1066217422485351563 -0.55241513252258300781 0.11191635578870773315 -0.18941186368465423584 -0.29318028688430786133 -0.026788756251335144043 -0.22679290175437927246 -0.46938875317573547363 0.43255218863487243652 0.22709326446056365967 -0.97374176979064941406 -1.4757782220840454102 -1.3215875625610351563 -0.93778592348098754883 -0.77528029680252075195 -0.61981451511383056641 -0.47439077496528625488 2.2838339805603027344 3.6589550971984863281 2.588932037353515625 2.1971371173858642578 2.5088171958923339844 -9999 -9999 -9999 -9999 -9999 -9999 -1.8966472148895263672 -0.41863915324211120605 1.8355082273483276367 0.38293689489364624023 -0.85277843475341796875 -0.7598527073860168457 -0.6632182002067565918 0.68607318401336669922 1.3043551445007324219
0.46294441819190979004 -0.16768813133239746094 -0.5245316624641418457 -0.30117115378379821777 0.1179822087287902832 0.071581259369850158691 -0.093072399497032165527 0.17621743679046630859 0.37532863020896911621 -0.20686762034893035889 -0.55403906106948852539 0.50957024097442626953 -0.1934064030647277832 -0.97842836380004882813 -1.3655010461807250977 -1.3248927593231201172 -0.84649759531021118164 -0.43484547734260559082 -1.1374040842056274414 -1.1210383176803588867 -0.15423829853534698486 1.651642918586730957 1.1871584653854370117 0.11666109412908554077 -9999 -9999 -9999 -9999 -9999 -9999 -9999 -1.5698421001434326172 -1.5719890594482421875 -0.24276381731033325195 -0.27412217855453491211 -0.48895871639251708984 -0.67552381753921508789 -0.50040376186370849609 0.78762394189834594727 1.358439326286315918
0.97805702686309814453 0.20859704911708831787 -0.059516794979572296143 0.34669166803359985352 -0.11065768450498580933 -0.68532216548919677734 0.23219841718673706055 0.32973486185073852539 0.22564561665058135986 -0.1424064338207244873 -0.46718519926071166992 0.55742067098617553711 0.11690876632928848267 -0.49882781505584716797 -1.0691907405853271484 -1.3218673467636108398 -0.90708214044570922852 -0.22985130548477172852 -0.47391313314437866211 -0.94051301479339599609 -0.66176784038543701172 2.170673370361328125 0.92716264724731445313 -0.12933801114559173584 -0.34133264422416687012 -0.3437131047248840332 -9999 -9999 -9999 -9999 -9999 -1.1292361021041870117 -1.1974753141403198242 -1.2504830360412597656 -1.2512317895889282227 -1.1814926862716674805 -0.83488166332244873047 0.14884401857852935791 0.73909831047058105469 0.43350148200988769531
0.10613355040550231934 -0.13582664728164672852 0.4210249483585357666 0.63210892677307128906 -0.0329703502357006073 -0.64816987514495849609 0.79263973236083984375 0.17549359798431396484 0.021459838375449180603 -0.20195557177066802979 -0.36465483903884887695 0.50130057334899902344 0.15920305252075195313 -0.25916051864624023438 -0.84023445844650268555 -1.3020517826080322266 -0.94081044197082519531 -0.13401858508586883545 -0.05735251307487487793 -0.3008994758129119873 0.059977274388074874878 1.4616949558258056641 -0.094191424548625946045 -0.45884802937507629395 -0.22593714296817779541 -0.24141392111778259277 1.7643209695816040039 -9999 -9999 -9999 -9999 -9999 -0.28187313675880432129 -1.0422037839889526367 -1.4748747348785400391 -1.135092616081237793 -0.75608247518539428711 0.4449723362922668457 -0.31197753548622131348 -0.26302072405815124512
-0.41726168990135192871 -0.54073977470397949219 0.81731456518173217773 0.76632601022720336914 0.19723114371299743652 -0.16553825139999389648 1.1577664613723754883 -0.060644209384918212891 -0.21012033522129058838 -0.11396317183971405029 -0.45192012190818786621 0.64768767356872558594 0.51478034257888793945 0.053503628820180892944 -0.99963212013244628906 -1.1241105794906616211 -0.97563201189041137695 -0.065688192844390869141 -0.11781018227338790894 0.0745161399245262146 1.5384881496429443359 -0.71723401546478271484 -0.58958715200424194336 -0.54559904336929321289 -0.65451371669769287109 0.53286939859390258789 0.067957341670989990234 -1.7059482336044311523 -9999 -9999 -9999 -9999 1.8339520692825317383 0.15433236956596374512 -1.0275425910949707031 -0.31322491168975830078 -0.80992704629898071289 -0.63812178373336791992 -1.2428624629974365234 -0.65182083845138549805
-0.39922451972961425781 -0.32091170549392700195 0.66235065460205078125 0.34773394465446472168 0.37969076633453369141 0.19203063845634460449 1.1014653444290161133 0.27713432908058166504 -0.033843498677015304565 0.81523364782333374023 0.083446711301803588867 0.71357494592666625977 0.49904152750968933105 0.39798009395599365234 -0.91303342580795288086 -0.39660298824310302734 -0.50443911552429199219 0.072119183838367462158 -0.19858831167221069336 0.96821916103363037109 0.85264647006988525391 -1.4656869173049926758 -0.70852982997894287109 0.51989632844924926758 -0.2701810002326965332 -0.70540243387222290039 -1.2718272209167480469 -0.56182932853698730469 0.40181571245193481445 -9999 -9999 -9999 1.9940384626388549805 0.28343346714973449707 -0.76382267475128173828 -1.1322393417358398438 -1.4055083990097045898 -0.73766303062438964844 -0.76848882436752319336 -0.86392790079116821289
0.5934931635856628418 0.64858603477478027344 0.85294747352600097656 0.49261644482612609863 0.73682308197021484375 0.52036648988723754883 0.74990051984786987305 1.2500766515731811523 0.31395703554153442383 0.70365548133850097656 0.12446245551109313965 0.71770679950714111328 0.53969562053680419922 0.55634659528732299805 0.082698300480842590332 0.27082979679107666016 0.044114295393228530884 0.25407928228378295898 0.20054382085800170898 2.3793351650238037109 -0.72072088718414306641 -1.3766576051712036133 0.27122080326080322266 0.69857430458068847656 -0.23900136351585388184 -1.0028282403945922852 -0.54797893762588500977 0.69454556703567504883 1.6177508831024169922 -9999 -9999 -9999 0.81079596281051635742 -0.45273000001907348633 -0.90181267261505126953 -0.97516751289367675781 -1.1107026338577270508 0.38722887635231018066 0.31631320714950561523 -0.93062323331832885742
0.65885388851165771484 1.5148310661315917969 0.84231323003768920898 0.58949923515319824219 0.20044906437397003174 0.19817984104156494141 0.39866495132446289063 0.99671697616577148438 1.284984588623046875 0.97064012289047241211 0.94513589143753051758 1.1298029422760009766 0.6908137202262878418 0.49417743086814880371 0.76837813854217529297 0.46518784761428833008 0.34937828779220581055 0.3084818720817565918 1.5095369815826416016 0.58878439664840698242 -1.2452474832534790039 -1.2620174884796142578 -0.56060540676116943359 -0.65607500076293945313 -1.0527640581130981445 -0.83410322666168212891 0.13661755621433258057 2.0825273990631103516 2.92482757568359375 -9999 -9999 -9999 0.34990841150283813477 -0.52294218540191650391 -0.81170934438705444336 -0.97955483198165893555 -1.0186140537261962891 -0.1694428175687789917 0.049557074904441833496 -0.86149704456329345703
0.67408299446105957031 0.80905866622924804688 1.8029301166534423828 1.0277047157287597656 0.12384957075119018555 0.2306728065013885498 0.30956313014030456543 0.35692596435546875 0.88635796308517456055 1.1377201080322265625 1.1070369482040405273 1.6328090429306030273 0.76599615812301635742 0.32282403111457824707 1.0997699499130249023 0.75342845916748046875 0.38400793075561523438 0.88693785667419433594 1.1376312971115112305 -0.45434707403182983398 -1.0427024364471435547 -0.88925546407699584961 -0.32536292076110839844 -0.34010896086692810059 -0.26670041680335998535 -0.68061757087707519531 0.12012670189142227173 1.7077744007110595703 1.0875213146209716797 -9999 -9999 -9999 -9999 -9999 -9999 -9999 -0.38536509871482849121 -0.28336936235427856445 0.52194362878799438477 -0.020150795578956604004
0.91153234243392944336 0.75782358646392822266 0.7887795567512512207 1.4235013723373413086 0.73324590921401977539 0.55847072601318359375 0.22418956458568572998 -0.0019958054181188344955 0.25749149918556213379 1.0643025636672973633 1.1678755283355712891 1.1682478189468383789 1.5414561033248901367 0.66153687238693237305 0.91870218515396118164 0.38425081968307495117 -0.056526742875576019287 2.86365509033203125 0.39736482501029968262 -0.55214858055114746094 -0.89934492111206054688 -0.71341967582702636719 -0.55516231060028076172 -0.38516271114349365234 0.18574289977550506592 0.32460930943489074707 0.029504068195819854736 1.2251410484313964844 -9999 -9999 -9999 -9999 -9999 -9999 -9999 -9999 1.4183926582336425781 0.67846673727035522461 -0.1949643939733505249 1.0019018650054931641
0.36784631013870239258 -0.30142360925674438477 -0.62241983413696289063 0.37896573543548583984 0.79913735389709472656 0.27852800488471984863 -0.087910875678062438965 -0.042836438864469528198 0.24849976599216461182 0.93371540307998657227 -0.13450253009796142578 -0.62907910346984863281 0.87213993072509765625 1.9109989404678344727 1.4398158788681030273 0.2229398190975189209 1.4719760417938232422 1.7628420591354370117 -0.64412981271743774414 -0.92886370420455932617 -1.2383737564086914063 -1.3018202781677246094 -0.69330370426177978516 -0.65722191333770751953 0.29387223720550537109 1.3344997167587280273 1.8350279331207275391 -9999 -9999 -9999 -9999 -9999 -9999 -9999 -9999 -9999 1.1207356452941894531 0.12576077878475189209 -0.30619415640830993652 0.22022143006324768066
-0.21626235544681549072 -0.58267152309417724609 -0.20659296214580535889 -0.045797701925039291382 -0.2333037257194519043 -0.091185182332992553711 -0.1056346893310546875 -0.11605308949947357178 0.31248059868812561035 1.4565221071243286133 -0.055774733424186706543 -0.40448111295700073242 -0.33823823928833007813 0.49449408054351806641 0.7897828221321105957 0.733860015869140625 0.47873005270957946777 -0.14262172579765319824 -0.38432344794273376465 -0.78318393230438232422 -0.5039431452751159668 -0.90067952871322631836 -0.41212713718414306641 0.17682431638240814209 1.0524334907531738281 1.2939007282257080078 -9999 0.15331169962882995605 0.32903742790222167969 0.86761170625686645508 2.9041087627410888672 0.72654920816421508789 0.63321059942245483398 0.55525940656661987305 -9999 -9999 -9999 -0.3655211031436920166 -0.65091645717620849609 -0.56839507818222045898
-0.25141432881355285645 -0.41582661867141723633 0.01292506139725446701 0.032275833189487457275 0.084300071001052856445 0.23463734984397888184 -0.0031987819820642471313 -0.17799799144268035889 0.53202384710311889648 1.8405504226684570313 0.1862058490514755249 -0.5826047062873840332 -0.45114022493362426758 -0.68418151140213012695 1.1024991273880004883 2.8843989372253417969 0.10842316597700119019 -0.23074844479560852051 -0.69123655557632446289 -1.1079926490783691406 -0.63683515787124633789 -0.95275986194610595703 -0.48275163769721984863 0.99884468317031860352 1.3791711330413818359 1.218916773796081543 -9999 -0.035794887691736221313 0.22162109613418579102 0.93233132362365722656 2.168537139892578125 0.52102434635162353516 1.2940639257431030273 0.94378602504730224609 -9999 -9999 -9999 0.31157028675079345703 -0.47751304507255554199 -0.87884157896041870117
