INPUT/RASTER/ASCII/twi.asc
ncols        113
nrows        135
xllcorner    473009.983799999987
yllcorner    4429001.174800000153
cellsize     100.000000000000
NODATA_value  -9999
[rows 54 to 71 of 135, columns 0 to 39 of 113]
-9999 -9999 -9999 -0.11829712986946105957 -0.7003008723258972168 -0.51377117633819580078 -0.072377130389213562012 -0.10502660274505615234 -0.47907045483589172363 -0.53249585628509521484 0.40595597028732299805 0.27115601301193237305 -0.32698595523834228516 -0.3358847498893737793 -0.26316225528717041016 -0.42763870954513549805 -0.15245062112808227539 0.13345599174499511719 -0.18821009993553161621 -0.46835428476333618164 -0.59035867452621459961 -0.734928131103515625 0.31693989038467407227 1.5769786834716796875 0.95912069082260131836 -0.070037737488746643066 0.60898613929748535156 -0.66404545307159423828 -0.37427026033401489258 -0.7126922607421875 -0.8866869807243347168 -1.0291290283203125 -0.59669107198715209961 0.77024793624877929688 1.0896118879318237305 -0.24417008459568023682 -0.72813755273818969727 -1.2356797456741333008 -0.81997215747833251953 0.82777792215347290039
-9999 -9999 -9999 -0.038127679377794265747 -0.48940250277519226074 -0.27485859394073486328 -0.086537592113018035889 -0.38513451814651489258 -0.58179873228073120117 -0.33350938558578491211 0.3693167567253112793 -0.13828296959400177002 -0.35461005568504333496 -0.47682821750640869141 -0.40926721692085266113 -0.38544967770576477051 -0.19206009805202484131 0.3355032801628112793 -0.090527921915054321289 -0.215139731764793396 -0.49087414145469665527 -0.74408841133117675781 -0.33774977922439575195 0.77446979284286499023 1.8970962762832641602 0.70157212018966674805 1.2331258058547973633 0.62887781858444213867 -0.041449956595897674561 -0.86410057544708251953 -0.77264887094497680664 -1.0847679376602172852 -0.89606702327728271484 -0.35626819729804992676 1.4441342353820800781 -0.2640012204647064209 -0.79868948459625244141 -0.66464847326278686523 0.65707641839981079102 1.3162553310394287109
-9999 -9999 0.57330220937728881836 -0.12083201110363006592 -0.60740840435028076172 -0.31571120023727416992 -0.43501967191696166992 -0.87886911630630493164 -0.9141998291015625 0.1200655326247215271 -0.37619435787200927734 -0.40455007553100585938 -0.53418636322021484375 -0.52499973773956298828 -0.54430943727493286133 -0.58334171772003173828 -0.24302048981189727783 0.39950090646743774414 -0.15720556676387786865 -0.2395992577075958252 -0.12201640009880065918 -0.36939239501953125 -0.072011314332485198975 0.14562968909740447998 1.779570460319519043 1.3287198543548583984 1.7058506011962890625 1.3785930871963500977 -0.16013324260711669922 -1.00183868408203125 -0.7188084721565246582 -0.85697358846664428711 -0.65284627676010131836 -0.32516261935234069824 1.8312528133392333984 0.78375953435897827148 -0.57091224193572998047 -0.19385915994644165039 1.5483123064041137695 0.72531986236572265625
-9999 -9999 -1.6463204622268676758 -1.2620450258255004883 -0.9360612034797668457 -0.35432580113410949707 -0.82759839296340942383 -1.1146702766418457031 -0.27580490708351135254 -0.5650952458381652832 -0.68001222610473632813 -0.69643169641494750977 -0.61039370298385620117 -0.53756231069564819336 -0.89353096485137939453 -0.86295789480209350586 -0.17007069289684295654 0.32304292917251586914 -0.46486142277717590332 -0.5389614105224609375 0.1065809205174446106 0.028040826320648193359 0.050946556031703948975 -0.12775303423404693604 1.7703897953033447266 1.6739579439163208008 1.695822596549987793 1.2462608814239501953 0.27739879488945007324 -0.66273003816604614258 -0.56126266717910766602 -0.49185192584991455078 0.02117018774151802063 0.049942675977945327759 4.1580665310902986676e-06 0.778659820556640625 -0.36194574832916259766 0.21428929269313812256 0.90461671352386474609 -0.022301280871033668518
-9999 -9999 -1.8866041898727416992 -2.0043265819549560547 -1.5746891498565673828 -0.94972842931747436523 -1.2221938371658325195 -0.57133591175079345703 -1.2535552978515625 -0.9811191558837890625 -0.753757476806640625 -0.64523923397064208984 -0.86508196592330932617 -0.14573770761489868164 -0.77315175533294677734 -1.034496307373046875 -0.035981990396976470947 -0.042501810938119888306 -0.8025925755500793457 -0.57045227289199829102 0.23883578181266784668 0.34216162562370300293 0.036323133856058120728 0.15696561336517333984 2.0972077846527099609 1.7212051153182983398 1.3495782613754272461 0.7755953669548034668 -0.24549600481986999512 -0.92383474111557006836 -0.29427051544189453125 -0.25635036826133728027 0.21284285187721252441 -0.62527614831924438477 -0.68304842710494995117 0.69386434555053710938 1.3947138786315917969 1.1029969453811645508 0.085442475974559783936 -0.60867798328399658203
-9999 -9999 -9999 -1.5117195844650268555 -0.71907687187194824219 -1.413496851921081543 -0.83510679006576538086 -0.77595376968383789063 -0.8623752593994140625 -0.61555910110473632813 -0.60280251502990722656 -0.96316713094711303711 -0.72992283105850219727 0.92409878969192504883 0.12447684258222579956 0.051107272505760192871 -0.18349114060401916504 -0.66661691665649414063 -0.77193075418472290039 -0.30022603273391723633 0.40642851591110229492 0.58448225259780883789 -0.0057834424078464508057 0.76462703943252563477 1.5177096128463745117 0.17457787692546844482 -0.22797667980194091797 -0.2560361325740814209 -0.56783974170684814453 -0.73301362991333007813 -0.094843886792659759521 -0.3360169827938079834 -0.78986597061157226563 -0.81475847959518432617 -0.64295053482055664063 -0.4144713282585144043 1.9186431169509887695 2.6149075031280517578 0.22495296597480773926 -0.23740619421005249023
-9999 -9999 -9999 -9999 0.75552016496658325195 -0.24416349828243255615 0.38688883185386657715 -0.88208049535751342773 -0.42913582921028137207 -0.31351694464683532715 -0.46031546592712402344 -1.1397477388381958008 -0.81106859445571899414 0.80702149868011474609 0.84591370820999145508 0.14369568228721618652 -0.72096586227416992188 -0.6788470149040222168 -0.37011441588401794434 0.15802645683288574219 0.035325851291418075562 0.61990106105804443359 0.60504496097564697266 1.2028739452362060547 -0.34077522158622741699 -0.67340034246444702148 -0.85021686553955078125 0.10401424765586853027 -0.20274236798286437988 -0.26972284913063049316 0.35490921139717102051 -0.18866166472434997559 -0.43776354193687438965 -0.60073059797286987305 -0.66152167320251464844 -0.11301986128091812134 1.5727652311325073242 1.8422098159790039063 0.30921950936317443848 0.064440764486789703369
-9999 -9999 -9999 -9999 -9999 -1.1428610086441040039 1.2961975336074829102 -0.68768584728240966797 -0.94949364662170410156 -0.61337113380432128906 -0.5336163640022277832 -1.1531943082809448242 -1.3072190284729003906 0.2068099677562713623 -0.17496176064014434814 -0.97036403417587280273 -1.0741339921951293945 -0.58585017919540405273 0.15381783246994018555 0.15935416519641876221 -0.41452229022979736328 1.3980139493942260742 1.6190216541290283203 0.22659312188625335693 -0.23676933348178863525 -0.41091278195381164551 -0.88281959295272827148 -0.91711282730102539063 -0.47101423144340515137 0.15971158444881439209 0.27337548136711120605 -0.080198273062705993652 -0.36583504080772399902 -0.97908347845077514648 -1.2528989315032958984 -0.95076739788055419922 0.55764913558959960938 1.4896398782730102539 0.44873479008674621582 1.1034502983093261719
-9999 -9999 -9999 -9999 -9999 -2.5431482791900634766 2.0294699668884277344 -0.85858523845672607422 -1.11977386474609375 -0.77976059913635253906 -1.193538665771484375 -0.87929314374923706055 0.3211587071418762207 0.84227299690246582031 -1.4558898210525512695 -1.550108790397644043 -1.0489295721054077148 -0.28421014547348022461 0.53623062372207641602 0.27772501111030578613 0.83720982074737548828 1.3381140232086181641 0.10098642110824584961 -0.055307574570178985596 -0.085220672190189361572 -0.28435766696929931641 -0.66976678371429443359 -0.65642762184143066406 -0.51415735483169555664 0.58912140130996704102 0.29900917410850524902 -0.21778436005115509033 -0.90256762504577636719 -0.98433917760848999023 -0.69145095348358154297 -0.57138961553573608398 0.97315698862075805664 3.4200177192687988281 1.3916968107223510742 0.9892094731330871582
-9999 -9999 -9999 -9999 -9999 -9999 -0.93887734413146972656 -1.7269972562789916992 -1.5648782253265380859 -1.3595098257064819336 -0.29760119318962097168 0.85003781318664550781 1.8802684545516967773 0.54876053333282470703 -1.2577872276306152344 -0.86874908208847045898 -0.58588045835494995117 -0.093353055417537689209 0.59433990716934204102 1.6040341854095458984 0.73669111728668212891 -0.3083254396915435791 -0.20718905329704284668 0.0015495570842176675797 0.08694829791784286499 -0.027466405183076858521 -0.2094834744930267334 -0.31023484468460083008 -0.53627419471740722656 1.7852381467819213867 0.57469773292541503906 -0.35660612583160400391 -0.93652653694152832031 -0.85701406002044677734 -0.57580268383026123047 -0.36354392766952514648 1.0947679281234741211 3.3127214908599853516 0.55495715141296386719 -0.13005223870277404785
-9999 -9999 -9999 -9999 -9999 0.74328655004501342773 0.093044139444828033447 -0.93261480331420898438 -0.784137725830078125 0.32848691940307617188 1.1568310260772705078 -0.36189538240432739258 -0.63943874835968017578 0.032378979027271270752 -0.84653961658477783203 -0.65163403749465942383 -0.7871538996696472168 -0.59575617313385009766 1.508101344108581543 0.75901758670806884766 -0.48892602324485778809 -0.30159512162208557129 -0.017942139878869056702 0.0046589453704655170441 0.27552235126495361328 0.12356171756982803345 0.29468783736228942871 0.1743326038122177124 -0.024019990116357803345 2.5343332290649414063 -0.13278742134571075439 -0.66891467571258544922 -0.6848468780517578125 -0.65692055225372314453 -0.54932731389999389648 0.080686338245868682861 1.4320067167282104492 2.4767270088195800781 0.12253265082836151123 -0.23285394906997680664
-9999 -9999 -9999 -9999 -1.0695786476135253906 0.26286113262176513672 -1.1411899328231811523 -1.7632946968078613281 -1.148021697998046875 -1.1392530202865600586 -1.1478713750839233398 -0.97199338674545288086 -0.83003312349319458008 -0.96451854705810546875 -0.84028214216232299805 -0.15452915430068969727 -0.67512863874435424805 -0.086145393550395965576 1.9554293155670166016 -0.1273578256368637085 -0.034356832504272460938 0.08925949782133102417 -0.095746412873268127441 0.12977989017963409424 0.51946634054183959961 0.18201881647109985352 0.57848411798477172852 0.10428171604871749878 -0.35520613193511962891 1.5957777500152587891 -0.41756871342658996582 -0.42921558022499084473 -0.54635345935821533203 -1.217789769172668457 -0.7844975590705871582 -0.099123269319534301758 0.77492135763168334961 2.0201632976531982422 0.49655759334564208984 0.43989658355712890625
-9999 -9999 -9999 -9999 -1.8036807775497436523 -1.5036630630493164063 -1.296868443489074707 -1.2394292354583740234 -0.88473922014236450195 -0.1927035599946975708 0.83051192760467529297 -0.24981735646724700928 -0.38605895638465881348 -0.83986324071884155273 -1.0787917375564575195 -0.85549682378768920898 0.29422485828399658203 2.4486100673675537109 2.0024635791778564453 0.3347218930721282959 0.26257807016372680664 0.10171024501323699951 0.11084411293268203735 0.59194236993789672852 0.4922434389591217041 0.47504314780235290527 0.35138243436813354492 -0.44315025210380554199 -0.50638419389724731445 0.85692161321640014648 0.022072719410061836243 -0.11523871123790740967 -0.82631897926330566406 -0.82549077272415161133 -0.50050604343414306641 -0.16809532046318054199 0.75119280815124511719 1.9754174947738647461 0.53032070398330688477 0.81405162811279296875
-9999 -9999 -9999 -9999 -2.3251066207885742188 -1.2962534427642822266 -0.6278470158576965332 -0.42534548044204711914 -0.58414137363433837891 -0.18672586977481842041 0.70151638984680175781 0.029809910804033279419 -0.19273895025253295898 -0.42492091655731201172 -0.96670413017272949219 -0.32570981979370117188 0.98850965499877929688 2.3327496051788330078 0.33798357844352722168 0.019616993144154548645 -0.074765689671039581299 0.23209406435489654541 0.78833520412445068359 0.50938493013381958008 0.019083268940448760986 0.64052796363830566406 -0.007387011311948299408 -0.43979230523109436035 -0.53215223550796508789 0.45887252688407897949 0.95202094316482543945 0.020067360252141952515 -0.88420218229293823242 -0.58014655113220214844 -0.30375340580940246582 0.24638226628303527832 1.2505570650100708008 1.4488071203231811523 0.76797574758529663086 0.74289250373840332031
-9999 -9999 -9999 -9999 -1.6834343671798706055 -0.9959761500358581543 -0.72525513172149658203 -0.60666298866271972656 -0.80098837614059448242 -0.32403340935707092285 1.0443634986877441406 -0.026000164449214935303 -0.30906546115875244141 -0.4801921546459197998 -0.72012811899185180664 -0.61002939939498901367 2.3306374549865722656 1.1572394371032714844 -0.43105933070182800293 -0.18711686134338378906 0.26690721511840820313 1.0756576061248779297 0.15167574584484100342 -0.35739499330520629883 -0.33398252725601196289 0.78655707836151123047 0.16127558052539825439 -0.472797393798828125 -0.68587028980255126953 -0.29329124093055725098 0.97292792797088623047 -0.77128762006759643555 -0.9296601414680480957 0.59871888160705566406 0.15292790532112121582 1.6180537939071655273 1.2955445051193237305 0.96647822856903076172 0.9289029240608215332 0.84282416105270385742
-9999 -9999 -9999 -9999 -0.034016210585832595825 -1.0765303373336791992 -0.7357470393180847168 -0.92965829372406005859 -1.3891820907592773438 0.35705131292343139648 1.079375147819519043 0.01620236225426197052 -0.18210706114768981934 -0.27988398075103759766 -0.41383716464042663574 -0.73453921079635620117 1.0183393955230712891 1.1898043155670166016 -0.2344707101583480835 -0.07707329094409942627 0.58027362823486328125 0.43081966042518615723 -0.4127705991268157959 -0.3735904991626739502 -0.12892901897430419922 0.96498864889144897461 0.16330131888389587402 -0.23232382535934448242 -0.45908281207084655762 -0.46310850977897644043 1.5302484035491943359 -0.77276462316513061523 -1.0426383018493652344 0.76590019464492797852 0.0036574646364897489548 0.70435953140258789063 -0.49167680740356445313 0.77153486013412475586 1.3057440519332885742 1.0397770404815673828
-9999 -9999 -9999 -9999 -0.39941734075546264648 -1.0681540966033935547 -0.74345153570175170898 -1.031647801399230957 -1.0439977645874023438 0.68539011478424072266 0.36113938689231872559 0.063010506331920623779 -0.003437458304688334465 -0.049253713339567184448 -0.27575153112411499023 0.012980232946574687958 1.8359394073486328125 0.97442775964736938477 -0.31441888213157653809 0.33078852295875549316 0.89037889242172241211 -0.35605439543724060059 -0.68501961231231689453 -0.37799343466758728027 0.23035077750682830811 1.2128024101257324219 0.13655997812747955322 -0.41164678335189819336 -0.8645890355110168457 -0.86845105886459350586 0.51481091976165771484 -0.27321484684944152832 -0.78620904684066772461 0.42222434282302856445 0.75039643049240112305 -0.24804288148880004883 -1.2920334339141845703 -0.27164724469184875488 1.5059514045715332031 0.88600897789001464844
-9999 -9999 -9999 -1.4384387731552124023 -1.3797601461410522461 -0.94623851776123046875 -0.96363371610641479492 -0.95567911863327026367 -0.27495574951171875 1.2422530651092529297 0.32210803031921386719 0.29623082280158996582 0.12977150082588195801 -0.25834915041923522949 -0.13509981334209442139 0.96085494756698608398 2.2469208240509033203 0.78024536371231079102 -0.25409075617790222168 0.79061102867126464844 0.77045005559921264648 -0.35190364718437194824 -0.58664929866790771484 -0.14310446381568908691 0.90942144393920898438 0.81248706579208374023 0.25763782858848571777 -0.30195975303649902344 -0.47969740629196166992 -1.0487601757049560547 -0.035836864262819290161 -0.064311906695365905762 -0.20913864672183990479 0.57281166315078735352 1.1188412904739379883 0.4349994957447052002 -0.64710783958435058594 -0.49968925118446350098 0.060310102999210357666 0.97846245765686035156
