INPUT/RASTER/ASCII/twi.asc
ncols        113
nrows        135
xllcorner    473009.983799999987
yllcorner    4429001.174800000153
cellsize     100.000000000000
NODATA_value  -9999
[rows 36 to 53 of 135, columns 40 to 79 of 113]
1.0232100486755371094 0.59561789035797119141 0.046556830406188964844 -0.18581312894821166992 -0.40105089545249938965 0.19931745529174804688 0.53389185667037963867 0.56806874275207519531 1.1894445419311523438 1.1968092918395996094 2.0187084674835205078 0.96107327938079833984 1.6092568635940551758 1.9829148054122924805 0.51148867607116699219 -9999 -9999 -9999 -9999 -9999 -9999 -9999 -1.6114833354949951172 0.098390363156795501709 0.050117783248424530029 0.50418382883071899414 -9999 -9999 -9999 -9999 -9999 -9999 -9999 -9999 -9999 -9999 -9999 -9999 -9999 -9999
-0.76416361331939697266 -0.06927073746919631958 2.1924924850463867188 0.68376737833023071289 0.58507293462753295898 0.2391392141580581665 0.38096570968627929688 0.38008415699005126953 -0.20835246145725250244 -0.6485773921012878418 1.6697037220001220703 -0.43462836742401123047 -0.073494352400302886963 0.41556239128112792969 0.53810167312622070313 -0.18621551990509033203 -0.99934101104736328125 -9999 -9999 -9999 -9999 -9999 -0.92110913991928100586 -0.43363469839096069336 0.7096487879753112793 1.311435699462890625 -9999 -9999 -9999 -9999 -9999 -9999 -9999 -9999 -9999 -9999 -9999 -9999 -9999 -9999
1.0038664340972900391 1.8268020153045654297 1.4403538703918457031 0.43452095985412597656 0.14453464746475219727 -0.60697662830352783203 -0.096990168094635009766 0.30024695396423339844 0.32063218951225280762 -0.38367217779159545898 0.88391423225402832031 2.2868037223815917969 0.74267184734344482422 -0.46427732706069946289 -0.25662383437156677246 -0.69892340898513793945 -0.45801806449890136719 0.050874594599008560181 -9999 -9999 -9999 0.11930692195892333984 -0.28502333164215087891 -0.025970179587602615356 0.85278379917144775391 1.2109349966049194336 -9999 -9999 -9999 -9999 -9999 -9999 -9999 -9999 -9999 -9999 -9999 -9999 -9999 -0.054737269878387451172
3.7799992561340332031 1.2363168001174926758 -0.44699636101722717285 0.19895943999290466309 0.32969766855239868164 -0.44227650761604309082 -0.20850417017936706543 0.14463120698928833008 0.28240320086479187012 0.32074791193008422852 0.57770991325378417969 0.88317483663558959961 1.1051821708679199219 -0.16160728037357330322 -0.2370067983865737915 0.77713000774383544922 0.94799703359603881836 0.34642779827117919922 0.17692266404628753662 -9999 0.30277043581008911133 0.48559227585792541504 0.51917129755020141602 0.94206911325454711914 1.3709511756896972656 1.4413295984268188477 -9999 -9999 -9999 -9999 -9999 -9999 -9999 -9999 -9999 -9999 -9999 -9999 -9999 -0.83344805240631103516
3.7761175632476806641 2.112667083740234375 -0.50975805521011352539 0.097475238144397735596 0.37673369050025939941 0.17628279328346252441 0.02833767235279083252 0.22905963659286499023 0.3172391355037689209 0.18082244694232940674 0.35614937543869018555 0.54484516382217407227 0.17455329000949859619 1.7310597896575927734 0.068795703351497650146 0.7559483647346496582 0.36689159274101257324 0.21769672632217407227 1.9692509174346923828 0.88279944658279418945 -0.98024719953536987305 -0.034954123198986053467 1.6627012491226196289 1.1978899240493774414 0.9401099085807800293 1.1781954765319824219 -9999 -9999 -9999 -9999 -9999 -9999 -9999 -9999 -9999 -9999 -9999 -9999 -9999 -0.96731817722320556641
1.5828993320465087891 2.5417904853820800781 1.0284183025360107422 0.21635521948337554932 -0.0635526999831199646 0.20942641794681549072 0.48829627037048339844 0.50655442476272583008 0.47769978642463684082 0.31263113021850585938 0.39593094587326049805 0.52049899101257324219 0.51015794277191162109 1.6465965509414672852 -1.3123053312301635742 -0.8234278559684753418 -0.56977975368499755859 0.95960700511932373047 1.8547540903091430664 0.54860401153564453125 -1.2335391044616699219 0.28188747167587280273 2.1256983280181884766 -0.025767484679818153381 0.41285359859466552734 1.3635540008544921875 -9999 -9999 -9999 -9999 -9999 -9999 -9999 -9999 -9999 -9999 -9999 -9999 -9999 -0.46906253695487976074
-0.3163324892520904541 0.18934702873229980469 1.6534420251846313477 0.70759844779968261719 -0.47976967692375183105 0.0070073283277451992035 1.1471130847930908203 0.97305685281753540039 0.60603868961334228516 0.47948086261749267578 0.48012793064117431641 -0.025189384818077087402 1.786646723747253418 0.44863224029541015625 -1.0130609273910522461 -0.63162809610366821289 -0.026064330711960792542 2.0189430713653564453 1.9364461898803710938 0.70351994037628173828 -0.94868648052215576172 0.58443784713745117188 2.2932960987091064453 0.39959564805030822754 0.55733728408813476563 1.4165413379669189453 -9999 -9999 -9999 -9999 -9999 -9999 -9999 -9999 -9999 -9999 -9999 -9999 -9999 3.0185816287994384766
0.34619453549385070801 -0.92046868801116943359 0.39557054638862609863 2.4642355442047119141 0.39968141913414001465 -0.073822379112243652344 1.1219122409820556641 0.33263495564460754395 0.42120724916458129883 0.34506472945213317871 -0.25196364521980285645 -0.29864224791526794434 1.5429277420043945313 0.087329097092151641846 0.19957591593265533447 0.51001161336898803711 1.7298825979232788086 2.8197157382965087891 1.4546984434127807617 0.5326163172721862793 -0.66328024864196777344 0.20943541824817657471 0.9160054326057434082 0.19406537711620330811 0.57850873470306396484 -9999 -9999 -9999 -9999 -9999 -9999 -9999 -9999 -9999 -9999 -9999 -9999 -9999 -9999 2.5804271697998046875
0.703426361083984375 0.48989626765251159668 1.8538191318511962891 2.2902860641479492188 1.3234407901763916016 -0.33713811635971069336 1.1689021587371826172 1.0744439363479614258 -0.41266897320747375488 -0.97555220127105712891 -0.46972939372062683105 0.3921439051628112793 1.9656461477279663086 -0.18294002115726470947 0.55165523290634155273 0.9817301630973815918 2.0893459320068359375 2.6454389095306396484 1.1775341033935546875 0.060436636209487915039 -0.26925209164619445801 0.84773260354995727539 1.8049756288528442383 1.1540400981903076172 -9999 -9999 -9999 -9999 -9999 -9999 -9999 -9999 -9999 -9999 -9999 -9999 -9999 -9999 -9999 3.0422153472900390625
1.0721596479415893555 2.4593715667724609375 2.0855486392974853516 1.1730735301971435547 1.8291083574295043945 0.56347751617431640625 1.868221282958984375 0.60805600881576538086 -0.87732404470443725586 -1.568282008171081543 -0.59037876129150390625 0.53858619928359985352 0.48070120811462402344 1.0305759906768798828 0.68854570388793945313 0.56642621755599975586 0.89688253402709960938 1.7267576456069946289 0.39260688424110412598 0.24873244762420654297 0.21221017837524414063 1.10552215576171875 2.145816802978515625 1.3563841581344604492 -0.066849194467067718506 -9999 -9999 -9999 -9999 -9999 -9999 -9999 -9999 -9999 -9999 -9999 -9999 -9999 -9999 -9999
3.0816402435302734375 1.7332473993301391602 1.0534493923187255859 1.5449732542037963867 1.6395741701126098633 -9999 2.8308885097503662109 0.35919940471649169922 -0.41958308219909667969 -1.3120360374450683594 -0.57307714223861694336 0.15427000820636749268 -1.0290241241455078125 1.1140767335891723633 0.88012599945068359375 -0.8961200714111328125 0.59252643585205078125 1.0614972114562988281 -0.25264370441436767578 0.54984837770462036133 0.62284016609191894531 1.1441847085952758789 1.9603245258331298828 1.0308243036270141602 -0.073999285697937011719 -9999 -9999 -9999 -9999 -9999 -9999 -9999 -9999 -9999 -9999 -9999 -9999 -9999 -9999 -9999
3.2922115325927734375 0.24073199927806854248 -0.063793778419494628906 0.81500577926635742188 1.2036229372024536133 1.6979017257690429688 2.8308885097503662109 0.95771318674087524414 0.21904483437538146973 -0.86848789453506469727 0.50764286518096923828 -0.27114111185073852539 -1.2358254194259643555 0.16430640220642089844 1.2804107666015625 -1.2572723627090454102 0.87040925025939941406 0.94418960809707641602 0.098677016794681549072 0.53395962715148925781 0.54476183652877807617 1.0216509103775024414 2.4972765445709228516 1.4357086420059204102 -9999 -9999 -9999 -9999 -9999 -9999 -9999 -9999 -9999 -9999 -9999 -9999 -9999 -9999 -9999 -9999
0.77725529670715332031 -0.042234949767589569092 -0.75679433345794677734 -0.24088199436664581299 1.1998220682144165039 -0.27556443214416503906 -0.87908023595809936523 -9999 -9999 -9999 0.38033962249755859375 -0.15773208439350128174 -0.73728251457214355469 -0.63305985927581787109 2.410121917724609375 2.5909516811370849609 2.8163390159606933594 0.37311038374900817871 -0.46151214838027954102 0.093056730926036834717 0.44399544596672058105 0.54649311304092407227 1.705340266227722168 -9999 -9999 -9999 -9999 -9999 -9999 -9999 -9999 -9999 -9999 -9999 -9999 -9999 -9999 -0.73016661405563354492 -0.61284822225570678711 0.23037895560264587402
-0.33518251776695251465 0.074983298778533935547 0.045495379716157913208 -0.17460015416145324707 -0.24555717408657073975 -0.77273225784301757813 -0.79136216640472412109 -9999 -9999 0.098702207207679748535 1.4439214468002319336 1.463832855224609375 -0.15570273995399475098 -0.5938269495964050293 1.9948804378509521484 3.7437522411346435547 1.1045099496841430664 -0.68865793943405151367 -0.72821402549743652344 -0.36099794507026672363 -0.49210289120674133301 0.063902243971824645996 -9999 -9999 -9999 -9999 -9999 -9999 -9999 -9999 -9999 -9999 -9999 -9999 -9999 -9999 -9999 -0.46039041876792907715 -0.35424813628196716309 -0.19507832825183868408
-0.68671071529388427734 -0.040086261928081512451 0.22515027225017547607 -0.092472709715366363525 -0.5290368199348449707 -0.85651963949203491211 -0.64379096031188964844 -9999 -0.047033064067363739014 -0.69248151779174804688 -0.3542976081371307373 0.82565683126449584961 2.1308126449584960938 1.5097000598907470703 0.23319509625434875488 0.65494573116302490234 0.13298103213310241699 -0.98821139335632324219 -0.72573941946029663086 -0.18435588479042053223 -0.96216028928756713867 -1.4748387336730957031 -9999 -9999 -9999 -9999 -9999 -9999 -9999 -9999 -9999 -9999 -9999 -9999 -9999 -9999 -9999 -0.2264168858528137207 -0.11652445048093795776 -0.10702237486839294434
0.60029423236846923828 -0.072809502482414245605 -0.054762456566095352173 -0.17022360861301422119 -0.32529875636100769043 0.011644124984741210938 -0.35744747519493103027 -1.4756666421890258789 -0.29895830154418945313 -0.50355756282806396484 -1.075696110725402832 -0.47056084871292114258 1.3409559726715087891 0.92975026369094848633 -1.2126848697662353516 -0.72316491603851318359 0.81546872854232788086 -0.68033450841903686523 -0.15511745214462280273 0.14310738444328308105 -0.53630775213241577148 -1.0145047903060913086 -9999 -9999 -9999 -9999 -9999 -9999 -9999 -9999 -9999 -9999 -9999 -9999 -9999 -9999 -9999 0.23806756734848022461 0.22447022795677185059 -0.12315401434898376465
0.80882596969604492188 -0.2729060053825378418 -0.68477731943130493164 -0.77505785226821899414 -0.91272640228271484375 -0.30158913135528564453 -1.2390047311782836914 -1.4519120454788208008 -1.247946619987487793 -0.41479215025901794434 -0.48299121856689453125 0.17813883721828460693 1.11043548583984375 -0.0040671317838132381439 -0.76626789569854736328 -0.5794353485107421875 0.54175496101379394531 0.55708241462707519531 -0.08751688152551651001 -0.23098652064800262451 -0.78862160444259643555 -0.72306716442108154297 -0.90685635805130004883 -9999 -9999 -9999 -9999 -9999 -9999 -9999 -9999 -9999 -9999 -9999 -9999 -9999 -0.30741930007934570313 -0.17650955915451049805 -0.030535014346241950989 -0.34706807136535644531
0.0053737750276923179626 -0.81775659322738647461 -1.2433146238327026367 -1.625376582145690918 -0.45054742693901062012 -0.67610609531402587891 -1.8527601957321166992 -1.759797215461730957 -1.3053300380706787109 -0.21830609440803527832 0.48667833209037780762 1.3307803869247436523 0.43412095308303833008 -0.89651978015899658203 -0.81901597976684570313 -0.52483510971069335938 0.041524838656187057495 2.3776128292083740234 1.126389622688293457 -0.24482254683971405029 -0.92775309085845947266 -0.5300661921501159668 0.16121800243854522705 1.8421803712844848633 -9999 -9999 -9999 -9999 -9999 -9999 -9999 -9999 -9999 -9999 -9999 -0.9539496302604675293 -0.67999750375747680664 -0.047248352319002151489 -0.0082493638619780540466 0.25862133502960205078
