Phytophthora/models/20240503_1210_48/Phytophthora_PA3_RUN6_MAXENT_outputs/Phytophthora_PA3_RUN6.asc
ncols         113
nrows         135
xllcorner     473009.9838
yllcorner     4429001.1748
cellsize      100.0
NODATA_value  -9999
[rows 78 to 103 of 135, columns 0 to 57 of 113]
-9999 -9999 -9999 8.65821E-3 3.89895E-2 2.88676E-1 7.07416E-1 8.42298E-1 9.03245E-1 8.70414E-1 4.88574E-1 2.91416E-1 3.83587E-1 5.42658E-1 5.59925E-1 4.1632E-1 3.60068E-1 3.94451E-1 7.93178E-1 7.90803E-1 6.0718E-1 2.28532E-1 3.31426E-1 4.2392E-1 4.67007E-1 4.7668E-1 5.53023E-1 4.21008E-1 3.25148E-1 2.8897E-1 1.78146E-1 1.43105E-1 5.83556E-2 3.6303E-2 1.00587E-1 3.5103E-1 4.23427E-1 4.68229E-1 5.51038E-1 6.00533E-1 8.03302E-1 7.49997E-1 7.4386E-1 7.41491E-1 5.64625E-1 5.81958E-1 4.14416E-1 4.32448E-1 5.90862E-1 5.89752E-1 4.96059E-1 4.52331E-1 4.5409E-1 4.59411E-1 3.48547E-1 4.63125E-1 1.92833E-1 2.10135E-1
-9999 -9999 -9999 -9999 5.94922E-2 3.37507E-1 6.69833E-1 7.4268E-1 8.35395E-1 7.87656E-1 5.1071E-1 5.47706E-1 6.77855E-1 6.92012E-1 5.71341E-1 3.23392E-1 4.06617E-1 5.3879E-1 6.51247E-1 5.19886E-1 4.21003E-1 1.73151E-1 1.69388E-1 2.06524E-1 4.8262E-1 6.32107E-1 6.5847E-1 5.43007E-1 4.25346E-1 1.56181E-1 1.40347E-1 1.22276E-1 6.16231E-2 6.22824E-2 1.80659E-1 3.32365E-1 4.24031E-1 5.36951E-1 3.12985E-1 6.02122E-1 8.14687E-1 7.61771E-1 7.30363E-1 7.48149E-1 7.3769E-1 5.64439E-1 2.3072E-1 3.51961E-1 5.59253E-1 4.38708E-1 4.63286E-1 5.01595E-1 5.95245E-1 5.16844E-1 2.16098E-1 2.23769E-1 2.93856E-1 1.18946E-1
-9999 -9999 -9999 4.16674E-3 6.21266E-2 2.90016E-1 7.8092E-1 8.62658E-1 8.45979E-1 8.13877E-1 5.31319E-1 5.0161E-1 6.90784E-1 6.86996E-1 3.49641E-1 2.05342E-1 4.44182E-1 4.72867E-1 4.77264E-1 4.24743E-1 3.27636E-1 1.30772E-1 1.92387E-1 1.92648E-1 2.83976E-1 5.29524E-1 6.36156E-1 5.81586E-1 9.12195E-2 1.81738E-1 6.52805E-2 3.94535E-2 1.07621E-1 3.05985E-1 3.60348E-1 4.54564E-1 5.58988E-1 5.62172E-1 3.55458E-1 5.96383E-1 6.2489E-1 5.54185E-1 5.7908E-1 6.17775E-1 6.25218E-1 3.0398E-1 2.00068E-1 2.63112E-1 4.64505E-1 5.09307E-1 3.66696E-1 3.39294E-1 2.71325E-1 2.29673E-1 9.367E-2 2.75907E-2 1.07483E-1 3.75672E-2
-9999 -9999 3.95679E-3 3.50136E-3 4.06277E-2 2.93362E-1 7.3543E-1 8.29862E-1 7.06366E-1 7.38225E-1 4.70176E-1 4.27888E-1 5.79566E-1 5.89784E-1 2.2131E-1 2.39663E-1 4.60937E-1 6.0251E-1 6.08945E-1 5.42955E-1 4.34506E-1 1.80642E-1 2.84141E-1 1.59723E-1 2.3201E-1 4.0366E-1 4.94114E-1 5.51991E-1 2.10413E-1 9.07612E-2 1.39641E-1 7.82834E-2 4.44009E-1 5.05464E-1 3.01191E-1 3.44523E-1 5.60048E-1 4.49544E-1 4.57732E-1 4.69735E-1 4.62078E-1 4.95613E-1 6.0829E-1 6.14004E-1 5.54465E-1 1.6337E-1 4.32308E-2 1.30202E-1 1.67555E-1 2.85601E-1 3.73513E-1 2.19218E-1 1.23809E-1 1.40006E-1 4.94314E-2 8.93929E-3 6.79217E-3 4.00729E-3
-9999 -9999 2.70095E-3 2.1828E-2 6.04675E-2 2.10542E-1 3.98026E-1 3.2676E-1 6.92807E-1 7.59123E-1 4.29925E-1 4.50567E-1 4.09808E-1 3.23437E-1 1.34601E-1 1.66444E-1 3.08537E-1 4.27676E-1 5.30949E-1 7.05104E-1 5.27757E-1 3.40393E-1 4.82927E-1 2.87775E-1 1.87783E-1 3.2806E-1 3.7429E-1 2.03185E-1 1.28344E-1 1.30744E-1 2.38432E-1 3.93463E-1 4.72642E-1 4.00937E-1 4.19615E-1 6.15462E-1 4.9664E-1 3.27445E-1 3.89035E-1 6.84943E-1 3.78303E-1 5.14218E-1 6.21061E-1 5.66337E-1 4.9779E-1 2.5793E-1 1.13515E-1 2.80996E-1 3.10291E-1 2.14541E-1 1.7228E-1 8.86567E-2 1.50771E-1 1.05207E-1 2.10786E-2 6.34155E-3 1.10959E-2 7.19215E-2
-9999 -9999 6.19874E-4 5.53239E-2 2.64499E-1 2.41943E-1 9.92353E-2 2.76866E-1 3.30437E-1 1.59293E-1 1.93995E-1 2.22812E-1 1.89304E-1 1.58751E-1 1.63517E-1 2.72636E-1 4.55226E-1 5.44289E-1 4.9406E-1 5.00695E-1 4.21779E-1 5.41601E-1 5.13804E-1 3.58472E-1 2.37306E-1 2.55899E-1 2.22629E-2 5.26358E-2 1.1154E-1 4.36776E-1 5.78592E-1 6.41252E-1 5.73292E-1 5.28556E-1 5.47578E-1 7.6277E-1 6.91434E-1 7.0303E-1 4.93524E-1 6.9699E-1 4.44007E-1 4.8223E-1 5.15531E-1 4.75841E-1 4.67242E-1 2.81202E-1 3.17483E-1 3.55832E-1 3.16078E-1 1.36818E-1 1.72665E-1 6.28902E-2 6.73705E-2 3.11794E-2 8.62028E-3 3.15337E-2 5.63223E-2 9.20178E-2
-9999 -9999 3.19451E-3 7.85859E-2 2.65408E-1 2.0247E-1 9.27351E-2 1.54706E-1 1.04987E-1 5.03061E-2 6.66456E-2 6.72487E-2 1.08591E-1 2.04135E-1 3.41837E-1 5.28149E-1 5.97935E-1 5.26473E-1 3.70356E-1 4.0957E-1 1.99189E-1 2.8343E-1 3.03594E-1 2.41581E-1 7.4082E-2 5.6274E-2 2.71313E-2 4.25435E-2 1.88252E-1 5.33507E-1 7.54176E-1 7.6225E-1 6.48506E-1 4.43326E-1 6.31599E-1 7.00599E-1 6.35517E-1 7.13075E-1 7.76546E-1 7.70078E-1 3.73882E-1 4.71925E-1 3.54849E-1 4.28657E-1 1.94161E-1 2.91054E-1 5.04691E-1 5.33146E-1 4.36197E-1 3.43708E-1 2.27607E-1 8.54579E-2 4.79593E-2 2.14311E-2 5.41423E-2 2.25868E-1 1.19775E-1 3.24276E-1
-9999 6.90251E-4 7.84104E-3 8.85924E-2 3.46212E-1 2.96203E-1 1.08392E-1 6.90161E-2 3.48056E-2 1.97845E-2 5.87256E-2 1.57581E-1 2.82547E-1 5.35239E-1 5.7883E-1 5.51503E-1 4.71931E-1 3.72802E-1 3.81095E-1 3.19401E-1 1.37537E-1 1.38134E-1 1.59671E-1 9.85339E-2 5.80592E-2 6.8241E-2 3.50502E-2 1.39378E-1 2.95888E-1 4.29693E-1 6.08022E-1 3.7769E-1 2.80468E-1 3.3395E-1 6.91165E-1 5.48713E-1 2.47844E-1 6.08891E-1 5.39912E-1 6.47484E-1 6.49469E-1 6.16182E-1 4.2316E-1 3.78877E-1 2.21911E-1 2.42707E-1 5.30421E-1 6.64572E-1 5.7438E-1 5.44812E-1 3.07673E-1 1.46784E-1 1.05045E-1 1.62211E-2 5.47675E-2 3.22872E-1 3.1107E-1 4.87427E-1
-9999 5.19784E-3 1.76439E-2 9.27008E-2 1.94261E-1 1.46236E-1 9.13692E-2 4.03224E-2 2.86653E-2 3.61164E-2 1.18402E-1 3.07989E-1 3.7867E-1 5.44921E-1 4.88843E-1 4.50621E-1 4.26987E-1 3.27825E-1 2.73093E-1 2.20551E-1 1.07696E-1 6.54587E-2 6.03339E-2 5.20163E-2 6.32451E-2 5.93964E-2 9.88397E-2 1.83739E-1 3.47546E-1 3.2514E-1 2.38334E-1 1.13339E-1 2.07452E-1 3.80703E-1 4.37103E-1 3.80851E-1 4.79068E-1 5.13157E-1 3.57854E-1 4.71772E-1 6.81856E-1 4.14968E-1 4.66582E-1 5.51451E-1 3.41253E-1 3.86488E-1 5.75201E-1 5.8367E-1 5.12053E-1 3.47372E-1 2.90802E-1 2.1139E-1 1.3467E-1 2.75058E-2 3.88753E-2 3.02213E-1 3.77617E-1 4.57736E-1
5.23947E-3 1.71186E-2 1.85798E-2 4.54521E-2 2.5262E-1 2.34743E-1 2.28165E-1 1.18612E-1 6.75848E-2 1.4409E-1 2.9753E-1 3.40912E-1 4.35782E-1 5.52618E-1 3.03252E-1 1.86012E-1 2.7379E-1 2.02128E-1 1.69675E-1 2.01471E-1 1.88886E-1 1.15074E-1 6.92989E-2 3.96283E-2 6.83465E-2 1.3299E-1 2.07703E-1 2.38907E-1 1.35193E-1 2.6763E-1 1.14637E-1 1.00756E-1 2.72375E-1 3.9131E-1 3.6007E-1 4.40042E-1 6.94462E-1 5.63488E-1 4.13416E-1 5.71065E-1 6.30921E-1 2.13197E-1 6.2009E-1 6.66934E-1 5.38001E-1 5.21497E-1 3.92792E-1 2.80454E-1 1.52633E-1 5.92956E-1 4.19867E-1 2.14344E-1 8.80494E-2 5.49469E-2 1.63375E-1 3.78169E-1 3.0139E-1 4.50704E-1
9.25078E-3 2.5275E-2 3.65014E-2 1.17977E-1 2.49079E-1 1.92054E-1 2.76694E-1 1.45418E-1 1.35202E-1 3.39961E-1 3.58494E-1 5.2273E-1 3.66727E-1 6.02323E-1 5.1489E-1 1.93129E-1 2.01843E-1 1.67849E-1 2.16604E-1 2.84155E-1 2.17828E-1 9.46092E-2 1.3422E-1 8.18635E-2 6.8544E-2 2.23702E-1 3.11146E-1 1.70643E-1 4.38582E-2 7.11469E-2 2.1021E-1 2.78884E-1 2.49901E-1 3.89772E-1 3.08515E-1 2.28072E-1 2.71958E-1 3.40022E-1 5.60598E-1 7.56312E-1 7.33581E-1 3.98503E-1 6.30422E-1 6.1796E-1 8.03453E-1 5.45187E-1 1.71951E-1 1.16435E-1 2.69644E-1 6.24115E-1 3.50801E-1 1.7163E-1 7.02145E-2 9.67047E-2 3.21432E-1 4.10765E-1 3.903E-1 2.93464E-1
-9999 4.86705E-2 1.17724E-1 3.37856E-1 2.64805E-1 1.19421E-1 3.72289E-1 2.69919E-1 1.82177E-1 4.16305E-1 4.70359E-1 2.91768E-1 7.3596E-2 5.46289E-1 7.14794E-1 5.99713E-1 2.97587E-1 1.65622E-1 2.81732E-1 3.88952E-1 4.09646E-1 2.28021E-1 3.47611E-1 1.15614E-1 1.2641E-1 2.86943E-1 1.83051E-1 2.99133E-1 2.26222E-1 1.34486E-1 1.74308E-1 4.89786E-1 6.18223E-1 4.1267E-1 3.23317E-1 4.55554E-1 2.32729E-1 2.98225E-1 5.60948E-1 7.92075E-1 6.33857E-1 2.9598E-1 4.92227E-1 7.09914E-1 7.72174E-1 6.42452E-1 2.18002E-1 9.51949E-2 6.49099E-1 5.8166E-1 2.25498E-1 1.40458E-1 3.6571E-2 2.74662E-1 5.12967E-1 5.43335E-1 4.84421E-1 2.93785E-1
-9999 1.55738E-1 3.06529E-1 4.53455E-1 4.08189E-1 1.39297E-1 2.42948E-1 2.13123E-1 2.95181E-1 4.54666E-1 4.33287E-1 2.50759E-1 2.1185E-1 5.51813E-1 6.87161E-1 4.90838E-1 2.53632E-1 2.15224E-1 2.18797E-1 2.57221E-1 3.2067E-1 3.04986E-1 1.6371E-1 1.12222E-1 1.99125E-1 2.92917E-1 3.70021E-1 5.10342E-1 5.1406E-1 1.3975E-1 1.19612E-1 5.16427E-1 6.53194E-1 3.11499E-1 5.12955E-1 5.04077E-1 3.94595E-1 3.5829E-1 5.35054E-1 6.58866E-1 4.41697E-1 9.64444E-2 2.38503E-1 4.84733E-1 7.39583E-1 6.27116E-1 2.11479E-1 1.7037E-1 6.52504E-1 7.27004E-1 4.6205E-1 1.73101E-1 9.81438E-2 3.64106E-1 5.82765E-1 6.07908E-1 4.76016E-1 3.2883E-1
-9999 -9999 -9999 1.66163E-1 1.04355E-1 1.22664E-1 4.21958E-1 3.71294E-1 1.57321E-1 2.47569E-1 1.94151E-1 9.11846E-2 8.81534E-2 1.9399E-1 4.43928E-1 3.44844E-1 3.23666E-1 2.62779E-1 1.47891E-1 2.94517E-1 6.56861E-2 7.00423E-2 8.97415E-2 1.78869E-1 7.39439E-2 1.01524E-1 4.49743E-1 4.71667E-1 2.96851E-1 2.24229E-1 2.02326E-1 9.61697E-2 2.68836E-1 4.06441E-1 5.49936E-1 4.87727E-1 3.38426E-1 2.78435E-1 4.19359E-1 2.49864E-1 9.40112E-2 6.54328E-2 1.61478E-1 3.4903E-1 7.2308E-1 3.54062E-1 6.42743E-2 4.12252E-1 6.63441E-1 5.9046E-1 5.34379E-1 3.07694E-1 4.07383E-1 5.42945E-1 5.62606E-1 6.18895E-1 4.05579E-1 4.14058E-1
-9999 -9999 -9999 -9999 8.36094E-2 7.23827E-2 5.20568E-1 5.75752E-1 2.67929E-1 2.34832E-1 1.92624E-1 9.30226E-2 4.88884E-2 1.81892E-1 2.1269E-1 3.18165E-1 3.54458E-1 2.96423E-1 3.24976E-1 3.69315E-1 8.90902E-2 3.53517E-2 3.46425E-2 1.93491E-1 2.49055E-1 3.94705E-1 2.79827E-1 3.16307E-1 2.62108E-1 1.81746E-1 2.33652E-1 2.17855E-1 3.97909E-1 4.12419E-1 3.51426E-1 2.63071E-1 9.39606E-2 5.11865E-2 1.44884E-2 6.82839E-3 1.01965E-2 4.05629E-2 9.26672E-2 2.37347E-1 4.06434E-1 1.49991E-1 2.88167E-1 4.24872E-1 5.95107E-1 5.58652E-1 5.24566E-1 3.58758E-1 5.05942E-1 5.74139E-1 5.97006E-1 4.80855E-1 3.04728E-1 5.01389E-1
-9999 -9999 -9999 -9999 -9999 -9999 -9999 6.1364E-1 4.09083E-1 4.11699E-1 3.31554E-1 2.8374E-1 2.52078E-1 2.82506E-1 2.27936E-1 2.98615E-1 4.16164E-1 2.99646E-1 1.701E-1 3.70422E-1 2.73429E-1 4.8944E-2 4.01477E-2 1.56055E-1 3.16063E-1 2.81201E-1 2.54511E-1 2.67249E-1 2.18561E-1 9.55088E-2 8.59427E-2 2.12131E-1 2.10504E-1 1.59552E-1 1.34307E-1 1.44187E-1 1.04679E-1 3.10385E-2 9.96908E-3 9.79928E-3 1.54085E-2 2.68638E-2 5.43325E-2 2.3629E-1 2.91133E-1 1.6334E-1 5.35249E-1 6.21903E-1 5.86678E-1 6.36758E-1 5.63006E-1 5.40248E-1 4.73693E-1 5.75029E-1 5.04467E-1 3.79218E-1 4.21728E-1 5.33773E-1
-9999 -9999 -9999 -9999 -9999 -9999 -9999 6.71756E-1 7.21098E-1 6.38626E-1 2.38067E-1 2.39701E-1 1.45737E-1 1.28724E-1 3.4564E-1 5.44122E-1 7.15075E-1 3.77482E-1 2.66337E-1 5.33209E-1 3.16239E-1 4.81561E-2 2.7477E-2 1.04799E-1 1.28287E-1 3.11455E-1 2.16325E-1 1.26794E-1 7.91177E-2 3.56295E-2 9.16338E-2 1.00541E-1 6.36276E-2 3.53345E-2 7.39829E-2 7.92586E-2 9.21249E-2 3.9982E-2 1.27809E-2 1.41446E-2 2.20481E-2 4.1617E-2 1.69184E-1 4.71015E-1 2.74964E-1 4.51418E-1 5.51955E-1 4.45484E-1 5.31256E-1 6.43719E-1 3.80627E-1 5.31162E-1 5.82991E-1 2.33912E-1 3.15149E-1 3.52241E-1 4.29726E-1 5.04897E-1
-9999 -9999 -9999 -9999 -9999 -9999 -9999 4.91805E-1 6.55241E-1 3.05753E-1 1.07808E-1 9.57558E-2 2.18161E-2 2.27541E-2 2.09955E-1 4.24582E-1 5.05719E-1 3.51198E-1 4.57513E-1 4.45496E-1 2.34217E-1 3.85222E-2 3.46143E-2 2.51571E-2 1.0492E-1 1.92517E-1 1.76059E-1 1.04242E-1 2.2989E-1 1.20718E-1 7.50093E-2 5.69511E-2 2.87526E-2 2.18544E-2 3.02514E-2 9.30582E-2 4.65588E-2 1.26107E-2 1.79423E-2 2.50657E-2 2.94995E-2 7.38578E-2 2.31499E-1 4.49758E-1 4.29314E-1 6.38424E-1 3.87951E-1 4.68374E-1 2.4383E-1 2.8273E-1 3.37379E-1 3.48708E-1 4.7745E-1 3.31143E-1 7.47757E-2 7.32615E-2 1.38363E-1 1.35941E-1
-9999 -9999 -9999 -9999 -9999 -9999 -9999 2.95828E-1 3.10333E-1 1.47412E-1 1.06112E-1 4.64297E-2 1.5391E-2 2.33298E-2 8.5349E-2 4.5974E-1 5.31604E-1 4.64118E-1 6.14323E-1 4.71796E-1 1.1491E-1 1.52761E-2 1.12713E-2 1.61562E-2 4.01822E-2 1.23338E-1 1.19604E-1 6.15194E-2 1.02783E-1 1.77599E-1 5.43036E-2 2.89874E-2 1.70164E-2 7.9531E-2 4.09306E-2 4.39166E-2 3.17211E-2 1.91024E-2 3.69018E-2 5.96219E-2 4.57813E-2 7.49518E-2 9.60224E-2 2.10203E-1 3.95599E-1 6.25262E-1 5.51552E-1 2.30261E-1 7.96388E-2 1.36518E-1 1.66935E-1 1.21807E-1 2.28535E-1 2.11549E-1 8.57913E-2 1.50979E-1 7.36555E-2 2.1481E-1
-9999 -9999 -9999 -9999 -9999 -9999 -9999 -9999 9.44696E-2 1.00252E-1 8.02198E-2 3.56258E-2 6.65672E-2 7.55518E-2 3.54003E-1 7.22699E-1 6.23618E-1 5.71275E-1 5.47695E-1 3.31561E-1 1.16466E-1 1.33102E-2 7.92988E-3 2.83637E-2 7.71444E-2 1.31805E-1 1.09839E-1 7.16098E-2 1.10091E-1 9.55064E-2 2.87021E-2 3.11792E-2 6.8714E-3 1.76055E-1 2.09483E-1 5.37016E-2 3.20401E-2 5.60675E-2 1.06254E-1 9.42964E-2 4.84576E-2 1.38141E-1 2.05427E-1 4.33104E-1 3.90928E-1 4.09626E-1 3.23159E-1 6.61747E-2 1.9075E-1 2.53192E-1 1.3384E-1 9.90591E-2 6.70406E-2 1.79137E-1 2.9735E-1 3.79967E-1 3.24416E-1 2.74241E-1
-9999 -9999 -9999 -9999 -9999 -9999 -9999 -9999 -9999 -9999 -9999 -9999 1.27418E-1 7.3218E-2 1.90044E-1 4.50626E-1 4.37875E-1 5.23858E-1 3.78393E-1 2.09278E-1 7.76959E-2 1.47407E-2 1.98219E-2 1.09863E-1 1.51919E-1 5.04899E-2 1.68559E-2 5.33046E-2 1.30574E-1 7.76264E-2 3.91249E-2 3.67858E-2 2.67432E-2 3.8619E-1 2.5384E-1 4.99743E-2 2.31737E-2 3.68401E-2 9.13548E-2 7.03772E-2 5.07877E-2 9.08884E-2 1.21134E-1 1.63954E-1 1.55293E-1 1.77158E-1 8.58173E-2 3.76423E-2 9.83157E-2 1.1046E-1 4.7973E-2 7.95349E-2 7.54198E-2 1.64533E-1 5.71587E-1 6.24678E-1 4.50733E-1 2.10627E-1
-9999 -9999 -9999 -9999 -9999 -9999 -9999 -9999 -9999 -9999 -9999 -9999 -9999 1.08413E-1 2.54469E-1 4.20849E-1 6.12866E-1 7.35695E-1 5.42198E-1 3.13108E-1 9.51292E-2 1.52929E-2 1.38524E-2 6.30894E-2 7.56397E-2 1.40845E-2 1.45715E-2 1.71016E-2 4.44792E-2 8.45557E-2 3.60008E-2 6.55668E-2 1.65752E-1 1.38824E-1 8.86281E-2 4.58922E-2 2.86901E-2 6.37255E-2 2.41389E-1 2.03629E-1 5.06532E-2 2.63122E-2 4.2609E-2 4.66352E-2 1.73405E-1 2.29562E-1 1.47316E-1 5.1839E-2 3.68492E-2 3.92749E-2 9.41914E-2 8.71653E-2 1.05E-1 4.77643E-1 6.37029E-1 4.3218E-1 4.2101E-1 3.33934E-1
-9999 -9999 -9999 -9999 -9999 -9999 -9999 -9999 -9999 -9999 -9999 -9999 9.33486E-2 1.75483E-1 2.1995E-1 5.84457E-1 7.11176E-1 6.47008E-1 5.51374E-1 5.40647E-1 1.70096E-1 1.41352E-2 1.41698E-2 2.42918E-2 1.47806E-2 3.66006E-2 4.64775E-2 1.29925E-2 3.89615E-2 4.32876E-2 6.34406E-2 7.12256E-2 5.94875E-2 6.22198E-2 3.80324E-2 2.04895E-2 6.48565E-2 3.22546E-1 3.74686E-1 3.16402E-1 1.1797E-1 3.53954E-2 3.96761E-2 3.3682E-1 4.39883E-1 8.50121E-2 1.23455E-1 4.89375E-2 5.10952E-2 6.28144E-2 6.76912E-2 9.54095E-2 1.58869E-1 5.43711E-1 5.27627E-1 4.4602E-1 3.71592E-1 1.8245E-1
-9999 -9999 -9999 -9999 -9999 -9999 -9999 -9999 -9999 -9999 -9999 -9999 -9999 5.92346E-2 8.1281E-2 -9999 4.50183E-1 5.45725E-1 4.24843E-1 3.67867E-1 1.71856E-1 4.78004E-2 2.94547E-2 6.89926E-2 1.06813E-1 5.79545E-2 3.72993E-2 2.60419E-2 2.18687E-2 1.89045E-2 5.83321E-2 3.38755E-2 2.31501E-2 4.71443E-2 4.72076E-2 4.8895E-2 1.34034E-1 4.39013E-1 4.53334E-1 2.45211E-1 1.45251E-1 8.65678E-2 1.15697E-1 6.10275E-1 5.93876E-1 3.41724E-1 4.34154E-2 1.224E-1 5.44681E-2 7.57631E-2 1.49601E-1 1.83803E-1 3.02049E-1 5.85789E-1 4.74413E-1 5.15059E-1 5.63861E-1 3.13947E-1
-9999 -9999 -9999 -9999 -9999 -9999 -9999 -9999 -9999 -9999 -9999 -9999 -9999 -9999 -9999 -9999 2.17822E-1 3.71283E-1 2.47642E-1 1.91613E-1 1.67232E-1 1.51182E-1 2.63863E-1 2.36869E-1 2.398E-1 1.31262E-1 4.03136E-2 3.33055E-2 5.85897E-2 3.35482E-1 2.56721E-1 1.18515E-1 1.41232E-1 1.32114E-1 1.80694E-1 1.95026E-1 2.13658E-1 4.18281E-1 4.34795E-1 1.74936E-1 7.23779E-2 1.63383E-1 4.83896E-1 5.35689E-1 7.86767E-1 6.24047E-1 4.52713E-1 2.99767E-1 1.9549E-1 1.06688E-1 1.75773E-1 3.12804E-1 3.32247E-1 5.07677E-1 5.59701E-1 5.1538E-1 6.16037E-1 3.68559E-1
-9999 -9999 -9999 -9999 -9999 -9999 -9999 -9999 -9999 -9999 -9999 -9999 -9999 -9999 -9999 -9999 -9999 3.72694E-1 2.70555E-1 2.44271E-1 3.95927E-1 2.3733E-1 1.2576E-1 1.99082E-1 1.97619E-1 1.45321E-1 7.90348E-2 1.85421E-1 3.04957E-1 5.24814E-1 3.64607E-1 5.13973E-1 3.95639E-1 1.61827E-1 1.73902E-1 3.16329E-1 3.74546E-1 5.25765E-1 3.24769E-1 1.09335E-1 5.38652E-2 1.41034E-1 6.82531E-1 6.92789E-1 8.08278E-1 7.65933E-1 6.07054E-1 4.49893E-1 3.75574E-1 2.71846E-1 1.98976E-1 1.24802E-1 3.03172E-1 3.97273E-1 2.53452E-1 4.45545E-1 5.55819E-1 4.37121E-1
