Phytophthora/models/20240503_1210_48/Phytophthora_PA3_RUN6_MAXENT_outputs/Phytophthora_PA3_RUN6.asc
ncols         113
nrows         135
xllcorner     473009.9838
yllcorner     4429001.1748
cellsize      100.0
NODATA_value  -9999
[rows 104 to 129 of 135, columns 0 to 57 of 113]
-9999 -9999 -9999 -9999 -9999 -9999 -9999 -9999 -9999 -9999 -9999 -9999 -9999 -9999 -9999 -9999 -9999 5.29938E-1 5.64121E-1 3.44896E-1 3.36428E-1 4.07849E-1 4.00183E-1 2.50257E-1 1.62203E-1 1.98656E-1 2.19819E-1 4.10313E-1 4.05714E-1 3.12796E-1 6.47312E-1 6.81693E-1 4.64976E-1 2.45412E-1 1.42053E-1 1.31449E-1 2.06358E-1 3.02879E-1 1.68428E-1 4.13696E-2 2.21104E-2 9.08734E-2 5.9443E-1 7.63278E-1 7.40033E-1 4.15713E-1 5.15381E-1 4.54516E-1 3.7372E-1 3.09184E-1 2.30096E-1 1.27374E-1 1.85462E-1 3.48133E-1 4.16146E-1 5.0887E-1 5.00619E-1 4.08171E-1
-9999 -9999 -9999 -9999 -9999 -9999 -9999 -9999 -9999 -9999 -9999 -9999 -9999 -9999 -9999 -9999 -9999 -9999 5.73721E-1 4.94558E-1 5.56876E-1 7.06115E-1 6.93695E-1 3.72952E-1 3.96001E-1 3.82328E-1 4.42684E-1 5.09984E-1 2.87488E-1 2.82418E-1 5.40792E-1 7.55747E-1 5.87399E-1 3.4826E-1 4.74306E-2 1.26338E-2 5.2452E-2 7.82226E-2 3.93679E-2 4.07088E-2 4.62552E-2 7.62202E-2 3.43264E-1 5.78344E-1 4.33297E-1 2.60247E-1 4.12104E-1 4.22184E-1 2.3447E-1 2.258E-1 3.38784E-1 2.3856E-1 1.75954E-1 3.36706E-1 4.91981E-1 3.2155E-1 1.75163E-1 3.17966E-1
-9999 -9999 -9999 -9999 -9999 -9999 -9999 -9999 -9999 -9999 -9999 -9999 -9999 -9999 -9999 -9999 -9999 -9999 5.30875E-1 5.65886E-1 6.83509E-1 8.36733E-1 8.29717E-1 6.6174E-1 4.33137E-1 5.20597E-1 6.04771E-1 4.52277E-1 2.48339E-1 4.21754E-1 6.48434E-1 7.00343E-1 3.58628E-1 1.00609E-1 3.33033E-2 1.99414E-2 1.87813E-2 3.50699E-2 3.55886E-2 1.11528E-1 4.38449E-2 1.61311E-1 4.97476E-1 6.1457E-1 4.1644E-1 4.40767E-1 4.39564E-1 6.6197E-1 5.83428E-1 5.62472E-1 4.87574E-1 2.47746E-1 4.64834E-2 2.31203E-1 3.99194E-1 4.70927E-1 3.41817E-1 3.61479E-1
-9999 -9999 -9999 -9999 -9999 -9999 -9999 -9999 -9999 -9999 -9999 -9999 -9999 -9999 -9999 -9999 -9999 -9999 -9999 3.63988E-1 5.44253E-1 7.49139E-1 8.61649E-1 8.16575E-1 7.30194E-1 5.49873E-1 5.31286E-1 2.48886E-1 3.50203E-1 3.72305E-1 3.56151E-1 3.87915E-1 1.46219E-1 7.17954E-2 5.52671E-2 2.2179E-2 2.1689E-2 3.23084E-2 7.21236E-2 2.11744E-1 2.60299E-1 5.46355E-1 7.88403E-1 7.62418E-1 6.32028E-1 5.22494E-1 3.531E-1 5.11788E-1 6.13585E-1 6.14526E-1 5.68626E-1 2.06434E-1 1.27236E-1 4.57136E-1 5.96425E-1 6.78177E-1 5.7811E-1 4.14525E-1
-9999 -9999 -9999 -9999 -9999 -9999 -9999 -9999 -9999 -9999 -9999 -9999 -9999 -9999 -9999 -9999 -9999 -9999 -9999 -9999 6.1806E-1 6.36189E-1 7.37772E-1 7.91809E-1 6.4553E-1 4.78324E-1 3.91886E-1 2.69733E-1 2.09875E-1 1.64749E-1 1.16449E-1 4.47564E-2 3.73931E-2 9.83263E-2 1.44605E-1 9.47812E-2 6.96773E-2 1.92237E-1 1.38224E-1 2.60404E-1 4.02298E-1 7.03919E-1 8.39854E-1 7.90448E-1 7.66373E-1 6.32055E-1 3.90947E-1 1.87031E-1 2.13994E-1 4.43234E-1 5.47154E-1 3.98778E-1 4.75644E-1 6.34752E-1 5.81529E-1 6.57273E-1 5.3992E-1 2.92004E-1
-9999 -9999 -9999 -9999 -9999 -9999 -9999 -9999 -9999 -9999 -9999 -9999 -9999 -9999 -9999 -9999 -9999 -9999 -9999 -9999 -9999 4.27897E-1 5.77198E-1 5.84569E-1 4.61281E-1 4.29699E-1 5.53931E-1 3.90832E-1 1.06813E-1 4.56384E-2 5.8333E-2 3.42894E-2 1.56639E-2 5.84772E-2 2.43171E-1 2.80253E-1 5.32094E-2 1.43636E-1 2.14491E-1 3.60991E-1 4.68314E-1 6.91081E-1 7.66109E-1 7.66613E-1 8.10137E-1 8.29392E-1 7.19472E-1 2.94927E-1 2.48895E-1 4.76094E-1 5.19378E-1 4.21728E-1 5.23354E-1 5.56892E-1 5.8127E-1 6.37504E-1 6.10729E-1 4.71661E-1
-9999 -9999 -9999 -9999 -9999 -9999 -9999 -9999 -9999 -9999 -9999 -9999 -9999 -9999 -9999 -9999 -9999 -9999 -9999 -9999 -9999 6.19751E-1 8.0246E-1 8.12632E-1 6.53329E-1 6.38173E-1 4.89406E-1 4.9385E-1 2.25871E-1 8.17123E-2 4.55714E-2 2.16455E-2 1.96333E-2 4.11737E-2 2.66236E-1 4.10735E-1 2.2038E-1 2.19713E-1 1.33897E-1 1.18904E-1 1.49626E-1 5.32678E-1 5.23841E-1 5.27489E-1 7.37452E-1 7.48648E-1 5.55802E-1 2.71148E-1 2.76094E-1 4.03819E-1 4.21351E-1 5.15517E-1 4.04272E-1 3.2565E-1 5.21669E-1 6.51731E-1 6.65272E-1 6.97635E-1
-9999 -9999 -9999 -9999 -9999 -9999 -9999 -9999 -9999 -9999 -9999 -9999 -9999 -9999 -9999 -9999 -9999 -9999 -9999 -9999 -9999 2.78924E-1 5.83073E-1 5.62618E-1 6.53551E-1 6.23718E-1 5.52161E-1 3.50903E-1 2.69028E-1 4.62274E-2 1.50502E-2 1.47796E-2 3.04653E-2 9.54097E-2 2.73752E-1 4.85516E-1 2.29372E-1 1.41636E-1 5.03525E-1 4.9837E-1 4.7316E-1 1.38068E-1 1.38415E-1 1.77681E-1 2.45087E-1 3.90282E-1 1.71393E-1 1.15808E-1 1.97199E-1 3.41183E-1 4.4365E-1 3.67508E-1 8.10286E-2 1.52922E-1 3.92548E-1 4.51825E-1 6.8367E-1 6.71661E-1
-9999 -9999 -9999 -9999 -9999 -9999 -9999 -9999 -9999 -9999 -9999 -9999 -9999 -9999 -9999 -9999 -9999 -9999 -9999 -9999 2.4613E-1 3.81611E-1 3.31922E-1 5.58177E-1 7.12445E-1 6.52676E-1 5.4391E-1 2.73853E-1 1.33239E-1 3.60022E-2 1.60623E-2 1.49544E-2 3.44539E-2 1.53995E-1 1.13393E-1 2.93978E-1 3.72572E-1 2.39943E-1 4.94013E-1 6.87405E-1 5.87211E-1 2.89295E-1 2.20077E-1 2.84133E-1 2.77296E-1 4.63187E-1 2.4924E-1 7.11958E-2 4.08616E-2 1.2334E-1 2.14784E-1 1.16411E-1 3.24116E-2 1.20762E-1 2.89794E-1 6.16938E-1 7.11562E-1 5.55878E-1
-9999 -9999 -9999 -9999 -9999 -9999 -9999 -9999 -9999 -9999 -9999 -9999 -9999 -9999 -9999 -9999 -9999 -9999 -9999 -9999 3.49843E-1 3.41576E-1 3.2521E-1 4.78295E-1 4.7932E-1 4.52097E-1 2.08519E-1 1.67837E-1 8.33885E-2 2.91263E-2 1.96984E-2 1.30007E-2 3.27145E-2 2.15191E-1 5.66396E-1 7.29495E-1 8.12435E-1 4.84095E-1 5.35043E-1 6.04845E-1 4.67156E-1 3.7594E-1 2.85259E-1 2.07074E-1 2.60738E-1 2.55495E-1 1.97279E-1 6.09582E-2 3.89948E-2 5.65575E-2 4.26111E-2 6.5218E-2 3.3209E-2 3.86262E-1 5.88388E-1 6.23047E-1 7.51731E-1 5.39479E-1
-9999 -9999 -9999 -9999 -9999 -9999 -9999 -9999 -9999 -9999 -9999 -9999 -9999 -9999 -9999 -9999 -9999 -9999 -9999 -9999 2.11056E-1 1.89185E-1 1.43798E-1 1.35217E-1 2.40796E-1 3.44119E-1 2.18391E-1 6.25819E-2 2.58533E-2 2.22785E-2 6.92178E-2 1.97744E-1 2.01854E-1 3.01828E-1 5.40892E-1 7.73825E-1 8.51476E-1 7.64349E-1 5.42539E-1 6.21072E-1 4.62727E-1 4.16741E-1 3.86302E-1 2.82288E-1 2.71046E-1 2.54423E-1 1.04153E-1 5.77564E-2 8.09716E-2 9.16733E-2 6.83794E-2 1.05005E-1 1.05345E-1 3.84183E-1 6.40293E-1 7.09736E-1 7.02525E-1 5.67406E-1
-9999 -9999 -9999 -9999 -9999 -9999 -9999 -9999 -9999 -9999 -9999 -9999 -9999 -9999 -9999 -9999 -9999 -9999 -9999 -9999 2.82375E-2 3.15315E-2 5.13124E-2 1.24199E-1 2.427E-1 2.39217E-1 5.52229E-2 8.17764E-3 1.31656E-2 6.24147E-2 2.35678E-1 5.3564E-1 7.20343E-1 7.19368E-1 6.54233E-1 8.21135E-1 8.1751E-1 7.72842E-1 7.53881E-1 7.18601E-1 4.96027E-1 5.75089E-1 6.28103E-1 4.92511E-1 4.03531E-1 3.85897E-1 2.027E-1 1.23962E-1 1.96568E-1 2.48646E-1 2.7006E-1 2.59362E-1 2.87944E-1 1.22327E-1 4.54898E-1 7.45904E-1 6.9107E-1 3.98405E-1
-9999 -9999 -9999 -9999 -9999 -9999 -9999 -9999 -9999 -9999 -9999 -9999 -9999 -9999 -9999 -9999 -9999 -9999 -9999 -9999 2.80098E-3 1.58997E-2 8.13234E-2 1.27317E-1 1.36858E-1 1.24558E-1 2.48971E-2 1.44474E-2 1.48066E-1 2.24762E-1 3.13058E-1 6.95081E-1 7.70984E-1 7.80511E-1 7.80691E-1 6.53305E-1 7.66661E-1 8.46803E-1 7.52094E-1 7.55472E-1 1.68296E-1 1.63283E-1 3.02608E-1 6.54637E-1 4.84925E-1 4.83582E-1 1.40588E-1 2.62298E-1 3.25202E-1 3.55071E-1 2.21295E-1 3.32119E-1 5.30846E-1 2.00288E-1 3.20887E-1 6.19613E-1 8.50014E-1 7.06949E-1
-9999 -9999 -9999 -9999 -9999 -9999 -9999 -9999 -9999 -9999 -9999 -9999 -9999 -9999 -9999 -9999 -9999 -9999 -9999 -9999 -9999 2.01101E-2 1.50217E-1 2.35663E-1 2.50018E-1 1.6408E-1 1.83839E-1 5.22137E-2 2.37488E-1 2.90457E-1 3.95203E-1 5.45411E-1 7.18322E-1 7.09539E-1 4.68566E-1 5.43769E-1 7.81199E-1 6.25268E-1 7.15345E-1 5.34431E-1 2.5983E-1 4.72311E-1 5.29955E-1 3.36882E-1 6.65252E-1 5.30498E-1 3.09304E-1 3.79163E-1 4.79134E-1 4.11599E-1 2.52263E-1 2.78434E-1 4.86019E-1 4.39445E-1 4.19259E-1 3.91976E-1 5.21555E-1 4.84116E-1
-9999 -9999 -9999 -9999 -9999 -9999 -9999 -9999 -9999 -9999 -9999 -9999 -9999 -9999 -9999 -9999 -9999 -9999 -9999 -9999 -9999 1.93292E-2 7.37427E-2 4.0957E-1 4.23534E-1 3.92505E-1 2.89866E-1 2.53014E-1 3.04056E-1 3.70301E-1 3.47917E-1 3.24651E-1 5.34929E-1 7.22016E-1 3.37574E-1 3.21729E-1 2.8618E-1 3.02037E-1 6.45147E-1 5.63946E-1 3.98456E-1 6.25321E-1 6.88661E-1 3.96539E-1 3.4977E-1 2.13047E-1 2.92917E-1 5.25706E-1 5.49712E-1 3.50069E-1 3.33661E-1 4.19202E-1 5.29338E-1 5.37531E-1 3.21935E-1 5.24098E-1 7.54224E-1 7.41973E-1
-9999 -9999 -9999 -9999 -9999 -9999 -9999 -9999 -9999 -9999 -9999 -9999 -9999 -9999 -9999 -9999 -9999 -9999 -9999 -9999 -9999 -9999 1.01043E-1 3.51484E-1 4.28717E-1 3.4028E-1 3.87566E-1 2.86165E-1 2.67752E-1 3.40644E-1 3.90404E-1 1.69258E-1 7.86931E-2 2.04509E-1 2.90058E-1 2.77368E-1 5.74094E-1 2.98398E-1 6.63481E-1 6.93086E-1 3.43998E-1 3.32178E-1 5.2073E-1 5.39749E-1 5.64765E-1 3.91612E-1 3.4329E-1 5.66202E-1 5.29909E-1 2.61842E-1 2.61858E-1 3.04223E-1 4.90084E-1 5.109E-1 4.94088E-1 8.10622E-1 7.81531E-1 7.45511E-1
-9999 -9999 -9999 -9999 -9999 -9999 -9999 -9999 -9999 -9999 -9999 -9999 -9999 -9999 -9999 -9999 -9999 -9999 -9999 -9999 -9999 -9999 8.61604E-2 2.1559E-1 3.90164E-1 5.27154E-1 4.80865E-1 2.52761E-1 3.10213E-1 4.73432E-1 3.30483E-1 2.45856E-1 1.13079E-1 1.93888E-1 3.94864E-1 1.97824E-1 3.80502E-1 2.91512E-1 5.01598E-1 8.11039E-1 7.86455E-1 6.01847E-1 4.41873E-1 6.79335E-1 7.72562E-1 6.41524E-1 3.55035E-1 4.84273E-1 3.86424E-1 2.37181E-1 4.55261E-1 2.32885E-1 4.91368E-1 3.61057E-1 6.49651E-1 7.47992E-1 7.38393E-1 7.12323E-1
-9999 -9999 -9999 -9999 -9999 -9999 -9999 -9999 -9999 -9999 -9999 -9999 -9999 -9999 -9999 -9999 -9999 -9999 -9999 -9999 -9999 -9999 -9999 3.95606E-2 1.54701E-1 4.893E-1 5.67995E-1 4.46497E-1 3.9392E-1 5.07731E-1 2.98435E-1 4.77118E-1 3.54393E-1 3.07692E-1 1.84602E-1 5.80934E-2 5.23274E-1 7.02977E-1 7.33879E-1 8.88083E-1 8.83109E-1 8.09297E-1 6.53768E-1 4.5183E-1 5.12342E-1 3.61062E-1 1.51407E-1 3.0403E-1 6.78334E-2 2.77823E-1 2.22312E-1 4.79929E-1 5.92441E-1 5.30252E-1 5.4108E-1 3.6274E-1 2.44554E-1 3.57194E-1
-9999 -9999 -9999 -9999 -9999 -9999 -9999 -9999 -9999 -9999 -9999 -9999 -9999 -9999 -9999 -9999 -9999 -9999 -9999 -9999 -9999 -9999 -9999 1.2619E-1 4.11668E-1 7.32955E-1 6.46799E-1 4.51472E-1 4.86235E-1 6.4396E-1 6.79303E-1 5.60065E-1 3.85027E-1 1.98259E-1 1.56112E-1 1.67879E-1 5.71986E-1 7.12214E-1 7.73463E-1 8.13437E-1 8.57959E-1 8.64561E-1 7.82502E-1 6.926E-1 5.71249E-1 3.13297E-1 1.32716E-1 1.11052E-1 3.73732E-2 1.45771E-1 2.31393E-1 6.71553E-1 7.88469E-1 6.86165E-1 5.43462E-1 3.49043E-1 5.03723E-2 5.74508E-2
-9999 -9999 -9999 -9999 -9999 -9999 -9999 -9999 -9999 -9999 -9999 -9999 -9999 -9999 -9999 -9999 -9999 -9999 -9999 -9999 -9999 -9999 -9999 2.01437E-1 4.27908E-1 6.48635E-1 5.68017E-1 3.10175E-1 7.21153E-1 6.43361E-1 5.14081E-1 3.37048E-1 1.87299E-1 1.83936E-1 1.40894E-1 2.16451E-1 4.25993E-1 5.00393E-1 6.86014E-1 6.65725E-1 7.28274E-1 8.36386E-1 8.6204E-1 8.50905E-1 7.66215E-1 5.2291E-1 2.9192E-1 4.59817E-1 2.02502E-1 1.90177E-1 1.51345E-1 3.7837E-1 1.95866E-1 4.7143E-1 4.44356E-1 2.91465E-1 1.62014E-1 1.69876E-1
-9999 -9999 -9999 -9999 -9999 -9999 -9999 -9999 -9999 -9999 -9999 -9999 -9999 -9999 -9999 -9999 -9999 -9999 -9999 -9999 -9999 -9999 -9999 -9999 -9999 3.30413E-1 5.19459E-1 4.92951E-1 8.0585E-1 6.1969E-1 3.62642E-1 2.23682E-1 1.6254E-1 1.29116E-1 1.36961E-1 1.7679E-1 2.90657E-1 2.97934E-1 4.4557E-1 4.73167E-1 6.84602E-1 7.73489E-1 8.29963E-1 8.09048E-1 7.98097E-1 6.8628E-1 6.68159E-1 6.24134E-1 4.62547E-1 2.69436E-1 4.6067E-1 2.64533E-1 2.43204E-1 6.08821E-1 6.63522E-1 5.95912E-1 4.99019E-1 5.03956E-1
-9999 -9999 -9999 -9999 -9999 -9999 -9999 -9999 -9999 -9999 -9999 -9999 -9999 -9999 -9999 -9999 -9999 -9999 -9999 -9999 -9999 -9999 -9999 -9999 -9999 -9999 3.13448E-1 3.87156E-1 5.74858E-1 5.89858E-1 4.71322E-1 2.74023E-1 1.53385E-1 4.91835E-2 4.95344E-2 7.54481E-2 1.51625E-1 1.11339E-1 2.15292E-1 2.9383E-1 4.25266E-1 5.13343E-1 5.87126E-1 6.39467E-1 6.3072E-1 6.33559E-1 6.81967E-1 6.6139E-1 4.15145E-1 2.87669E-1 5.10716E-1 3.11788E-1 5.40457E-1 7.43451E-1 6.22291E-1 7.61262E-1 7.60497E-1 6.95706E-1
-9999 -9999 -9999 -9999 -9999 -9999 -9999 -9999 -9999 -9999 -9999 -9999 -9999 -9999 -9999 -9999 -9999 -9999 -9999 -9999 -9999 -9999 -9999 -9999 -9999 -9999 -9999 4.32679E-1 6.73697E-1 5.22952E-1 3.14432E-1 1.74243E-1 9.07734E-2 5.15125E-2 1.96319E-2 2.54786E-2 4.95022E-2 4.25803E-2 3.06525E-2 5.52914E-2 1.67808E-1 2.8653E-1 3.4442E-1 3.8999E-1 3.27105E-1 4.73033E-1 5.06181E-1 5.17923E-1 3.85928E-1 3.91704E-1 3.40003E-1 1.19941E-1 3.40758E-1 5.83486E-1 2.96251E-1 2.13859E-1 6.44077E-1 5.82957E-1
-9999 -9999 -9999 -9999 -9999 -9999 -9999 -9999 -9999 -9999 -9999 -9999 -9999 -9999 -9999 -9999 -9999 -9999 -9999 -9999 -9999 -9999 -9999 -9999 -9999 -9999 -9999 1.6591E-1 1.96119E-1 1.08295E-1 1.24743E-1 4.5359E-2 7.40033E-2 3.66095E-2 7.29179E-3 3.30997E-3 5.08267E-3 3.63062E-3 2.98419E-3 1.15189E-2 6.14709E-2 9.60093E-2 2.16203E-1 1.38236E-1 1.18435E-1 2.03409E-1 2.93243E-1 4.15447E-1 6.28221E-1 6.89268E-1 4.28109E-1 5.39024E-1 4.75898E-1 6.91735E-1 5.63766E-1 3.8021E-1 2.45399E-1 5.96936E-1
-9999 -9999 -9999 -9999 -9999 -9999 -9999 -9999 -9999 -9999 -9999 -9999 -9999 -9999 -9999 -9999 -9999 -9999 -9999 -9999 -9999 -9999 -9999 -9999 -9999 -9999 -9999 -9999 -9999 -9999 -9999 2.00311E-2 1.9721E-2 1.22816E-2 3.8701E-3 1.73446E-3 6.84982E-3 7.26054E-3 2.86146E-3 3.12504E-3 6.42759E-3 1.38687E-2 4.11666E-2 5.39185E-2 1.79432E-2 5.68579E-2 1.80787E-1 2.55334E-1 5.02221E-1 5.81587E-1 6.88175E-1 5.64272E-1 3.54793E-1 6.39539E-1 8.1292E-1 7.60935E-1 3.40759E-1 6.30731E-1
-9999 -9999 -9999 -9999 -9999 -9999 -9999 -9999 -9999 -9999 -9999 -9999 -9999 -9999 -9999 -9999 -9999 -9999 -9999 -9999 -9999 -9999 -9999 -9999 -9999 -9999 -9999 -9999 -9999 -9999 -9999 -9999 -9999 1.71707E-2 3.55698E-3 1.20362E-3 2.05754E-3 4.12247E-3 3.54858E-3 3.55008E-3 9.23358E-3 1.29778E-2 3.191E-2 5.7569E-2 2.50764E-2 5.35776E-2 2.93009E-1 5.2122E-1 5.77267E-1 4.48007E-1 3.76342E-1 3.42206E-1 6.24243E-1 7.39198E-1 7.75571E-1 8.06556E-1 -9999 -9999
