Phytophthora/models/20240503_1210_48/Phytophthora_PA3_RUN6_MAXENT_outputs/Phytophthora_PA3_RUN6.asc
ncols         113
nrows         135
xllcorner     473009.9838
yllcorner     4429001.1748
cellsize      100.0
NODATA_value  -9999
[rows 26 to 51 of 135, columns 0 to 57 of 113]
-9999 -9999 -9999 -9999 -9999 -9999 -9999 -9999 -9999 -9999 1.4551E-3 1.82729E-3 5.54292E-3 5.65619E-3 7.44475E-3 6.94951E-3 2.69917E-2 3.75817E-2 5.0229E-2 3.89562E-2 3.97095E-2 1.53864E-2 1.62642E-2 1.16827E-2 1.81724E-2 2.00061E-2 1.60569E-2 7.19546E-3 1.76182E-3 1.78718E-4 3.48297E-5 1.63097E-4 1.1019E-3 2.06675E-2 2.54459E-2 2.5908E-2 3.28415E-2 1.82075E-2 6.83879E-3 3.70176E-3 7.55157E-3 1.58278E-2 1.96972E-2 -9999 -9999 -9999 -9999 -9999 -9999 -9999 -9999 -9999 -9999 -9999 -9999 -9999 -9999 -9999
-9999 -9999 -9999 -9999 -9999 -9999 -9999 -9999 -9999 -9999 3.64515E-4 7.23171E-4 1.16848E-3 1.96038E-3 2.43844E-3 2.96402E-3 1.33855E-2 2.56304E-2 6.83484E-2 6.79324E-2 1.67617E-2 1.43094E-2 3.29853E-2 4.02618E-2 3.67291E-2 2.14862E-2 2.38289E-2 1.24475E-2 2.22451E-3 2.00506E-4 1.23868E-4 3.99055E-4 4.74469E-3 1.74453E-2 1.50917E-2 9.87911E-3 3.16681E-2 3.25242E-2 1.1663E-2 5.80621E-3 8.52588E-3 1.48699E-2 2.44017E-2 1.66808E-2 2.19237E-2 4.295E-2 4.49442E-2 -9999 -9999 -9999 -9999 -9999 -9999 -9999 -9999 -9999 -9999 -9999
-9999 -9999 -9999 -9999 -9999 -9999 -9999 -9999 1.3287E-10 1.80298E-6 2.34913E-4 4.45147E-4 2.98349E-4 3.48279E-4 7.0358E-4 1.43632E-3 6.60261E-3 1.93602E-2 2.8258E-2 5.0425E-2 1.9571E-2 3.02899E-2 3.9804E-2 4.70097E-2 4.41531E-2 4.86847E-2 2.66062E-2 1.47873E-2 3.62157E-3 2.46355E-4 2.13593E-4 4.84794E-4 2.36914E-3 5.91993E-3 2.45887E-3 2.41351E-3 7.85414E-3 1.67297E-2 2.79226E-2 1.53109E-2 1.1256E-2 2.12048E-3 5.00127E-3 1.12824E-2 9.88147E-3 2.75966E-2 6.91096E-2 -9999 -9999 -9999 -9999 -9999 -9999 -9999 -9999 -9999 -9999 -9999
-9999 -9999 -9999 -9999 -9999 -9999 1.38519E-8 1.95189E-8 6.6322E-8 2.38857E-5 1.12058E-3 1.24473E-3 1.82425E-3 1.57108E-3 1.20277E-3 2.21776E-3 7.43939E-3 7.36701E-3 1.21577E-2 2.16406E-2 2.50494E-2 3.75065E-2 8.37501E-2 1.18931E-1 1.50055E-1 4.83885E-2 2.29111E-2 6.12215E-3 1.39429E-3 3.15498E-4 4.69814E-4 5.67617E-4 2.17462E-3 4.75213E-3 1.45835E-3 7.23501E-4 9.35947E-4 2.32418E-3 1.09609E-2 2.24009E-2 1.44892E-2 2.50829E-3 5.77662E-3 1.59353E-2 8.90105E-3 2.00862E-2 6.05557E-2 -9999 -9999 -9999 -9999 -9999 -9999 -9999 -9999 -9999 -9999 -9999
-9999 -9999 -9999 -9999 -9999 -9999 1.19652E-6 1.2753E-5 5.15453E-5 4.47734E-4 1.54634E-3 2.34079E-3 3.90461E-3 8.62548E-3 8.40808E-3 8.61478E-3 1.26293E-2 7.89155E-3 9.03907E-3 8.56267E-3 1.69543E-2 2.42933E-2 8.85817E-2 1.32714E-1 7.99223E-2 4.09512E-2 2.1215E-2 3.828E-3 8.65536E-4 2.33466E-4 9.75891E-4 1.39208E-3 2.99721E-3 3.50488E-3 2.35114E-3 1.2948E-3 5.01965E-3 8.8621E-3 1.45104E-2 2.18534E-2 1.84472E-2 5.15889E-3 1.3595E-2 1.60603E-2 1.03865E-2 4.02236E-2 1.22081E-1 1.00295E-1 -9999 -9999 -9999 -9999 -9999 -9999 -9999 -9999 -9999 -9999
-9999 -9999 -9999 -9999 -9999 -9999 4.99724E-7 2.9305E-5 1.97981E-4 7.28957E-4 1.93223E-4 4.69226E-4 5.85193E-3 1.97709E-2 3.41919E-2 2.43879E-2 1.66481E-2 6.99803E-3 3.92344E-3 4.90399E-3 1.41968E-2 2.38335E-2 3.89023E-2 9.77103E-2 5.05012E-2 1.09358E-2 3.25028E-3 4.47574E-3 1.83486E-3 3.47071E-4 1.06822E-3 3.21901E-3 6.55631E-3 2.24838E-3 3.348E-3 4.21679E-3 6.91827E-3 3.40157E-2 4.13547E-2 2.39971E-2 2.37807E-2 1.29614E-2 6.94817E-3 1.2516E-2 1.25988E-2 3.87318E-2 1.37059E-1 1.20045E-1 1.60615E-1 -9999 -9999 -9999 -9999 -9999 -9999 -9999 -9999 -9999
-9999 -9999 -9999 -9999 -9999 1.49123E-6 9.06317E-6 5.55102E-5 4.93567E-4 4.08202E-4 1.69225E-4 5.62919E-4 5.40498E-3 2.08263E-2 2.40653E-2 1.32649E-2 1.44947E-2 5.07188E-3 1.91079E-3 2.44927E-3 6.33903E-3 1.9473E-2 5.07257E-2 6.9032E-2 1.58228E-2 2.32499E-3 3.77418E-4 3.85739E-4 2.68809E-4 1.53423E-4 4.32999E-4 2.12887E-3 2.75968E-3 1.39716E-3 2.96801E-3 5.03162E-3 1.03364E-2 3.22036E-2 5.4151E-2 6.37938E-3 6.70659E-3 5.65098E-3 2.93912E-3 1.43197E-2 4.16996E-2 2.28814E-2 6.35529E-2 1.06057E-1 1.2815E-1 1.6502E-1 1.8854E-1 -9999 -9999 -9999 -9999 -9999 -9999 -9999
-9999 -9999 -9999 -9999 1.05136E-8 1.08303E-6 1.22541E-5 4.77165E-5 2.91888E-4 4.6518E-4 2.74921E-4 1.27989E-3 6.41051E-3 1.70224E-2 1.49309E-2 8.18328E-3 4.51152E-3 2.36116E-3 1.39481E-3 1.52429E-3 3.14248E-3 1.20908E-2 2.47862E-2 2.67376E-2 1.1937E-2 2.19169E-3 2.22208E-4 7.14314E-5 1.11108E-5 2.17108E-5 2.9324E-4 1.37482E-3 2.82483E-3 3.1764E-3 5.90286E-3 9.30245E-3 1.10487E-2 3.18418E-2 1.57467E-2 5.70131E-3 3.80669E-3 4.65388E-3 6.55052E-3 1.69578E-2 7.5927E-2 4.23899E-2 1.28948E-2 8.73922E-2 1.04949E-1 1.12601E-1 1.05315E-1 1.79157E-1 1.75761E-1 -9999 -9999 -9999 -9999 -9999
-9999 -9999 -9999 -9999 1.37221E-8 2.89294E-6 8.40129E-6 3.62018E-5 2.28757E-4 4.73101E-4 3.58869E-4 6.66007E-4 2.50853E-3 1.05554E-2 3.33081E-3 3.01324E-3 1.70853E-3 1.08846E-3 1.34892E-3 1.63794E-3 2.35528E-3 3.29521E-3 5.74166E-3 8.86912E-3 7.66896E-3 1.41801E-3 1.28029E-4 5.80979E-5 5.12065E-6 1.06458E-5 3.18782E-4 1.40801E-3 1.76444E-3 2.84818E-3 1.07728E-2 1.54544E-2 1.86327E-2 3.2956E-2 1.05428E-2 8.18015E-3 1.49244E-2 2.10867E-2 1.32234E-2 1.96657E-2 6.10821E-2 6.06877E-2 5.31145E-2 2.54405E-2 3.23925E-2 6.60316E-2 1.72414E-2 6.52398E-2 2.2337E-1 -9999 -9999 -9999 -9999 -9999
-9999 -9999 -9999 -9999 -9999 -9999 -9999 -9999 3.86953E-4 2.79629E-4 1.99734E-3 2.94794E-3 2.08823E-3 1.58671E-3 1.45636E-3 1.09907E-3 1.0012E-3 7.03644E-4 4.75301E-4 3.9927E-4 4.53808E-4 6.35655E-4 1.27693E-3 2.13546E-3 1.14443E-3 4.07542E-4 4.68086E-5 1.57956E-5 3.16781E-6 1.16778E-5 4.06639E-4 1.53331E-3 1.09553E-3 1.73115E-3 4.1046E-3 5.66042E-3 1.09857E-2 9.86468E-3 5.66167E-3 6.56101E-3 1.46317E-2 1.21149E-2 4.03862E-3 9.63582E-3 3.36015E-2 6.19048E-2 9.62814E-2 7.34735E-2 8.32219E-3 1.85858E-2 2.56874E-2 6.94703E-2 2.06149E-1 3.57896E-1 -9999 -9999 -9999 -9999
-9999 -9999 -9999 -9999 -9999 -9999 -9999 -9999 -9999 -9999 1.78126E-3 2.1485E-3 8.15144E-4 3.84034E-4 4.1971E-4 4.70183E-4 5.23593E-4 5.37189E-4 3.55733E-4 1.15835E-4 2.42912E-4 3.06692E-4 3.83689E-4 4.11268E-4 3.80966E-4 3.92562E-4 1.28106E-4 1.06333E-4 1.87383E-5 2.5441E-5 5.45166E-4 1.9353E-3 8.17058E-4 1.66786E-3 9.27183E-3 7.26389E-3 1.71887E-2 2.15909E-2 1.15124E-2 9.61156E-3 1.20506E-2 1.41032E-2 1.99245E-2 4.66249E-2 2.46929E-2 4.96899E-2 1.1171E-1 8.83143E-2 6.15744E-2 6.84022E-2 4.96956E-2 1.22695E-1 2.76854E-1 3.35675E-1 -9999 -9999 -9999 -9999
-9999 -9999 -9999 -9999 -9999 -9999 -9999 -9999 -9999 -9999 -9999 1.47323E-3 4.06988E-4 2.25361E-4 1.11359E-4 1.62599E-4 2.06921E-4 1.5133E-4 9.64042E-5 3.95934E-5 9.4904E-5 7.56328E-5 3.0884E-4 7.09123E-4 2.29757E-3 2.40622E-3 1.05962E-3 8.1559E-4 2.56741E-4 2.64978E-4 3.16463E-4 3.94848E-4 7.41084E-4 2.82397E-3 2.9441E-2 2.80295E-2 2.34302E-2 2.75488E-2 2.53672E-2 2.41637E-2 1.86196E-2 2.35204E-2 5.86068E-2 4.78016E-2 3.00478E-2 4.49534E-2 7.94178E-2 1.1211E-1 5.87759E-2 4.70599E-2 3.64122E-2 5.50305E-2 2.94119E-1 3.09875E-1 2.90922E-1 -9999 -9999 -9999
-9999 -9999 -9999 -9999 -9999 -9999 -9999 -9999 -9999 -9999 -9999 -9999 1.98209E-4 1.64862E-4 8.02463E-5 2.85379E-5 2.03324E-5 1.39499E-5 1.85387E-5 5.96985E-5 1.27467E-4 4.9994E-4 2.41703E-3 3.43805E-3 3.78599E-3 4.42035E-3 2.78294E-3 3.51104E-3 2.14135E-3 6.90869E-4 1.07678E-4 1.55003E-4 1.28468E-3 8.64294E-3 3.01717E-2 3.61994E-2 3.27276E-2 2.8434E-2 1.37546E-2 2.32139E-2 4.11538E-2 5.65265E-2 6.59119E-2 4.07281E-2 1.23247E-1 5.06195E-2 1.01561E-1 1.5509E-1 2.99375E-1 1.80035E-1 1.5035E-1 1.13686E-1 2.67656E-1 2.76106E-1 2.27033E-1 1.36692E-1 9.61296E-2 -9999
-9999 -9999 -9999 -9999 -9999 -9999 -9999 -9999 -9999 -9999 -9999 -9999 -9999 -9999 2.11022E-5 2.01811E-6 3.4712E-6 1.10267E-5 6.64291E-5 3.00731E-4 3.03357E-4 6.06096E-4 2.364E-3 2.94615E-3 5.70088E-3 1.05306E-2 9.80067E-3 5.70462E-3 1.29307E-3 1.60822E-3 8.99738E-4 2.11674E-4 1.08345E-3 6.80505E-3 1.78696E-2 6.47837E-2 7.58798E-2 4.82585E-2 2.53101E-2 1.93498E-2 2.05022E-2 3.51256E-2 4.6309E-3 4.10896E-2 1.01617E-1 4.62992E-2 1.09027E-1 3.19526E-1 3.13435E-1 2.57764E-1 3.33994E-1 2.21507E-1 2.16566E-1 3.02897E-1 3.08748E-1 2.09361E-1 2.67841E-1 -9999
-9999 -9999 -9999 -9999 -9999 -9999 -9999 -9999 -9999 -9999 -9999 -9999 -9999 -9999 -9999 3.32277E-7 3.86542E-6 8.43238E-5 4.3075E-4 1.10324E-3 6.74354E-4 1.45385E-4 4.31688E-4 1.32164E-3 2.36898E-3 1.65697E-3 1.35676E-3 5.40632E-3 3.75434E-3 9.42515E-4 1.30532E-3 2.03271E-4 1.67955E-4 1.9277E-3 3.33864E-3 2.08196E-2 4.03285E-2 1.95247E-2 1.50876E-2 2.09562E-2 8.1397E-3 2.6637E-3 3.63843E-3 1.3695E-2 3.14908E-2 4.02919E-2 7.8761E-2 2.1264E-1 3.15264E-1 1.44749E-1 1.56605E-1 2.65406E-1 1.67014E-1 1.36291E-1 3.45283E-1 8.83128E-2 2.27846E-1 6.36734E-2
-9999 -9999 -9999 -9999 -9999 -9999 -9999 -9999 -9999 -9999 -9999 -9999 -9999 -9999 -9999 -9999 2.89689E-5 1.02268E-4 8.27758E-4 1.46441E-3 4.21291E-4 1.50066E-4 2.16217E-4 6.83504E-4 5.3444E-4 4.6615E-4 5.9217E-4 9.68636E-4 2.16138E-3 2.58784E-4 1.29926E-3 1.33498E-3 2.17396E-4 4.306E-4 3.05026E-3 6.6411E-3 1.41411E-2 1.99371E-2 3.76627E-2 3.27991E-2 1.8907E-2 3.10376E-3 8.39512E-3 6.06697E-3 2.10796E-2 5.0051E-2 5.74708E-2 1.38192E-1 1.11595E-1 1.50694E-1 1.92698E-1 2.86988E-1 9.41758E-2 5.32977E-2 8.49224E-2 6.81778E-2 7.5246E-2 3.25192E-2
-9999 -9999 -9999 -9999 -9999 -9999 -9999 -9999 -9999 -9999 -9999 -9999 -9999 -9999 -9999 -9999 4.92365E-4 1.80548E-3 4.19339E-3 1.9627E-3 3.65562E-4 1.95755E-4 3.4402E-4 1.37657E-3 2.06005E-3 1.54652E-3 9.73639E-4 2.08005E-3 1.91147E-3 6.73086E-4 2.26331E-3 3.52586E-3 6.21137E-4 4.7096E-4 4.55249E-3 1.88646E-2 3.72856E-2 4.80581E-2 8.94556E-2 7.97573E-2 6.57103E-2 5.35479E-3 1.75604E-2 3.40252E-2 2.67576E-2 5.35892E-2 6.62152E-2 9.48476E-2 7.79838E-2 1.16125E-1 3.05867E-1 2.20326E-1 1.19444E-1 1.89856E-1 2.22647E-1 2.0809E-1 1.33916E-1 1.23632E-1
-9999 -9999 -9999 -9999 -9999 -9999 -9999 -9999 -9999 -9999 -9999 -9999 -9999 -9999 -9999 -9999 9.43946E-4 3.47772E-3 2.57227E-3 2.1291E-3 8.17208E-4 8.58538E-4 1.36113E-3 5.41876E-4 1.267E-3 1.32722E-3 1.44136E-3 3.76461E-3 3.64434E-3 3.70676E-3 3.23857E-3 3.71353E-3 3.07106E-3 1.34931E-3 3.41819E-3 1.64511E-2 5.46018E-2 7.04613E-2 1.04958E-1 9.72087E-2 7.11612E-2 3.88217E-2 5.22178E-2 5.58158E-2 3.64694E-2 5.58839E-2 1.17723E-1 1.50652E-1 1.88872E-1 2.01436E-1 3.53343E-1 1.82762E-1 1.06318E-1 1.7826E-1 1.59169E-1 3.74576E-1 2.22227E-1 2.30386E-1
-9999 -9999 -9999 -9999 -9999 -9999 -9999 -9999 -9999 -9999 -9999 -9999 -9999 -9999 -9999 -9999 3.09791E-3 4.91131E-3 8.4572E-3 6.40404E-3 9.01781E-3 4.04892E-3 4.71643E-3 1.03831E-3 4.31829E-4 2.47859E-4 1.0977E-3 2.54873E-3 2.00522E-3 2.04603E-3 4.68169E-3 7.17005E-3 1.38281E-2 8.3628E-3 7.53565E-3 1.71309E-2 4.80821E-2 1.07778E-1 1.11302E-1 6.6158E-2 5.7456E-2 1.04276E-1 1.75955E-1 4.94918E-2 2.6362E-2 5.07892E-2 1.79373E-1 1.38376E-1 6.63593E-2 7.25362E-2 4.18411E-1 2.01453E-1 9.49078E-2 1.71258E-1 1.92089E-1 2.13606E-1 1.88662E-1 1.77716E-1
-9999 -9999 -9999 -9999 -9999 -9999 -9999 -9999 -9999 5.43846E-6 8.68777E-3 1.54919E-2 5.72762E-4 3.64402E-7 4.64732E-4 5.54376E-3 5.00139E-3 7.92615E-3 8.02533E-3 4.98942E-3 1.99385E-2 1.25629E-2 1.40787E-2 3.84508E-3 9.94615E-4 1.05856E-4 3.29954E-4 5.96124E-4 7.9595E-4 3.67259E-4 3.78979E-3 9.26025E-3 1.42489E-2 1.3893E-2 8.4816E-3 1.9068E-2 3.77109E-2 5.2349E-2 1.36054E-1 9.67034E-2 3.74349E-2 1.03895E-1 1.46746E-1 2.91433E-2 3.64616E-2 -9999 -9999 8.78385E-2 1.62825E-2 2.30869E-2 2.73998E-1 3.97266E-1 1.89411E-1 9.41249E-2 2.82624E-1 2.35758E-1 1.1734E-1 8.35381E-2
-9999 -9999 -9999 -9999 -9999 -9999 -9999 4.59816E-8 8.79137E-8 9.41006E-5 8.74421E-3 1.87428E-2 2.0963E-3 1.24771E-5 1.30226E-3 1.0976E-2 5.19991E-3 5.26374E-3 2.97084E-3 4.98376E-3 2.12697E-2 3.08543E-2 2.10753E-2 8.57334E-3 2.5872E-3 1.0025E-4 2.34451E-4 2.42554E-4 6.70722E-5 9.4247E-5 2.52099E-3 8.24782E-3 5.44269E-3 1.01469E-2 8.99826E-3 2.44832E-2 5.30796E-2 6.12671E-2 1.07134E-1 8.52718E-2 5.24906E-2 1.18256E-1 5.46363E-2 2.66543E-2 4.16651E-2 -9999 -9999 1.22168E-1 3.79468E-2 3.56781E-2 1.95956E-1 3.461E-1 3.27406E-2 3.70242E-2 1.39552E-1 5.06013E-2 4.93777E-2 1.07415E-1
-9999 -9999 -9999 -9999 -9999 1.42226E-5 7.68672E-5 3.11945E-4 9.47074E-4 5.37726E-3 9.50099E-3 2.7467E-2 1.90679E-2 5.52689E-3 2.18287E-2 1.82858E-2 8.33549E-3 4.25485E-3 9.25887E-4 4.46609E-3 1.79708E-2 2.05303E-2 1.48874E-2 8.37214E-3 1.97507E-3 2.96178E-4 8.49684E-4 2.40242E-3 4.48919E-4 1.95703E-4 1.48735E-3 4.33186E-3 5.23124E-3 1.55946E-2 1.62577E-2 4.73574E-2 5.06737E-2 4.53972E-2 5.32284E-2 3.45811E-2 3.5769E-2 5.12239E-2 2.14172E-2 1.95269E-2 5.42082E-2 -9999 -9999 1.49739E-1 6.9694E-2 -9999 -9999 3.4958E-2 1.5478E-2 1.4574E-2 6.02056E-2 4.34468E-2 7.81074E-2 1.20168E-1
-9999 -9999 -9999 -9999 -9999 1.02612E-3 4.83888E-3 1.00199E-2 1.20884E-2 1.00701E-2 8.05038E-3 2.11574E-2 2.62107E-2 3.7493E-2 3.06484E-2 2.24023E-2 1.42055E-2 3.6051E-3 7.81562E-4 4.30264E-3 1.43321E-2 1.17161E-2 4.32522E-3 8.402E-3 3.04217E-3 6.55429E-4 1.36588E-3 2.16483E-3 5.6939E-4 4.36145E-4 1.09784E-3 2.10985E-3 1.73924E-3 2.91419E-3 9.9107E-3 4.03055E-2 5.28953E-2 3.42103E-2 3.15741E-2 1.53886E-2 1.50482E-2 4.66289E-2 1.70275E-2 3.7859E-2 4.87572E-2 2.03107E-2 -9999 -9999 -9999 -9999 -9999 1.26144E-1 3.23498E-2 5.66029E-2 1.40317E-1 3.05007E-1 1.62453E-1 1.34937E-1
-9999 -9999 -9999 -9999 -9999 2.81213E-3 1.61157E-2 4.16953E-2 4.1453E-2 3.37558E-2 2.47401E-2 1.88862E-2 2.01147E-2 2.3338E-2 1.46167E-2 2.1527E-2 1.91909E-2 8.12373E-3 2.68372E-3 5.39929E-3 3.76769E-3 2.06922E-3 4.32444E-3 4.99122E-3 3.71374E-3 2.15713E-3 5.8571E-3 1.03581E-2 4.39211E-3 4.03087E-3 3.40675E-3 2.41195E-3 4.14991E-3 3.91161E-3 3.53305E-3 2.71181E-2 4.91225E-2 4.27285E-2 5.82505E-2 1.39381E-2 6.94241E-3 5.21136E-2 4.13469E-2 5.24445E-2 1.39138E-1 6.788E-2 -9999 -9999 -9999 -9999 1.75683E-1 1.75947E-1 1.59435E-1 1.05576E-1 2.57663E-1 1.66424E-1 2.1597E-1 1.5333E-1
-9999 -9999 -9999 -9999 -9999 5.53899E-3 2.31167E-2 8.40142E-2 1.15615E-1 8.26698E-2 2.60162E-2 1.04271E-2 8.78789E-3 1.21229E-2 1.01124E-2 1.25863E-2 1.71422E-2 4.29186E-3 3.29044E-3 5.77526E-3 3.25545E-3 2.84776E-3 5.77125E-3 3.2985E-3 2.97052E-3 2.80361E-3 9.25838E-3 8.8079E-3 4.41664E-3 9.34397E-3 1.03647E-2 7.52583E-3 8.93939E-3 1.0426E-2 9.25679E-3 3.27753E-2 6.06801E-2 4.9296E-2 7.14505E-2 7.56371E-3 1.1353E-2 2.19513E-2 5.74788E-2 1.2344E-1 1.50324E-1 1.0484E-1 8.53083E-2 -9999 -9999 1.26027E-1 1.6367E-1 2.04865E-1 2.24551E-1 2.50671E-1 1.44741E-1 6.94378E-2 1.28608E-1 1.45274E-1
-9999 -9999 -9999 -9999 -9999 2.01306E-2 5.18791E-2 1.31475E-1 1.72661E-1 6.05056E-2 1.34644E-2 2.97718E-3 3.21059E-3 4.80861E-3 1.23355E-2 1.23741E-2 5.50225E-3 1.37568E-3 1.61823E-3 2.86934E-3 1.12646E-3 6.60812E-4 1.88018E-3 4.75102E-3 2.32758E-3 9.98004E-4 1.89191E-3 5.0642E-3 1.65991E-3 3.73503E-3 1.01371E-2 1.29865E-2 1.87587E-2 7.35775E-3 1.9201E-2 5.14612E-2 6.92271E-2 4.27267E-2 8.96082E-3 5.11136E-2 4.26431E-2 2.86667E-2 6.08523E-2 6.16106E-2 1.81604E-2 1.80202E-2 4.69309E-2 -9999 3.05219E-1 1.15715E-1 4.74656E-2 1.66499E-1 3.02298E-1 2.79127E-1 4.99982E-2 1.53878E-1 9.22185E-2 2.98566E-1
