Phytophthora/models/20240503_1210_48/Phytophthora_PA3_RUN6_MAXENT_outputs/Phytophthora_PA3_RUN6.asc
ncols         113
nrows         135
xllcorner     473009.9838
yllcorner     4429001.1748
cellsize      100.0
NODATA_value  -9999
[rows 52 to 77 of 135, columns 0 to 57 of 113]
-9999 -9999 -9999 -9999 -9999 2.11304E-2 5.92842E-2 9.70507E-2 8.76605E-2 2.69883E-2 1.0883E-2 4.40949E-3 4.45688E-3 6.46144E-3 9.34521E-3 6.70627E-3 3.1341E-3 3.0552E-3 4.30102E-3 4.05416E-3 2.40311E-3 1.06104E-3 8.27235E-4 8.48689E-4 1.86355E-3 1.05146E-3 1.60721E-3 1.2735E-3 4.8057E-4 1.25243E-3 8.11328E-3 2.428E-2 1.69196E-2 1.96647E-2 2.99201E-2 2.95948E-2 2.31254E-2 9.42399E-3 1.84225E-2 6.33302E-2 6.71507E-2 3.34166E-2 2.33333E-2 2.26323E-2 9.81879E-3 1.5828E-2 1.72101E-2 1.66171E-2 1.15409E-1 2.18371E-1 2.08315E-1 3.03714E-1 3.66844E-1 3.28215E-1 8.34722E-2 1.28396E-1 7.46635E-2 1.67742E-1
-9999 -9999 -9999 -9999 -9999 5.5674E-2 2.41451E-1 1.14036E-1 7.19335E-2 2.70496E-2 3.54448E-2 1.29806E-2 1.88965E-2 8.84284E-3 7.25838E-3 4.84068E-3 3.40253E-3 7.37886E-3 7.36872E-3 6.96043E-3 5.874E-3 5.43509E-3 7.77576E-3 2.02851E-3 2.14434E-3 3.59577E-3 3.40983E-3 5.50452E-4 2.18252E-4 8.47435E-4 4.34702E-3 3.03134E-2 4.25353E-2 1.74604E-2 1.80898E-2 1.77506E-2 9.95997E-3 5.73514E-3 7.67533E-3 2.81191E-2 2.64147E-2 1.82291E-2 1.54888E-2 5.13293E-3 7.25021E-3 1.12553E-2 3.59673E-3 1.03287E-2 1.00136E-1 3.3331E-1 5.16311E-1 4.53147E-1 4.02403E-1 1.94135E-1 1.25708E-1 2.03414E-1 1.60865E-1 1.56464E-1
-9999 -9999 -9999 -9999 4.3172E-3 6.95655E-2 2.25287E-1 9.41521E-2 6.07221E-2 5.58769E-2 5.86517E-2 5.62293E-2 2.7237E-2 9.36511E-3 8.44721E-3 8.08191E-3 1.50428E-2 2.38649E-2 2.62834E-2 2.17167E-2 1.31236E-2 1.03398E-2 1.3981E-2 1.01905E-2 7.17052E-3 1.4735E-2 7.94304E-3 1.67547E-3 6.49382E-4 1.33237E-3 1.87569E-3 7.46886E-3 1.93372E-2 7.97437E-3 1.09356E-2 1.99866E-2 1.65684E-2 1.03508E-2 9.98063E-3 1.11633E-2 1.38797E-2 3.64776E-2 3.59433E-2 1.48219E-2 1.04363E-2 8.85964E-3 8.10861E-3 1.23291E-2 9.96841E-2 2.33101E-1 4.42919E-1 3.32298E-1 1.29048E-1 5.08446E-2 1.38099E-1 3.31067E-1 4.32028E-1 4.15491E-1
-9999 -9999 -9999 9.29111E-2 1.2538E-1 1.61089E-1 1.96085E-1 9.35864E-2 1.18055E-1 9.51872E-2 5.74711E-2 8.10422E-2 3.91228E-2 2.03397E-2 2.02565E-2 2.22879E-2 7.28434E-2 8.53832E-2 7.77221E-2 5.97917E-2 3.45247E-2 1.75406E-2 2.97891E-2 1.87954E-2 7.84016E-3 1.33637E-2 1.36356E-2 4.35569E-3 1.28851E-3 9.27769E-4 4.78319E-3 1.21335E-2 8.76767E-3 4.85123E-3 9.28334E-3 2.82658E-2 2.60976E-2 2.91022E-2 1.82926E-2 3.80752E-2 6.56775E-2 1.21742E-1 7.15358E-2 3.53617E-2 3.34913E-2 2.16099E-2 3.10184E-2 1.60067E-2 2.47453E-2 2.4575E-1 4.20053E-1 2.60738E-1 8.20834E-2 1.34298E-1 2.01694E-1 2.45244E-1 2.8543E-1 1.95254E-1
-9999 -9999 -9999 5.49965E-2 1.17517E-1 2.86152E-1 2.02539E-1 3.47578E-2 1.16509E-1 6.91402E-2 2.02852E-1 1.30928E-1 1.51415E-1 1.50243E-1 7.98439E-2 8.37104E-2 1.23801E-1 1.26171E-1 1.75675E-1 9.97755E-2 7.45476E-2 5.11705E-2 5.09661E-2 3.4939E-2 1.41853E-2 1.38256E-2 2.07945E-2 1.24434E-2 2.14079E-3 1.01672E-3 1.62404E-2 2.76298E-2 6.41023E-3 3.44931E-3 6.78181E-3 2.11684E-2 3.74645E-2 5.75979E-2 1.45543E-2 2.25593E-2 6.15452E-2 9.29455E-2 3.92762E-2 3.52219E-2 3.8713E-2 9.97101E-3 2.16282E-2 9.50752E-3 5.3561E-2 1.50583E-1 2.4373E-1 2.76844E-1 2.49026E-1 2.08048E-1 2.92805E-1 2.50824E-1 3.15945E-1 3.48414E-1
-9999 -9999 -9999 5.83428E-2 2.10462E-1 2.05559E-1 9.74876E-2 3.97449E-2 3.32856E-2 1.26669E-1 2.55519E-1 2.23955E-1 3.49442E-1 1.89322E-1 9.02861E-2 7.6448E-2 9.48046E-2 1.34003E-1 1.86432E-1 9.54313E-2 6.87466E-2 8.77387E-2 1.12757E-1 7.87714E-2 3.14777E-2 3.12232E-2 4.67488E-2 3.86502E-2 1.14308E-2 1.05389E-2 3.59972E-2 3.41042E-2 2.59399E-2 3.65006E-3 2.54195E-3 4.46943E-3 3.34168E-2 4.20915E-2 6.39547E-3 1.14992E-2 4.39269E-2 5.31981E-2 3.65359E-2 1.79284E-2 2.97781E-3 1.0408E-3 9.83331E-3 2.30084E-2 6.18048E-2 5.18334E-2 6.62578E-2 1.02971E-1 1.50933E-1 8.3073E-2 8.51579E-2 1.89785E-1 3.35053E-1 1.85822E-1
-9999 -9999 -9999 2.27692E-2 5.82919E-2 7.35802E-2 2.52921E-2 1.44786E-2 3.35657E-2 1.05733E-1 1.61152E-1 1.57339E-1 1.97937E-1 9.79199E-2 5.3055E-2 2.74038E-2 4.40145E-2 1.10401E-1 9.89807E-2 1.48486E-1 1.44181E-1 1.39252E-1 1.31527E-1 9.71103E-2 4.03806E-2 4.93133E-2 8.4407E-2 1.21169E-1 6.20217E-2 1.64219E-2 1.73048E-2 2.40914E-2 1.62074E-2 9.6632E-4 1.59287E-3 2.03866E-2 1.01163E-1 3.87272E-2 8.9384E-3 1.17765E-2 2.92599E-2 2.96261E-2 2.87632E-2 1.00087E-2 2.92253E-3 1.93243E-3 3.53585E-3 3.11187E-2 1.98448E-1 2.11872E-1 2.19576E-1 1.59632E-1 1.13818E-1 4.1349E-2 1.49104E-2 1.73174E-1 1.6977E-1 1.1478E-1
-9999 -9999 -9999 3.51777E-2 2.41389E-2 3.31698E-2 3.21483E-2 2.13614E-2 3.76498E-2 5.87744E-2 6.21327E-2 3.70997E-2 2.03194E-1 1.97959E-1 8.17584E-2 1.93028E-2 1.45636E-2 3.4797E-2 4.85675E-2 1.89677E-1 1.37962E-1 1.04995E-1 5.2128E-2 2.35886E-2 1.81732E-2 3.4623E-2 5.31822E-2 3.35304E-2 2.11495E-2 1.71321E-2 2.24919E-2 1.35425E-2 5.60657E-3 2.6644E-3 3.65152E-3 1.80056E-2 2.31674E-2 4.57E-2 3.41141E-2 2.47613E-2 3.33372E-2 3.88344E-2 3.62155E-2 1.33935E-2 1.93741E-2 3.94414E-3 5.87412E-3 9.03168E-2 2.34812E-1 2.68204E-1 1.13696E-1 6.38166E-2 3.19342E-2 1.83973E-2 6.77966E-3 3.0763E-2 1.38588E-1 1.77555E-1
-9999 -9999 -9999 -9999 2.89736E-2 1.06693E-1 7.10466E-2 3.27284E-2 3.61069E-2 7.01682E-2 6.93737E-2 3.54547E-2 1.53252E-1 2.2365E-1 7.33708E-2 2.85687E-2 2.31868E-2 5.91728E-2 1.44455E-1 1.92486E-1 8.13622E-2 3.67849E-2 1.24656E-2 9.34128E-3 1.30693E-2 1.2788E-2 1.02463E-2 6.50255E-3 1.73727E-2 4.45326E-2 6.80875E-2 1.6647E-2 1.26372E-2 5.71431E-3 8.59077E-3 1.49146E-2 2.58277E-2 9.37007E-2 8.86731E-2 8.87169E-2 1.31439E-1 1.11024E-1 1.08086E-1 5.67364E-2 3.42811E-2 6.3271E-3 3.64385E-3 2.3108E-2 7.37381E-2 1.58847E-1 4.00472E-2 2.23481E-2 1.39822E-2 8.73081E-3 9.24041E-3 1.64823E-2 8.99104E-2 1.92559E-1
-9999 -9999 -9999 -9999 -9999 2.91971E-1 9.84957E-2 2.27779E-2 2.19094E-2 7.74289E-2 9.05777E-2 6.95018E-2 1.01603E-1 1.19513E-1 4.12721E-2 1.93825E-2 2.50934E-2 9.11959E-2 2.26467E-1 2.00148E-1 8.58623E-2 1.30867E-2 5.54461E-3 7.65779E-3 1.23155E-2 2.62311E-2 2.43095E-2 1.14249E-2 2.54299E-2 3.44309E-2 3.30221E-2 1.85343E-2 3.51188E-2 4.53643E-3 2.72113E-3 8.56282E-3 2.96795E-2 7.71236E-2 1.10904E-1 1.46483E-1 1.52103E-1 1.50735E-1 1.85578E-1 1.03316E-1 5.89137E-2 6.18962E-3 3.10585E-3 2.02101E-2 4.91945E-2 4.63049E-2 1.64948E-2 1.08965E-2 1.4559E-2 1.69669E-2 3.37747E-2 2.31678E-2 6.17926E-2 1.53823E-1
-9999 -9999 -9999 -9999 -9999 -9999 1.35475E-2 1.10111E-2 2.39449E-2 6.84048E-2 8.51142E-2 2.61981E-1 3.53843E-1 1.06513E-1 2.38499E-2 8.56045E-3 1.26015E-2 8.81377E-2 1.53669E-1 9.4511E-2 2.48292E-2 1.1286E-2 7.60317E-3 1.20831E-2 2.29813E-2 3.41595E-2 2.60876E-2 1.78157E-2 1.44801E-2 9.95858E-3 1.75063E-2 2.66935E-2 1.97481E-2 1.32235E-2 2.21404E-2 4.35387E-2 6.63754E-2 1.00812E-1 1.12327E-1 9.78512E-2 2.16726E-1 9.99305E-2 3.20773E-1 1.34227E-1 8.38659E-2 1.50276E-2 5.71452E-3 8.85228E-3 1.19539E-2 8.966E-3 6.81031E-3 1.006E-2 2.21868E-2 4.05073E-2 4.75658E-2 3.90693E-2 1.16325E-1 2.40029E-1
-9999 -9999 -9999 -9999 -9999 -9999 1.6977E-2 1.26513E-2 1.86032E-2 3.76483E-2 2.6297E-1 2.77073E-1 2.60609E-1 4.14939E-2 1.5138E-2 1.31902E-2 2.09657E-2 3.41122E-2 3.92042E-2 2.39088E-2 1.87082E-2 8.69832E-3 5.54282E-3 1.11466E-2 1.41308E-2 2.11794E-2 2.76269E-2 1.50035E-2 5.62833E-3 8.46568E-3 1.96657E-2 5.53949E-2 2.18731E-2 2.30044E-2 8.59323E-2 5.15006E-2 4.02578E-2 3.86959E-2 3.34804E-2 5.04162E-2 1.28978E-1 1.27232E-1 3.67071E-1 1.41961E-1 8.75465E-2 2.98216E-2 5.36165E-3 9.1754E-4 2.7244E-3 6.52174E-3 1.65264E-2 4.92976E-2 6.95662E-2 6.72537E-2 6.5901E-2 8.54405E-2 1.02056E-1 1.61945E-1
-9999 -9999 -9999 -9999 -9999 9.03367E-3 2.26239E-2 1.18059E-2 8.96365E-3 2.85757E-2 2.26985E-1 2.62211E-1 1.64053E-1 3.28448E-2 1.17754E-2 1.221E-2 1.14685E-2 9.07052E-3 8.7606E-3 1.70176E-2 1.71317E-2 1.92562E-2 1.41573E-2 1.7608E-2 2.07328E-2 3.83103E-2 4.09157E-2 1.41733E-2 5.25683E-3 1.34131E-3 7.65115E-3 4.34934E-2 5.386E-2 4.27723E-2 1.54856E-1 1.61469E-1 6.14256E-2 5.84831E-2 7.27434E-2 1.53552E-1 2.52557E-1 1.67196E-1 1.89345E-1 1.06453E-1 6.54754E-2 3.18716E-2 9.73826E-3 3.30057E-3 5.01939E-3 2.27932E-2 3.24162E-2 8.18746E-2 7.6004E-2 6.94474E-2 5.37651E-2 1.37781E-1 1.63923E-1 2.44423E-1
-9999 -9999 -9999 -9999 7.6238E-5 5.55225E-3 1.75344E-2 6.89495E-3 8.06017E-3 1.1471E-2 2.36812E-2 9.31676E-2 4.80545E-2 3.48019E-2 1.97127E-2 9.83525E-3 1.8138E-2 1.73455E-2 1.21189E-2 2.98921E-2 7.71848E-2 5.93451E-2 2.47097E-2 2.12885E-2 4.08749E-2 9.14463E-2 9.53851E-2 1.1988E-2 3.32084E-3 8.04221E-3 1.7675E-2 6.06905E-2 7.44098E-2 5.58177E-2 9.73596E-2 1.22854E-1 1.4879E-1 1.51782E-1 2.25019E-1 4.4635E-1 6.24385E-1 2.83425E-1 2.90361E-1 2.49415E-1 8.55375E-2 1.83297E-2 7.53218E-3 1.3602E-2 1.66518E-2 3.78721E-2 4.30488E-2 9.48196E-2 1.83421E-1 3.44106E-1 2.43901E-1 2.20118E-1 3.94239E-1 2.98568E-1
-9999 -9999 -9999 -9999 5.52298E-5 1.23908E-2 3.65117E-2 1.69565E-2 7.03297E-3 2.64918E-3 1.69685E-2 4.74404E-2 4.77549E-2 4.87576E-2 2.17097E-2 3.42886E-2 2.59842E-2 2.8845E-2 4.35793E-2 8.13837E-2 1.8442E-1 8.9884E-2 4.0994E-2 4.31357E-2 8.2821E-2 1.06254E-1 8.81347E-2 1.42841E-2 7.79442E-3 1.40928E-2 3.13033E-2 3.89686E-2 7.57019E-2 7.00354E-2 1.51435E-1 1.98212E-1 2.13009E-1 1.84866E-1 3.05455E-1 4.13998E-1 5.53762E-1 5.50378E-1 5.5585E-1 3.61757E-1 5.91348E-2 5.80191E-3 6.11059E-3 3.52421E-2 1.0282E-1 1.53474E-1 2.03732E-1 1.40453E-1 3.26181E-1 3.92556E-1 4.69297E-1 4.4561E-1 3.68875E-1 2.66325E-1
-9999 -9999 -9999 -9999 6.76207E-5 1.52441E-2 5.57414E-2 6.55155E-2 3.8419E-2 4.36186E-3 3.19717E-2 3.2952E-2 5.53996E-2 8.05492E-2 2.56374E-2 1.71221E-2 1.94082E-2 3.46163E-2 1.14307E-1 1.7051E-1 2.05775E-1 1.49395E-1 9.6962E-2 9.8788E-2 1.0957E-1 1.19588E-1 6.59768E-2 2.01976E-2 2.14273E-2 1.86055E-2 2.87792E-2 7.66625E-2 7.06238E-2 1.65952E-1 1.5518E-1 1.12935E-1 7.31056E-2 7.90223E-2 1.56545E-1 2.46705E-1 3.6308E-1 4.05879E-1 4.30894E-1 3.50248E-1 2.87897E-2 3.53386E-3 8.27645E-3 6.71588E-2 1.44281E-1 2.6885E-1 4.30976E-1 3.30168E-1 4.38709E-1 4.71383E-1 5.70324E-1 5.76991E-1 6.20166E-1 1.98155E-1
-9999 -9999 -9999 -9999 9.2699E-5 1.14069E-2 5.89448E-2 6.76868E-2 2.08857E-2 2.6111E-2 7.23382E-2 5.13237E-2 5.72951E-2 1.70892E-2 1.85201E-2 2.38439E-2 4.03273E-2 7.96292E-2 1.43906E-1 2.50803E-1 3.91118E-1 3.24174E-1 2.58339E-1 1.42643E-1 6.77318E-2 1.66204E-1 8.31767E-2 4.34927E-2 2.49875E-2 4.99079E-2 1.26724E-1 1.27076E-1 1.29652E-1 1.39649E-1 1.22143E-1 3.65655E-2 2.83899E-2 4.49238E-2 9.47629E-2 2.5854E-1 3.50636E-1 4.31177E-1 1.49872E-1 1.04565E-1 2.46147E-2 4.65877E-3 1.51956E-2 5.29435E-2 1.63472E-1 3.1889E-1 5.64541E-1 7.06375E-1 6.81748E-1 5.26047E-1 5.90844E-1 6.38683E-1 4.20564E-1 2.2546E-1
-9999 -9999 -9999 -9999 2.20128E-5 1.07974E-2 6.0097E-2 4.46696E-2 1.2855E-2 4.13777E-2 4.38866E-2 3.64623E-2 3.2947E-2 3.40011E-2 5.07125E-2 9.39299E-2 7.23858E-2 1.1241E-1 1.73775E-1 4.08417E-1 3.40765E-1 2.39177E-1 1.1999E-1 5.45245E-2 1.0809E-1 2.32292E-1 2.59245E-1 1.11774E-1 3.66309E-2 1.23107E-1 1.71245E-1 7.7757E-2 5.81148E-2 2.2583E-2 5.45009E-2 3.47849E-2 2.34116E-2 6.2798E-2 1.64769E-1 3.07175E-1 2.71784E-1 1.95002E-1 5.31334E-2 4.54354E-2 1.09845E-2 9.65905E-3 2.68052E-2 8.32781E-2 2.40785E-1 5.82533E-1 7.52468E-1 5.50689E-1 7.10695E-1 5.84974E-1 2.38932E-1 3.8582E-1 4.69452E-1 4.72979E-1
-9999 -9999 -9999 -9999 2.35838E-5 1.12299E-2 6.42526E-2 2.14892E-2 1.56113E-2 6.68033E-2 8.17328E-2 8.66926E-2 4.0322E-2 2.94966E-2 2.82315E-2 5.36619E-2 9.01811E-2 1.87788E-1 2.08748E-1 2.93222E-1 1.76856E-1 9.31132E-2 3.00784E-2 1.95685E-2 7.56322E-2 1.9025E-1 1.72914E-1 8.49708E-2 2.14357E-2 1.89237E-1 3.2068E-1 1.34324E-1 6.31233E-2 4.25972E-2 1.51591E-2 6.57427E-3 8.67737E-3 8.16166E-2 2.88403E-1 4.6318E-1 3.11286E-1 1.06358E-1 5.97089E-2 2.61547E-2 9.68147E-3 2.62999E-2 7.41255E-2 1.5272E-1 5.69512E-1 6.54634E-1 6.66336E-1 3.63955E-1 4.13511E-1 2.61577E-1 1.90189E-1 2.92537E-1 4.60863E-1 6.97693E-1
-9999 -9999 -9999 -9999 5.9314E-5 8.76658E-3 3.56558E-2 1.92626E-2 3.27961E-2 4.53293E-2 5.28092E-2 2.11712E-1 2.299E-1 6.54751E-2 2.99228E-2 4.15977E-2 8.26835E-2 1.42171E-1 2.25784E-1 2.03291E-1 1.18105E-1 1.11804E-1 6.44128E-2 6.69694E-2 7.84663E-2 1.30035E-1 1.14863E-1 6.47527E-2 2.59063E-2 4.2965E-2 2.03455E-1 1.79327E-1 1.70506E-1 3.15082E-2 1.17086E-2 1.58877E-2 3.67758E-2 6.29818E-2 4.02884E-1 5.94348E-1 3.14383E-1 1.02366E-1 6.13157E-2 1.00106E-2 1.39316E-2 7.1878E-2 2.01021E-1 2.48314E-1 4.66754E-1 6.52449E-1 5.56937E-1 3.37735E-1 2.54572E-1 1.33716E-1 1.4855E-1 3.11098E-1 4.97095E-1 5.9974E-1
-9999 -9999 -9999 -9999 8.69141E-4 4.81984E-3 1.56084E-2 1.08227E-2 1.03195E-2 2.28972E-2 4.6216E-2 9.77968E-2 2.46916E-1 1.69502E-1 1.10026E-1 5.3375E-2 6.1608E-2 9.21927E-2 9.53564E-2 7.53939E-2 8.31449E-2 1.30698E-1 2.22778E-1 1.84846E-1 1.54566E-1 1.68125E-1 1.97255E-1 1.46415E-1 4.66987E-2 7.54666E-2 7.24741E-2 1.24788E-1 2.4818E-1 7.19284E-2 5.29973E-2 4.03736E-2 6.39463E-2 1.03234E-1 3.55129E-1 6.53667E-1 2.76824E-1 1.0561E-1 3.74693E-2 8.99407E-3 2.31057E-2 5.57151E-2 8.46616E-2 1.90999E-1 6.07718E-1 6.57059E-1 5.84103E-1 2.49568E-1 1.20721E-1 1.69335E-1 3.3007E-1 5.72126E-1 6.18408E-1 5.88334E-1
-9999 -9999 -9999 7.71017E-4 6.33881E-3 6.7047E-3 1.23694E-2 8.14843E-3 9.09003E-3 2.48785E-2 6.88836E-2 6.54946E-2 1.24652E-1 2.49079E-1 2.41733E-1 1.71132E-1 1.67542E-1 1.60286E-1 7.27031E-2 2.91521E-2 4.85328E-2 1.40253E-1 2.66864E-1 3.36577E-1 2.65678E-1 1.64459E-1 2.10554E-1 1.56235E-1 8.6986E-2 7.11064E-2 7.80016E-2 1.21257E-1 1.38021E-1 1.40133E-1 8.44436E-2 4.82696E-2 1.2617E-1 2.46352E-1 3.64472E-1 6.22843E-1 2.5075E-1 1.32709E-1 4.21507E-2 1.40309E-2 7.24378E-2 5.18368E-2 5.97173E-2 3.55086E-1 4.49444E-1 3.89912E-1 3.0256E-1 1.23219E-1 5.54401E-2 1.0927E-1 3.17648E-1 6.51393E-1 7.37459E-1 7.08106E-1
-9999 -9999 -9999 2.71022E-3 1.85849E-2 4.83691E-2 4.49024E-2 1.61614E-2 2.4425E-2 6.71393E-2 1.48204E-1 1.35115E-1 2.07407E-1 3.61767E-1 4.82026E-1 4.26312E-1 3.84453E-1 2.94886E-1 1.71445E-1 6.43354E-2 1.26914E-1 2.64005E-1 3.64961E-1 5.54704E-1 4.41512E-1 2.89125E-1 2.83786E-1 1.42531E-1 1.2857E-1 7.63615E-2 5.88596E-2 3.54181E-2 1.26607E-1 1.27019E-1 1.47607E-1 9.33838E-2 1.71112E-1 4.16438E-1 4.81511E-1 5.1809E-1 4.3338E-1 3.73823E-1 2.4787E-1 1.07883E-1 1.52165E-1 5.36643E-2 6.21706E-2 3.88113E-1 2.55528E-1 1.04918E-1 1.90847E-1 1.39848E-1 3.96751E-2 7.78539E-2 2.53797E-1 5.64747E-1 6.36082E-1 6.27176E-1
-9999 -9999 1.68277E-3 3.76893E-3 5.2602E-2 2.37533E-1 2.82214E-1 1.49661E-1 2.59105E-1 2.20767E-1 2.41997E-1 2.77533E-1 2.82018E-1 4.82903E-1 6.24169E-1 6.52149E-1 4.663E-1 3.21158E-1 3.01157E-1 1.76536E-1 2.23075E-1 4.41189E-1 6.30983E-1 6.84781E-1 6.1034E-1 3.58027E-1 1.65296E-1 1.09867E-1 8.63167E-2 8.16303E-2 9.13284E-2 1.34864E-1 2.07491E-1 1.49996E-1 2.49523E-1 2.7148E-1 2.72219E-1 3.85536E-1 6.0084E-1 6.01298E-1 6.9014E-1 7.23902E-1 5.42277E-1 2.56268E-1 1.70723E-1 1.48672E-1 2.14137E-1 3.65132E-1 2.18614E-1 1.43303E-1 1.34489E-1 1.04377E-1 4.56305E-2 5.76861E-2 1.42284E-1 4.26948E-1 5.26949E-1 4.52144E-1
-9999 -9999 4.28836E-3 6.51401E-2 1.7627E-1 4.15517E-1 5.21217E-1 5.84043E-1 5.77597E-1 5.79295E-1 4.27102E-1 2.57381E-1 2.87262E-1 5.09377E-1 6.33865E-1 7.4299E-1 5.20634E-1 2.69366E-1 3.42865E-1 4.3037E-1 4.91598E-1 5.00144E-1 5.98415E-1 7.11141E-1 6.34144E-1 3.22079E-1 1.15209E-1 1.40894E-1 1.06012E-1 8.14782E-2 1.52449E-1 3.0531E-1 1.36177E-1 5.36732E-2 3.01662E-1 4.57454E-1 3.87043E-1 3.88586E-1 4.8223E-1 6.06444E-1 7.14864E-1 7.94785E-1 6.08844E-1 4.35789E-1 3.27029E-1 3.68792E-1 4.91444E-1 5.77149E-1 5.67953E-1 3.45041E-1 2.28517E-1 1.71413E-1 1.33986E-1 1.29676E-1 1.11454E-1 3.23638E-1 4.16991E-1 3.38545E-1
-9999 -9999 -9999 1.05794E-1 1.14285E-1 3.1835E-1 6.47467E-1 8.06788E-1 8.14312E-1 8.18817E-1 5.85014E-1 1.74887E-1 1.31812E-1 5.06627E-1 6.17839E-1 7.25583E-1 4.00845E-1 2.64868E-1 4.5999E-1 7.00789E-1 6.06198E-1 3.92419E-1 4.60215E-1 5.88143E-1 5.01971E-1 2.9342E-1 2.63498E-1 2.28979E-1 2.66269E-1 1.35169E-1 1.89785E-1 2.37114E-1 6.5339E-2 5.04219E-2 1.57791E-1 3.11697E-1 4.35494E-1 5.04792E-1 6.37929E-1 6.2584E-1 7.28249E-1 7.67675E-1 7.1285E-1 6.32558E-1 4.66419E-1 4.49828E-1 5.33871E-1 5.43044E-1 5.3951E-1 5.43322E-1 3.96105E-1 3.46983E-1 3.37464E-1 3.60688E-1 2.98068E-1 2.69628E-1 2.18751E-1 2.02655E-1
