Phytophthora/models/20240503_1134_59/Phytophthora_PA1_RUN10_MAXENT_outputs/Phytophthora_PA1_RUN10.asc
ncols         113
nrows         135
xllcorner     473009.9838
yllcorner     4429001.1748
cellsize      100.0
NODATA_value  -9999
[rows 52 to 77 of 135, columns 0 to 57 of 113]
-9999 -9999 -9999 -9999 -9999 1.10171E-1 2.20467E-1 3.04087E-1 3.20823E-1 1.35958E-1 4.66959E-2 1.45545E-2 1.29783E-2 3.00395E-2 4.63601E-2 3.2418E-2 1.45304E-2 1.60324E-2 1.68941E-2 8.7606E-3 3.43915E-3 2.07691E-3 2.18339E-3 2.06822E-3 5.08385E-3 2.81396E-3 5.24588E-3 1.81357E-3 8.29664E-4 1.6769E-3 1.22725E-2 3.44385E-2 2.57666E-2 2.87302E-2 4.94935E-2 4.23261E-2 3.58649E-2 1.87201E-2 3.49819E-2 1.2724E-1 1.10471E-1 9.52305E-2 7.55787E-2 6.29974E-2 4.26706E-2 6.92973E-2 7.74145E-2 7.12209E-2 2.02515E-1 1.77017E-1 1.37815E-1 2.02353E-1 2.27014E-1 2.08656E-1 5.1546E-2 8.88044E-2 7.27136E-2 1.37257E-1
-9999 -9999 -9999 -9999 -9999 1.53079E-1 5.72712E-1 3.74081E-1 2.73148E-1 1.35362E-1 1.07249E-1 2.634E-2 4.37292E-2 3.68627E-2 3.76223E-2 3.17264E-2 2.02205E-2 4.44274E-2 3.67057E-2 2.08157E-2 1.18926E-2 1.1598E-2 1.29272E-2 3.33197E-3 2.98644E-3 5.60835E-3 4.71032E-3 9.40449E-4 3.62842E-4 1.63709E-3 6.1421E-3 3.50015E-2 4.79912E-2 2.51852E-2 3.28047E-2 3.28665E-2 1.74453E-2 1.41539E-2 1.52897E-2 5.26974E-2 6.16283E-2 5.69796E-2 5.15578E-2 3.28478E-2 2.68466E-2 5.85502E-2 3.40517E-2 5.03634E-2 1.24385E-1 2.5821E-1 3.64627E-1 3.23556E-1 2.83884E-1 1.12368E-1 7.15713E-2 1.2604E-1 1.11048E-1 1.73449E-1
-9999 -9999 -9999 -9999 3.26275E-3 2.69884E-1 5.55837E-1 3.13336E-1 2.44948E-1 2.26561E-1 1.29232E-1 1.22302E-1 8.45392E-2 4.03444E-2 4.99987E-2 6.27703E-2 9.99762E-2 1.60712E-1 1.79658E-1 1.14149E-1 4.92312E-2 2.45446E-2 1.91789E-2 1.73742E-2 1.2202E-2 2.08226E-2 7.92231E-3 2.37712E-3 6.94119E-4 2.65361E-3 4.21654E-3 1.35738E-2 3.12284E-2 1.07732E-2 1.84346E-2 4.08024E-2 3.00712E-2 2.17209E-2 2.1013E-2 2.83997E-2 4.52351E-2 1.10493E-1 1.00552E-1 6.70396E-2 3.89796E-2 4.47894E-2 4.90332E-2 3.05109E-2 1.02575E-1 1.58175E-1 2.75859E-1 3.01009E-1 8.1834E-2 4.59444E-2 7.82825E-2 1.92979E-1 2.40313E-1 2.73477E-1
-9999 -9999 -9999 1.35461E-1 2.92778E-1 4.70559E-1 4.69339E-1 3.11626E-1 3.75749E-1 2.3225E-1 1.05048E-1 2.26031E-1 1.5428E-1 1.15692E-1 1.15573E-1 1.51631E-1 4.14133E-1 4.88129E-1 4.82599E-1 3.44778E-1 1.72077E-1 5.54051E-2 6.09215E-2 2.75651E-2 1.40131E-2 1.73114E-2 1.34405E-2 4.0296E-3 1.176E-3 2.38084E-3 1.00504E-2 2.79368E-2 1.34109E-2 7.05352E-3 1.27107E-2 5.66692E-2 4.84689E-2 5.84125E-2 3.70727E-2 7.90875E-2 1.3312E-1 2.61521E-1 1.76502E-1 1.14214E-1 1.32973E-1 9.7573E-2 7.37482E-2 1.75403E-2 2.38515E-2 1.71636E-1 2.64924E-1 2.3249E-1 6.57991E-2 7.4051E-2 1.42126E-1 1.3844E-1 1.5939E-1 1.17744E-1
-9999 -9999 -9999 1.23434E-1 2.93283E-1 5.72905E-1 4.65603E-1 1.43411E-1 3.26521E-1 1.19012E-1 4.11004E-1 4.02471E-1 4.65996E-1 4.74033E-1 3.49284E-1 3.82647E-1 5.82382E-1 6.47802E-1 7.13543E-1 5.02874E-1 3.16826E-1 2.06189E-1 1.5445E-1 7.10039E-2 2.49202E-2 2.01843E-2 2.17082E-2 1.13932E-2 2.57868E-3 3.1603E-3 3.29847E-2 5.50097E-2 1.06125E-2 4.64645E-3 1.06103E-2 3.80003E-2 5.86605E-2 9.33121E-2 2.54619E-2 4.15027E-2 1.22528E-1 2.05749E-1 1.27217E-1 1.08343E-1 1.38344E-1 4.44776E-2 3.71796E-2 1.3758E-2 3.84888E-2 1.07987E-1 1.40939E-1 1.98908E-1 1.45858E-1 1.21281E-1 1.62873E-1 1.29012E-1 1.87769E-1 2.45187E-1
-9999 -9999 -9999 1.9667E-1 4.99671E-1 5.20267E-1 3.16445E-1 1.84294E-1 9.89118E-2 2.89123E-1 5.84719E-1 5.55666E-1 7.00867E-1 5.01708E-1 3.91024E-1 4.02079E-1 4.53198E-1 5.48499E-1 6.75887E-1 4.80352E-1 3.10491E-1 3.31592E-1 3.53896E-1 2.53658E-1 6.21499E-2 4.73734E-2 5.6157E-2 4.71164E-2 1.55922E-2 2.94249E-2 7.37897E-2 6.03308E-2 3.31737E-2 3.10838E-3 3.59728E-3 8.49138E-3 5.51291E-2 6.42438E-2 1.53795E-2 3.34793E-2 1.05715E-1 1.3488E-1 8.43975E-2 6.24032E-2 1.25887E-2 5.29178E-3 1.45138E-2 2.54272E-2 4.94708E-2 4.38059E-2 5.26626E-2 8.96294E-2 1.08469E-1 7.02306E-2 5.77147E-2 1.17447E-1 2.05229E-1 1.19022E-1
-9999 -9999 -9999 9.98882E-2 2.49893E-1 2.86874E-1 1.22089E-1 5.8331E-2 1.45142E-1 3.12635E-1 4.02811E-1 4.15029E-1 5.15798E-1 2.8125E-1 2.37212E-1 1.87618E-1 2.00868E-1 3.42092E-1 3.77563E-1 5.53685E-1 4.768E-1 4.36652E-1 4.17438E-1 2.69727E-1 8.36512E-2 7.64602E-2 1.12476E-1 1.55854E-1 1.05729E-1 4.16595E-2 4.61825E-2 5.25758E-2 1.66196E-2 9.61517E-4 2.18809E-3 3.69069E-2 1.86351E-1 8.42032E-2 2.66193E-2 4.01737E-2 7.96534E-2 7.31446E-2 7.80355E-2 2.87709E-2 8.31806E-3 5.50894E-3 7.55395E-3 4.03216E-2 1.79268E-1 1.66204E-1 1.88829E-1 1.56658E-1 1.36158E-1 4.47176E-2 2.13202E-2 1.02883E-1 9.64784E-2 8.25239E-2
-9999 -9999 -9999 1.32177E-1 9.88499E-2 1.47031E-1 1.0973E-1 8.63597E-2 1.68825E-1 2.13525E-1 2.20435E-1 1.79795E-1 4.91337E-1 3.81155E-1 2.25958E-1 7.28021E-2 7.24878E-2 1.64263E-1 1.58362E-1 5.25492E-1 4.35411E-1 3.44283E-1 2.0055E-1 4.79894E-2 3.25596E-2 7.65623E-2 1.11529E-1 5.74094E-2 4.49726E-2 4.09532E-2 6.13336E-2 3.75423E-2 9.01612E-3 2.81486E-3 6.48527E-3 3.29825E-2 5.66745E-2 1.39788E-1 7.34383E-2 6.85692E-2 9.92983E-2 8.96814E-2 1.09036E-1 3.17222E-2 4.98175E-2 1.38772E-2 1.79868E-2 1.61289E-1 2.90314E-1 3.21103E-1 1.45676E-1 9.40971E-2 5.90227E-2 2.95933E-2 1.56129E-2 3.32322E-2 9.35569E-2 1.34657E-1
-9999 -9999 -9999 -9999 8.1518E-2 2.7902E-1 1.75667E-1 1.35812E-1 1.5542E-1 2.4783E-1 2.04312E-1 1.51857E-1 4.13094E-1 3.33879E-1 1.57373E-1 8.60973E-2 1.10714E-1 1.88959E-1 3.41628E-1 3.68315E-1 2.92452E-1 1.54244E-1 3.16289E-2 1.45996E-2 4.30797E-2 4.04824E-2 3.81659E-2 2.51415E-2 4.7508E-2 1.17233E-1 1.10293E-1 3.62258E-2 2.14161E-2 7.78994E-3 1.68289E-2 2.36595E-2 5.15605E-2 1.85449E-1 1.60734E-1 1.89162E-1 2.59768E-1 2.20903E-1 2.19394E-1 1.13221E-1 8.37651E-2 2.78445E-2 2.66712E-2 7.48442E-2 1.71283E-1 2.97539E-1 8.34387E-2 4.40623E-2 3.92E-2 2.62369E-2 2.30569E-2 2.55919E-2 9.3372E-2 1.80535E-1
-9999 -9999 -9999 -9999 -9999 4.87022E-1 2.68915E-1 1.03878E-1 1.10269E-1 2.08831E-1 2.32998E-1 2.27269E-1 3.3161E-1 1.65479E-1 1.16719E-1 9.66428E-2 1.06344E-1 2.12615E-1 3.75844E-1 3.30973E-1 2.45601E-1 3.01626E-2 1.06753E-2 2.36992E-2 5.07959E-2 9.02357E-2 8.82439E-2 4.94173E-2 8.5927E-2 7.66945E-2 5.56624E-2 3.7346E-2 5.92207E-2 1.08316E-2 7.36493E-3 1.62302E-2 5.25434E-2 1.49032E-1 2.02811E-1 2.45715E-1 2.48907E-1 2.28355E-1 2.90175E-1 1.76646E-1 1.60007E-1 3.907E-2 3.32737E-2 1.07919E-1 2.18352E-1 1.79242E-1 6.82547E-2 3.64705E-2 5.43444E-2 6.94316E-2 7.02421E-2 3.93112E-2 8.39756E-2 1.57656E-1
-9999 -9999 -9999 -9999 -9999 -9999 6.48415E-2 5.96553E-2 1.14614E-1 1.97437E-1 2.88456E-1 5.20262E-1 6.09782E-1 2.16055E-1 1.34641E-1 4.92928E-2 5.23064E-2 2.08027E-1 2.65319E-1 1.85561E-1 8.04206E-2 2.4027E-2 2.32031E-2 4.00218E-2 7.40655E-2 1.05883E-1 7.6414E-2 4.96879E-2 5.66569E-2 2.48543E-2 3.66134E-2 5.90967E-2 4.12537E-2 2.94042E-2 4.82954E-2 9.24423E-2 1.3899E-1 3.28916E-1 1.71192E-1 1.59168E-1 3.17627E-1 1.58816E-1 4.22448E-1 2.39399E-1 2.59591E-1 8.71638E-2 7.69539E-2 1.02528E-1 1.2516E-1 9.14567E-2 6.85952E-2 6.71326E-2 8.8137E-2 1.03234E-1 9.38335E-2 5.68805E-2 1.3583E-1 2.2757E-1
-9999 -9999 -9999 -9999 -9999 -9999 4.72316E-2 5.66157E-2 1.00096E-1 1.57362E-1 5.12829E-1 4.63536E-1 4.78956E-1 1.52216E-1 1.00694E-1 8.09763E-2 8.26234E-2 1.12732E-1 9.20813E-2 6.87975E-2 6.9685E-2 3.2033E-2 1.95125E-2 3.45206E-2 4.62182E-2 7.10439E-2 7.36458E-2 3.8398E-2 2.03068E-2 2.87082E-2 4.25909E-2 1.16316E-1 4.63616E-2 4.66367E-2 1.62826E-1 1.12874E-1 9.47194E-2 1.60371E-1 6.6914E-2 1.117E-1 1.70389E-1 1.67386E-1 4.51622E-1 2.7178E-1 2.91081E-1 1.84233E-1 1.14172E-1 3.1355E-2 6.93288E-2 9.56248E-2 1.68399E-1 1.99616E-1 1.74986E-1 1.17146E-1 1.18475E-1 1.03553E-1 1.25006E-1 1.5969E-1
-9999 -9999 -9999 -9999 -9999 2.82498E-2 6.52282E-2 5.42298E-2 4.57282E-2 1.04661E-1 4.84571E-1 4.25273E-1 3.67884E-1 9.92656E-2 6.97753E-2 7.72798E-2 6.08341E-2 3.52364E-2 3.66507E-2 5.86496E-2 6.02057E-2 7.60096E-2 5.8334E-2 5.89379E-2 6.89902E-2 1.23074E-1 1.20052E-1 4.11092E-2 1.79452E-2 8.38359E-3 2.26069E-2 9.50587E-2 1.2187E-1 9.37571E-2 2.73361E-1 2.78573E-1 1.33858E-1 1.60236E-1 1.37997E-1 2.52102E-1 3.31228E-1 3.01834E-1 2.93049E-1 2.61826E-1 2.60113E-1 2.4037E-1 1.78923E-1 1.05468E-1 8.55881E-2 1.51417E-1 1.74312E-1 2.09312E-1 1.58741E-1 1.07932E-1 9.81434E-2 1.84736E-1 2.06531E-1 2.31728E-1
-9999 -9999 -9999 -9999 2.22725E-5 2.41716E-2 7.93121E-2 4.1438E-2 5.01292E-2 5.20294E-2 7.86144E-2 2.71398E-1 1.5307E-1 1.50973E-1 8.81107E-2 4.88036E-2 8.75996E-2 6.53452E-2 6.06816E-2 1.17428E-1 2.22653E-1 1.93497E-1 1.09577E-1 8.69885E-2 1.28038E-1 2.45686E-1 2.33557E-1 3.4731E-2 1.34193E-2 4.67595E-2 5.70787E-2 2.0636E-1 2.12865E-1 1.55497E-1 2.05155E-1 2.45865E-1 2.73226E-1 2.75479E-1 2.82635E-1 4.80707E-1 6.31787E-1 3.68463E-1 4.01275E-1 4.64959E-1 3.08294E-1 1.71064E-1 1.37174E-1 1.65364E-1 1.49227E-1 1.6803E-1 1.49474E-1 1.81504E-1 2.57997E-1 3.65325E-1 2.766E-1 2.52689E-1 3.89912E-1 2.95107E-1
-9999 -9999 -9999 -9999 5.2739E-6 5.39936E-2 1.82735E-1 8.63104E-2 2.92876E-2 1.12564E-2 4.23852E-2 1.21544E-1 1.05776E-1 1.0747E-1 6.18499E-2 1.01188E-1 7.03534E-2 1.40803E-1 1.44811E-1 2.03497E-1 3.86379E-1 2.78862E-1 1.65378E-1 1.59214E-1 2.47461E-1 2.67971E-1 2.38945E-1 4.67272E-2 3.5707E-2 7.02181E-2 1.48308E-1 1.64006E-1 2.10003E-1 1.79112E-1 3.49155E-1 4.21476E-1 3.75166E-1 3.10445E-1 3.60368E-1 4.47838E-1 5.75648E-1 6.02508E-1 6.48879E-1 5.65205E-1 2.61358E-1 6.46906E-2 8.75347E-2 1.93795E-1 3.3558E-1 3.57691E-1 3.46006E-1 2.0798E-1 3.68175E-1 4.26713E-1 4.6554E-1 4.50601E-1 4.08574E-1 2.8413E-1
-9999 -9999 -9999 -9999 9.83269E-6 8.51357E-2 3.29577E-1 2.90421E-1 1.28893E-1 2.02755E-2 1.05924E-1 9.5468E-2 1.44899E-1 1.72712E-1 7.15367E-2 5.63116E-2 6.17863E-2 1.12064E-1 2.61263E-1 3.73304E-1 4.51088E-1 3.4294E-1 2.57751E-1 3.13338E-1 3.60315E-1 2.97887E-1 2.19255E-1 6.42711E-2 8.22E-2 8.21094E-2 1.32426E-1 2.49996E-1 1.9275E-1 3.96151E-1 3.67421E-1 2.29346E-1 1.61227E-1 1.50059E-1 2.22417E-1 3.17425E-1 4.62451E-1 4.9937E-1 6.11153E-1 5.74354E-1 1.41004E-1 4.1793E-2 7.56775E-2 2.39709E-1 3.17681E-1 4.47955E-1 5.46726E-1 4.02353E-1 4.70525E-1 5.31831E-1 5.54721E-1 5.63034E-1 6.13122E-1 2.65074E-1
-9999 -9999 -9999 -9999 1.23165E-5 5.87181E-2 3.97214E-1 3.18931E-1 1.09978E-1 9.59902E-2 1.93669E-1 1.40887E-1 1.59035E-1 5.43132E-2 6.02938E-2 7.54207E-2 1.66498E-1 1.76644E-1 2.86076E-1 4.53357E-1 6.1907E-1 5.24775E-1 5.14718E-1 4.5014E-1 2.23158E-1 3.73396E-1 2.55317E-1 1.13557E-1 7.93765E-2 1.88692E-1 3.23034E-1 3.17663E-1 3.06097E-1 2.84022E-1 2.51388E-1 8.85088E-2 7.45571E-2 9.42726E-2 1.58179E-1 3.35621E-1 4.26024E-1 5.4083E-1 2.37836E-1 2.74019E-1 1.36702E-1 4.58056E-2 8.82512E-2 1.78699E-1 3.21702E-1 4.21629E-1 5.86506E-1 6.59637E-1 6.8365E-1 5.66286E-1 5.52029E-1 6.06391E-1 4.6881E-1 4.04649E-1
-9999 -9999 -9999 -9999 1.59684E-6 6.99084E-2 3.75038E-1 2.27087E-1 9.70134E-2 1.6598E-1 1.72526E-1 1.33091E-1 1.30341E-1 1.19655E-1 1.75322E-1 2.2969E-1 2.17233E-1 2.86707E-1 3.65894E-1 6.75934E-1 5.50593E-1 4.77967E-1 3.93124E-1 2.56237E-1 3.91363E-1 4.67727E-1 5.17826E-1 2.46048E-1 1.03759E-1 3.3515E-1 3.97103E-1 2.23834E-1 1.78389E-1 6.41158E-2 1.31576E-1 7.76756E-2 6.51057E-2 1.32214E-1 2.42209E-1 3.90452E-1 4.00804E-1 3.14284E-1 1.35071E-1 1.82262E-1 9.23419E-2 6.80936E-2 1.05232E-1 1.94982E-1 3.4159E-1 6.08111E-1 7.68436E-1 5.14364E-1 7.19834E-1 5.97216E-1 2.5334E-1 4.10858E-1 4.99897E-1 5.39735E-1
-9999 -9999 -9999 -9999 1.58342E-6 6.56632E-2 3.83238E-1 1.48627E-1 9.10515E-2 2.25509E-1 2.36694E-1 2.43351E-1 1.44084E-1 1.17736E-1 1.56116E-1 1.9996E-1 3.56819E-1 5.27866E-1 4.91848E-1 5.46732E-1 3.98067E-1 3.6789E-1 2.07313E-1 1.73578E-1 3.31934E-1 4.40148E-1 4.43854E-1 2.40647E-1 8.20726E-2 3.69389E-1 5.78234E-1 3.59881E-1 1.50821E-1 8.04227E-2 3.49153E-2 1.97087E-2 2.78726E-2 1.23278E-1 3.57003E-1 5.17931E-1 4.82933E-1 2.44352E-1 2.06764E-1 1.49788E-1 8.52276E-2 1.13907E-1 1.75176E-1 2.37119E-1 5.39673E-1 6.48921E-1 6.57124E-1 3.39178E-1 3.77747E-1 3.24501E-1 2.7737E-1 3.53653E-1 4.60217E-1 6.81679E-1
-9999 -9999 -9999 -9999 1.27263E-5 5.91017E-2 2.6245E-1 1.33573E-1 1.63501E-1 1.48174E-1 1.61314E-1 4.16474E-1 4.72374E-1 2.36796E-1 1.7003E-1 2.7733E-1 4.80458E-1 5.0403E-1 6.1015E-1 4.80503E-1 3.49257E-1 4.68764E-1 4.07371E-1 3.48826E-1 2.92397E-1 3.70137E-1 3.56213E-1 2.3416E-1 9.55003E-2 1.5384E-1 4.50853E-1 3.65554E-1 2.89773E-1 6.25905E-2 3.16278E-2 4.82999E-2 8.37731E-2 1.03477E-1 4.83616E-1 5.88368E-1 4.70745E-1 2.73972E-1 2.29701E-1 8.29472E-2 7.5476E-2 1.61677E-1 2.99653E-1 3.07908E-1 3.96208E-1 6.23993E-1 5.41707E-1 3.54429E-1 3.2605E-1 2.46794E-1 2.56202E-1 4.75923E-1 5.03606E-1 6.09211E-1
-9999 -9999 -9999 -9999 3.75189E-3 7.02016E-2 1.95821E-1 1.0266E-1 4.53499E-2 8.4994E-2 1.61439E-1 2.70645E-1 5.37402E-1 4.33113E-1 4.39187E-1 3.9548E-1 4.43274E-1 4.56403E-1 4.21564E-1 3.24172E-1 3.89394E-1 5.49345E-1 5.60185E-1 4.4734E-1 3.90981E-1 4.22434E-1 4.30951E-1 4.10695E-1 1.48198E-1 2.52451E-1 2.00262E-1 2.29429E-1 3.66833E-1 1.23841E-1 1.09363E-1 1.20988E-1 1.71571E-1 1.5963E-1 4.05728E-1 6.41627E-1 4.19015E-1 2.65056E-1 1.57982E-1 5.7161E-2 7.22884E-2 9.97627E-2 1.33725E-1 2.15571E-1 5.98659E-1 5.43784E-1 4.96458E-1 3.24506E-1 2.01993E-1 2.24205E-1 3.57895E-1 5.69018E-1 5.8137E-1 5.93967E-1
-9999 -9999 -9999 9.80877E-3 7.93231E-2 1.12529E-1 1.28009E-1 5.75751E-2 3.72193E-2 8.82365E-2 2.20334E-1 2.12979E-1 3.40613E-1 6.13174E-1 6.74497E-1 6.1039E-1 5.94697E-1 5.45906E-1 3.37198E-1 1.95362E-1 3.31217E-1 4.48273E-1 5.0635E-1 5.50858E-1 5.21768E-1 3.7059E-1 4.32061E-1 3.85182E-1 2.38671E-1 2.32783E-1 1.62617E-1 2.117E-1 1.75371E-1 2.42131E-1 2.16726E-1 1.43555E-1 2.57635E-1 3.10835E-1 4.29031E-1 7.08786E-1 4.21949E-1 3.22153E-1 1.41968E-1 5.5451E-2 1.34132E-1 7.09597E-2 8.51879E-2 3.86458E-1 4.55724E-1 4.45315E-1 2.68596E-1 1.29293E-1 8.26692E-2 1.53535E-1 3.06358E-1 5.44956E-1 6.52433E-1 7.06939E-1
-9999 -9999 -9999 4.38434E-2 1.73747E-1 3.46962E-1 2.46493E-1 1.12967E-1 1.27695E-1 2.41783E-1 4.43099E-1 4.24173E-1 5.45714E-1 7.67976E-1 8.03893E-1 7.59367E-1 7.31399E-1 6.21506E-1 4.42595E-1 2.69351E-1 4.39465E-1 5.20327E-1 5.90746E-1 7.40983E-1 6.33589E-1 4.81215E-1 4.83001E-1 3.03365E-1 2.62608E-1 1.78801E-1 1.39483E-1 7.49912E-2 1.67536E-1 2.04665E-1 3.39368E-1 1.5477E-1 2.44136E-1 5.05197E-1 5.59376E-1 6.01122E-1 6.02795E-1 5.75243E-1 3.8025E-1 2.03841E-1 2.25579E-1 8.35375E-2 8.78852E-2 4.02866E-1 3.23646E-1 1.62066E-1 2.17906E-1 1.53497E-1 7.24833E-2 1.04396E-1 3.24419E-1 5.38468E-1 5.77307E-1 6.41402E-1
-9999 -9999 1.96448E-2 4.20863E-2 3.36211E-1 6.58808E-1 6.59919E-1 5.05647E-1 6.71031E-1 6.12602E-1 6.26159E-1 6.55742E-1 6.7152E-1 8.02463E-1 8.32081E-1 8.49763E-1 7.26481E-1 6.14827E-1 5.62308E-1 4.13593E-1 5.175E-1 7.03182E-1 7.84329E-1 7.82032E-1 7.22839E-1 5.34635E-1 3.66053E-1 2.58401E-1 1.69552E-1 1.60996E-1 1.75775E-1 1.83191E-1 2.31204E-1 2.39225E-1 3.30575E-1 3.3055E-1 3.37585E-1 5.09419E-1 6.59894E-1 6.8489E-1 7.45836E-1 7.6874E-1 5.78945E-1 3.47393E-1 2.6016E-1 2.01259E-1 2.49611E-1 3.84373E-1 3.14529E-1 2.04434E-1 1.96358E-1 1.84425E-1 8.91714E-2 9.01201E-2 1.5882E-1 4.9748E-1 5.10001E-1 4.81559E-1
-9999 -9999 4.32564E-2 3.33059E-1 6.5633E-1 8.1407E-1 8.48735E-1 8.81191E-1 8.57437E-1 8.63361E-1 7.85451E-1 6.85536E-1 5.72333E-1 7.8281E-1 8.09827E-1 8.71022E-1 7.35046E-1 5.78495E-1 6.05927E-1 6.64117E-1 7.63574E-1 7.19501E-1 7.32128E-1 7.95131E-1 7.40637E-1 5.18366E-1 2.19924E-1 2.47129E-1 2.00343E-1 1.46613E-1 2.29775E-1 3.64121E-1 1.78889E-1 1.22208E-1 3.61585E-1 4.945E-1 4.84813E-1 5.05794E-1 5.94055E-1 6.74781E-1 7.58687E-1 7.72118E-1 5.98891E-1 4.97171E-1 4.05767E-1 3.98407E-1 5.12812E-1 5.83442E-1 5.39145E-1 4.29347E-1 2.88976E-1 2.6214E-1 2.24798E-1 1.94893E-1 1.55846E-1 3.7182E-1 5.09701E-1 4.61986E-1
-9999 -9999 -9999 5.31379E-1 4.18777E-1 7.34476E-1 8.82253E-1 9.26831E-1 9.24172E-1 9.2861E-1 8.54121E-1 4.93869E-1 4.06033E-1 7.82379E-1 8.10533E-1 8.95941E-1 6.87577E-1 5.50017E-1 7.03774E-1 8.40152E-1 7.74419E-1 6.2289E-1 6.4182E-1 7.12215E-1 6.80878E-1 4.58768E-1 3.12219E-1 2.23613E-1 3.83555E-1 1.56E-1 2.85857E-1 3.13262E-1 1.04386E-1 1.25986E-1 2.1484E-1 3.60628E-1 5.03899E-1 5.64965E-1 6.559E-1 6.34419E-1 7.6401E-1 7.34468E-1 6.79883E-1 6.67955E-1 5.17482E-1 4.68765E-1 4.90158E-1 5.40571E-1 4.94867E-1 5.45247E-1 3.72093E-1 3.77591E-1 4.27351E-1 4.45106E-1 3.82659E-1 3.81974E-1 3.30749E-1 2.58384E-1
