Phytophthora/models/20240503_1134_59/Phytophthora_PA1_RUN10_MAXENT_outputs/Phytophthora_PA1_RUN10.asc
ncols         113
nrows         135
xllcorner     473009.9838
yllcorner     4429001.1748
cellsize      100.0
NODATA_value  -9999
[rows 26 to 51 of 135, columns 0 to 57 of 113]
-9999 -9999 -9999 -9999 -9999 -9999 -9999 -9999 -9999 -9999 1.07851E-2 1.1812E-2 2.48613E-2 2.15765E-2 2.49911E-2 2.32391E-2 6.64924E-2 8.93691E-2 1.08815E-1 1.12991E-1 6.29701E-2 1.77057E-2 1.762E-2 1.3201E-2 2.13968E-2 2.97703E-2 3.42109E-2 2.52743E-2 1.34211E-2 2.25186E-3 4.31562E-4 6.19494E-4 2.77856E-3 4.05312E-2 3.13518E-2 2.59575E-2 4.89432E-2 1.92466E-2 7.17477E-3 4.21956E-3 9.54247E-3 1.5955E-2 1.70744E-2 -9999 -9999 -9999 -9999 -9999 -9999 -9999 -9999 -9999 -9999 -9999 -9999 -9999 -9999 -9999
-9999 -9999 -9999 -9999 -9999 -9999 -9999 -9999 -9999 -9999 2.51889E-3 3.67598E-3 4.94775E-3 5.5245E-3 7.83095E-3 9.75997E-3 3.27816E-2 6.85137E-2 1.80239E-1 2.2623E-1 2.70461E-2 2.50684E-2 3.32669E-2 4.09414E-2 4.65808E-2 3.82637E-2 5.65957E-2 5.34417E-2 1.78073E-2 3.29426E-3 1.26197E-3 1.45835E-3 1.04031E-2 2.66015E-2 1.44982E-2 9.61228E-3 3.09454E-2 3.23438E-2 1.48824E-2 9.84028E-3 1.37946E-2 1.89891E-2 1.88576E-2 1.50182E-2 2.43702E-2 4.2222E-2 4.90246E-2 -9999 -9999 -9999 -9999 -9999 -9999 -9999 -9999 -9999 -9999 -9999
-9999 -9999 -9999 -9999 -9999 -9999 -9999 -9999 4.34808E-14 4.77962E-7 1.67934E-3 3.53405E-3 1.46314E-3 8.5853E-4 2.15507E-3 4.0244E-3 1.08243E-2 2.77403E-2 4.41988E-2 6.73133E-2 2.62873E-2 4.2042E-2 5.55293E-2 6.9246E-2 6.91952E-2 9.10201E-2 8.06725E-2 7.46325E-2 3.14469E-2 5.60167E-3 2.0513E-3 2.21301E-3 5.12208E-3 8.2422E-3 2.02252E-3 1.86708E-3 5.38244E-3 1.55926E-2 4.6427E-2 2.42467E-2 1.9677E-2 4.47021E-3 6.76102E-3 1.03072E-2 1.24429E-2 3.93183E-2 5.72099E-2 -9999 -9999 -9999 -9999 -9999 -9999 -9999 -9999 -9999 -9999 -9999
-9999 -9999 -9999 -9999 -9999 -9999 1.43426E-8 8.6312E-9 1.78557E-8 7.44912E-5 1.17747E-2 5.47398E-3 6.2794E-3 3.36576E-3 2.19091E-3 3.65916E-3 1.04944E-2 1.22641E-2 1.98051E-2 3.25789E-2 3.66608E-2 5.4915E-2 1.4146E-1 2.05528E-1 2.31237E-1 1.05463E-1 9.30887E-2 3.22405E-2 1.55524E-2 9.32986E-3 5.31753E-3 3.16227E-3 5.19016E-3 6.61147E-3 1.56481E-3 7.07598E-4 7.86076E-4 2.51272E-3 2.34705E-2 3.89962E-2 2.23413E-2 5.33282E-3 9.63322E-3 1.53912E-2 9.84779E-3 4.49894E-2 5.28631E-2 -9999 -9999 -9999 -9999 -9999 -9999 -9999 -9999 -9999 -9999 -9999
-9999 -9999 -9999 -9999 -9999 -9999 6.43192E-5 3.71383E-4 7.54735E-4 4.39638E-3 1.07244E-2 8.5364E-3 1.62611E-2 2.20221E-2 1.50522E-2 1.40761E-2 1.95164E-2 1.56707E-2 1.51925E-2 1.6201E-2 3.22569E-2 4.79593E-2 1.70929E-1 2.52653E-1 1.77845E-1 1.24506E-1 1.09543E-1 3.27986E-2 1.53847E-2 9.13609E-3 1.51369E-2 8.6756E-3 9.72639E-3 8.32853E-3 2.79159E-3 1.49524E-3 4.52195E-3 1.12732E-2 2.02109E-2 3.03674E-2 2.69256E-2 8.14657E-3 1.45011E-2 1.65616E-2 1.33069E-2 5.3562E-2 1.03154E-1 9.64585E-2 -9999 -9999 -9999 -9999 -9999 -9999 -9999 -9999 -9999 -9999
-9999 -9999 -9999 -9999 -9999 -9999 1.47803E-5 6.36859E-4 3.19783E-3 4.59248E-3 1.1643E-3 1.36178E-3 2.36791E-2 5.7733E-2 6.40874E-2 4.58924E-2 3.47385E-2 1.62914E-2 8.55626E-3 1.2188E-2 3.25744E-2 6.1285E-2 1.11945E-1 2.38775E-1 1.33461E-1 4.3269E-2 2.84213E-2 6.09459E-2 4.9194E-2 1.74445E-2 2.08869E-2 1.99644E-2 2.92378E-2 5.52509E-3 4.99103E-3 4.75144E-3 8.4502E-3 3.8492E-2 4.94069E-2 3.07935E-2 3.43081E-2 1.72851E-2 7.79264E-3 1.40956E-2 1.56802E-2 3.81511E-2 1.16203E-1 1.22943E-1 1.78038E-1 -9999 -9999 -9999 -9999 -9999 -9999 -9999 -9999 -9999
-9999 -9999 -9999 -9999 -9999 1.24629E-4 1.72222E-4 8.24827E-4 4.30258E-3 2.29108E-3 9.53918E-4 1.9874E-3 2.3463E-2 6.62278E-2 5.38298E-2 3.28594E-2 3.40218E-2 1.45533E-2 5.95033E-3 6.78237E-3 1.71483E-2 6.02012E-2 1.68617E-1 2.17009E-1 8.04759E-2 2.06987E-2 7.05119E-3 7.83486E-3 1.29079E-2 8.54761E-3 8.63383E-3 1.67235E-2 1.42173E-2 5.35727E-3 6.0279E-3 7.98251E-3 1.64706E-2 4.25199E-2 6.78019E-2 1.16926E-2 1.47527E-2 7.21792E-3 4.86378E-3 1.36946E-2 4.50621E-2 2.16297E-2 5.74268E-2 9.91728E-2 1.45249E-1 1.90622E-1 2.25028E-1 -9999 -9999 -9999 -9999 -9999 -9999 -9999
-9999 -9999 -9999 -9999 7.18857E-8 6.48856E-5 1.90553E-4 5.8385E-4 1.66618E-3 1.58649E-3 1.13504E-3 4.31763E-3 2.35237E-2 6.25883E-2 4.50915E-2 3.04606E-2 1.71878E-2 9.40617E-3 5.95615E-3 7.63928E-3 1.57954E-2 5.63441E-2 1.19047E-1 1.44477E-1 1.07206E-1 3.0452E-2 6.00121E-3 2.20505E-3 7.3104E-4 1.3717E-3 6.41894E-3 1.4948E-2 1.70887E-2 1.1292E-2 1.47524E-2 1.97671E-2 2.15735E-2 4.81281E-2 2.30625E-2 1.20049E-2 1.1196E-2 6.21214E-3 9.21659E-3 1.80316E-2 7.9646E-2 3.59103E-2 2.00591E-2 8.35675E-2 1.12931E-1 1.28103E-1 1.26151E-1 2.17553E-1 1.9324E-1 -9999 -9999 -9999 -9999 -9999
-9999 -9999 -9999 -9999 7.05078E-8 2.5078E-4 1.80894E-4 3.65575E-4 1.0588E-3 1.70476E-3 1.47434E-3 2.40661E-3 1.1636E-2 4.92799E-2 1.87594E-2 2.0601E-2 1.23569E-2 8.59898E-3 1.10733E-2 1.43233E-2 2.0317E-2 3.30572E-2 6.9589E-2 1.26889E-1 1.41434E-1 3.83012E-2 6.38189E-3 3.73707E-3 4.88461E-4 7.75905E-4 7.4056E-3 1.69219E-2 1.10052E-2 9.92052E-3 2.27604E-2 2.66889E-2 3.53544E-2 5.29511E-2 1.56424E-2 1.31327E-2 3.76526E-2 3.32429E-2 1.57885E-2 2.22755E-2 5.97388E-2 6.65541E-2 6.33934E-2 4.34765E-2 4.4368E-2 8.23838E-2 2.38214E-2 9.73747E-2 2.25427E-1 -9999 -9999 -9999 -9999 -9999
-9999 -9999 -9999 -9999 -9999 -9999 -9999 -9999 2.16616E-3 1.38642E-3 6.58676E-3 1.04623E-2 8.68722E-3 1.29019E-2 1.39491E-2 1.28013E-2 1.3145E-2 1.00898E-2 7.9145E-3 7.50906E-3 8.15024E-3 1.22401E-2 2.83128E-2 5.75764E-2 4.96935E-2 2.45799E-2 5.29459E-3 3.03675E-3 3.39918E-4 6.65563E-4 8.31146E-3 1.64028E-2 7.14661E-3 5.90613E-3 9.56658E-3 1.14199E-2 1.88548E-2 1.92668E-2 1.23641E-2 1.33506E-2 2.66317E-2 2.06697E-2 6.91412E-3 1.49406E-2 3.5144E-2 6.40929E-2 9.6737E-2 9.65137E-2 1.74642E-2 3.11696E-2 4.60744E-2 6.98236E-2 2.14302E-1 3.89548E-1 -9999 -9999 -9999 -9999
-9999 -9999 -9999 -9999 -9999 -9999 -9999 -9999 -9999 -9999 7.01105E-3 9.24308E-3 5.42872E-3 4.91016E-3 7.84781E-3 1.16802E-2 1.46416E-2 1.41221E-2 1.08898E-2 5.07085E-3 8.77666E-3 1.04993E-2 1.50366E-2 2.26873E-2 3.72448E-2 3.33185E-2 1.13976E-2 8.68919E-3 7.24048E-4 9.57008E-4 1.06264E-2 2.01746E-2 5.17812E-3 5.58487E-3 1.72673E-2 1.2265E-2 2.9954E-2 4.01009E-2 2.22239E-2 1.96344E-2 1.96557E-2 2.51767E-2 2.8942E-2 6.74587E-2 3.48439E-2 4.83288E-2 1.15998E-1 1.00993E-1 6.97609E-2 1.17076E-1 7.38466E-2 1.11187E-1 3.04009E-1 4.06319E-1 -9999 -9999 -9999 -9999
-9999 -9999 -9999 -9999 -9999 -9999 -9999 -9999 -9999 -9999 -9999 1.10094E-2 5.80086E-3 5.11592E-3 5.87311E-3 8.38474E-3 7.4142E-3 7.40608E-3 5.50276E-3 3.50247E-3 8.3232E-3 7.75355E-3 2.94677E-2 5.14994E-2 1.09036E-1 7.84917E-2 3.10112E-2 2.29439E-2 4.49554E-3 4.71689E-3 6.66774E-3 3.19E-3 4.57016E-3 1.03092E-2 5.04081E-2 3.9837E-2 3.59403E-2 4.27599E-2 3.35686E-2 3.80381E-2 3.73563E-2 3.83922E-2 1.30429E-1 7.89864E-2 5.17757E-2 5.77103E-2 1.08896E-1 1.44512E-1 7.23071E-2 6.94113E-2 7.93475E-2 9.50511E-2 3.95222E-1 3.69503E-1 3.51292E-1 -9999 -9999 -9999
-9999 -9999 -9999 -9999 -9999 -9999 -9999 -9999 -9999 -9999 -9999 -9999 5.49703E-3 7.0044E-3 4.69381E-3 2.55117E-3 1.19638E-3 9.45722E-4 1.99934E-3 5.80166E-3 1.09794E-2 3.41957E-2 1.1036E-1 1.22704E-1 1.01802E-1 9.44088E-2 4.99664E-2 4.42723E-2 2.04832E-2 7.81553E-3 1.21795E-3 1.35872E-3 5.85052E-3 2.83619E-2 6.20936E-2 5.55944E-2 4.73122E-2 3.37402E-2 1.6699E-2 3.90835E-2 8.50691E-2 1.19474E-1 1.406E-1 7.28115E-2 1.84628E-1 1.0694E-1 1.74273E-1 2.75901E-1 4.11595E-1 2.84658E-1 2.2712E-1 2.3165E-1 3.54438E-1 4.0731E-1 3.05096E-1 2.01855E-1 1.79971E-1 -9999
-9999 -9999 -9999 -9999 -9999 -9999 -9999 -9999 -9999 -9999 -9999 -9999 -9999 -9999 1.88561E-3 7.18546E-4 8.4064E-4 9.33509E-4 2.63564E-3 1.02832E-2 1.15712E-2 2.12216E-2 5.7016E-2 4.77827E-2 6.93295E-2 8.63899E-2 7.82934E-2 2.86589E-2 4.91807E-3 8.67931E-3 3.87023E-3 1.45895E-3 4.90294E-3 2.28516E-2 3.85816E-2 9.43795E-2 1.0551E-1 6.43264E-2 3.96867E-2 3.87203E-2 1.07953E-1 8.75825E-2 1.22108E-2 7.7534E-2 2.045E-1 1.17157E-1 2.14012E-1 4.60604E-1 4.29364E-1 3.38488E-1 3.81899E-1 2.83254E-1 2.98468E-1 4.12778E-1 4.35483E-1 2.64461E-1 3.28278E-1 -9999
-9999 -9999 -9999 -9999 -9999 -9999 -9999 -9999 -9999 -9999 -9999 -9999 -9999 -9999 -9999 9.82533E-5 3.66614E-4 3.28533E-3 1.06152E-2 2.05286E-2 9.26725E-3 2.32051E-3 4.02887E-3 8.83345E-3 1.22554E-2 5.6038E-3 3.57727E-3 1.06915E-2 7.82809E-3 3.01182E-3 3.36101E-3 8.11719E-4 8.8128E-4 5.55529E-3 8.35043E-3 4.74448E-2 7.25823E-2 4.42233E-2 3.03828E-2 3.88766E-2 4.22433E-2 1.02291E-2 8.3467E-3 2.70385E-2 6.3451E-2 8.55889E-2 1.58062E-1 3.35238E-1 4.42554E-1 2.60437E-1 2.53131E-1 3.52437E-1 2.78387E-1 2.75881E-1 4.57515E-1 1.25445E-1 2.66028E-1 6.96244E-2
-9999 -9999 -9999 -9999 -9999 -9999 -9999 -9999 -9999 -9999 -9999 -9999 -9999 -9999 -9999 -9999 1.17282E-3 2.57642E-3 1.11636E-2 1.24973E-2 3.26516E-3 1.29333E-3 8.86974E-4 1.86284E-3 9.76071E-4 6.95824E-4 5.78782E-4 9.60937E-4 2.82194E-3 4.31438E-4 2.10173E-3 2.61019E-3 8.62576E-4 2.01768E-3 7.90259E-3 1.82548E-2 3.73373E-2 5.11515E-2 7.37447E-2 6.42922E-2 3.98169E-2 1.19473E-2 1.53218E-2 9.67032E-3 3.70307E-2 7.6996E-2 1.07401E-1 2.33714E-1 2.17468E-1 2.61273E-1 2.95946E-1 3.9559E-1 2.14335E-1 1.18386E-1 1.65028E-1 1.20259E-1 1.17424E-1 3.88666E-2
-9999 -9999 -9999 -9999 -9999 -9999 -9999 -9999 -9999 -9999 -9999 -9999 -9999 -9999 -9999 -9999 1.3034E-2 2.69758E-2 4.30149E-2 1.11966E-2 1.87049E-3 8.87581E-4 9.67472E-4 2.26812E-3 2.09025E-3 1.73092E-3 1.02788E-3 1.99524E-3 3.09257E-3 9.93796E-4 4.26734E-3 7.79861E-3 1.69948E-3 1.72853E-3 1.14146E-2 4.29989E-2 8.75117E-2 9.38246E-2 1.36521E-1 1.25709E-1 1.28322E-1 1.47217E-2 3.90073E-2 5.93415E-2 5.28047E-2 1.03974E-1 1.19146E-1 1.96771E-1 1.9349E-1 2.04294E-1 4.25116E-1 3.6574E-1 2.48472E-1 3.31321E-1 3.01494E-1 2.48655E-1 1.3866E-1 1.32745E-1
-9999 -9999 -9999 -9999 -9999 -9999 -9999 -9999 -9999 -9999 -9999 -9999 -9999 -9999 -9999 -9999 1.95714E-2 3.80952E-2 1.99357E-2 9.85676E-3 2.71451E-3 2.04993E-3 2.36184E-3 6.41172E-4 1.43827E-3 1.81067E-3 1.65061E-3 3.26647E-3 4.07608E-3 5.23488E-3 5.51054E-3 8.12988E-3 7.63559E-3 3.40181E-3 9.6313E-3 4.33159E-2 1.35942E-1 1.30032E-1 1.61625E-1 1.4657E-1 1.20214E-1 7.52495E-2 8.68523E-2 1.72107E-1 7.62168E-2 1.24641E-1 1.5555E-1 2.67109E-1 3.67272E-1 2.69365E-1 5.04659E-1 3.07684E-1 2.24295E-1 2.99885E-1 2.49423E-1 4.13697E-1 1.78444E-1 1.39302E-1
-9999 -9999 -9999 -9999 -9999 -9999 -9999 -9999 -9999 -9999 -9999 -9999 -9999 -9999 -9999 -9999 3.60113E-2 3.96091E-2 3.70983E-2 2.13681E-2 2.47883E-2 9.51219E-3 7.94648E-3 1.20037E-3 4.52147E-4 2.61369E-4 1.11449E-3 1.81002E-3 1.59917E-3 1.86058E-3 6.07091E-3 9.79233E-3 2.00191E-2 1.57701E-2 1.84624E-2 4.64013E-2 9.74937E-2 1.80943E-1 2.26192E-1 1.48015E-1 1.0865E-1 1.76086E-1 3.02396E-1 1.18376E-1 5.9592E-2 1.08209E-1 2.135E-1 2.36571E-1 1.40016E-1 1.4551E-1 5.34447E-1 2.62512E-1 1.9893E-1 3.27902E-1 2.98832E-1 2.19228E-1 1.06008E-1 7.83056E-2
-9999 -9999 -9999 -9999 -9999 -9999 -9999 -9999 -9999 -9999 9.98191E-2 2.23371E-1 4.19037E-4 1.76617E-10 3.97717E-4 8.70607E-2 3.63766E-2 4.05346E-2 2.79433E-2 1.4921E-2 5.58088E-2 2.98138E-2 2.18947E-2 6.63565E-3 1.078E-3 1.07361E-4 2.74035E-4 5.25845E-4 6.09474E-4 3.31886E-4 3.87343E-3 1.031E-2 1.52811E-2 1.79478E-2 1.40633E-2 3.18261E-2 6.10699E-2 9.14949E-2 1.99439E-1 1.39225E-1 6.90084E-2 2.16574E-1 2.72175E-1 5.42067E-2 8.91727E-2 -9999 -9999 1.52599E-1 3.80981E-2 7.05561E-2 3.36436E-1 4.09501E-1 2.19905E-1 1.64378E-1 2.81119E-1 1.4394E-1 5.83782E-2 3.43508E-2
-9999 -9999 -9999 -9999 -9999 -9999 -9999 4.27354E-10 6.29307E-10 7.35306E-5 1.10296E-1 2.24484E-1 2.31966E-3 5.12198E-8 4.99306E-4 1.00334E-1 3.25038E-2 1.93678E-2 6.87124E-3 1.34592E-2 5.79841E-2 7.02148E-2 3.39452E-2 1.16894E-2 2.94844E-3 1.12818E-4 1.34091E-4 1.74473E-4 9.73242E-5 9.94472E-5 2.49662E-3 7.70844E-3 6.61372E-3 1.20646E-2 1.19381E-2 2.90527E-2 5.41026E-2 6.70466E-2 1.15096E-1 1.07092E-1 1.41747E-1 1.96846E-1 7.68268E-2 5.66919E-2 7.98327E-2 -9999 -9999 1.85833E-1 5.64925E-2 7.61599E-2 2.37617E-1 4.45234E-1 6.69905E-2 6.09148E-2 1.04089E-1 3.00525E-2 3.34363E-2 4.77588E-2
-9999 -9999 -9999 -9999 -9999 7.05085E-5 2.3156E-4 1.25057E-3 4.73413E-3 5.82758E-2 1.44284E-1 2.3705E-1 1.37432E-1 1.0061E-2 9.55078E-2 1.24096E-1 3.54375E-2 1.13744E-2 2.13051E-3 8.87288E-3 3.90447E-2 4.67062E-2 3.45394E-2 1.45745E-2 2.5674E-3 4.8496E-4 6.59908E-4 1.94513E-3 3.79664E-4 2.34487E-4 2.35682E-3 5.62606E-3 7.33012E-3 1.99772E-2 2.08002E-2 4.94051E-2 6.1898E-2 5.78801E-2 7.71321E-2 6.66039E-2 1.49654E-1 7.92978E-2 3.5583E-2 3.46533E-2 7.79291E-2 -9999 -9999 2.40901E-1 1.26049E-1 -9999 -9999 5.89185E-2 3.57687E-2 1.2942E-2 3.90269E-2 3.2096E-2 4.55347E-2 5.43818E-2
-9999 -9999 -9999 -9999 -9999 3.59512E-2 8.55089E-2 1.09519E-1 1.26181E-1 1.14934E-1 8.63912E-2 1.6573E-1 2.00819E-1 2.81869E-1 2.14584E-1 8.76047E-2 4.01766E-2 7.51863E-3 1.50665E-3 7.08465E-3 2.6536E-2 2.9979E-2 1.3891E-2 2.09742E-2 5.17788E-3 1.56479E-3 1.75523E-3 2.83191E-3 1.07336E-3 6.88597E-4 1.60068E-3 5.0528E-3 2.86746E-3 5.11347E-3 1.35778E-2 4.28464E-2 5.59072E-2 5.50756E-2 5.66111E-2 6.83738E-2 3.77703E-2 7.34456E-2 3.80258E-2 5.66941E-2 9.9427E-2 4.35684E-2 -9999 -9999 -9999 -9999 -9999 1.6176E-1 3.3465E-2 2.93178E-2 1.24436E-1 2.25392E-1 1.11573E-1 5.98097E-2
-9999 -9999 -9999 -9999 -9999 6.20389E-2 1.78069E-1 2.23316E-1 1.57029E-1 1.59891E-1 1.72558E-1 1.45304E-1 1.29642E-1 1.03668E-1 6.94664E-2 8.19337E-2 5.13071E-2 1.51116E-2 4.21971E-3 7.97139E-3 6.42279E-3 4.98397E-3 1.14375E-2 1.40389E-2 7.95859E-3 5.15784E-3 9.03467E-3 1.77231E-2 6.08528E-3 4.92495E-3 4.31395E-3 4.25936E-3 1.03464E-2 7.85947E-3 6.49426E-3 3.49246E-2 6.35418E-2 5.81746E-2 1.17473E-1 3.59562E-2 1.86875E-2 9.03957E-2 8.07498E-2 1.18605E-1 2.7548E-1 1.40873E-1 -9999 -9999 -9999 -9999 2.30213E-1 1.68967E-1 1.12955E-1 5.47525E-2 1.995E-1 2.14323E-1 1.1037E-1 8.04515E-2
-9999 -9999 -9999 -9999 -9999 9.06403E-2 1.88818E-1 3.24039E-1 3.31609E-1 2.23182E-1 1.12675E-1 6.01412E-2 4.37868E-2 4.88674E-2 4.1414E-2 4.77442E-2 5.67341E-2 1.00633E-2 5.6933E-3 7.23959E-3 4.76018E-3 4.11662E-3 1.20607E-2 1.27291E-2 1.05077E-2 6.22622E-3 1.69602E-2 1.39765E-2 6.52521E-3 1.07689E-2 1.28214E-2 1.13938E-2 1.60748E-2 2.1917E-2 1.49545E-2 4.4988E-2 1.12218E-1 7.86605E-2 1.46784E-1 1.63437E-2 3.77573E-2 6.59134E-2 1.34166E-1 2.13794E-1 2.19615E-1 1.95317E-1 1.57021E-1 -9999 -9999 1.72337E-1 1.67233E-1 1.26382E-1 1.62902E-1 1.97593E-1 9.02213E-2 3.98004E-2 7.4153E-2 7.36877E-2
-9999 -9999 -9999 -9999 -9999 1.68175E-1 2.55508E-1 4.39853E-1 4.26857E-1 1.93589E-1 4.88972E-2 1.52767E-2 1.36893E-2 1.94759E-2 4.12031E-2 4.64299E-2 2.00308E-2 6.85133E-3 4.94151E-3 4.44566E-3 1.40978E-3 1.08426E-3 5.20385E-3 1.52902E-2 8.57458E-3 3.65503E-3 3.84404E-3 6.7111E-3 2.80005E-3 4.71771E-3 1.41958E-2 1.91582E-2 2.76876E-2 1.33976E-2 4.12474E-2 7.62184E-2 9.64047E-2 6.22875E-2 2.19004E-2 1.13281E-1 8.41486E-2 8.32852E-2 1.5593E-1 1.49391E-1 5.8247E-2 4.86428E-2 1.44806E-1 -9999 4.2415E-1 1.63986E-1 4.69421E-2 9.57265E-2 1.99413E-1 2.15505E-1 3.96284E-2 1.04586E-1 7.91083E-2 2.28736E-1
