Phytophthora/models/20240503_1134_59/Phytophthora_PA1_RUN10_MAXENT_outputs/Phytophthora_PA1_RUN10.asc
ncols         113
nrows         135
xllcorner     473009.9838
yllcorner     4429001.1748
cellsize      100.0
NODATA_value  -9999
[rows 78 to 103 of 135, columns 0 to 57 of 113]
-9999 -9999 -9999 8.2764E-2 2.40256E-1 7.29014E-1 8.85484E-1 9.25195E-1 9.45519E-1 9.29009E-1 7.80981E-1 6.00135E-1 6.40898E-1 7.82268E-1 7.68783E-1 7.55047E-1 6.29637E-1 6.33884E-1 8.65506E-1 8.55158E-1 7.4706E-1 4.8392E-1 5.76128E-1 5.80213E-1 5.52102E-1 5.15609E-1 5.23094E-1 3.40377E-1 3.41399E-1 3.0199E-1 2.70383E-1 1.81318E-1 7.8267E-2 1.00217E-1 1.45055E-1 4.0625E-1 4.98348E-1 5.31231E-1 5.51352E-1 6.13183E-1 7.49618E-1 6.95042E-1 6.96635E-1 7.49394E-1 6.18015E-1 6.12693E-1 4.44858E-1 5.23757E-1 4.67459E-1 4.76769E-1 4.60041E-1 4.76228E-1 5.15914E-1 5.62687E-1 5.12794E-1 5.87917E-1 2.99529E-1 2.80956E-1
-9999 -9999 -9999 -9999 3.23709E-1 7.07156E-1 8.45615E-1 8.63687E-1 8.98959E-1 8.87266E-1 7.81555E-1 7.89601E-1 8.493E-1 8.55136E-1 7.72693E-1 6.30193E-1 5.64971E-1 6.26515E-1 7.19701E-1 6.56399E-1 6.13181E-1 4.38265E-1 3.62396E-1 3.5266E-1 4.76262E-1 5.14082E-1 5.48335E-1 4.95052E-1 4.43766E-1 1.9438E-1 2.32862E-1 1.80136E-1 1.11358E-1 1.68983E-1 2.30245E-1 3.56822E-1 4.46476E-1 5.53535E-1 3.32964E-1 5.53604E-1 7.60977E-1 7.0434E-1 6.89229E-1 7.39144E-1 7.54776E-1 5.98549E-1 4.54465E-1 3.46643E-1 5.96996E-1 3.83833E-1 4.16298E-1 4.99843E-1 6.13316E-1 5.93988E-1 2.70852E-1 2.82012E-1 3.05325E-1 1.40056E-1
-9999 -9999 -9999 5.81006E-2 2.32667E-1 5.80953E-1 8.84365E-1 9.17993E-1 9.02122E-1 8.95159E-1 7.83219E-1 7.54744E-1 8.5653E-1 8.43335E-1 6.4659E-1 4.84033E-1 5.67165E-1 5.84247E-1 6.52874E-1 6.08094E-1 5.40334E-1 3.19233E-1 3.18337E-1 2.89277E-1 3.49226E-1 4.82483E-1 5.00286E-1 4.92191E-1 1.33302E-1 2.52159E-1 1.51907E-1 8.60058E-2 1.77771E-1 3.42803E-1 3.62645E-1 4.1917E-1 5.6562E-1 5.7136E-1 3.71707E-1 5.48753E-1 5.92224E-1 4.99171E-1 5.39151E-1 6.43796E-1 6.74361E-1 3.50789E-1 2.62301E-1 2.81734E-1 5.14772E-1 5.65934E-1 3.91951E-1 3.56996E-1 3.63393E-1 3.07671E-1 1.13162E-1 4.94534E-2 1.31185E-1 6.71284E-2
-9999 -9999 3.91139E-2 3.31614E-2 1.66342E-1 5.97176E-1 8.68305E-1 9.0071E-1 8.24205E-1 8.77473E-1 6.98861E-1 7.02855E-1 7.8403E-1 7.75833E-1 4.84133E-1 4.32878E-1 5.81815E-1 7.07546E-1 7.39932E-1 6.84518E-1 5.92306E-1 3.46999E-1 3.80088E-1 1.69033E-1 2.53065E-1 4.00055E-1 4.24666E-1 5.06336E-1 1.8823E-1 1.16289E-1 2.4469E-1 1.02274E-1 3.80613E-1 4.1777E-1 2.96965E-1 3.27921E-1 5.87762E-1 6.36459E-1 4.62876E-1 4.52775E-1 4.44749E-1 4.28267E-1 6.09832E-1 6.45585E-1 6.0238E-1 2.21625E-1 5.22369E-2 1.37766E-1 2.20999E-1 3.64501E-1 4.14924E-1 2.74563E-1 2.00167E-1 1.86179E-1 6.21561E-2 1.91948E-2 1.70497E-2 1.55673E-2
-9999 -9999 6.90484E-3 1.40759E-1 2.47482E-1 4.70364E-1 7.21907E-1 5.52702E-1 8.38758E-1 8.92851E-1 6.86113E-1 7.27901E-1 6.7371E-1 5.78434E-1 3.34877E-1 3.93726E-1 4.91277E-1 6.00152E-1 6.75052E-1 7.62019E-1 6.32388E-1 4.69078E-1 5.56074E-1 3.03897E-1 2.25151E-1 2.92199E-1 3.28323E-1 1.94272E-1 1.74095E-1 1.84998E-1 2.83551E-1 4.25188E-1 3.94032E-1 3.4461E-1 3.91553E-1 5.62114E-1 4.34565E-1 3.79476E-1 4.16328E-1 6.16832E-1 3.76432E-1 4.61197E-1 6.43374E-1 6.03096E-1 5.3986E-1 2.78554E-1 1.36446E-1 2.36655E-1 2.99222E-1 2.72361E-1 2.32482E-1 1.4828E-1 2.08285E-1 1.24007E-1 3.36143E-2 1.81759E-2 2.64812E-2 1.07045E-1
-9999 -9999 5.4458E-4 2.51197E-1 5.07768E-1 4.93635E-1 3.41189E-1 6.14986E-1 5.99701E-1 4.32094E-1 5.23856E-1 5.86809E-1 4.96867E-1 3.54102E-1 3.64596E-1 5.02965E-1 6.27536E-1 6.65376E-1 5.61489E-1 5.66619E-1 5.1981E-1 5.96438E-1 5.52585E-1 4.15593E-1 2.98152E-1 2.72256E-1 4.47547E-2 8.71311E-2 1.35673E-1 4.52309E-1 5.68191E-1 6.14183E-1 5.3092E-1 4.41602E-1 4.68234E-1 7.20713E-1 6.46888E-1 6.4826E-1 5.62462E-1 6.23069E-1 4.07807E-1 4.86073E-1 5.36907E-1 5.11723E-1 4.53076E-1 3.26333E-1 2.96637E-1 3.61407E-1 3.82926E-1 2.33532E-1 2.3162E-1 1.10599E-1 8.28465E-2 4.48744E-2 2.20795E-2 4.85376E-2 8.33325E-2 7.91964E-2
-9999 -9999 7.47558E-3 3.50131E-1 5.82678E-1 5.05352E-1 3.5223E-1 4.64606E-1 3.63184E-1 2.13924E-1 2.70081E-1 2.38992E-1 2.71301E-1 3.70167E-1 5.09558E-1 6.36615E-1 6.87944E-1 5.73014E-1 4.31648E-1 4.56624E-1 2.06821E-1 2.67709E-1 3.75292E-1 3.81795E-1 1.38422E-1 9.79458E-2 5.80409E-2 5.73504E-2 1.80211E-1 4.46756E-1 7.17323E-1 7.41799E-1 6.08551E-1 3.90024E-1 5.54328E-1 6.8999E-1 5.61754E-1 5.92253E-1 6.65336E-1 6.47784E-1 2.97339E-1 4.51041E-1 3.20958E-1 4.34654E-1 2.26691E-1 2.54708E-1 4.66853E-1 5.64488E-1 5.38968E-1 4.57134E-1 3.27844E-1 1.4459E-1 6.76512E-2 3.92538E-2 9.28544E-2 2.44808E-1 9.43175E-2 2.979E-1
-9999 4.55691E-3 4.45329E-2 3.93478E-1 6.70788E-1 6.50532E-1 3.47621E-1 3.02301E-1 1.90376E-1 1.22957E-1 2.36683E-1 4.01391E-1 5.15175E-1 6.77658E-1 6.76894E-1 6.43866E-1 5.27967E-1 4.17866E-1 4.13987E-1 3.9977E-1 1.52696E-1 1.68063E-1 2.61827E-1 2.15633E-1 1.28836E-1 1.10581E-1 6.19441E-2 1.65457E-1 3.40809E-1 4.18384E-1 5.73319E-1 3.4074E-1 2.86349E-1 3.71074E-1 7.01305E-1 5.21616E-1 2.53457E-1 4.91819E-1 4.87104E-1 5.53621E-1 5.15851E-1 5.79516E-1 4.80178E-1 3.72817E-1 2.11699E-1 2.27181E-1 4.62282E-1 6.41967E-1 6.14672E-1 6.40336E-1 4.37593E-1 2.77734E-1 1.50294E-1 3.58348E-2 8.29831E-2 3.28645E-1 2.16669E-1 4.56896E-1
-9999 3.81995E-2 1.01047E-1 3.58089E-1 4.57989E-1 4.5186E-1 3.07003E-1 1.64291E-1 1.4304E-1 1.85347E-1 3.13532E-1 4.52058E-1 4.78277E-1 6.01981E-1 5.7038E-1 5.383E-1 4.93142E-1 3.91089E-1 3.64571E-1 3.59317E-1 1.9609E-1 1.54653E-1 1.46137E-1 1.06102E-1 1.12519E-1 9.56531E-2 2.09897E-1 2.99191E-1 4.42722E-1 4.19926E-1 2.65795E-1 1.67403E-1 2.64498E-1 4.86225E-1 4.76558E-1 3.9162E-1 3.91585E-1 4.1518E-1 4.05216E-1 4.65683E-1 6.19236E-1 3.52482E-1 6.31271E-1 4.61795E-1 2.89741E-1 3.40937E-1 5.21199E-1 5.81731E-1 5.68589E-1 4.2386E-1 3.95588E-1 3.492E-1 2.15145E-1 6.1495E-2 9.6379E-2 3.21255E-1 3.40692E-1 4.11539E-1
2.70477E-2 9.57745E-2 1.14831E-1 1.86382E-1 5.43719E-1 5.64858E-1 5.0386E-1 4.18629E-1 2.76047E-1 3.96547E-1 5.80603E-1 4.99551E-1 5.02926E-1 6.03198E-1 3.97512E-1 3.29557E-1 3.75298E-1 2.80106E-1 3.15052E-1 3.48931E-1 3.22995E-1 1.88716E-1 9.10342E-2 5.8123E-2 9.08049E-2 2.10564E-1 3.2419E-1 2.9007E-1 2.11094E-1 3.25526E-1 2.0598E-1 1.65562E-1 3.9758E-1 5.42473E-1 4.24142E-1 4.69533E-1 6.21238E-1 4.9322E-1 3.90643E-1 5.60034E-1 6.36074E-1 3.29156E-1 5.80281E-1 5.6745E-1 5.09027E-1 5.26646E-1 4.01257E-1 2.98894E-1 1.72947E-1 6.06574E-1 4.59859E-1 3.29116E-1 1.5132E-1 1.30205E-1 2.62076E-1 3.80877E-1 2.9022E-1 4.79738E-1
4.9918E-2 1.1154E-1 1.65241E-1 3.37602E-1 5.66169E-1 4.65801E-1 5.09946E-1 3.51402E-1 3.66359E-1 5.44123E-1 5.35544E-1 6.65232E-1 4.40631E-1 7.06755E-1 6.59931E-1 3.33213E-1 2.8027E-1 1.87659E-1 3.17434E-1 3.77158E-1 2.49201E-1 1.19377E-1 1.41301E-1 1.01347E-1 1.18474E-1 2.93251E-1 4.01276E-1 2.57013E-1 1.20877E-1 1.50892E-1 3.12895E-1 3.76777E-1 4.09803E-1 4.59016E-1 3.94289E-1 2.90931E-1 3.06228E-1 3.66063E-1 5.0075E-1 7.20089E-1 7.31396E-1 6.27644E-1 6.23883E-1 5.99979E-1 7.71489E-1 5.38515E-1 2.20423E-1 1.35548E-1 2.78915E-1 6.3129E-1 4.07398E-1 2.4906E-1 1.12615E-1 1.69363E-1 3.94407E-1 4.14894E-1 3.75309E-1 3.02495E-1
-9999 1.87366E-1 3.20944E-1 5.81531E-1 5.94344E-1 2.67482E-1 5.80199E-1 5.09355E-1 4.74512E-1 5.98542E-1 5.80163E-1 3.46132E-1 1.65345E-1 7.10855E-1 7.03169E-1 5.96286E-1 3.79286E-1 1.77267E-1 3.06039E-1 4.23641E-1 3.71305E-1 2.25934E-1 3.43332E-1 1.3719E-1 1.99472E-1 3.39119E-1 2.81942E-1 4.25542E-1 4.38641E-1 3.14159E-1 3.12673E-1 6.32725E-1 6.98146E-1 4.68178E-1 3.67742E-1 4.73906E-1 2.72252E-1 3.24331E-1 5.16315E-1 7.83936E-1 6.36947E-1 4.10896E-1 6.12585E-1 7.52848E-1 7.53291E-1 6.50444E-1 2.76162E-1 1.483E-1 6.7901E-1 6.02931E-1 3.58317E-1 2.0659E-1 1.07805E-1 3.53684E-1 5.30183E-1 4.90311E-1 4.64868E-1 2.97658E-1
-9999 3.64211E-1 5.47486E-1 6.82708E-1 6.85083E-1 3.62732E-1 5.38992E-1 4.98508E-1 5.53758E-1 5.90515E-1 6.2365E-1 4.10268E-1 3.57428E-1 7.29153E-1 7.42338E-1 4.81934E-1 2.59523E-1 2.03863E-1 1.82059E-1 2.8285E-1 3.06938E-1 3.04252E-1 2.36421E-1 2.01523E-1 2.87957E-1 4.31681E-1 4.56289E-1 5.95307E-1 6.33027E-1 3.49645E-1 2.31241E-1 6.5103E-1 7.01355E-1 3.27331E-1 5.79291E-1 5.20495E-1 3.67346E-1 3.48157E-1 5.33287E-1 7.00106E-1 5.1988E-1 2.00038E-1 4.17813E-1 6.32894E-1 7.30766E-1 6.10393E-1 2.03201E-1 2.07777E-1 6.5175E-1 6.82917E-1 5.67339E-1 2.79429E-1 2.15604E-1 4.47234E-1 6.00823E-1 5.50902E-1 4.52986E-1 3.42446E-1
-9999 -9999 -9999 4.19352E-1 2.59265E-1 2.78143E-1 6.63149E-1 5.74956E-1 4.15986E-1 4.68186E-1 4.2343E-1 3.01924E-1 2.41348E-1 3.87637E-1 6.03123E-1 4.53391E-1 3.08208E-1 2.2564E-1 1.70447E-1 2.67427E-1 7.2433E-2 8.89971E-2 1.52148E-1 3.06822E-1 1.56341E-1 1.7888E-1 5.82559E-1 6.2198E-1 4.59644E-1 3.34565E-1 2.96719E-1 1.71506E-1 3.40814E-1 4.80624E-1 5.81215E-1 5.30091E-1 3.45764E-1 3.31271E-1 4.97725E-1 3.42243E-1 1.89694E-1 2.06602E-1 3.02105E-1 5.11777E-1 7.1743E-1 3.3906E-1 9.57218E-2 4.29159E-1 6.43275E-1 5.32794E-1 5.58596E-1 3.72551E-1 4.97499E-1 5.89893E-1 5.70516E-1 6.10895E-1 3.6792E-1 4.65237E-1
-9999 -9999 -9999 -9999 2.28884E-1 1.73447E-1 6.4289E-1 6.6509E-1 6.02919E-1 5.1668E-1 4.46552E-1 3.32853E-1 2.33615E-1 3.64091E-1 3.2866E-1 4.21176E-1 3.88153E-1 3.64827E-1 3.36707E-1 2.61712E-1 7.02035E-2 3.73886E-2 6.52213E-2 2.94926E-1 3.19125E-1 4.63714E-1 3.6453E-1 4.06976E-1 3.86962E-1 2.29747E-1 3.04743E-1 2.50656E-1 4.98136E-1 4.28287E-1 3.95223E-1 3.21541E-1 1.25916E-1 1.10952E-1 5.05751E-2 3.44757E-2 5.15339E-2 1.23327E-1 1.91891E-1 3.97221E-1 3.7817E-1 1.86579E-1 3.83631E-1 5.05191E-1 6.53616E-1 5.21399E-1 5.29804E-1 4.0059E-1 5.95495E-1 5.80749E-1 6.70053E-1 5.44679E-1 3.70027E-1 5.2224E-1
-9999 -9999 -9999 -9999 -9999 -9999 -9999 6.77806E-1 7.80405E-1 7.7079E-1 6.47626E-1 5.6048E-1 4.76721E-1 4.3868E-1 2.62144E-1 2.96347E-1 3.99735E-1 3.66154E-1 1.38447E-1 3.21299E-1 2.39548E-1 5.50031E-2 7.36464E-2 2.37313E-1 4.5006E-1 3.04744E-1 3.01291E-1 3.40486E-1 2.36988E-1 1.29078E-1 1.26726E-1 3.12234E-1 2.95853E-1 2.19187E-1 1.8232E-1 2.51006E-1 1.75805E-1 9.76379E-2 6.07583E-2 5.13594E-2 6.16451E-2 5.61716E-2 9.04514E-2 3.13648E-1 2.94787E-1 2.25364E-1 5.63439E-1 6.86256E-1 5.97922E-1 5.53524E-1 5.33219E-1 5.53637E-1 4.64448E-1 5.55808E-1 4.19835E-1 3.60371E-1 4.13186E-1 5.76026E-1
-9999 -9999 -9999 -9999 -9999 -9999 -9999 7.44794E-1 8.67142E-1 8.37293E-1 5.88334E-1 4.10432E-1 3.02847E-1 2.24546E-1 3.88921E-1 4.89309E-1 5.95614E-1 3.63026E-1 2.49068E-1 4.47351E-1 2.25984E-1 5.42287E-2 4.51638E-2 2.047E-1 1.73937E-1 3.02584E-1 2.91613E-1 1.6874E-1 1.40946E-1 8.67388E-2 1.61942E-1 1.80486E-1 1.05619E-1 1.13921E-1 1.84555E-1 1.2719E-1 1.91567E-1 1.05321E-1 4.76311E-2 5.49236E-2 6.45809E-2 1.00379E-1 2.51661E-1 4.80164E-1 2.61909E-1 4.74129E-1 5.81744E-1 4.21491E-1 4.51673E-1 5.07581E-1 3.54373E-1 5.25872E-1 5.43381E-1 2.35442E-1 2.54084E-1 2.93258E-1 3.38016E-1 4.96162E-1
-9999 -9999 -9999 -9999 -9999 -9999 -9999 5.89985E-1 7.8097E-1 5.9736E-1 3.79804E-1 2.85295E-1 7.4536E-2 6.10047E-2 2.81843E-1 4.30803E-1 4.95043E-1 3.50563E-1 4.82561E-1 3.69282E-1 2.01769E-1 4.80576E-2 6.86472E-2 3.70248E-2 1.33473E-1 2.21704E-1 2.41009E-1 1.4843E-1 3.05913E-1 2.31879E-1 1.49918E-1 9.15193E-2 6.30028E-2 6.04973E-2 1.02142E-1 2.17917E-1 1.38446E-1 5.12315E-2 8.65177E-2 8.04911E-2 8.49138E-2 1.26845E-1 2.99212E-1 4.28845E-1 3.9843E-1 6.3784E-1 3.58087E-1 5.27804E-1 2.6707E-1 2.5955E-1 2.98387E-1 3.25903E-1 4.53456E-1 2.93463E-1 1.127E-1 8.23234E-2 1.12405E-1 1.30884E-1
-9999 -9999 -9999 -9999 -9999 -9999 -9999 4.59522E-1 5.8132E-1 4.2826E-1 2.93013E-1 1.53649E-1 5.2592E-2 6.09095E-2 1.605E-1 4.77873E-1 5.32746E-1 5.3873E-1 6.16149E-1 4.23098E-1 1.12481E-1 1.73617E-2 1.43433E-2 2.79808E-2 6.7004E-2 1.38224E-1 1.45632E-1 1.15324E-1 2.03956E-1 2.72921E-1 9.84949E-2 5.63814E-2 4.90958E-2 2.07504E-1 1.35837E-1 1.19927E-1 1.46739E-1 9.81337E-2 1.42339E-1 1.45945E-1 9.47783E-2 1.11869E-1 1.50902E-1 2.83888E-1 4.20251E-1 5.8093E-1 5.53205E-1 2.42861E-1 1.48685E-1 1.95104E-1 1.715E-1 1.1364E-1 1.97809E-1 2.04535E-1 1.01599E-1 1.52378E-1 1.03895E-1 2.04871E-1
-9999 -9999 -9999 -9999 -9999 -9999 -9999 -9999 2.82208E-1 2.90487E-1 2.13148E-1 1.01643E-1 1.51521E-1 1.61554E-1 4.45391E-1 7.29945E-1 6.2551E-1 7.68031E-1 7.00056E-1 3.26208E-1 1.04014E-1 2.10848E-2 1.97485E-2 5.0613E-2 1.04569E-1 1.84593E-1 1.41108E-1 1.45317E-1 1.90282E-1 1.84461E-1 6.85921E-2 7.69988E-2 4.61658E-2 4.01756E-1 4.87812E-1 1.96653E-1 1.542E-1 1.92156E-1 2.42923E-1 1.91813E-1 1.08488E-1 2.07236E-1 3.82334E-1 5.85755E-1 4.09218E-1 4.0747E-1 3.18082E-1 1.02684E-1 2.44833E-1 3.37853E-1 1.88359E-1 1.21294E-1 6.24908E-2 1.56337E-1 2.39647E-1 3.39784E-1 2.86732E-1 2.48844E-1
-9999 -9999 -9999 -9999 -9999 -9999 -9999 -9999 -9999 -9999 -9999 -9999 2.4956E-1 1.77603E-1 2.64487E-1 4.901E-1 4.25318E-1 7.0356E-1 7.83405E-1 2.1533E-1 8.48496E-2 2.13966E-2 3.26102E-2 1.46294E-1 1.95966E-1 7.72043E-2 5.41367E-2 1.16728E-1 2.35147E-1 1.45489E-1 9.7295E-2 1.23131E-1 9.14434E-2 6.13411E-1 4.5198E-1 2.0877E-1 1.04228E-1 1.4299E-1 2.66748E-1 2.1392E-1 1.36784E-1 1.89943E-1 2.46139E-1 2.98675E-1 2.53359E-1 2.53376E-1 1.24852E-1 7.51626E-2 1.50083E-1 1.52511E-1 5.51075E-2 8.5501E-2 1.01283E-1 1.86229E-1 4.78707E-1 4.88975E-1 3.84794E-1 2.19408E-1
-9999 -9999 -9999 -9999 -9999 -9999 -9999 -9999 -9999 -9999 -9999 -9999 -9999 2.50943E-1 3.38521E-1 4.50541E-1 6.46253E-1 7.53399E-1 5.51575E-1 3.66397E-1 1.04804E-1 1.98185E-2 3.83379E-2 1.04E-1 1.33178E-1 4.60591E-2 5.29738E-2 3.91571E-2 9.21085E-2 1.15345E-1 9.7821E-2 2.09111E-1 3.75895E-1 3.71229E-1 2.94394E-1 1.68635E-1 1.13977E-1 1.94759E-1 5.0239E-1 4.46256E-1 9.78516E-2 5.52984E-2 1.40531E-1 1.29553E-1 2.05215E-1 3.0779E-1 2.57771E-1 1.13542E-1 8.12094E-2 8.00862E-2 1.30754E-1 8.23958E-2 1.24385E-1 4.42392E-1 5.94329E-1 3.49687E-1 3.6072E-1 2.89609E-1
-9999 -9999 -9999 -9999 -9999 -9999 -9999 -9999 -9999 -9999 -9999 -9999 1.59796E-1 2.35986E-1 2.53435E-1 6.07186E-1 6.74114E-1 5.52992E-1 5.24475E-1 5.27947E-1 1.84739E-1 1.99021E-2 2.42075E-2 6.50435E-2 5.32436E-2 1.00187E-1 1.04339E-1 3.99528E-2 6.1502E-2 1.09839E-1 1.79465E-1 2.01459E-1 2.03334E-1 2.32549E-1 1.54224E-1 9.82628E-2 1.55105E-1 4.64745E-1 5.9911E-1 4.17679E-1 1.66251E-1 1.14081E-1 1.23958E-1 4.37306E-1 4.68948E-1 1.49181E-1 2.18115E-1 7.1539E-2 1.12176E-1 1.38082E-1 9.93031E-2 1.09095E-1 1.68679E-1 4.65858E-1 5.25837E-1 3.98252E-1 3.78739E-1 1.89651E-1
-9999 -9999 -9999 -9999 -9999 -9999 -9999 -9999 -9999 -9999 -9999 -9999 -9999 7.35363E-2 9.64559E-2 -9999 4.22738E-1 5.1439E-1 3.95445E-1 3.71592E-1 1.61561E-1 7.16311E-2 4.58601E-2 1.04691E-1 1.63652E-1 1.18975E-1 8.27517E-2 6.64553E-2 7.46446E-2 8.14073E-2 1.94884E-1 1.34174E-1 1.34556E-1 2.1974E-1 2.08204E-1 1.72155E-1 2.68643E-1 6.19499E-1 5.95542E-1 2.46496E-1 2.05298E-1 1.87642E-1 2.63379E-1 6.66808E-1 5.08584E-1 3.79298E-1 8.57833E-2 1.7933E-1 6.39946E-2 1.14303E-1 2.52675E-1 2.05103E-1 2.85233E-1 5.32941E-1 5.07228E-1 5.3441E-1 5.68051E-1 3.19879E-1
-9999 -9999 -9999 -9999 -9999 -9999 -9999 -9999 -9999 -9999 -9999 -9999 -9999 -9999 -9999 -9999 2.69911E-1 4.41001E-1 3.36121E-1 2.92661E-1 2.41691E-1 1.56842E-1 2.12578E-1 2.63801E-1 2.66416E-1 1.87078E-1 1.24144E-1 9.59491E-2 1.70095E-1 5.64599E-1 5.13023E-1 3.26829E-1 4.13527E-1 4.99331E-1 5.21282E-1 4.33037E-1 4.10815E-1 5.62127E-1 4.90125E-1 1.72508E-1 1.28354E-1 2.37021E-1 5.3206E-1 5.77119E-1 6.77547E-1 5.2209E-1 4.95276E-1 3.58868E-1 1.935E-1 1.05437E-1 1.85287E-1 3.39312E-1 3.94015E-1 5.24247E-1 5.08264E-1 5.21547E-1 6.41061E-1 3.86725E-1
-9999 -9999 -9999 -9999 -9999 -9999 -9999 -9999 -9999 -9999 -9999 -9999 -9999 -9999 -9999 -9999 -9999 4.08791E-1 3.4145E-1 2.73456E-1 3.51204E-1 2.5829E-1 9.29914E-2 2.28015E-1 2.13579E-1 2.6816E-1 2.01798E-1 3.20988E-1 3.99011E-1 6.22477E-1 3.86402E-1 6.71576E-1 6.49245E-1 4.36733E-1 3.8716E-1 5.45513E-1 4.56632E-1 5.54042E-1 3.16263E-1 1.01791E-1 8.35211E-2 1.91943E-1 6.52731E-1 6.86094E-1 7.70101E-1 6.1966E-1 4.33668E-1 3.18147E-1 2.63507E-1 2.01765E-1 1.87168E-1 1.32125E-1 3.62468E-1 4.87065E-1 2.94651E-1 4.38772E-1 4.86077E-1 4.43136E-1
