Phytophthora/models/20240503_1134_59/Phytophthora_PA1_RUN10_MAXENT_outputs/Phytophthora_PA1_RUN10.asc
ncols         113
nrows         135
xllcorner     473009.9838
yllcorner     4429001.1748
cellsize      100.0
NODATA_value  -9999
[rows 104 to 129 of 135, columns 0 to 57 of 113]
-9999 -9999 -9999 -9999 -9999 -9999 -9999 -9999 -9999 -9999 -9999 -9999 -9999 -9999 -9999 -9999 -9999 5.50695E-1 5.33659E-1 3.12019E-1 2.59811E-1 3.60138E-1 4.17898E-1 3.57686E-1 2.17703E-1 3.08431E-1 3.55166E-1 4.8051E-1 4.87885E-1 4.09028E-1 6.5004E-1 6.02254E-1 4.23971E-1 3.40046E-1 2.15449E-1 2.0449E-1 2.34757E-1 3.26194E-1 2.12666E-1 5.54702E-2 3.61311E-2 1.28672E-1 5.70521E-1 7.09723E-1 6.47227E-1 4.18656E-1 3.96606E-1 3.41132E-1 2.77527E-1 2.27335E-1 1.74632E-1 1.077E-1 1.99501E-1 3.83611E-1 4.75701E-1 5.04731E-1 4.93854E-1 3.34224E-1
-9999 -9999 -9999 -9999 -9999 -9999 -9999 -9999 -9999 -9999 -9999 -9999 -9999 -9999 -9999 -9999 -9999 -9999 5.37571E-1 3.95254E-1 4.04317E-1 5.57234E-1 5.69768E-1 3.90011E-1 4.66717E-1 3.81312E-1 4.45846E-1 4.90276E-1 3.33864E-1 3.52003E-1 4.59149E-1 6.14729E-1 4.36426E-1 2.85772E-1 7.81338E-2 4.02207E-2 8.62185E-2 1.09034E-1 6.30917E-2 6.70903E-2 6.83705E-2 1.07408E-1 3.46449E-1 5.2059E-1 3.95704E-1 3.14492E-1 3.78142E-1 4.0166E-1 2.36811E-1 2.32568E-1 3.00101E-1 2.25165E-1 1.95658E-1 3.42476E-1 6.14283E-1 3.59713E-1 1.93819E-1 3.8953E-1
-9999 -9999 -9999 -9999 -9999 -9999 -9999 -9999 -9999 -9999 -9999 -9999 -9999 -9999 -9999 -9999 -9999 -9999 3.98674E-1 4.36397E-1 5.50368E-1 7.21178E-1 7.22241E-1 5.91624E-1 3.6753E-1 4.457E-1 5.19633E-1 3.78989E-1 2.86088E-1 4.37606E-1 5.77139E-1 5.40322E-1 3.22736E-1 1.09957E-1 5.43616E-2 3.86172E-2 3.68536E-2 5.58419E-2 5.65583E-2 1.57786E-1 4.95433E-2 1.70422E-1 4.43413E-1 5.00686E-1 4.12076E-1 3.96794E-1 3.80943E-1 6.27956E-1 5.17735E-1 4.70462E-1 3.86685E-1 2.51504E-1 7.20484E-2 2.20372E-1 4.71566E-1 4.59728E-1 3.30058E-1 3.78911E-1
-9999 -9999 -9999 -9999 -9999 -9999 -9999 -9999 -9999 -9999 -9999 -9999 -9999 -9999 -9999 -9999 -9999 -9999 -9999 3.06287E-1 4.37211E-1 6.54312E-1 8.29236E-1 7.81816E-1 6.71062E-1 4.31028E-1 4.49964E-1 2.73883E-1 3.57624E-1 4.10228E-1 2.53673E-1 2.63114E-1 1.40535E-1 8.38168E-2 8.37735E-2 4.85396E-2 4.22413E-2 4.93341E-2 8.42042E-2 2.52351E-1 3.05612E-1 5.50924E-1 6.92505E-1 6.55641E-1 5.25707E-1 4.55158E-1 2.97322E-1 3.87254E-1 5.06632E-1 5.42204E-1 5.09805E-1 2.7008E-1 1.77425E-1 4.77559E-1 6.76444E-1 6.9518E-1 5.80029E-1 4.21525E-1
-9999 -9999 -9999 -9999 -9999 -9999 -9999 -9999 -9999 -9999 -9999 -9999 -9999 -9999 -9999 -9999 -9999 -9999 -9999 -9999 5.52506E-1 5.26333E-1 6.52021E-1 7.47935E-1 5.84218E-1 4.57138E-1 4.22931E-1 3.16149E-1 2.28765E-1 2.05444E-1 1.20435E-1 5.23016E-2 4.28536E-2 1.12077E-1 1.92716E-1 1.36655E-1 8.7611E-2 2.28201E-1 1.22687E-1 2.33024E-1 4.08369E-1 6.22923E-1 7.47473E-1 7.12749E-1 6.41902E-1 4.76775E-1 3.55639E-1 2.49234E-1 2.18344E-1 3.90707E-1 5.44717E-1 4.16171E-1 4.5029E-1 6.11741E-1 6.78955E-1 6.39769E-1 4.94337E-1 2.65588E-1
-9999 -9999 -9999 -9999 -9999 -9999 -9999 -9999 -9999 -9999 -9999 -9999 -9999 -9999 -9999 -9999 -9999 -9999 -9999 -9999 -9999 3.56465E-1 4.53857E-1 4.52109E-1 4.08821E-1 3.90062E-1 6.03223E-1 4.84573E-1 1.76935E-1 9.1066E-2 7.61043E-2 5.35494E-2 2.08319E-2 7.80049E-2 2.52457E-1 3.04E-1 1.02469E-1 1.66312E-1 2.11259E-1 3.22612E-1 4.06787E-1 5.80048E-1 6.30678E-1 6.61416E-1 7.05281E-1 7.11184E-1 5.79707E-1 2.52132E-1 2.33387E-1 4.41236E-1 4.48553E-1 4.11891E-1 5.38055E-1 6.16557E-1 6.89292E-1 5.95567E-1 5.44197E-1 4.14661E-1
-9999 -9999 -9999 -9999 -9999 -9999 -9999 -9999 -9999 -9999 -9999 -9999 -9999 -9999 -9999 -9999 -9999 -9999 -9999 -9999 -9999 5.516E-1 6.94159E-1 6.66229E-1 5.14877E-1 5.4073E-1 4.34754E-1 3.84504E-1 2.3784E-1 1.21632E-1 7.61207E-2 3.29094E-2 3.71811E-2 6.45641E-2 3.23351E-1 3.75888E-1 2.56894E-1 2.5786E-1 1.38572E-1 1.24181E-1 1.34913E-1 4.97021E-1 4.03519E-1 3.96361E-1 5.74234E-1 5.6448E-1 3.918E-1 2.05239E-1 2.65557E-1 3.08086E-1 3.65215E-1 5.45626E-1 3.84596E-1 2.83717E-1 5.44518E-1 6.90554E-1 6.61425E-1 6.97915E-1
-9999 -9999 -9999 -9999 -9999 -9999 -9999 -9999 -9999 -9999 -9999 -9999 -9999 -9999 -9999 -9999 -9999 -9999 -9999 -9999 -9999 1.59174E-1 3.55703E-1 3.90568E-1 5.28075E-1 5.51576E-1 4.49041E-1 2.46347E-1 2.18265E-1 5.56028E-2 3.01058E-2 2.3542E-2 3.8491E-2 8.78391E-2 3.15119E-1 4.26095E-1 2.061E-1 1.41765E-1 5.29831E-1 5.18585E-1 3.92038E-1 1.03988E-1 1.36504E-1 1.91417E-1 1.80618E-1 2.62963E-1 1.5833E-1 1.10406E-1 1.6805E-1 2.71512E-1 3.55916E-1 3.19759E-1 1.10974E-1 1.3847E-1 4.17284E-1 5.28932E-1 6.91648E-1 7.13463E-1
-9999 -9999 -9999 -9999 -9999 -9999 -9999 -9999 -9999 -9999 -9999 -9999 -9999 -9999 -9999 -9999 -9999 -9999 -9999 -9999 2.13176E-1 2.58543E-1 2.40716E-1 4.46167E-1 6.95262E-1 5.74073E-1 4.25937E-1 2.16308E-1 1.48753E-1 6.23058E-2 3.08759E-2 2.00779E-2 3.4986E-2 1.34964E-1 1.66142E-1 2.98281E-1 3.65134E-1 2.31531E-1 5.18467E-1 7.20968E-1 6.21605E-1 2.71621E-1 2.17994E-1 2.68793E-1 2.50315E-1 4.21754E-1 2.37005E-1 1.01875E-1 6.72454E-2 1.06343E-1 1.62109E-1 1.06989E-1 6.95487E-2 1.52466E-1 3.4503E-1 6.58947E-1 6.84185E-1 4.75779E-1
-9999 -9999 -9999 -9999 -9999 -9999 -9999 -9999 -9999 -9999 -9999 -9999 -9999 -9999 -9999 -9999 -9999 -9999 -9999 -9999 3.31079E-1 2.58208E-1 2.44767E-1 3.90922E-1 4.50835E-1 3.34066E-1 1.61122E-1 1.41888E-1 1.18074E-1 4.5164E-2 4.11113E-2 3.21621E-2 5.14197E-2 1.98566E-1 5.43959E-1 6.80011E-1 7.83937E-1 5.14043E-1 5.04852E-1 6.99802E-1 6.09892E-1 3.92479E-1 3.35213E-1 3.03094E-1 3.37636E-1 2.38511E-1 2.97933E-1 1.10882E-1 8.65251E-2 8.51132E-2 7.17998E-2 9.05511E-2 7.61858E-2 3.76583E-1 6.65862E-1 6.07338E-1 6.96768E-1 5.39009E-1
-9999 -9999 -9999 -9999 -9999 -9999 -9999 -9999 -9999 -9999 -9999 -9999 -9999 -9999 -9999 -9999 -9999 -9999 -9999 -9999 2.31732E-1 1.54046E-1 1.46002E-1 1.48372E-1 2.38797E-1 2.84665E-1 1.5537E-1 7.1397E-2 3.95005E-2 6.27017E-2 1.14749E-1 2.32091E-1 2.11359E-1 3.04531E-1 5.01369E-1 7.6107E-1 8.01044E-1 7.06244E-1 4.52402E-1 6.42048E-1 5.65857E-1 4.31665E-1 4.00863E-1 3.14904E-1 2.6375E-1 3.10724E-1 2.20618E-1 1.23532E-1 2.19557E-1 1.52962E-1 1.13009E-1 1.50735E-1 1.5564E-1 3.67963E-1 6.27446E-1 7.32181E-1 7.29922E-1 6.18949E-1
-9999 -9999 -9999 -9999 -9999 -9999 -9999 -9999 -9999 -9999 -9999 -9999 -9999 -9999 -9999 -9999 -9999 -9999 -9999 -9999 4.90027E-2 4.96202E-2 7.87826E-2 1.62262E-1 2.77162E-1 2.37239E-1 8.69611E-2 1.95966E-2 3.57641E-2 1.33188E-1 2.44747E-1 4.70497E-1 6.53248E-1 6.71774E-1 6.2087E-1 7.86231E-1 7.32806E-1 6.55835E-1 6.61388E-1 6.46642E-1 4.70709E-1 5.43855E-1 5.5968E-1 4.65777E-1 3.43737E-1 4.50285E-1 3.26176E-1 2.07517E-1 3.71391E-1 3.74405E-1 3.33934E-1 2.98038E-1 3.01256E-1 2.0296E-1 3.85628E-1 7.36377E-1 6.10006E-1 3.7957E-1
-9999 -9999 -9999 -9999 -9999 -9999 -9999 -9999 -9999 -9999 -9999 -9999 -9999 -9999 -9999 -9999 -9999 -9999 -9999 -9999 1.04494E-2 3.3241E-2 1.20987E-1 1.96463E-1 1.82964E-1 1.60383E-1 4.52198E-2 4.0938E-2 1.72351E-1 2.26749E-1 2.75263E-1 6.08961E-1 6.84161E-1 7.47169E-1 7.58371E-1 5.75351E-1 6.56725E-1 7.52763E-1 6.92774E-1 6.75728E-1 1.46339E-1 2.26306E-1 2.81239E-1 5.54331E-1 3.33387E-1 5.75695E-1 2.71512E-1 3.77972E-1 5.11151E-1 4.48876E-1 3.235E-1 4.44095E-1 6.52916E-1 4.35722E-1 4.38028E-1 6.05037E-1 7.96572E-1 6.41102E-1
-9999 -9999 -9999 -9999 -9999 -9999 -9999 -9999 -9999 -9999 -9999 -9999 -9999 -9999 -9999 -9999 -9999 -9999 -9999 -9999 -9999 3.41947E-2 1.7353E-1 2.71958E-1 2.28453E-1 1.39473E-1 2.55355E-1 8.13488E-2 2.69486E-1 2.76527E-1 3.49647E-1 5.31724E-1 6.57586E-1 6.67908E-1 4.36736E-1 4.31467E-1 6.89527E-1 5.25315E-1 6.98312E-1 5.28667E-1 2.33181E-1 4.33132E-1 4.44121E-1 2.65488E-1 5.31287E-1 5.25196E-1 3.96662E-1 4.37741E-1 5.66486E-1 4.66401E-1 3.69364E-1 4.18335E-1 6.7534E-1 6.11721E-1 5.05261E-1 4.16493E-1 5.16035E-1 4.8479E-1
-9999 -9999 -9999 -9999 -9999 -9999 -9999 -9999 -9999 -9999 -9999 -9999 -9999 -9999 -9999 -9999 -9999 -9999 -9999 -9999 -9999 3.23115E-2 9.04703E-2 4.36378E-1 3.22756E-1 2.65741E-1 1.65704E-1 2.07748E-1 2.51898E-1 3.63044E-1 2.81524E-1 2.36028E-1 4.06332E-1 5.48177E-1 2.95235E-1 2.72384E-1 2.81801E-1 2.88293E-1 5.7773E-1 5.94062E-1 3.93487E-1 5.28334E-1 6.54716E-1 2.74221E-1 2.02459E-1 1.83868E-1 3.48829E-1 5.0486E-1 5.07788E-1 3.29783E-1 4.67774E-1 5.65127E-1 6.91848E-1 6.7781E-1 3.91291E-1 5.93006E-1 7.41307E-1 7.21488E-1
-9999 -9999 -9999 -9999 -9999 -9999 -9999 -9999 -9999 -9999 -9999 -9999 -9999 -9999 -9999 -9999 -9999 -9999 -9999 -9999 -9999 -9999 1.26605E-1 3.32778E-1 4.21236E-1 3.1875E-1 2.58825E-1 1.58001E-1 1.4102E-1 1.82248E-1 3.30762E-1 1.24392E-1 1.03806E-1 1.60414E-1 1.99453E-1 1.75268E-1 4.43767E-1 2.93145E-1 6.28812E-1 7.21278E-1 4.14247E-1 3.03768E-1 5.05611E-1 3.58629E-1 3.50579E-1 2.77837E-1 2.67204E-1 4.37107E-1 4.48427E-1 2.67473E-1 3.0621E-1 4.31587E-1 6.3606E-1 6.33186E-1 5.38416E-1 8.16018E-1 6.9378E-1 6.39814E-1
-9999 -9999 -9999 -9999 -9999 -9999 -9999 -9999 -9999 -9999 -9999 -9999 -9999 -9999 -9999 -9999 -9999 -9999 -9999 -9999 -9999 -9999 1.06347E-1 2.33656E-1 3.87648E-1 4.58298E-1 3.44869E-1 1.57155E-1 2.35167E-1 3.57091E-1 2.74456E-1 2.26288E-1 1.52893E-1 1.92227E-1 3.81429E-1 1.56795E-1 3.13146E-1 3.42937E-1 3.93368E-1 6.72167E-1 6.8697E-1 6.48718E-1 3.67142E-1 5.97961E-1 6.72261E-1 5.57649E-1 2.58886E-1 3.11531E-1 3.54125E-1 2.28274E-1 3.97852E-1 2.03481E-1 4.6404E-1 4.55511E-1 7.03245E-1 7.86449E-1 7.17753E-1 6.63213E-1
-9999 -9999 -9999 -9999 -9999 -9999 -9999 -9999 -9999 -9999 -9999 -9999 -9999 -9999 -9999 -9999 -9999 -9999 -9999 -9999 -9999 -9999 -9999 8.40002E-2 2.18894E-1 4.42481E-1 4.00678E-1 3.18444E-1 3.72307E-1 4.19365E-1 3.062E-1 3.68016E-1 2.8585E-1 2.96821E-1 2.14093E-1 9.25919E-2 4.85378E-1 5.80571E-1 6.07129E-1 7.56279E-1 7.5082E-1 6.58845E-1 5.00177E-1 3.28488E-1 5.11296E-1 3.06363E-1 1.3921E-1 1.78557E-1 9.01357E-2 2.52202E-1 1.78196E-1 3.90456E-1 6.83745E-1 6.20624E-1 6.33093E-1 5.27546E-1 3.02374E-1 3.29898E-1
-9999 -9999 -9999 -9999 -9999 -9999 -9999 -9999 -9999 -9999 -9999 -9999 -9999 -9999 -9999 -9999 -9999 -9999 -9999 -9999 -9999 -9999 -9999 1.94307E-1 4.46888E-1 6.78433E-1 5.05553E-1 4.12652E-1 3.57348E-1 5.27359E-1 6.20474E-1 4.43187E-1 3.20319E-1 1.48341E-1 1.68795E-1 2.18315E-1 4.63987E-1 5.60888E-1 6.36231E-1 6.74978E-1 7.49999E-1 7.75084E-1 6.48544E-1 4.91841E-1 4.09453E-1 2.8826E-1 9.52382E-2 8.36968E-2 7.35729E-2 1.21095E-1 1.87777E-1 7.07955E-1 6.87947E-1 6.52867E-1 6.89177E-1 4.99888E-1 1.5731E-1 1.15661E-1
-9999 -9999 -9999 -9999 -9999 -9999 -9999 -9999 -9999 -9999 -9999 -9999 -9999 -9999 -9999 -9999 -9999 -9999 -9999 -9999 -9999 -9999 -9999 3.05901E-1 4.5565E-1 5.29589E-1 5.27107E-1 4.03423E-1 5.63031E-1 5.33837E-1 3.80289E-1 2.4651E-1 1.41399E-1 1.69794E-1 1.18037E-1 1.85998E-1 3.13721E-1 3.92627E-1 5.93312E-1 5.98144E-1 5.99377E-1 7.5948E-1 7.90347E-1 6.62076E-1 5.08713E-1 5.764E-1 4.16613E-1 4.43824E-1 1.59823E-1 1.60388E-1 1.46021E-1 2.28874E-1 1.84935E-1 4.40252E-1 5.01109E-1 4.72954E-1 3.17159E-1 2.67965E-1
-9999 -9999 -9999 -9999 -9999 -9999 -9999 -9999 -9999 -9999 -9999 -9999 -9999 -9999 -9999 -9999 -9999 -9999 -9999 -9999 -9999 -9999 -9999 -9999 -9999 3.06187E-1 4.95203E-1 4.74571E-1 6.95902E-1 4.54358E-1 2.32202E-1 1.47327E-1 1.27532E-1 1.12881E-1 1.47265E-1 1.69657E-1 2.31101E-1 2.91137E-1 4.08688E-1 4.91363E-1 6.47616E-1 7.00732E-1 7.25591E-1 6.06319E-1 5.55452E-1 4.63409E-1 4.80476E-1 4.34165E-1 2.34561E-1 1.64822E-1 2.2838E-1 1.63796E-1 1.56364E-1 4.3428E-1 5.41082E-1 5.53163E-1 5.34974E-1 5.77038E-1
-9999 -9999 -9999 -9999 -9999 -9999 -9999 -9999 -9999 -9999 -9999 -9999 -9999 -9999 -9999 -9999 -9999 -9999 -9999 -9999 -9999 -9999 -9999 -9999 -9999 -9999 4.58713E-1 4.90004E-1 4.66627E-1 4.60282E-1 2.96616E-1 1.94887E-1 1.45126E-1 6.2572E-2 6.86101E-2 9.08563E-2 1.71961E-1 1.43845E-1 2.19135E-1 2.99259E-1 4.53007E-1 5.38927E-1 5.29132E-1 5.23922E-1 5.39378E-1 4.492E-1 4.15955E-1 3.81242E-1 2.35654E-1 1.44052E-1 2.49505E-1 1.55359E-1 3.43611E-1 5.32777E-1 3.4773E-1 5.72251E-1 5.40494E-1 5.54417E-1
-9999 -9999 -9999 -9999 -9999 -9999 -9999 -9999 -9999 -9999 -9999 -9999 -9999 -9999 -9999 -9999 -9999 -9999 -9999 -9999 -9999 -9999 -9999 -9999 -9999 -9999 -9999 4.35513E-1 5.87448E-1 4.76382E-1 2.54389E-1 1.67987E-1 1.24492E-1 7.60015E-2 3.09358E-2 5.16095E-2 6.85675E-2 6.6814E-2 5.50599E-2 6.84705E-2 2.09009E-1 3.33022E-1 3.72577E-1 5.18973E-1 3.57423E-1 4.02727E-1 3.46575E-1 3.0585E-1 1.7963E-1 2.64206E-1 1.70986E-1 8.10429E-2 1.45442E-1 2.77664E-1 1.89323E-1 1.67086E-1 3.74471E-1 2.91971E-1
-9999 -9999 -9999 -9999 -9999 -9999 -9999 -9999 -9999 -9999 -9999 -9999 -9999 -9999 -9999 -9999 -9999 -9999 -9999 -9999 -9999 -9999 -9999 -9999 -9999 -9999 -9999 1.76254E-1 2.1611E-1 1.69283E-1 1.49796E-1 7.80021E-2 1.30409E-1 5.33308E-2 1.90472E-2 1.36893E-2 1.62237E-2 1.18135E-2 1.2576E-2 2.74309E-2 8.64542E-2 1.31357E-1 3.11841E-1 1.77841E-1 1.3842E-1 2.44278E-1 2.80116E-1 2.88904E-1 3.66801E-1 5.47831E-1 1.61615E-1 2.41658E-1 2.80336E-1 3.5859E-1 2.77504E-1 1.98369E-1 1.08882E-1 2.58948E-1
-9999 -9999 -9999 -9999 -9999 -9999 -9999 -9999 -9999 -9999 -9999 -9999 -9999 -9999 -9999 -9999 -9999 -9999 -9999 -9999 -9999 -9999 -9999 -9999 -9999 -9999 -9999 -9999 -9999 -9999 -9999 4.59792E-2 4.14186E-2 2.41287E-2 1.57226E-2 7.57246E-3 2.69621E-2 2.90223E-2 1.29939E-2 1.41433E-2 2.21415E-2 3.27928E-2 6.32461E-2 7.96888E-2 4.84774E-2 9.21E-2 2.32731E-1 2.31448E-1 2.32408E-1 2.71108E-1 3.44696E-1 2.16087E-1 1.28439E-1 2.92204E-1 4.41523E-1 4.13613E-1 1.59117E-1 2.84901E-1
-9999 -9999 -9999 -9999 -9999 -9999 -9999 -9999 -9999 -9999 -9999 -9999 -9999 -9999 -9999 -9999 -9999 -9999 -9999 -9999 -9999 -9999 -9999 -9999 -9999 -9999 -9999 -9999 -9999 -9999 -9999 -9999 -9999 3.3236E-2 1.19016E-2 5.25163E-3 9.69415E-3 1.43634E-2 1.35319E-2 1.32961E-2 2.69275E-2 3.34665E-2 7.68292E-2 1.41398E-1 5.93311E-2 9.43327E-2 4.00524E-1 3.61254E-1 3.01684E-1 1.93505E-1 1.6231E-1 9.28487E-2 1.921E-1 2.92526E-1 3.45885E-1 4.10983E-1 -9999 -9999
