Phytophthora/models/20240503_1210_48/Phytophthora_PA3_RUN8_MAXENT_outputs/Phytophthora_PA3_RUN8.asc
ncols         113
nrows         135
xllcorner     473009.9838
yllcorner     4429001.1748
cellsize      100.0
NODATA_value  -9999
[rows 52 to 77 of 135, columns 0 to 57 of 113]
-9999 -9999 -9999 -9999 -9999 4.14247E-2 1.24188E-1 1.56207E-1 1.1714E-1 4.07229E-2 1.71791E-2 6.57621E-3 6.93799E-3 1.03047E-2 1.64792E-2 1.635E-2 1.14814E-2 1.05568E-2 1.49953E-2 8.52881E-3 8.00656E-3 2.88153E-3 1.98913E-3 2.56694E-3 3.93266E-3 3.17805E-3 3.86901E-3 2.93483E-3 2.01205E-3 5.69966E-3 2.20008E-2 4.10151E-2 3.48585E-2 2.86028E-2 4.21675E-2 5.96912E-2 4.16302E-2 1.49708E-2 3.51761E-2 8.72762E-2 8.12574E-2 4.86245E-2 4.57537E-2 5.63537E-2 2.4049E-2 4.68954E-2 4.72329E-2 3.47796E-2 2.33819E-1 3.55166E-1 3.18025E-1 3.28989E-1 3.50739E-1 3.44206E-1 9.97439E-2 1.88785E-1 1.13485E-1 2.37269E-1
-9999 -9999 -9999 -9999 -9999 5.96917E-2 2.74244E-1 1.41801E-1 9.06812E-2 3.64822E-2 3.91218E-2 1.61546E-2 2.13607E-2 1.50963E-2 1.50811E-2 1.23444E-2 1.08451E-2 2.4984E-2 2.53263E-2 2.02949E-2 1.77438E-2 1.16649E-2 1.32027E-2 5.50546E-3 6.41935E-3 9.50441E-3 6.6196E-3 1.33055E-3 9.1761E-4 3.13969E-3 1.58447E-2 4.66222E-2 4.8751E-2 2.68545E-2 3.09167E-2 3.72366E-2 2.24357E-2 9.00794E-3 1.85584E-2 4.27361E-2 3.65511E-2 3.3573E-2 3.37796E-2 9.00958E-3 1.76716E-2 4.54703E-2 8.6364E-3 2.05879E-2 2.19689E-1 4.25695E-1 4.92649E-1 4.23296E-1 4.16568E-1 2.24574E-1 1.58705E-1 2.71648E-1 1.89027E-1 2.28279E-1
-9999 -9999 -9999 -9999 3.29972E-3 7.50863E-2 2.53813E-1 1.17121E-1 7.44328E-2 6.97635E-2 4.70069E-2 4.82372E-2 3.60339E-2 1.51631E-2 1.75993E-2 1.95254E-2 3.95993E-2 7.30661E-2 7.67706E-2 5.7264E-2 3.88958E-2 2.46619E-2 2.19833E-2 1.79613E-2 1.42322E-2 2.41034E-2 1.33547E-2 4.97092E-3 2.06106E-3 4.78515E-3 4.04042E-3 1.37704E-2 3.34473E-2 1.37426E-2 1.55185E-2 3.23955E-2 3.75886E-2 2.29434E-2 2.48125E-2 2.51622E-2 2.14774E-2 6.22046E-2 9.29375E-2 2.89875E-2 2.58916E-2 3.24974E-2 2.16381E-2 2.80148E-2 1.94679E-1 3.03085E-1 4.16026E-1 3.73347E-1 1.9586E-1 4.26808E-2 2.07837E-1 3.67426E-1 4.22372E-1 4.14666E-1
-9999 -9999 -9999 7.58055E-2 1.03307E-1 1.76116E-1 2.27787E-1 1.25463E-1 1.37805E-1 8.224E-2 4.8608E-2 8.60435E-2 5.06801E-2 2.95147E-2 3.63341E-2 5.11011E-2 1.51369E-1 1.9314E-1 1.87988E-1 1.32195E-1 8.78281E-2 4.38694E-2 4.28176E-2 2.77708E-2 1.32222E-2 1.88904E-2 1.93983E-2 9.88676E-3 3.5771E-3 3.89443E-3 1.32186E-2 1.91624E-2 2.4384E-2 1.04512E-2 1.77235E-2 4.58272E-2 5.90872E-2 5.38701E-2 3.36578E-2 6.08176E-2 1.01458E-1 1.84529E-1 1.43414E-1 8.23617E-2 7.93655E-2 8.74525E-2 1.08031E-1 3.73731E-2 6.66365E-2 3.15021E-1 4.38722E-1 3.07819E-1 8.92281E-2 1.90695E-1 2.76129E-1 3.2082E-1 3.5024E-1 2.90122E-1
-9999 -9999 -9999 8.86352E-2 1.60398E-1 3.02865E-1 2.36595E-1 6.27037E-2 1.18042E-1 6.13461E-2 1.70235E-1 1.53808E-1 1.78436E-1 1.83335E-1 1.14793E-1 1.73705E-1 2.46177E-1 2.50356E-1 3.18468E-1 2.00777E-1 1.40544E-1 9.95708E-2 7.95779E-2 5.13144E-2 2.16476E-2 1.86753E-2 2.58925E-2 2.30375E-2 6.68475E-3 4.09711E-3 4.30918E-2 7.59869E-2 1.8385E-2 7.91162E-3 1.09429E-2 2.86465E-2 6.65821E-2 7.40439E-2 1.97099E-2 2.7335E-2 8.45368E-2 1.40041E-1 7.35663E-2 6.77143E-2 1.11389E-1 4.75878E-2 7.88185E-2 1.83444E-2 1.36207E-1 2.51575E-1 3.54453E-1 3.68523E-1 3.6235E-1 3.22016E-1 4.12857E-1 3.94476E-1 4.20524E-1 4.09891E-1
-9999 -9999 -9999 8.46365E-2 2.32723E-1 2.91542E-1 1.62511E-1 6.02352E-2 4.68578E-2 1.15883E-1 2.74463E-1 2.62448E-1 3.95206E-1 2.36618E-1 1.46306E-1 1.7305E-1 2.13862E-1 2.73067E-1 3.03223E-1 1.69079E-1 1.02653E-1 1.28753E-1 1.34406E-1 1.12149E-1 4.58902E-2 3.67989E-2 5.21032E-2 7.37023E-2 2.97458E-2 3.34602E-2 9.50713E-2 8.85695E-2 6.66345E-2 1.14147E-2 7.02609E-3 1.61254E-2 7.72277E-2 5.85287E-2 8.60647E-3 1.84007E-2 7.31118E-2 9.59583E-2 6.44246E-2 4.24366E-2 1.13235E-2 4.43905E-3 4.99432E-2 5.69077E-2 1.15697E-1 8.72429E-2 1.09247E-1 1.53281E-1 2.75839E-1 1.12603E-1 1.38616E-1 3.33539E-1 4.08207E-1 2.21436E-1
-9999 -9999 -9999 3.43855E-2 8.68385E-2 1.14276E-1 4.41762E-2 2.37255E-2 5.04256E-2 1.46246E-1 2.3048E-1 2.62989E-1 2.65451E-1 1.28694E-1 9.30576E-2 6.08549E-2 1.00911E-1 1.74427E-1 1.95281E-1 2.38856E-1 1.85612E-1 1.48708E-1 1.46583E-1 1.03808E-1 3.9663E-2 4.38064E-2 9.47086E-2 1.82483E-1 1.46856E-1 4.91879E-2 5.63212E-2 6.30715E-2 5.00969E-2 2.73113E-3 5.22267E-3 4.38732E-2 1.29878E-1 6.48857E-2 1.52571E-2 2.18886E-2 6.10038E-2 5.00384E-2 6.2525E-2 3.59381E-2 1.17048E-2 1.29447E-2 1.95669E-2 1.13531E-1 3.5116E-1 3.67054E-1 3.89322E-1 3.19086E-1 2.08403E-1 8.79339E-2 2.77919E-2 3.35915E-1 3.19369E-1 2.14728E-1
-9999 -9999 -9999 5.06859E-2 4.34729E-2 5.71635E-2 4.33532E-2 2.63505E-2 5.50148E-2 9.67771E-2 1.20804E-1 6.43733E-2 2.5663E-1 1.83687E-1 1.03596E-1 2.59458E-2 2.46616E-2 7.15419E-2 1.21424E-1 2.56404E-1 1.52173E-1 1.10391E-1 6.54395E-2 2.39716E-2 1.63097E-2 3.93805E-2 8.48301E-2 8.57541E-2 4.61305E-2 4.54641E-2 4.89656E-2 3.50642E-2 1.66658E-2 1.01729E-2 9.69677E-3 3.62289E-2 3.93386E-2 8.21464E-2 5.74871E-2 3.9373E-2 5.745E-2 6.25894E-2 9.96382E-2 5.74914E-2 8.41171E-2 2.93763E-2 5.20431E-2 2.64744E-1 4.00905E-1 4.33074E-1 2.72069E-1 1.47935E-1 7.38641E-2 5.97484E-2 1.54197E-2 6.20524E-2 2.84378E-1 2.95072E-1
-9999 -9999 -9999 -9999 4.32059E-2 1.20923E-1 7.55064E-2 3.67229E-2 4.90525E-2 1.12469E-1 1.4398E-1 6.05989E-2 2.09792E-1 2.13561E-1 7.48875E-2 3.7735E-2 4.23977E-2 1.28779E-1 2.29787E-1 2.06565E-1 1.06834E-1 4.03073E-2 1.3528E-2 8.28877E-3 1.44426E-2 2.61281E-2 1.69082E-2 9.18858E-3 3.53001E-2 8.67021E-2 1.05898E-1 4.17962E-2 4.02612E-2 2.07407E-2 2.0226E-2 2.63628E-2 3.5748E-2 1.23996E-1 1.30212E-1 1.28795E-1 2.02617E-1 2.11547E-1 2.44977E-1 1.68863E-1 1.47067E-1 6.13728E-2 4.60793E-2 1.10106E-1 2.15277E-1 3.75003E-1 1.53063E-1 6.39482E-2 4.18813E-2 3.88645E-2 3.53705E-2 4.40886E-2 1.99654E-1 3.03554E-1
-9999 -9999 -9999 -9999 -9999 2.66656E-1 1.0285E-1 2.61477E-2 3.56425E-2 1.47677E-1 1.55839E-1 1.12798E-1 1.37E-1 9.08064E-2 3.9084E-2 3.02937E-2 5.9135E-2 1.85955E-1 2.44939E-1 2.02125E-1 1.1756E-1 1.21505E-2 3.86657E-3 7.58652E-3 2.09993E-2 5.43529E-2 4.37659E-2 1.88789E-2 4.5877E-2 4.75638E-2 5.14466E-2 3.40397E-2 9.40895E-2 1.15802E-2 6.8637E-3 2.36317E-2 4.30366E-2 9.74228E-2 1.54578E-1 1.87153E-1 2.18107E-1 2.61719E-1 3.45743E-1 2.57088E-1 2.23341E-1 8.76214E-2 5.55401E-2 1.37112E-1 2.15959E-1 2.26346E-1 9.93038E-2 5.09107E-2 7.68634E-2 9.40044E-2 1.49744E-1 6.00508E-2 1.3697E-1 2.34934E-1
-9999 -9999 -9999 -9999 -9999 -9999 2.44743E-2 1.39143E-2 4.44017E-2 1.26956E-1 1.15587E-1 2.74297E-1 3.39963E-1 9.51578E-2 2.66358E-2 1.67569E-2 2.89022E-2 1.57696E-1 1.66837E-1 1.08881E-1 3.79407E-2 8.96237E-3 6.30732E-3 1.90794E-2 4.45042E-2 7.63883E-2 5.64542E-2 4.24837E-2 2.30675E-2 1.19709E-2 2.39507E-2 3.87892E-2 6.18299E-2 3.46973E-2 5.45141E-2 7.93538E-2 1.0798E-1 1.18255E-1 1.25634E-1 1.2795E-1 3.05112E-1 2.12602E-1 4.60126E-1 3.07867E-1 3.16974E-1 1.62931E-1 9.30965E-2 1.16969E-1 1.08176E-1 9.30082E-2 6.76444E-2 7.4057E-2 1.09079E-1 1.38461E-1 1.49952E-1 9.18806E-2 2.22884E-1 3.23094E-1
-9999 -9999 -9999 -9999 -9999 -9999 2.93133E-2 2.43077E-2 3.76897E-2 6.83413E-2 2.64648E-1 3.0901E-1 2.48371E-1 4.5472E-2 1.78886E-2 1.92477E-2 3.9316E-2 5.7691E-2 4.8571E-2 3.38856E-2 2.41797E-2 1.23887E-2 8.53785E-3 2.14899E-2 3.12626E-2 4.56786E-2 6.05878E-2 3.565E-2 1.06167E-2 1.25823E-2 2.56339E-2 7.75372E-2 5.5373E-2 6.00621E-2 1.58433E-1 8.17746E-2 6.18424E-2 5.0333E-2 4.22183E-2 8.80848E-2 2.68947E-1 2.73838E-1 4.73731E-1 3.28528E-1 3.2401E-1 2.41692E-1 1.09553E-1 4.75023E-2 5.97096E-2 8.52836E-2 1.36904E-1 1.86891E-1 1.90381E-1 1.57289E-1 1.54707E-1 1.95489E-1 2.00238E-1 2.27459E-1
-9999 -9999 -9999 -9999 -9999 1.35593E-2 3.08262E-2 2.20481E-2 1.48708E-2 5.70594E-2 2.48941E-1 2.54921E-1 2.03924E-1 4.63871E-2 1.31423E-2 1.62323E-2 1.77956E-2 1.68198E-2 1.1274E-2 1.87683E-2 2.8322E-2 2.75091E-2 2.09257E-2 3.56261E-2 3.82111E-2 7.05612E-2 7.5863E-2 3.04204E-2 1.04966E-2 2.84938E-3 1.42486E-2 7.63139E-2 1.0171E-1 7.3072E-2 2.45854E-1 1.87877E-1 7.70428E-2 6.80949E-2 1.01271E-1 2.32195E-1 3.98906E-1 2.58517E-1 3.015E-1 2.95664E-1 2.8372E-1 2.47688E-1 1.62889E-1 1.00899E-1 8.85457E-2 1.55013E-1 1.78842E-1 2.32404E-1 1.8796E-1 1.42162E-1 1.28123E-1 2.41371E-1 2.5681E-1 2.86092E-1
-9999 -9999 -9999 -9999 3.71264E-5 6.88588E-3 2.48303E-2 1.1777E-2 1.56308E-2 2.42443E-2 5.38833E-2 1.35245E-1 9.1488E-2 5.44185E-2 2.84214E-2 1.87983E-2 2.97448E-2 2.78316E-2 2.03103E-2 4.26513E-2 1.0468E-1 8.45103E-2 3.91305E-2 3.57271E-2 6.57277E-2 1.3713E-1 1.49582E-1 2.40779E-2 5.66019E-3 1.61353E-2 3.58879E-2 7.21789E-2 1.01071E-1 7.74333E-2 1.89858E-1 1.88864E-1 1.62585E-1 1.52583E-1 2.14858E-1 4.4474E-1 6.35161E-1 3.18902E-1 4.03259E-1 4.72839E-1 3.00986E-1 1.43098E-1 1.1022E-1 1.44385E-1 1.55295E-1 1.95236E-1 1.67671E-1 2.16601E-1 3.01504E-1 3.88492E-1 3.32781E-1 3.0369E-1 4.1348E-1 3.3745E-1
-9999 -9999 -9999 -9999 3.46393E-5 1.09141E-2 5.60343E-2 2.85916E-2 1.19437E-2 4.2587E-3 4.59669E-2 9.80281E-2 9.90901E-2 1.00257E-1 3.72391E-2 7.36609E-2 6.39342E-2 6.02105E-2 5.31781E-2 8.9492E-2 2.13231E-1 1.35633E-1 6.08538E-2 6.53154E-2 1.27579E-1 1.41919E-1 1.33351E-1 2.3749E-2 1.2524E-2 2.0476E-2 4.44085E-2 4.57834E-2 1.17537E-1 1.30498E-1 2.05724E-1 2.16599E-1 2.17645E-1 1.82904E-1 2.97719E-1 4.24354E-1 5.90697E-1 5.8071E-1 6.27803E-1 5.28256E-1 2.17055E-1 5.7482E-2 6.92483E-2 2.06972E-1 3.26445E-1 3.72934E-1 3.89294E-1 2.43809E-1 4.05574E-1 4.88587E-1 5.14945E-1 4.81378E-1 4.05152E-1 2.39708E-1
-9999 -9999 -9999 -9999 3.99579E-5 1.02332E-2 5.96463E-2 9.87719E-2 9.53663E-2 7.20112E-3 6.53856E-2 7.20568E-2 1.24587E-1 1.59976E-1 4.80291E-2 1.69122E-2 1.99239E-2 6.16695E-2 1.50793E-1 2.04085E-1 2.80842E-1 1.94879E-1 1.28959E-1 1.58241E-1 1.79446E-1 1.41295E-1 9.7019E-2 3.49041E-2 3.56129E-2 2.88442E-2 4.53988E-2 1.03947E-1 9.42602E-2 2.1828E-1 1.87564E-1 1.32057E-1 8.57639E-2 7.8451E-2 1.56737E-1 2.6302E-1 4.43966E-1 4.9569E-1 5.71949E-1 5.43056E-1 1.39511E-1 3.7084E-2 6.09784E-2 2.61486E-1 3.368E-1 4.32207E-1 5.53137E-1 4.09804E-1 4.76791E-1 5.78524E-1 5.83949E-1 5.74633E-1 5.57724E-1 1.92971E-1
-9999 -9999 -9999 -9999 4.56675E-5 7.63619E-3 6.39192E-2 1.15502E-1 3.32141E-2 4.92004E-2 9.36846E-2 8.18845E-2 1.21337E-1 4.65949E-2 4.66179E-2 3.51388E-2 3.82064E-2 1.38659E-1 2.05742E-1 3.57541E-1 4.55477E-1 3.54752E-1 3.2787E-1 3.07503E-1 1.7418E-1 1.92236E-1 1.20004E-1 8.28917E-2 4.24773E-2 6.50139E-2 1.4426E-1 1.88795E-1 1.49731E-1 2.21286E-1 1.53567E-1 4.64516E-2 2.96457E-2 4.50414E-2 9.03252E-2 2.84608E-1 3.90394E-1 5.13266E-1 2.67412E-1 2.83634E-1 1.29968E-1 3.87998E-2 7.51731E-2 1.56918E-1 2.74742E-1 4.24277E-1 6.26226E-1 7.20507E-1 6.8835E-1 5.71659E-1 5.46259E-1 5.80744E-1 4.14465E-1 2.52121E-1
-9999 -9999 -9999 -9999 1.06951E-5 7.55906E-3 9.64874E-2 8.02253E-2 1.68706E-2 8.57405E-2 7.19295E-2 6.00879E-2 6.05626E-2 6.58526E-2 9.44612E-2 1.90176E-1 1.01354E-1 2.14654E-1 2.94025E-1 4.82223E-1 3.98474E-1 3.28748E-1 2.84865E-1 2.06942E-1 2.33298E-1 2.82153E-1 3.20082E-1 2.1967E-1 6.14718E-2 1.6005E-1 2.12392E-1 1.31651E-1 6.68288E-2 2.75471E-2 7.55294E-2 3.65975E-2 2.88115E-2 7.73632E-2 1.7236E-1 3.35951E-1 3.33932E-1 3.04759E-1 1.19171E-1 1.50017E-1 6.79259E-2 4.59519E-2 9.2456E-2 1.79913E-1 3.04545E-1 6.21911E-1 7.71376E-1 6.20856E-1 7.70933E-1 5.42918E-1 1.94703E-1 3.6036E-1 4.3856E-1 4.61237E-1
-9999 -9999 -9999 -9999 8.11093E-6 7.61132E-3 1.08145E-1 3.88457E-2 3.53099E-2 1.03571E-1 1.0269E-1 1.33309E-1 7.76705E-2 6.14239E-2 6.46555E-2 1.28061E-1 1.79342E-1 2.69394E-1 3.2585E-1 3.87056E-1 2.53384E-1 1.92158E-1 1.05378E-1 8.87663E-2 1.55828E-1 2.61844E-1 2.52549E-1 1.65863E-1 2.92019E-2 2.6698E-1 3.27684E-1 1.79011E-1 8.85702E-2 7.17753E-2 2.65552E-2 9.76409E-3 1.04743E-2 1.50689E-1 3.31881E-1 4.78802E-1 3.95657E-1 2.06319E-1 1.59211E-1 1.04564E-1 4.85434E-2 8.97294E-2 1.82786E-1 2.75855E-1 5.94989E-1 6.96355E-1 7.16674E-1 4.27122E-1 5.20528E-1 2.96323E-1 1.88443E-1 2.80951E-1 4.10235E-1 6.41951E-1
-9999 -9999 -9999 -9999 1.8941E-5 6.23428E-3 5.79236E-2 3.83143E-2 6.09303E-2 6.69681E-2 7.58805E-2 2.61392E-1 3.42355E-1 1.41541E-1 7.99847E-2 1.01735E-1 1.64253E-1 2.40781E-1 3.64432E-1 3.18041E-1 2.1381E-1 2.78307E-1 2.01859E-1 1.41348E-1 1.16964E-1 1.88467E-1 1.69464E-1 1.10192E-1 3.85947E-2 6.02853E-2 2.33857E-1 2.14191E-1 2.29847E-1 5.21979E-2 1.72421E-2 2.43038E-2 5.39039E-2 1.0432E-1 4.53918E-1 5.89138E-1 4.37413E-1 2.5106E-1 1.99179E-1 5.34178E-2 5.23459E-2 1.79348E-1 3.59046E-1 3.55225E-1 5.15903E-1 6.57914E-1 5.7431E-1 4.22537E-1 3.06245E-1 1.62787E-1 2.06296E-1 3.14366E-1 4.59582E-1 5.9372E-1
-9999 -9999 -9999 -9999 3.16525E-4 3.72088E-3 1.5006E-2 1.67009E-2 2.05214E-2 3.49077E-2 7.4936E-2 1.78851E-1 3.87246E-1 3.22008E-1 2.38234E-1 1.41018E-1 1.43463E-1 2.06721E-1 2.06652E-1 1.65738E-1 2.17644E-1 3.23651E-1 3.62032E-1 2.56189E-1 1.9939E-1 2.33748E-1 2.49175E-1 2.06732E-1 7.94002E-2 1.14713E-1 1.08789E-1 1.51036E-1 3.06977E-1 1.23063E-1 9.25509E-2 5.62141E-2 7.37582E-2 1.6595E-1 4.91689E-1 6.54599E-1 3.91E-1 2.60343E-1 1.29121E-1 3.01981E-2 5.95582E-2 1.19979E-1 1.92268E-1 3.41241E-1 6.56522E-1 6.40203E-1 5.05009E-1 2.52613E-1 1.27965E-1 1.82035E-1 3.18833E-1 4.95755E-1 5.40447E-1 5.89281E-1
-9999 -9999 -9999 2.21021E-4 3.71064E-3 6.2237E-3 1.11337E-2 1.37384E-2 1.4657E-2 4.34409E-2 1.21771E-1 1.40581E-1 2.64338E-1 4.25245E-1 4.07226E-1 2.77198E-1 2.86489E-1 2.93256E-1 1.59246E-1 7.59831E-2 1.60606E-1 2.59552E-1 3.45409E-1 4.04139E-1 3.46542E-1 1.89972E-1 2.25932E-1 2.18504E-1 1.43987E-1 9.08293E-2 9.33228E-2 1.72228E-1 2.35355E-1 1.73481E-1 1.21053E-1 7.64058E-2 1.55454E-1 3.43731E-1 4.89046E-1 6.83637E-1 4.00896E-1 2.79067E-1 1.10369E-1 2.97499E-2 1.16934E-1 9.24818E-2 1.2136E-1 4.8476E-1 5.92332E-1 4.60853E-1 2.56231E-1 1.29242E-1 6.7572E-2 1.18406E-1 3.09106E-1 5.95458E-1 6.75297E-1 7.05296E-1
-9999 -9999 -9999 1.32062E-3 1.22484E-2 4.79058E-2 6.14449E-2 2.1305E-2 4.97292E-2 1.07992E-1 2.40621E-1 2.52025E-1 3.87851E-1 5.25761E-1 5.58878E-1 4.5652E-1 4.66302E-1 3.94417E-1 2.48546E-1 1.12516E-1 2.79219E-1 3.46901E-1 4.2755E-1 6.01985E-1 4.55293E-1 2.60093E-1 2.94189E-1 2.30354E-1 2.10556E-1 9.72477E-2 7.66441E-2 5.07984E-2 2.2445E-1 1.5516E-1 1.57457E-1 1.27072E-1 2.25241E-1 4.64827E-1 5.86556E-1 5.9142E-1 5.7438E-1 5.49316E-1 3.67231E-1 1.69924E-1 1.88461E-1 6.36785E-2 8.04088E-2 4.14582E-1 3.38412E-1 1.67625E-1 2.00676E-1 1.29103E-1 5.21443E-2 9.98743E-2 3.07432E-1 5.33637E-1 6.24829E-1 6.73019E-1
-9999 -9999 4.21764E-4 2.86856E-3 5.42929E-2 2.87837E-1 3.90873E-1 2.39712E-1 3.6716E-1 3.17577E-1 3.73076E-1 4.28504E-1 4.48859E-1 5.98025E-1 6.54755E-1 6.17746E-1 4.96839E-1 3.77122E-1 3.31612E-1 2.24369E-1 3.45072E-1 5.50413E-1 6.76594E-1 6.87043E-1 5.88989E-1 3.27621E-1 1.77283E-1 1.62844E-1 1.46619E-1 1.04897E-1 1.19712E-1 2.19398E-1 3.09235E-1 1.95923E-1 2.67478E-1 3.34339E-1 3.40941E-1 4.58136E-1 6.83642E-1 6.74132E-1 7.49988E-1 7.72368E-1 5.78271E-1 3.33854E-1 2.20358E-1 1.62807E-1 2.05463E-1 3.33196E-1 2.30771E-1 1.92757E-1 1.84954E-1 1.11472E-1 5.51733E-2 5.48581E-2 1.7045E-1 5.00314E-1 5.70216E-1 5.3826E-1
-9999 -9999 1.34867E-3 6.35239E-2 1.61787E-1 4.32575E-1 5.83448E-1 6.58538E-1 6.37935E-1 6.52312E-1 5.0725E-1 3.32466E-1 4.23242E-1 5.94875E-1 6.43288E-1 6.69245E-1 5.07591E-1 2.9126E-1 3.93359E-1 5.01517E-1 6.15458E-1 6.0394E-1 6.24422E-1 6.86987E-1 6.02514E-1 3.11079E-1 1.32506E-1 1.46307E-1 1.59577E-1 1.1634E-1 1.78168E-1 3.46296E-1 2.05701E-1 1.09327E-1 3.63417E-1 4.85366E-1 4.55333E-1 4.6873E-1 5.37341E-1 6.30443E-1 7.45888E-1 7.70025E-1 6.14192E-1 4.83396E-1 3.77804E-1 3.69208E-1 4.29754E-1 5.60738E-1 5.40931E-1 3.88066E-1 2.32427E-1 1.54383E-1 1.51787E-1 1.53492E-1 1.65703E-1 4.88058E-1 5.47092E-1 4.87322E-1
-9999 -9999 -9999 7.47668E-2 1.07324E-1 3.12031E-1 6.53117E-1 7.84392E-1 7.85246E-1 7.97175E-1 6.41313E-1 2.62567E-1 1.524E-1 5.33414E-1 6.09798E-1 6.53177E-1 3.57968E-1 2.87198E-1 5.45345E-1 7.24735E-1 6.6343E-1 4.9995E-1 5.05511E-1 6.13157E-1 5.46187E-1 3.14855E-1 2.46916E-1 2.26329E-1 3.23127E-1 1.8106E-1 2.09163E-1 3.1455E-1 1.26338E-1 8.15088E-2 1.91215E-1 3.4531E-1 4.83187E-1 5.28772E-1 5.9928E-1 5.89455E-1 7.38727E-1 7.16297E-1 6.81575E-1 6.41919E-1 5.14599E-1 4.29682E-1 4.87722E-1 5.3944E-1 5.15038E-1 5.08405E-1 3.60656E-1 3.45753E-1 3.83709E-1 4.69049E-1 4.72894E-1 4.45527E-1 3.69246E-1 3.54284E-1
