Phytophthora/models/20240503_1210_48/Phytophthora_PA3_RUN8_MAXENT_outputs/Phytophthora_PA3_RUN8.asc
ncols         113
nrows         135
xllcorner     473009.9838
yllcorner     4429001.1748
cellsize      100.0
NODATA_value  -9999
[rows 78 to 103 of 135, columns 0 to 57 of 113]
-9999 -9999 -9999 4.50857E-3 4.60133E-2 2.91664E-1 6.59973E-1 7.99789E-1 8.74874E-1 8.3547E-1 5.55257E-1 3.82305E-1 5.10711E-1 5.83525E-1 5.34706E-1 3.58752E-1 3.18989E-1 4.60819E-1 7.46816E-1 7.54962E-1 6.38359E-1 3.31872E-1 4.40384E-1 4.72654E-1 4.88998E-1 4.63148E-1 5.15287E-1 4.02894E-1 3.79592E-1 2.97084E-1 2.14454E-1 2.43784E-1 1.07142E-1 4.60755E-2 1.15198E-1 3.99393E-1 4.64335E-1 4.58687E-1 5.10644E-1 5.99377E-1 7.56095E-1 7.05864E-1 6.9211E-1 7.15505E-1 5.93272E-1 5.59655E-1 4.107E-1 4.73913E-1 4.94157E-1 5.2546E-1 4.93813E-1 4.93267E-1 5.30361E-1 5.49634E-1 5.31723E-1 6.00134E-1 3.30151E-1 2.99408E-1
-9999 -9999 -9999 -9999 4.45463E-2 2.83155E-1 6.00567E-1 6.70524E-1 7.72562E-1 7.41601E-1 5.31903E-1 5.88205E-1 7.15219E-1 6.91056E-1 5.22773E-1 2.67813E-1 3.39942E-1 4.84806E-1 6.19643E-1 5.41466E-1 4.94727E-1 2.91895E-1 2.49841E-1 2.56252E-1 4.48795E-1 5.68748E-1 5.6825E-1 5.13566E-1 4.52992E-1 2.17628E-1 1.75678E-1 1.83962E-1 9.63414E-2 8.49535E-2 2.17055E-1 4.19669E-1 4.79872E-1 5.18252E-1 3.00743E-1 5.55741E-1 7.45175E-1 6.32517E-1 6.23638E-1 7.05955E-1 7.38376E-1 5.94212E-1 3.23543E-1 4.7461E-1 5.55957E-1 4.225E-1 4.81602E-1 5.44254E-1 6.45141E-1 6.41419E-1 4.53126E-1 4.10246E-1 3.60277E-1 1.43835E-1
-9999 -9999 -9999 1.88466E-3 4.74814E-2 2.21024E-1 7.04974E-1 7.67993E-1 7.50471E-1 7.33732E-1 5.47627E-1 5.59399E-1 6.9871E-1 6.41127E-1 3.25271E-1 1.93872E-1 3.39354E-1 4.0698E-1 5.12918E-1 4.77064E-1 4.17591E-1 2.51083E-1 3.13926E-1 2.90585E-1 3.33818E-1 5.1252E-1 5.26969E-1 5.37136E-1 1.01852E-1 2.05463E-1 9.6438E-2 7.42804E-2 1.52929E-1 3.05675E-1 4.21909E-1 4.59253E-1 6.19482E-1 5.84349E-1 3.52779E-1 5.69933E-1 5.94474E-1 5.00746E-1 5.18492E-1 6.17807E-1 6.35686E-1 3.84792E-1 2.32554E-1 3.10333E-1 5.17455E-1 5.92198E-1 4.68362E-1 4.24547E-1 4.1253E-1 3.96708E-1 2.10187E-1 6.14993E-2 1.39445E-1 5.37465E-2
-9999 -9999 2.05769E-3 2.78359E-3 3.10755E-2 2.31598E-1 6.69851E-1 7.1576E-1 6.23951E-1 6.75725E-1 5.32388E-1 4.60683E-1 5.72423E-1 5.17054E-1 2.1199E-1 1.92746E-1 4.01176E-1 5.57755E-1 6.18738E-1 5.87614E-1 5.50765E-1 3.41389E-1 4.15626E-1 3.07898E-1 3.55161E-1 4.35006E-1 5.11606E-1 5.39412E-1 3.15834E-1 1.04566E-1 1.78772E-1 9.51589E-2 4.96318E-1 5.10372E-1 2.39908E-1 3.82904E-1 6.22966E-1 5.04235E-1 4.53697E-1 4.34947E-1 4.26398E-1 4.52161E-1 5.81095E-1 6.22272E-1 5.71167E-1 2.25874E-1 6.34604E-2 1.54929E-1 2.12546E-1 3.81726E-1 4.85951E-1 3.66612E-1 2.52008E-1 2.80944E-1 1.27888E-1 1.44619E-2 1.15983E-2 5.93374E-3
-9999 -9999 1.58386E-3 2.3101E-2 6.38052E-2 2.65712E-1 3.95396E-1 3.11372E-1 5.9544E-1 7.17248E-1 4.74081E-1 4.52907E-1 4.04316E-1 2.86746E-1 1.23612E-1 1.60763E-1 3.23268E-1 4.69964E-1 5.76568E-1 7.04615E-1 6.17091E-1 4.86466E-1 5.80974E-1 4.27529E-1 2.88356E-1 3.37131E-1 3.74503E-1 2.52574E-1 1.46854E-1 1.51252E-1 2.48187E-1 4.31134E-1 5.60639E-1 4.40123E-1 4.8729E-1 7.12668E-1 5.64632E-1 4.33269E-1 4.58349E-1 6.46655E-1 3.76855E-1 4.94116E-1 5.88484E-1 5.86013E-1 5.45017E-1 3.03914E-1 1.56801E-1 2.881E-1 3.30107E-1 2.62307E-1 2.68826E-1 1.84043E-1 2.76024E-1 2.03014E-1 3.74769E-2 7.94195E-3 1.86773E-2 9.57442E-2
-9999 -9999 3.51123E-4 7.13824E-2 3.54173E-1 3.29614E-1 1.50913E-1 2.92757E-1 4.18106E-1 1.62062E-1 2.44472E-1 2.16848E-1 1.73414E-1 1.49824E-1 1.38881E-1 2.88515E-1 4.94585E-1 5.96835E-1 5.11535E-1 5.77261E-1 5.34921E-1 6.31026E-1 6.03097E-1 4.54046E-1 2.86353E-1 2.54939E-1 2.48494E-2 6.63738E-2 1.03691E-1 4.17791E-1 5.96282E-1 6.68829E-1 6.56325E-1 6.21692E-1 6.52613E-1 7.58758E-1 6.71981E-1 6.98781E-1 3.72993E-1 6.51099E-1 4.87624E-1 4.7139E-1 5.54516E-1 5.56587E-1 4.2952E-1 3.113E-1 3.41951E-1 3.98704E-1 3.6863E-1 2.08112E-1 2.95107E-1 1.48395E-1 1.37262E-1 4.59701E-2 9.8683E-3 6.14672E-2 8.45463E-2 1.26366E-1
-9999 -9999 2.45995E-3 1.06637E-1 3.17583E-1 2.63895E-1 1.3956E-1 2.09836E-1 1.66137E-1 6.44561E-2 8.34474E-2 7.87883E-2 1.14191E-1 1.52019E-1 2.90932E-1 5.00533E-1 6.17091E-1 5.55422E-1 4.28952E-1 4.82587E-1 3.51028E-1 4.33745E-1 3.63147E-1 3.0353E-1 1.11056E-1 7.33675E-2 3.88383E-2 5.07439E-2 1.69315E-1 5.02784E-1 7.6654E-1 7.74682E-1 7.1157E-1 5.56629E-1 7.38052E-1 7.2953E-1 6.75203E-1 7.1835E-1 7.37824E-1 7.0788E-1 4.90521E-1 4.91529E-1 4.24972E-1 4.63279E-1 2.61039E-1 3.00897E-1 4.81747E-1 5.82458E-1 5.37585E-1 4.83528E-1 3.74071E-1 1.94126E-1 8.31757E-2 2.29081E-2 6.37418E-2 2.25996E-1 1.46919E-1 3.22059E-1
-9999 3.17369E-4 9.65654E-3 1.15166E-1 4.1476E-1 3.11426E-1 1.60722E-1 9.68612E-2 5.18283E-2 2.47657E-2 5.52615E-2 1.51814E-1 2.75118E-1 4.79108E-1 5.39429E-1 5.66245E-1 5.1673E-1 4.08224E-1 4.15563E-1 3.94293E-1 2.15857E-1 2.05855E-1 1.73162E-1 1.21542E-1 7.26616E-2 1.02176E-1 6.60752E-2 1.731E-1 3.51226E-1 4.66825E-1 6.59141E-1 5.0378E-1 3.93094E-1 5.18417E-1 7.40362E-1 6.62457E-1 2.28844E-1 6.30472E-1 6.17228E-1 7.22218E-1 6.5877E-1 5.68663E-1 4.49659E-1 3.66829E-1 2.37299E-1 2.74796E-1 5.17633E-1 6.82877E-1 6.59004E-1 6.30096E-1 4.61767E-1 2.5292E-1 1.75986E-1 1.34189E-2 6.21201E-2 3.19229E-1 3.04701E-1 4.64484E-1
-9999 6.44321E-3 2.65406E-2 1.27976E-1 2.6407E-1 1.77543E-1 1.19583E-1 5.92161E-2 3.32979E-2 5.1767E-2 1.61283E-1 4.08789E-1 4.04006E-1 5.96405E-1 5.44665E-1 5.26751E-1 4.7656E-1 3.43357E-1 2.78897E-1 2.40162E-1 1.32375E-1 7.66202E-2 6.7804E-2 6.36811E-2 1.00456E-1 1.0472E-1 1.79399E-1 3.32163E-1 4.93014E-1 5.32774E-1 4.76197E-1 2.15637E-1 4.30163E-1 5.42224E-1 5.12161E-1 5.0119E-1 4.98203E-1 4.78512E-1 3.87703E-1 5.55562E-1 6.96436E-1 4.5801E-1 4.79889E-1 5.10119E-1 3.63439E-1 4.28649E-1 6.00544E-1 6.38724E-1 6.07745E-1 4.54832E-1 4.05962E-1 3.26711E-1 1.97993E-1 2.33514E-2 3.50216E-2 3.57123E-1 4.27118E-1 4.53536E-1
5.44857E-3 2.13468E-2 2.51834E-2 5.00911E-2 3.07633E-1 2.61804E-1 2.49547E-1 1.55734E-1 7.76116E-2 1.71853E-1 3.5862E-1 4.50782E-1 4.89887E-1 6.29417E-1 4.16625E-1 3.08169E-1 2.81667E-1 1.75096E-1 2.10963E-1 2.56097E-1 2.41402E-1 1.43355E-1 9.65602E-2 6.2724E-2 1.01243E-1 2.04502E-1 3.57571E-1 4.38687E-1 3.11853E-1 4.76123E-1 1.76967E-1 1.93777E-1 4.69869E-1 5.37557E-1 4.74261E-1 5.41026E-1 7.49257E-1 6.12522E-1 4.92958E-1 6.8623E-1 6.56901E-1 3.35434E-1 5.77785E-1 6.22718E-1 5.59085E-1 6.10425E-1 5.41521E-1 3.8173E-1 1.89122E-1 6.39586E-1 4.85743E-1 2.86629E-1 1.22331E-1 6.898E-2 1.94368E-1 4.6007E-1 4.1805E-1 4.65139E-1
1.0445E-2 3.61104E-2 4.78753E-2 1.58594E-1 2.96846E-1 2.3689E-1 2.56892E-1 1.49574E-1 1.5454E-1 3.75624E-1 4.01514E-1 5.46976E-1 4.60214E-1 6.32107E-1 5.93431E-1 2.99076E-1 1.76849E-1 1.74272E-1 3.33715E-1 3.91567E-1 2.9298E-1 1.34518E-1 1.64918E-1 1.29157E-1 1.25066E-1 3.51867E-1 4.81472E-1 3.45214E-1 1.09945E-1 1.5012E-1 3.80093E-1 4.99091E-1 4.22646E-1 5.18912E-1 4.86193E-1 4.45813E-1 3.4784E-1 3.63754E-1 5.46915E-1 7.66657E-1 7.4709E-1 5.32062E-1 6.4522E-1 6.6124E-1 7.82341E-1 6.45253E-1 2.541E-1 1.15138E-1 2.47819E-1 6.65944E-1 4.4155E-1 2.61597E-1 1.07573E-1 1.54834E-1 3.82351E-1 4.42844E-1 4.45381E-1 4.10003E-1
-9999 6.52162E-2 1.72155E-1 4.16293E-1 3.05694E-1 1.3382E-1 3.4479E-1 2.9067E-1 2.38538E-1 4.8468E-1 5.51875E-1 4.06324E-1 9.70745E-2 6.45693E-1 7.25968E-1 5.72426E-1 2.94667E-1 1.70409E-1 3.58146E-1 4.4287E-1 4.39777E-1 2.9232E-1 4.08415E-1 1.92723E-1 2.07874E-1 4.69215E-1 3.56055E-1 5.48307E-1 5.12708E-1 3.64149E-1 4.73685E-1 7.10569E-1 7.208E-1 5.55706E-1 5.18533E-1 6.24362E-1 3.73111E-1 3.15699E-1 6.37423E-1 8.02732E-1 6.68292E-1 4.32002E-1 6.20738E-1 7.64351E-1 8.11099E-1 6.9894E-1 2.97616E-1 9.90293E-2 6.47821E-1 5.36066E-1 2.49502E-1 2.47542E-1 4.48384E-2 3.67978E-1 5.25884E-1 5.38998E-1 4.98674E-1 4.46728E-1
-9999 2.56483E-1 4.05028E-1 4.77799E-1 4.0624E-1 1.75689E-1 2.83966E-1 2.52519E-1 3.49969E-1 5.0522E-1 5.30953E-1 4.60341E-1 4.60032E-1 6.92399E-1 7.35854E-1 4.99657E-1 2.31442E-1 2.10748E-1 2.14826E-1 2.61751E-1 3.89651E-1 4.11926E-1 2.47007E-1 1.93265E-1 3.97859E-1 4.98675E-1 6.54404E-1 7.32961E-1 6.88846E-1 3.41519E-1 3.34831E-1 6.95376E-1 7.52459E-1 5.34971E-1 6.33978E-1 6.39342E-1 5.99347E-1 5.49606E-1 7.03398E-1 7.77021E-1 5.65473E-1 2.23993E-1 4.04079E-1 6.45095E-1 7.92858E-1 6.88427E-1 3.29159E-1 2.28735E-1 5.99278E-1 6.21355E-1 4.95981E-1 2.78463E-1 1.36979E-1 5.19088E-1 6.28347E-1 6.05844E-1 5.01301E-1 4.31994E-1
-9999 -9999 -9999 1.6914E-1 1.65147E-1 1.77246E-1 4.15381E-1 4.24159E-1 3.30855E-1 4.90549E-1 4.64884E-1 2.79592E-1 2.07148E-1 3.91976E-1 5.88516E-1 3.85911E-1 3.25368E-1 2.38335E-1 1.63702E-1 2.65355E-1 1.07708E-1 1.43027E-1 2.0043E-1 3.24097E-1 1.36464E-1 2.35732E-1 6.53103E-1 6.6342E-1 5.28812E-1 4.55173E-1 4.35462E-1 2.06704E-1 4.91745E-1 5.48579E-1 6.24318E-1 5.78523E-1 4.90728E-1 4.52331E-1 6.12381E-1 4.40174E-1 2.70297E-1 1.72178E-1 2.9879E-1 5.20835E-1 7.5146E-1 4.70892E-1 6.94743E-2 5.15146E-1 6.22821E-1 5.15115E-1 5.13959E-1 3.80283E-1 5.68638E-1 6.57946E-1 6.59314E-1 6.27871E-1 4.71446E-1 4.3524E-1
-9999 -9999 -9999 -9999 1.05918E-1 8.48484E-2 5.65059E-1 6.231E-1 5.29289E-1 5.17703E-1 4.31274E-1 2.01635E-1 8.56604E-2 3.03189E-1 2.76229E-1 3.76983E-1 3.7261E-1 2.6749E-1 2.8229E-1 3.56344E-1 1.46616E-1 7.8061E-2 6.93993E-2 3.49408E-1 4.18941E-1 5.20756E-1 3.84472E-1 4.83454E-1 4.6973E-1 3.7191E-1 4.71498E-1 3.94415E-1 5.46361E-1 5E-1 4.47138E-1 3.86443E-1 1.5578E-1 9.48733E-2 2.11746E-2 1.0404E-2 2.25127E-2 1.27646E-1 1.81619E-1 3.56089E-1 5.18665E-1 1.93798E-1 2.92423E-1 5.51924E-1 6.35205E-1 5.44328E-1 4.97964E-1 4.5423E-1 5.67703E-1 5.38558E-1 5.93634E-1 5.0007E-1 4.36617E-1 5.48803E-1
-9999 -9999 -9999 -9999 -9999 -9999 -9999 6.47023E-1 7.001E-1 7.33956E-1 6.70787E-1 4.64246E-1 4.03631E-1 3.721E-1 2.56366E-1 3.09391E-1 4.20821E-1 3.24901E-1 2.06854E-1 4.96523E-1 3.80777E-1 7.40632E-2 6.68235E-2 3.73542E-1 4.86321E-1 3.46636E-1 3.41217E-1 4.60346E-1 4.12159E-1 1.48779E-1 1.26802E-1 3.54266E-1 2.76168E-1 2.3829E-1 1.87789E-1 2.21164E-1 2.38535E-1 7.42254E-2 2.47635E-2 2.94759E-2 4.38535E-2 6.38358E-2 9.03002E-2 3.48024E-1 3.26335E-1 1.71355E-1 6.13883E-1 6.37291E-1 6.00222E-1 5.71215E-1 5.35002E-1 5.87939E-1 5.86835E-1 5.27839E-1 5.37427E-1 4.45944E-1 4.43778E-1 5.62005E-1
-9999 -9999 -9999 -9999 -9999 -9999 -9999 6.90822E-1 8.00225E-1 7.72983E-1 4.79983E-1 4.7217E-1 2.25499E-1 2.12045E-1 4.07193E-1 5.34556E-1 6.1874E-1 3.52973E-1 3.61403E-1 5.67609E-1 3.19447E-1 6.99962E-2 5.39726E-2 2.06554E-1 2.10154E-1 3.11378E-1 3.27107E-1 2.71448E-1 1.22898E-1 6.26551E-2 2.19604E-1 1.67351E-1 9.77082E-2 7.07967E-2 1.53568E-1 1.70044E-1 2.1216E-1 1.60194E-1 6.09455E-2 6.91097E-2 6.81414E-2 1.0523E-1 2.87278E-1 6.04823E-1 3.27414E-1 5.39965E-1 5.90656E-1 5.1135E-1 5.40746E-1 5.43529E-1 4.25401E-1 5.49029E-1 6.31617E-1 2.26431E-1 3.8848E-1 3.64569E-1 4.00937E-1 4.66945E-1
-9999 -9999 -9999 -9999 -9999 -9999 -9999 5.56446E-1 7.1214E-1 4.92959E-1 2.38343E-1 2.11584E-1 3.9383E-2 4.33608E-2 3.47609E-1 4.95545E-1 5.4407E-1 3.65787E-1 4.61934E-1 4.70699E-1 2.29475E-1 4.9191E-2 3.95606E-2 3.1248E-2 1.20351E-1 2.37324E-1 2.92869E-1 2.28231E-1 4.33687E-1 2.54037E-1 1.55112E-1 1.11007E-1 7.38118E-2 8.00418E-2 1.18489E-1 2.86875E-1 1.56167E-1 6.26181E-2 8.03711E-2 9.32457E-2 1.08181E-1 2.2917E-1 4.58436E-1 6.35305E-1 3.90111E-1 6.60159E-1 4.12604E-1 5.09958E-1 3.08303E-1 3.07427E-1 3.77207E-1 3.83975E-1 4.96824E-1 4.08837E-1 6.02869E-2 7.12607E-2 1.74901E-1 2.13072E-1
-9999 -9999 -9999 -9999 -9999 -9999 -9999 4.34785E-1 5.15841E-1 2.99638E-1 1.76533E-1 8.47301E-2 2.64926E-2 4.82618E-2 1.56521E-1 5.47399E-1 5.60836E-1 4.99262E-1 5.80439E-1 4.82048E-1 1.25805E-1 1.54939E-2 7.22651E-3 9.78991E-3 3.78024E-2 1.83713E-1 2.84743E-1 1.13936E-1 2.02522E-1 3.30721E-1 1.21131E-1 7.66085E-2 8.26262E-2 2.70072E-1 1.88228E-1 1.77379E-1 1.27018E-1 1.12317E-1 1.95751E-1 2.56401E-1 1.4783E-1 1.59011E-1 1.84614E-1 2.7036E-1 3.14237E-1 6.95411E-1 5.63878E-1 2.98366E-1 8.07032E-2 1.3839E-1 1.66752E-1 1.40176E-1 2.4711E-1 2.19887E-1 8.13802E-2 1.73443E-1 7.00899E-2 2.62736E-1
-9999 -9999 -9999 -9999 -9999 -9999 -9999 -9999 2.15285E-1 1.60945E-1 9.84261E-2 4.93233E-2 1.17622E-1 1.52644E-1 4.33105E-1 6.9712E-1 5.72457E-1 5.13128E-1 5.32645E-1 3.45756E-1 1.20226E-1 1.31627E-2 4.58192E-3 1.80782E-2 6.35802E-2 2.01161E-1 2.61149E-1 1.41292E-1 2.64243E-1 2.26224E-1 1.12663E-1 1.46397E-1 2.62576E-2 4.78094E-1 5.42781E-1 2.62393E-1 1.57429E-1 2.93721E-1 4.52241E-1 2.73614E-1 9.38055E-2 3.28228E-1 3.5987E-1 5.89596E-1 4.38847E-1 4.967E-1 4.38095E-1 6.8019E-2 2.18371E-1 2.23782E-1 1.18767E-1 9.44114E-2 9.49315E-2 2.2572E-1 3.61081E-1 3.80808E-1 3.62227E-1 2.75714E-1
-9999 -9999 -9999 -9999 -9999 -9999 -9999 -9999 -9999 -9999 -9999 -9999 1.58083E-1 1.01603E-1 2.57217E-1 4.55643E-1 4.42946E-1 4.47367E-1 3.31974E-1 2.50777E-1 1.04557E-1 2.15521E-2 2.43832E-2 9.10514E-2 1.55392E-1 8.96197E-2 2.81128E-2 1.41909E-1 2.46343E-1 1.90643E-1 1.34611E-1 1.45585E-1 1.30386E-1 7.21132E-1 6.15727E-1 2.65381E-1 1.85798E-1 2.09747E-1 3.56333E-1 2.37608E-1 1.5696E-1 1.75378E-1 2.1271E-1 3.6219E-1 1.90099E-1 2.05888E-1 9.43959E-2 3.05326E-2 7.95704E-2 6.53609E-2 2.78752E-2 7.60103E-2 6.32549E-2 1.50344E-1 5.61281E-1 5.12429E-1 4.38554E-1 2.20256E-1
-9999 -9999 -9999 -9999 -9999 -9999 -9999 -9999 -9999 -9999 -9999 -9999 -9999 1.12327E-1 3.44841E-1 4.72544E-1 6.44361E-1 6.8057E-1 5.4414E-1 3.62387E-1 1.62054E-1 2.84611E-2 1.47758E-2 7.32815E-2 1.3318E-1 2.67466E-2 3.21675E-2 4.04483E-2 1.01962E-1 1.97385E-1 1.21252E-1 2.36155E-1 5.39827E-1 5.393E-1 4.44154E-1 2.95032E-1 1.44864E-1 1.98739E-1 5.76433E-1 4.30134E-1 1.08814E-1 5.04997E-2 8.32148E-2 6.58309E-2 1.89015E-1 2.45273E-1 1.24974E-1 4.344E-2 2.28992E-2 1.73385E-2 4.80477E-2 7.36933E-2 1.04E-1 5.34288E-1 6.48062E-1 4.60864E-1 4.07092E-1 4.06888E-1
-9999 -9999 -9999 -9999 -9999 -9999 -9999 -9999 -9999 -9999 -9999 -9999 9.22793E-2 2.32997E-1 3.22539E-1 5.56924E-1 6.7884E-1 6.22126E-1 5.39592E-1 5.26372E-1 2.11302E-1 4.0319E-2 1.9422E-2 4.2013E-2 3.83437E-2 1.14404E-1 1.2234E-1 4.91435E-2 1.25E-1 1.72334E-1 2.71375E-1 3.64733E-1 3.7283E-1 3.86125E-1 2.06548E-1 8.1751E-2 2.2702E-1 6.56057E-1 5.99717E-1 4.54105E-1 1.87141E-1 7.92957E-2 5.57411E-2 4.82229E-1 4.60889E-1 7.8698E-2 1.15385E-1 3.76846E-2 2.76496E-2 3.0689E-2 6.24306E-2 9.63146E-2 1.91542E-1 5.19636E-1 5.63287E-1 4.57222E-1 3.69442E-1 1.74312E-1
-9999 -9999 -9999 -9999 -9999 -9999 -9999 -9999 -9999 -9999 -9999 -9999 -9999 7.03603E-2 9.04351E-2 -9999 4.77163E-1 5.69808E-1 4.63858E-1 4.05923E-1 2.01663E-1 9.20667E-2 7.22722E-2 1.77197E-1 2.54513E-1 1.76274E-1 9.64024E-2 7.30936E-2 5.98928E-2 5.166E-2 2.06873E-1 1.46832E-1 1.18519E-1 2.84262E-1 2.17387E-1 1.57676E-1 3.16194E-1 6.40662E-1 5.70733E-1 3.43013E-1 2.0479E-1 1.775E-1 1.78297E-1 7.01605E-1 5.78111E-1 4.05648E-1 4.69154E-2 1.22454E-1 4.61982E-2 4.50664E-2 1.28524E-1 1.90954E-1 2.96989E-1 5.28635E-1 4.97183E-1 5.33442E-1 4.97065E-1 3.49457E-1
-9999 -9999 -9999 -9999 -9999 -9999 -9999 -9999 -9999 -9999 -9999 -9999 -9999 -9999 -9999 -9999 2.90623E-1 4.22619E-1 3.44092E-1 2.64606E-1 2.07688E-1 1.52939E-1 2.72798E-1 3.24618E-1 3.44181E-1 2.42093E-1 9.16653E-2 1.03792E-1 1.1639E-1 5.33526E-1 4.76211E-1 3.43489E-1 4.47702E-1 3.50495E-1 4.32727E-1 4.59277E-1 3.61943E-1 6.02628E-1 5.11178E-1 2.39002E-1 9.1907E-2 2.51146E-1 6.36613E-1 6.3679E-1 6.97524E-1 5.46393E-1 4.5083E-1 3.04494E-1 1.61571E-1 7.75906E-2 1.15294E-1 2.75309E-1 3.81798E-1 5.54664E-1 6.06758E-1 5.3646E-1 5.75895E-1 4.56212E-1
-9999 -9999 -9999 -9999 -9999 -9999 -9999 -9999 -9999 -9999 -9999 -9999 -9999 -9999 -9999 -9999 -9999 5.46883E-1 3.36659E-1 2.93128E-1 4.6269E-1 2.00823E-1 1.18078E-1 2.30853E-1 2.98028E-1 2.59537E-1 1.85569E-1 4.5648E-1 5.37657E-1 6.29383E-1 4.94696E-1 6.49429E-1 6.03549E-1 3.52691E-1 3.32756E-1 4.94702E-1 5.49363E-1 6.10899E-1 3.46525E-1 1.0136E-1 4.20784E-2 1.47915E-1 7.07415E-1 7.80004E-1 7.93958E-1 6.68305E-1 5.53415E-1 4.17143E-1 3.18325E-1 2.09097E-1 1.59269E-1 1.31243E-1 3.09552E-1 4.71617E-1 3.1508E-1 4.29643E-1 4.79973E-1 4.29415E-1
