Phytophthora/models/20240503_1210_48/Phytophthora_PA3_RUN8_MAXENT_outputs/Phytophthora_PA3_RUN8.asc
ncols         113
nrows         135
xllcorner     473009.9838
yllcorner     4429001.1748
cellsize      100.0
NODATA_value  -9999
[rows 26 to 51 of 135, columns 0 to 57 of 113]
-9999 -9999 -9999 -9999 -9999 -9999 -9999 -9999 -9999 -9999 1.0176E-3 1.55827E-3 5.61497E-3 6.70242E-3 7.9187E-3 6.23518E-3 2.13088E-2 3.87985E-2 6.16417E-2 5.56827E-2 3.52102E-2 1.7596E-2 1.90915E-2 1.66491E-2 2.24151E-2 2.69262E-2 2.72261E-2 2.18796E-2 1.11118E-2 3.39679E-3 3.97031E-4 1.43699E-3 6.95135E-3 5.07492E-2 4.60655E-2 3.58896E-2 5.01116E-2 3.37394E-2 1.50907E-2 8.59109E-3 1.33712E-2 2.28382E-2 3.35451E-2 -9999 -9999 -9999 -9999 -9999 -9999 -9999 -9999 -9999 -9999 -9999 -9999 -9999 -9999 -9999
-9999 -9999 -9999 -9999 -9999 -9999 -9999 -9999 -9999 -9999 7.78603E-5 3.6649E-4 9.39237E-4 1.33183E-3 1.76047E-3 3.19213E-3 1.34288E-2 2.85362E-2 6.51684E-2 5.77716E-2 2.02689E-2 2.01737E-2 2.60348E-2 3.25892E-2 3.52246E-2 2.74653E-2 3.64851E-2 3.60184E-2 1.47869E-2 2.82092E-3 1.21628E-3 3.1952E-3 1.82157E-2 3.95263E-2 3.23482E-2 1.95973E-2 3.84237E-2 3.6333E-2 1.72345E-2 7.3631E-3 9.64786E-3 2.30316E-2 4.5165E-2 3.119E-2 3.53075E-2 4.40287E-2 5.65046E-2 -9999 -9999 -9999 -9999 -9999 -9999 -9999 -9999 -9999 -9999 -9999
-9999 -9999 -9999 -9999 -9999 -9999 -9999 -9999 3.48188E-12 7.91945E-8 2.55849E-5 1.67567E-4 1.42632E-4 2.38899E-4 7.76496E-4 2.56987E-3 8.20821E-3 2.20141E-2 3.09407E-2 4.6952E-2 1.91239E-2 2.94591E-2 3.78429E-2 4.49617E-2 4.42377E-2 5.08026E-2 4.75781E-2 4.19512E-2 1.92969E-2 2.57603E-3 2.28584E-3 3.09256E-3 8.10763E-3 1.56549E-2 5.90755E-3 6.40711E-3 1.40775E-2 2.56058E-2 3.10888E-2 1.43687E-2 9.64529E-3 1.80485E-3 4.79054E-3 2.16725E-2 2.03335E-2 3.65666E-2 6.97349E-2 -9999 -9999 -9999 -9999 -9999 -9999 -9999 -9999 -9999 -9999 -9999
-9999 -9999 -9999 -9999 -9999 -9999 4.65885E-11 1.44781E-10 8.67737E-10 8.43067E-7 1.46375E-4 4.5873E-4 1.24384E-3 1.47344E-3 1.51895E-3 3.15673E-3 1.22588E-2 1.05394E-2 1.69279E-2 3.08518E-2 2.8494E-2 3.95734E-2 8.24095E-2 1.15424E-1 1.41176E-1 6.24084E-2 4.46442E-2 2.28616E-2 7.76937E-3 3.28803E-3 5.36606E-3 3.67763E-3 7.47448E-3 1.1525E-2 3.31379E-3 1.44174E-3 1.9E-3 4.27529E-3 1.26317E-2 1.85092E-2 1.12355E-2 2.59443E-3 6.42528E-3 3.15652E-2 1.73239E-2 2.93945E-2 6.33682E-2 -9999 -9999 -9999 -9999 -9999 -9999 -9999 -9999 -9999 -9999 -9999
-9999 -9999 -9999 -9999 -9999 -9999 1.10634E-8 2.47881E-7 2.56427E-6 6.68239E-5 5.35282E-4 1.64283E-3 4.5016E-3 1.10382E-2 1.21086E-2 1.29141E-2 1.95705E-2 1.31747E-2 1.73799E-2 1.65679E-2 2.9024E-2 3.63891E-2 1.05324E-1 1.53087E-1 1.01723E-1 6.3008E-2 4.42143E-2 1.95674E-2 5.7793E-3 3.58686E-3 9.72249E-3 7.61756E-3 1.00079E-2 9.52468E-3 7.471E-3 2.54411E-3 1.0116E-2 1.29235E-2 1.7027E-2 2.39082E-2 1.82699E-2 7.73422E-3 2.44586E-2 2.73892E-2 1.52549E-2 4.24172E-2 1.07696E-1 1.09981E-1 -9999 -9999 -9999 -9999 -9999 -9999 -9999 -9999 -9999 -9999
-9999 -9999 -9999 -9999 -9999 -9999 2.43368E-8 2.80291E-6 4.24992E-5 2.80145E-4 9.85528E-5 6.26238E-4 1.12959E-2 3.37463E-2 4.66239E-2 4.0706E-2 2.64343E-2 1.33124E-2 9.88511E-3 1.18511E-2 2.75653E-2 4.04677E-2 5.75242E-2 1.40126E-1 9.16463E-2 2.93909E-2 1.44079E-2 2.59354E-2 1.82388E-2 7.1149E-3 1.05346E-2 1.40353E-2 1.703E-2 7.26294E-3 1.01048E-2 1.20318E-2 1.60159E-2 4.29882E-2 5.57482E-2 2.79159E-2 2.55087E-2 1.7345E-2 1.01048E-2 1.97326E-2 1.81387E-2 3.91149E-2 1.10088E-1 1.30786E-1 1.87217E-1 -9999 -9999 -9999 -9999 -9999 -9999 -9999 -9999 -9999
-9999 -9999 -9999 -9999 -9999 1.65243E-8 7.54771E-7 8.32288E-6 1.89968E-4 2.93118E-4 1.81977E-4 1.27832E-3 9.54056E-3 4.13941E-2 4.56364E-2 2.3877E-2 2.61395E-2 1.26088E-2 6.35127E-3 9.17254E-3 1.98629E-2 4.38031E-2 9.40313E-2 1.26764E-1 4.80127E-2 7.38262E-3 1.39688E-3 3.8233E-3 5.055E-3 3.99204E-3 5.36384E-3 1.18345E-2 1.01511E-2 5.1046E-3 9.94335E-3 1.44367E-2 2.13499E-2 4.58878E-2 6.2484E-2 9.13972E-3 1.00694E-2 1.0368E-2 3.56891E-3 2.58898E-2 4.88593E-2 2.61984E-2 5.9899E-2 1.14544E-1 1.70294E-1 2.21931E-1 2.60758E-1 -9999 -9999 -9999 -9999 -9999 -9999 -9999
-9999 -9999 -9999 -9999 1.78921E-11 1.87484E-8 1.07021E-6 1.08247E-5 1.80036E-4 5.63788E-4 4.94534E-4 4.34201E-3 2.19755E-2 4.24808E-2 3.62706E-2 1.86751E-2 1.2674E-2 8.70024E-3 6.14057E-3 7.33776E-3 1.38051E-2 3.83632E-2 7.19829E-2 8.44666E-2 4.90972E-2 1.34974E-2 1.75285E-3 1.70308E-3 5.20174E-4 9.22375E-4 4.1176E-3 9.15441E-3 1.1814E-2 1.04865E-2 1.62023E-2 2.01617E-2 2.0781E-2 4.2918E-2 1.8745E-2 8.28904E-3 7.98732E-3 9.42072E-3 1.02087E-2 3.40197E-2 7.93739E-2 4.50047E-2 1.89189E-2 8.01864E-2 1.33435E-1 1.568E-1 1.72456E-1 2.29095E-1 2.04748E-1 -9999 -9999 -9999 -9999 -9999
-9999 -9999 -9999 -9999 2.75318E-11 4.185E-8 1.0412E-6 1.41516E-5 2.22825E-4 7.07751E-4 7.85113E-4 2.39147E-3 1.74582E-2 3.69338E-2 1.32271E-2 9.6638E-3 6.44812E-3 5.01412E-3 7.25186E-3 7.80102E-3 1.16522E-2 1.74143E-2 2.94875E-2 4.42809E-2 4.27987E-2 1.59929E-2 2.13407E-3 2.29717E-3 4.13286E-4 7.11577E-4 5.0096E-3 1.09901E-2 8.62687E-3 9.67783E-3 2.1386E-2 2.34609E-2 2.70744E-2 4.57385E-2 1.86143E-2 1.39806E-2 2.0061E-2 2.68934E-2 2.68011E-2 4.42562E-2 8.65628E-2 7.78451E-2 5.68694E-2 2.94487E-2 4.66981E-2 7.57282E-2 3.53164E-2 9.49467E-2 2.2851E-1 -9999 -9999 -9999 -9999 -9999
-9999 -9999 -9999 -9999 -9999 -9999 -9999 -9999 3.93286E-4 3.64599E-4 4.92884E-3 1.01985E-2 1.46427E-2 1.25152E-2 8.05465E-3 5.14541E-3 5.54615E-3 5.10409E-3 4.31043E-3 4.31819E-3 4.38773E-3 5.96809E-3 1.17933E-2 1.90283E-2 1.50043E-2 9.33124E-3 1.41862E-3 1.11242E-3 3.10197E-4 6.1148E-4 5.4052E-3 1.12202E-2 4.38236E-3 5.40931E-3 8.7351E-3 8.35934E-3 1.48215E-2 1.42628E-2 8.68636E-3 1.05064E-2 1.67196E-2 1.60981E-2 5.37867E-3 1.25775E-2 4.96112E-2 8.28834E-2 1.13236E-1 8.05766E-2 1.66369E-2 3.31795E-2 3.37364E-2 6.78653E-2 1.66157E-1 3.29749E-1 -9999 -9999 -9999 -9999
-9999 -9999 -9999 -9999 -9999 -9999 -9999 -9999 -9999 -9999 3.99569E-3 7.6E-3 6.52755E-3 3.87714E-3 4.42273E-3 4.62055E-3 5.10424E-3 6.51263E-3 5.64688E-3 2.48472E-3 4.6173E-3 5.55627E-3 6.45943E-3 8.59077E-3 1.06608E-2 1.15886E-2 3.47662E-3 2.55962E-3 7.46071E-4 8.73161E-4 6.43356E-3 1.36854E-2 3.15238E-3 4.24737E-3 1.49625E-2 9.94738E-3 1.92872E-2 2.53963E-2 1.58184E-2 1.61832E-2 1.41382E-2 1.90583E-2 3.68658E-2 8.15292E-2 3.90756E-2 9.02038E-2 1.3212E-1 1.29941E-1 8.13146E-2 8.66236E-2 5.70272E-2 9.85873E-2 2.5146E-1 3.49776E-1 -9999 -9999 -9999 -9999
-9999 -9999 -9999 -9999 -9999 -9999 -9999 -9999 -9999 -9999 -9999 6.12558E-3 3.47452E-3 2.75241E-3 2.76281E-3 4.42895E-3 4.27248E-3 3.43467E-3 2.70768E-3 1.70167E-3 3.52215E-3 3.19703E-3 9.48337E-3 1.58936E-2 2.94721E-2 2.86703E-2 1.45142E-2 9.74835E-3 4.13529E-3 4.17673E-3 4.77541E-3 3.05208E-3 4.07313E-3 6.93005E-3 4.29253E-2 4.08253E-2 3.26826E-2 3.12181E-2 2.56778E-2 3.07845E-2 2.87249E-2 4.00955E-2 7.91071E-2 9.86439E-2 4.11784E-2 7.45376E-2 1.51465E-1 1.75307E-1 8.91164E-2 6.60279E-2 7.6978E-2 9.65959E-2 2.88341E-1 3.07527E-1 3.61974E-1 -9999 -9999 -9999
-9999 -9999 -9999 -9999 -9999 -9999 -9999 -9999 -9999 -9999 -9999 -9999 1.8724E-3 2.75096E-3 2.54061E-3 1.58209E-3 1.04648E-3 7.83399E-4 1.30136E-3 2.85322E-3 4.38814E-3 1.06624E-2 3.14228E-2 3.50757E-2 2.76685E-2 3.02259E-2 1.4343E-2 2.67706E-2 1.66168E-2 8.29616E-3 1.15392E-3 1.37991E-3 8.19842E-3 2.41168E-2 6.31262E-2 5.5079E-2 5.16593E-2 3.92991E-2 1.86152E-2 3.05594E-2 5.41161E-2 6.59102E-2 9.3998E-2 7.89906E-2 2.06955E-1 6.96166E-2 2.01007E-1 2.5319E-1 3.48056E-1 2.35494E-1 1.96774E-1 1.70196E-1 2.5787E-1 3.07336E-1 3.37645E-1 2.51305E-1 1.55898E-1 -9999
-9999 -9999 -9999 -9999 -9999 -9999 -9999 -9999 -9999 -9999 -9999 -9999 -9999 -9999 8.43399E-4 3.08329E-4 4.3053E-4 6.29109E-4 2.20824E-3 5.61854E-3 6.07467E-3 9.68445E-3 2.37477E-2 2.34431E-2 2.69821E-2 3.70679E-2 3.51689E-2 2.68617E-2 8.80362E-3 1.1475E-2 5.44768E-3 1.26874E-3 7.30369E-3 2.00739E-2 3.5592E-2 8.78224E-2 1.00411E-1 6.17687E-2 3.4032E-2 2.90985E-2 4.6991E-2 5.0026E-2 6.76412E-3 9.23734E-2 1.74142E-1 1.17799E-1 2.14108E-1 4.20726E-1 3.80101E-1 3.1498E-1 3.45991E-1 2.53099E-1 2.35283E-1 3.01226E-1 3.88083E-1 3.16691E-1 3.35512E-1 -9999
-9999 -9999 -9999 -9999 -9999 -9999 -9999 -9999 -9999 -9999 -9999 -9999 -9999 -9999 -9999 2.36952E-5 1.91545E-4 2.89615E-3 7.97862E-3 1.35651E-2 8.97575E-3 1.70754E-3 5.21033E-3 9.49853E-3 9.93215E-3 5.15097E-3 4.37332E-3 1.51923E-2 1.41174E-2 4.36687E-3 7.4604E-3 1.0151E-3 9.45015E-4 9.2178E-3 1.27179E-2 4.01143E-2 6.5382E-2 3.03231E-2 1.85406E-2 2.75444E-2 1.68166E-2 3.47574E-3 6.69022E-3 3.58854E-2 6.0119E-2 7.55237E-2 1.64193E-1 3.52451E-1 4.11515E-1 2.14788E-1 2.09195E-1 3.18208E-1 2.07423E-1 1.99802E-1 3.6523E-1 1.00737E-1 3.60364E-1 1.16588E-1
-9999 -9999 -9999 -9999 -9999 -9999 -9999 -9999 -9999 -9999 -9999 -9999 -9999 -9999 -9999 -9999 9.62929E-4 1.74945E-3 1.12552E-2 1.37295E-2 2.66475E-3 7.47202E-4 1.64474E-3 3.78288E-3 2.28362E-3 1.49875E-3 1.72628E-3 2.73917E-3 6.51305E-3 1.21146E-3 5.68445E-3 6.86889E-3 8.13854E-4 1.5918E-3 1.14743E-2 1.48795E-2 2.65177E-2 3.37339E-2 5.03118E-2 4.17457E-2 4.1197E-2 4.29303E-3 2.10246E-2 1.9908E-2 5.21806E-2 9.25442E-2 1.18923E-1 2.20527E-1 1.82915E-1 2.5076E-1 2.76479E-1 3.4223E-1 1.33415E-1 9.98383E-2 1.0553E-1 6.28425E-2 9.67758E-2 5.33972E-2
-9999 -9999 -9999 -9999 -9999 -9999 -9999 -9999 -9999 -9999 -9999 -9999 -9999 -9999 -9999 -9999 7.02978E-3 1.43001E-2 2.20669E-2 1.21092E-2 1.91638E-3 8.78088E-4 1.66131E-3 5.84913E-3 5.10798E-3 4.32769E-3 2.74808E-3 4.19997E-3 4.86832E-3 2.494E-3 5.94956E-3 8.82952E-3 2.14702E-3 1.5306E-3 1.87404E-2 3.96779E-2 6.82246E-2 7.71987E-2 1.10928E-1 8.15162E-2 7.46045E-2 6.30018E-3 2.96169E-2 8.49449E-2 6.67543E-2 1.02563E-1 1.26083E-1 1.46426E-1 1.25501E-1 2.27192E-1 3.70189E-1 2.69333E-1 1.61972E-1 2.30991E-1 2.99699E-1 3.71681E-1 3.10316E-1 2.62849E-1
-9999 -9999 -9999 -9999 -9999 -9999 -9999 -9999 -9999 -9999 -9999 -9999 -9999 -9999 -9999 -9999 9.18567E-3 2.21063E-2 8.77781E-3 8.25588E-3 3.27499E-3 4.10123E-3 5.3163E-3 2.37777E-3 4.22294E-3 4.60351E-3 4.06125E-3 6.72808E-3 7.06321E-3 9.26079E-3 7.67042E-3 7.699E-3 7.38372E-3 4.80909E-3 1.32798E-2 4.19479E-2 9.21681E-2 1.07746E-1 1.29396E-1 1.00621E-1 7.90996E-2 6.5229E-2 1.02462E-1 9.45318E-2 7.77012E-2 1.10611E-1 1.59346E-1 2.25693E-1 2.74486E-1 3.16973E-1 4.67558E-1 2.35863E-1 1.7457E-1 1.94078E-1 2.09112E-1 4.10677E-1 3.23845E-1 3.17632E-1
-9999 -9999 -9999 -9999 -9999 -9999 -9999 -9999 -9999 -9999 -9999 -9999 -9999 -9999 -9999 -9999 1.78875E-2 2.31214E-2 2.7113E-2 2.36576E-2 2.14905E-2 1.06973E-2 1.07555E-2 4.33931E-3 1.68508E-3 7.26915E-4 3.0673E-3 4.14136E-3 3.37928E-3 5.40179E-3 9.90841E-3 1.36022E-2 2.49418E-2 1.91769E-2 2.07643E-2 4.31648E-2 9.59754E-2 1.5117E-1 1.68232E-1 1.09633E-1 7.86976E-2 1.25798E-1 1.89942E-1 1.04905E-1 6.86178E-2 1.00017E-1 2.07096E-1 2.13191E-1 1.40279E-1 1.09225E-1 4.66524E-1 2.39029E-1 1.25435E-1 2.02141E-1 2.44198E-1 2.66952E-1 2.328E-1 1.91558E-1
-9999 -9999 -9999 -9999 -9999 -9999 -9999 -9999 -9999 6.00965E-6 1.52274E-2 4.41657E-2 9.44387E-4 3.49612E-7 5.93767E-4 1.65366E-2 2.18925E-2 2.39788E-2 2.64653E-2 1.22748E-2 3.49187E-2 2.29848E-2 2.13804E-2 1.1971E-2 4.3169E-3 3.29635E-4 9.00698E-4 1.18493E-3 1.43036E-3 8.56504E-4 7.1185E-3 1.72783E-2 2.16998E-2 2.5517E-2 2.00458E-2 4.18204E-2 7.07937E-2 8.95214E-2 1.54254E-1 1.08543E-1 6.11511E-2 1.18783E-1 1.86265E-1 6.24137E-2 8.84838E-2 -9999 -9999 1.52893E-1 3.24971E-2 3.94777E-2 3.94623E-1 3.92036E-1 1.91792E-1 1.1541E-1 2.84207E-1 2.72155E-1 1.39518E-1 8.96139E-2
-9999 -9999 -9999 -9999 -9999 -9999 -9999 1.2915E-7 1.70686E-7 1.06148E-4 1.23773E-2 4.11787E-2 2.52512E-3 7.97229E-6 1.08308E-3 1.87125E-2 2.2641E-2 1.90842E-2 7.26368E-3 9.75685E-3 3.58271E-2 3.68938E-2 2.61218E-2 1.49158E-2 7.06964E-3 2.42689E-4 7.83753E-4 8.0738E-4 2.32152E-4 2.86166E-4 4.6688E-3 1.08304E-2 1.03566E-2 1.9178E-2 1.8816E-2 4.97954E-2 7.79626E-2 7.75404E-2 1.111E-1 9.65105E-2 7.24314E-2 1.36938E-1 1.06163E-1 5.1232E-2 8.51041E-2 -9999 -9999 1.88669E-1 8.65354E-2 5.97607E-2 3.42116E-1 4.09261E-1 4.89303E-2 7.43316E-2 1.79447E-1 8.29087E-2 8.14636E-2 1.13844E-1
-9999 -9999 -9999 -9999 -9999 5.72201E-5 2.77117E-4 8.0334E-4 1.7103E-3 8.94683E-3 1.74573E-2 5.88512E-2 2.06738E-2 5.3406E-3 2.37462E-2 3.2304E-2 2.70383E-2 1.58175E-2 2.26454E-3 1.48271E-2 2.89084E-2 2.57566E-2 2.02519E-2 1.32651E-2 6.14245E-3 6.52384E-4 2.26269E-3 5.4617E-3 1.47269E-3 5.73618E-4 3.5101E-3 7.31805E-3 1.15169E-2 3.08865E-2 3.04502E-2 6.88649E-2 8.09245E-2 6.77751E-2 6.40263E-2 4.59469E-2 5.87703E-2 8.16843E-2 4.02227E-2 3.84091E-2 1.33062E-1 -9999 -9999 1.81221E-1 1.05409E-1 -9999 -9999 4.72896E-2 1.97492E-2 2.6899E-2 9.46967E-2 6.40037E-2 1.10213E-1 1.27049E-1
-9999 -9999 -9999 -9999 -9999 5.94313E-3 2.27722E-2 3.44863E-2 3.22158E-2 2.7631E-2 1.95561E-2 4.26625E-2 6.05512E-2 6.2498E-2 4.96984E-2 4.69881E-2 3.67027E-2 1.23962E-2 2.12736E-3 1.29827E-2 2.02861E-2 1.56903E-2 9.02961E-3 1.71477E-2 7.9795E-3 1.36228E-3 4.94425E-3 7.01961E-3 1.15486E-3 9.98824E-4 2.93771E-3 5.70974E-3 3.83032E-3 5.24424E-3 2.72511E-2 6.86657E-2 6.85986E-2 5.12509E-2 4.19387E-2 2.91875E-2 2.4595E-2 8.34567E-2 2.92484E-2 9.41143E-2 1.11165E-1 3.37168E-2 -9999 -9999 -9999 -9999 -9999 2.12308E-1 4.20774E-2 1.14207E-1 2.13434E-1 2.96548E-1 1.83044E-1 1.51218E-1
-9999 -9999 -9999 -9999 -9999 1.15399E-2 5.0702E-2 8.83239E-2 7.90362E-2 6.44137E-2 4.88207E-2 3.01903E-2 3.70909E-2 3.3875E-2 2.43717E-2 4.023E-2 4.08367E-2 2.6881E-2 6.40247E-3 1.38219E-2 6.46256E-3 3.13517E-3 7.1637E-3 1.21862E-2 8.73126E-3 4.40261E-3 1.74167E-2 2.38661E-2 1.13657E-2 9.96542E-3 9.47476E-3 6.37312E-3 9.18975E-3 9.78614E-3 7.79808E-3 6.70357E-2 6.3994E-2 5.24507E-2 6.347E-2 1.99902E-2 1.27502E-2 9.83853E-2 9.3378E-2 1.0347E-1 2.39836E-1 1.01046E-1 -9999 -9999 -9999 -9999 1.93336E-1 2.11314E-1 1.97673E-1 1.81878E-1 2.90295E-1 2.02511E-1 2.47872E-1 2.35021E-1
-9999 -9999 -9999 -9999 -9999 1.60915E-2 5.01143E-2 1.29569E-1 1.48107E-1 1.09825E-1 4.43462E-2 1.61141E-2 1.11691E-2 1.58772E-2 1.68974E-2 2.45804E-2 3.95924E-2 1.99883E-2 9.37044E-3 1.50117E-2 6.20137E-3 4.08301E-3 9.26352E-3 7.4151E-3 7.37434E-3 9.5375E-3 2.40231E-2 2.02587E-2 1.31147E-2 2.32472E-2 2.23433E-2 1.61104E-2 1.55207E-2 1.93315E-2 2.12432E-2 7.44593E-2 9.29826E-2 6.70329E-2 9.39759E-2 1.44975E-2 1.91554E-2 3.2599E-2 1.03186E-1 2.33833E-1 2.90971E-1 1.72147E-1 1.69789E-1 -9999 -9999 1.73886E-1 2.41219E-1 2.15293E-1 2.36561E-1 3.11832E-1 2.16587E-1 1.43636E-1 1.96442E-1 2.42428E-1
-9999 -9999 -9999 -9999 -9999 4.44279E-2 8.56853E-2 1.78861E-1 1.85578E-1 8.45897E-2 2.45846E-2 5.92832E-3 5.10959E-3 7.48236E-3 1.73217E-2 2.23216E-2 1.70137E-2 3.8466E-3 3.26171E-3 5.82243E-3 3.47635E-3 1.70089E-3 4.03719E-3 8.08716E-3 3.99327E-3 2.6259E-3 6.84698E-3 1.16495E-2 5.2498E-3 1.27716E-2 2.30138E-2 2.49189E-2 3.01964E-2 1.5969E-2 3.66505E-2 9.10033E-2 1.20921E-1 7.18424E-2 1.44472E-2 7.85696E-2 5.25408E-2 3.86487E-2 1.06986E-1 1.12813E-1 4.15255E-2 3.608E-2 9.09264E-2 -9999 4.33242E-1 1.61674E-1 6.24911E-2 2.59053E-1 3.38297E-1 3.39804E-1 5.78712E-2 2.13553E-1 1.55125E-1 3.43165E-1
