Phytophthora/models/20240503_1210_48/Phytophthora_PA3_RUN8_MAXENT_outputs/Phytophthora_PA3_RUN8.asc
ncols         113
nrows         135
xllcorner     473009.9838
yllcorner     4429001.1748
cellsize      100.0
NODATA_value  -9999
[rows 104 to 129 of 135, columns 0 to 57 of 113]
-9999 -9999 -9999 -9999 -9999 -9999 -9999 -9999 -9999 -9999 -9999 -9999 -9999 -9999 -9999 -9999 -9999 6.38821E-1 6.81798E-1 4.53926E-1 4.23263E-1 3.43006E-1 3.50047E-1 3.12475E-1 2.364E-1 2.80593E-1 3.95046E-1 6.36164E-1 5.06179E-1 3.50044E-1 6.48261E-1 7.19128E-1 5.76491E-1 3.33294E-1 1.61205E-1 1.87304E-1 2.45956E-1 3.17662E-1 1.67047E-1 5.11466E-2 2.04783E-2 8.30621E-2 5.69731E-1 7.82049E-1 7.28841E-1 3.2758E-1 4.762E-1 5.0016E-1 4.21614E-1 3.65512E-1 2.95512E-1 1.68585E-1 2.11342E-1 3.99098E-1 4.7354E-1 4.98286E-1 5.3987E-1 3.95227E-1
-9999 -9999 -9999 -9999 -9999 -9999 -9999 -9999 -9999 -9999 -9999 -9999 -9999 -9999 -9999 -9999 -9999 -9999 6.13556E-1 6.39545E-1 6.52602E-1 6.6713E-1 6.20636E-1 4.84134E-1 4.34409E-1 4.38587E-1 5.41859E-1 6.54582E-1 3.24376E-1 2.66134E-1 5.57462E-1 7.02273E-1 5.25112E-1 3.23949E-1 2.54269E-2 7.85668E-3 5.96323E-2 7.90978E-2 4.06772E-2 4.1204E-2 4.88635E-2 8.18276E-2 3.17589E-1 5.55969E-1 5.21556E-1 2.30184E-1 4.12231E-1 4.65974E-1 2.51669E-1 2.39477E-1 4.43453E-1 2.92639E-1 2.18305E-1 3.65866E-1 4.45586E-1 3.52461E-1 1.74944E-1 3.49625E-1
-9999 -9999 -9999 -9999 -9999 -9999 -9999 -9999 -9999 -9999 -9999 -9999 -9999 -9999 -9999 -9999 -9999 -9999 6.27165E-1 6.69877E-1 7.49888E-1 8.42362E-1 8.08168E-1 6.65252E-1 5.16171E-1 5.60572E-1 6.58953E-1 5.46029E-1 2.57294E-1 4.8462E-1 6.40638E-1 6.58372E-1 3.88428E-1 8.72275E-2 2.42329E-2 1.46578E-2 1.50036E-2 2.35886E-2 2.20741E-2 1.01652E-1 9.41917E-2 2.41098E-1 4.93423E-1 5.404E-1 4.06692E-1 4.87822E-1 4.57802E-1 6.66518E-1 5.55842E-1 5.3237E-1 4.94682E-1 3.20407E-1 5.04023E-2 3.05478E-1 4.75304E-1 4.99123E-1 3.98147E-1 3.98009E-1
-9999 -9999 -9999 -9999 -9999 -9999 -9999 -9999 -9999 -9999 -9999 -9999 -9999 -9999 -9999 -9999 -9999 -9999 -9999 4.15635E-1 5.2976E-1 8.06266E-1 8.71866E-1 8.46513E-1 8.02531E-1 6.68493E-1 5.56857E-1 2.28561E-1 4.43031E-1 4.06865E-1 3.18086E-1 3.40112E-1 1.90803E-1 4.99572E-2 3.47922E-2 9.31386E-3 9.2504E-3 1.2136E-2 4.7852E-2 1.99324E-1 3.04886E-1 5.59783E-1 7.45499E-1 7.12135E-1 5.70896E-1 4.9525E-1 3.24563E-1 5.53963E-1 5.75529E-1 5.86413E-1 5.70149E-1 1.5835E-1 1.28176E-1 4.70615E-1 5.73638E-1 6.65865E-1 5.83445E-1 4.29941E-1
-9999 -9999 -9999 -9999 -9999 -9999 -9999 -9999 -9999 -9999 -9999 -9999 -9999 -9999 -9999 -9999 -9999 -9999 -9999 -9999 7.70352E-1 7.53393E-1 8.25007E-1 8.49095E-1 7.32078E-1 4.77966E-1 4.83156E-1 3.00063E-1 2.71689E-1 2.20121E-1 1.51465E-1 5.35489E-2 4.94052E-2 6.62357E-2 7.39723E-2 5.71654E-2 5.43213E-2 1.13241E-1 7.73696E-2 2.22878E-1 4.64493E-1 6.84511E-1 7.87775E-1 7.65875E-1 7.39107E-1 6.39914E-1 3.19505E-1 1.4062E-1 1.81749E-1 4.78803E-1 5.41653E-1 3.77486E-1 5.20881E-1 6.55806E-1 5.94344E-1 6.16868E-1 4.56811E-1 2.80403E-1
-9999 -9999 -9999 -9999 -9999 -9999 -9999 -9999 -9999 -9999 -9999 -9999 -9999 -9999 -9999 -9999 -9999 -9999 -9999 -9999 -9999 5.63575E-1 6.6512E-1 6.07841E-1 3.67595E-1 3.97512E-1 5.62779E-1 4.03491E-1 8.90154E-2 3.39665E-2 5.94242E-2 2.85993E-2 1.64486E-2 4.68332E-2 1.62117E-1 2.58783E-1 4.62134E-2 1.45159E-1 2.18989E-1 3.2145E-1 5.06225E-1 6.41541E-1 7.04215E-1 7.55121E-1 7.86286E-1 7.89983E-1 6.93499E-1 2.5315E-1 2.37045E-1 4.56611E-1 5.21146E-1 4.73732E-1 5.97402E-1 5.50016E-1 6.11168E-1 5.45517E-1 4.98631E-1 4.21768E-1
-9999 -9999 -9999 -9999 -9999 -9999 -9999 -9999 -9999 -9999 -9999 -9999 -9999 -9999 -9999 -9999 -9999 -9999 -9999 -9999 -9999 6.54906E-1 7.92946E-1 8.19966E-1 6.05365E-1 5.98401E-1 4.46391E-1 3.61144E-1 1.888E-1 5.21051E-2 2.23961E-2 9.24551E-3 1.10644E-2 3.51404E-2 2.25384E-1 3.84138E-1 2.62463E-1 2.03802E-1 9.77677E-2 1.02687E-1 1.22886E-1 4.6438E-1 4.60985E-1 5.55414E-1 6.72901E-1 6.65752E-1 5.38974E-1 2.58568E-1 2.03925E-1 3.19241E-1 4.12281E-1 5.5596E-1 5.30222E-1 4.66513E-1 5.50193E-1 5.60909E-1 6.47003E-1 6.62666E-1
-9999 -9999 -9999 -9999 -9999 -9999 -9999 -9999 -9999 -9999 -9999 -9999 -9999 -9999 -9999 -9999 -9999 -9999 -9999 -9999 -9999 3.36091E-1 6.55178E-1 5.3416E-1 6.61399E-1 6.2548E-1 4.93933E-1 2.80844E-1 1.22116E-1 1.77928E-2 3.83126E-3 4.57854E-3 1.75935E-2 1.13875E-1 3.09653E-1 5.00367E-1 3.33791E-1 1.67918E-1 4.02581E-1 4.84671E-1 5.00756E-1 1.24286E-1 9.31149E-2 1.07514E-1 1.81693E-1 3.66453E-1 1.02477E-1 7.11508E-2 1.14869E-1 2.34957E-1 3.55916E-1 3.4724E-1 7.9E-2 2.06412E-1 4.44866E-1 4.6867E-1 6.56318E-1 6.65818E-1
-9999 -9999 -9999 -9999 -9999 -9999 -9999 -9999 -9999 -9999 -9999 -9999 -9999 -9999 -9999 -9999 -9999 -9999 -9999 -9999 2.38856E-1 4.48155E-1 2.85245E-1 6.29023E-1 6.84508E-1 5.94384E-1 4.89076E-1 2.02436E-1 6.59151E-2 1.14159E-2 7.68222E-3 9.16994E-3 2.86735E-2 1.79213E-1 1.17774E-1 3.33205E-1 3.57082E-1 1.81913E-1 5.16725E-1 6.52604E-1 5.83954E-1 3.39738E-1 1.60878E-1 2.21312E-1 2.09939E-1 3.38256E-1 1.85762E-1 2.688E-2 1.04873E-2 6.58926E-2 1.94595E-1 9.40546E-2 2.14807E-2 1.04676E-1 3.26227E-1 6.21395E-1 5.95038E-1 4.73082E-1
-9999 -9999 -9999 -9999 -9999 -9999 -9999 -9999 -9999 -9999 -9999 -9999 -9999 -9999 -9999 -9999 -9999 -9999 -9999 -9999 2.68406E-1 3.76953E-1 3.45779E-1 5.69096E-1 4.66921E-1 4.35198E-1 2.04837E-1 1.1205E-1 4.66216E-2 1.88318E-2 1.38823E-2 9.74868E-3 3.00855E-2 2.80995E-1 6.20531E-1 7.46132E-1 7.63325E-1 4.24742E-1 5.3893E-1 6.52827E-1 5.52652E-1 3.93092E-1 2.03547E-1 1.16974E-1 1.30461E-1 1.10415E-1 9.49768E-2 2.15766E-2 1.04415E-2 1.76101E-2 1.93709E-2 4.43117E-2 2.05173E-2 4.0716E-1 6.0234E-1 6.26767E-1 6.80422E-1 4.87678E-1
-9999 -9999 -9999 -9999 -9999 -9999 -9999 -9999 -9999 -9999 -9999 -9999 -9999 -9999 -9999 -9999 -9999 -9999 -9999 -9999 1.63295E-1 2.07791E-1 1.21285E-1 1.32309E-1 2.85782E-1 2.83471E-1 1.39961E-1 3.25233E-2 1.51374E-2 1.39111E-2 6.9127E-2 2.81789E-1 3.06803E-1 3.90018E-1 6.68523E-1 7.89327E-1 7.82373E-1 6.63558E-1 6.09923E-1 6.33776E-1 4.95377E-1 3.67563E-1 3.36731E-1 2.24127E-1 1.55579E-1 1.00523E-1 3.76668E-2 1.89412E-2 1.7934E-2 2.49402E-2 2.78264E-2 5.8086E-2 7.90283E-2 3.49844E-1 6.40801E-1 7.07138E-1 7.16084E-1 5.48326E-1
-9999 -9999 -9999 -9999 -9999 -9999 -9999 -9999 -9999 -9999 -9999 -9999 -9999 -9999 -9999 -9999 -9999 -9999 -9999 -9999 1.45525E-2 1.88368E-2 3.34245E-2 8.9224E-2 2.01716E-1 1.38472E-1 2.90915E-2 3.22351E-3 6.0206E-3 4.45162E-2 3.29081E-1 5.73737E-1 7.18937E-1 7.45396E-1 6.98574E-1 7.97802E-1 7.47968E-1 6.79332E-1 7.32837E-1 7.06471E-1 4.82902E-1 5.71545E-1 6.26953E-1 4.12428E-1 2.9083E-1 2.40594E-1 1.50701E-1 8.39816E-2 7.78622E-2 9.59825E-2 1.51797E-1 1.7114E-1 2.38491E-1 1.04423E-1 4.49383E-1 7.027E-1 6.61531E-1 3.88271E-1
-9999 -9999 -9999 -9999 -9999 -9999 -9999 -9999 -9999 -9999 -9999 -9999 -9999 -9999 -9999 -9999 -9999 -9999 -9999 -9999 6.93639E-4 6.03635E-3 4.80303E-2 6.86887E-2 6.7872E-2 5.27531E-2 9.33345E-3 3.51159E-3 1.10911E-1 2.0337E-1 4.00455E-1 7.18781E-1 7.09014E-1 7.48977E-1 7.24005E-1 6.5505E-1 7.40878E-1 7.75604E-1 7.2494E-1 7.35211E-1 1.28686E-1 1.61381E-1 2.67092E-1 6.10502E-1 4.01506E-1 4.37705E-1 1.40053E-1 2.94706E-1 2.19359E-1 1.8655E-1 2.07066E-1 3.9343E-1 6.09666E-1 2.24586E-1 3.0638E-1 6.72176E-1 7.67431E-1 6.28874E-1
-9999 -9999 -9999 -9999 -9999 -9999 -9999 -9999 -9999 -9999 -9999 -9999 -9999 -9999 -9999 -9999 -9999 -9999 -9999 -9999 -9999 1.22817E-2 1.37441E-1 1.70355E-1 1.6377E-1 1.02234E-1 9.67666E-2 2.26239E-2 1.33354E-1 2.68531E-1 4.48404E-1 5.35694E-1 5.98882E-1 6.0796E-1 5.83367E-1 6.3286E-1 7.01382E-1 6.21353E-1 7.18581E-1 6.11189E-1 2.14766E-1 5.79844E-1 5.66043E-1 3.16427E-1 6.13718E-1 5.71873E-1 3.85073E-1 4.89652E-1 3.87728E-1 2.70456E-1 3.10876E-1 3.75215E-1 6.0525E-1 5.9189E-1 4.77378E-1 4.44213E-1 4.93273E-1 5.03957E-1
-9999 -9999 -9999 -9999 -9999 -9999 -9999 -9999 -9999 -9999 -9999 -9999 -9999 -9999 -9999 -9999 -9999 -9999 -9999 -9999 -9999 1.52172E-2 7.81695E-2 4.14371E-1 3.61836E-1 2.91733E-1 1.82103E-1 1.28538E-1 2.17795E-1 3.0332E-1 3.4938E-1 4.30634E-1 5.17632E-1 6.30197E-1 3.45795E-1 2.74792E-1 2.3938E-1 2.28518E-1 6.76906E-1 5.83187E-1 4.24082E-1 6.71534E-1 7.02608E-1 3.69686E-1 2.92188E-1 2.42567E-1 3.36005E-1 6.45258E-1 4.88561E-1 2.36076E-1 3.04983E-1 4.7086E-1 5.496E-1 6.53382E-1 3.10668E-1 6.00944E-1 6.88328E-1 6.78404E-1
-9999 -9999 -9999 -9999 -9999 -9999 -9999 -9999 -9999 -9999 -9999 -9999 -9999 -9999 -9999 -9999 -9999 -9999 -9999 -9999 -9999 -9999 1.14275E-1 4.61442E-1 4.52081E-1 3.50836E-1 3.14211E-1 1.91815E-1 2.16504E-1 2.95604E-1 3.80209E-1 2.02256E-1 6.55735E-2 1.87206E-1 2.27925E-1 2.27579E-1 6.10871E-1 2.89202E-1 6.82035E-1 6.90148E-1 3.99828E-1 3.24961E-1 5.76691E-1 6.24719E-1 4.97933E-1 3.92227E-1 3.07369E-1 6.66374E-1 5.13341E-1 2.08296E-1 2.38128E-1 2.94935E-1 3.96713E-1 6.38864E-1 5.62195E-1 7.35543E-1 7.08336E-1 6.69772E-1
-9999 -9999 -9999 -9999 -9999 -9999 -9999 -9999 -9999 -9999 -9999 -9999 -9999 -9999 -9999 -9999 -9999 -9999 -9999 -9999 -9999 -9999 9.59846E-2 2.71742E-1 4.59294E-1 5.26402E-1 4.28469E-1 2.30556E-1 2.69276E-1 4.32659E-1 3.81081E-1 2.60926E-1 9.79675E-2 1.99056E-1 2.86006E-1 1.88726E-1 4.09132E-1 2.93189E-1 4.6364E-1 7.91484E-1 7.42155E-1 6.30819E-1 5.12882E-1 6.46738E-1 7.50604E-1 6.65418E-1 3.55561E-1 5.49484E-1 4.00369E-1 2.5383E-1 4.95542E-1 3.07089E-1 6.51185E-1 3.56458E-1 7.44056E-1 7.26939E-1 7.4674E-1 7.20624E-1
-9999 -9999 -9999 -9999 -9999 -9999 -9999 -9999 -9999 -9999 -9999 -9999 -9999 -9999 -9999 -9999 -9999 -9999 -9999 -9999 -9999 -9999 -9999 4.94921E-2 1.68385E-1 5.63441E-1 5.1092E-1 4.03015E-1 4.442E-1 5.17836E-1 2.44823E-1 5.71502E-1 4.51193E-1 2.67004E-1 9.47777E-2 4.98774E-2 3.89405E-1 5.74283E-1 7.0994E-1 8.2988E-1 8.13687E-1 7.66232E-1 6.32362E-1 4.4734E-1 4.56292E-1 3.82694E-1 1.43833E-1 3.52114E-1 1.04031E-1 4.25244E-1 3.1229E-1 6.21739E-1 7.27174E-1 7.13256E-1 6.94437E-1 4.94166E-1 3.26028E-1 4.374E-1
-9999 -9999 -9999 -9999 -9999 -9999 -9999 -9999 -9999 -9999 -9999 -9999 -9999 -9999 -9999 -9999 -9999 -9999 -9999 -9999 -9999 -9999 -9999 1.45629E-1 4.87451E-1 7.39577E-1 6.27757E-1 5.12398E-1 5.20278E-1 6.47246E-1 6.63114E-1 5.40108E-1 3.96565E-1 1.85593E-1 7.76851E-2 8.65734E-2 3.88125E-1 5.85249E-1 7.13132E-1 7.89163E-1 8.20783E-1 8.37754E-1 7.54194E-1 6.33201E-1 4.78901E-1 3.17226E-1 1.27048E-1 1.07744E-1 3.61883E-2 1.70582E-1 3.36106E-1 7.0022E-1 7.59552E-1 7.58839E-1 6.99953E-1 5.32009E-1 7.71168E-2 6.32384E-2
-9999 -9999 -9999 -9999 -9999 -9999 -9999 -9999 -9999 -9999 -9999 -9999 -9999 -9999 -9999 -9999 -9999 -9999 -9999 -9999 -9999 -9999 -9999 2.26953E-1 4.87936E-1 6.62301E-1 5.88828E-1 2.79544E-1 7.15432E-1 6.10397E-1 4.49512E-1 2.83328E-1 1.86856E-1 1.25083E-1 5.24393E-2 6.24426E-2 2.31655E-1 4.33463E-1 6.29176E-1 6.81814E-1 7.66591E-1 8.40132E-1 8.35442E-1 7.73084E-1 6.5791E-1 5.42349E-1 3.678E-1 5.2226E-1 2.82081E-1 2.17433E-1 1.71209E-1 3.8269E-1 2.18449E-1 5.40384E-1 5.71728E-1 4.94449E-1 3.53842E-1 2.84027E-1
-9999 -9999 -9999 -9999 -9999 -9999 -9999 -9999 -9999 -9999 -9999 -9999 -9999 -9999 -9999 -9999 -9999 -9999 -9999 -9999 -9999 -9999 -9999 -9999 -9999 2.72807E-1 4.37292E-1 5.32508E-1 7.60373E-1 5.69633E-1 2.9642E-1 1.52388E-1 1.01695E-1 5.82722E-2 3.29308E-2 3.96267E-2 1.24029E-1 2.28029E-1 3.97305E-1 5.26263E-1 7.09315E-1 7.6729E-1 7.9046E-1 7.4127E-1 6.99879E-1 6.49507E-1 6.38018E-1 5.70644E-1 4.55324E-1 3.28402E-1 5.11273E-1 2.21336E-1 2.39141E-1 5.95952E-1 6.37835E-1 6.41325E-1 6.04629E-1 5.5132E-1
-9999 -9999 -9999 -9999 -9999 -9999 -9999 -9999 -9999 -9999 -9999 -9999 -9999 -9999 -9999 -9999 -9999 -9999 -9999 -9999 -9999 -9999 -9999 -9999 -9999 -9999 2.88277E-1 3.64546E-1 6.31965E-1 5.83289E-1 4.18142E-1 2.12264E-1 8.60149E-2 1.54811E-2 9.16917E-3 1.07626E-2 4.47271E-2 7.17867E-2 1.80615E-1 3.16912E-1 4.86177E-1 5.6726E-1 6.10873E-1 6.46131E-1 6.50385E-1 6.25924E-1 6.37267E-1 6.08794E-1 4.34597E-1 3.28379E-1 5.62279E-1 2.96022E-1 6.09569E-1 7.20694E-1 6.35183E-1 7.47617E-1 7.29148E-1 6.65351E-1
-9999 -9999 -9999 -9999 -9999 -9999 -9999 -9999 -9999 -9999 -9999 -9999 -9999 -9999 -9999 -9999 -9999 -9999 -9999 -9999 -9999 -9999 -9999 -9999 -9999 -9999 -9999 5.04852E-1 7.84407E-1 6.3325E-1 4.28787E-1 1.97657E-1 5.67285E-2 1.32037E-2 3.33546E-3 2.26302E-3 8.72117E-3 1.80705E-2 2.4186E-2 6.75415E-2 1.90596E-1 3.07304E-1 3.74587E-1 4.69114E-1 4.59908E-1 5.23441E-1 5.28573E-1 5.4426E-1 4.19136E-1 4.41877E-1 3.42777E-1 1.09173E-1 4.97614E-1 6.10305E-1 2.82118E-1 2.03593E-1 6.02734E-1 4.95926E-1
-9999 -9999 -9999 -9999 -9999 -9999 -9999 -9999 -9999 -9999 -9999 -9999 -9999 -9999 -9999 -9999 -9999 -9999 -9999 -9999 -9999 -9999 -9999 -9999 -9999 -9999 -9999 1.84504E-1 2.27093E-1 1.35281E-1 1.52771E-1 3.81762E-2 4.17496E-2 9.85841E-3 8.42597E-4 1.2641E-4 3.72611E-4 6.08533E-4 8.41833E-4 6.09053E-3 5.61269E-2 1.03041E-1 2.11571E-1 1.51002E-1 1.79352E-1 2.87107E-1 3.98869E-1 5.05788E-1 6.09024E-1 6.21067E-1 4.72063E-1 5.39122E-1 4.68278E-1 6.54954E-1 5.87552E-1 4.19117E-1 2.55616E-1 4.95498E-1
-9999 -9999 -9999 -9999 -9999 -9999 -9999 -9999 -9999 -9999 -9999 -9999 -9999 -9999 -9999 -9999 -9999 -9999 -9999 -9999 -9999 -9999 -9999 -9999 -9999 -9999 -9999 -9999 -9999 -9999 -9999 1.14393E-2 6.71805E-3 2.11746E-3 2.25825E-4 4.47992E-5 2.86008E-4 6.44205E-4 5.66505E-4 7.53069E-4 2.36308E-3 7.69528E-3 2.72678E-2 3.36099E-2 1.08342E-2 5.90793E-2 2.61696E-1 2.78223E-1 5.55371E-1 5.22205E-1 6.96803E-1 6.23037E-1 4.40421E-1 6.41194E-1 7.62155E-1 7.31383E-1 2.53165E-1 5.91734E-1
-9999 -9999 -9999 -9999 -9999 -9999 -9999 -9999 -9999 -9999 -9999 -9999 -9999 -9999 -9999 -9999 -9999 -9999 -9999 -9999 -9999 -9999 -9999 -9999 -9999 -9999 -9999 -9999 -9999 -9999 -9999 -9999 -9999 2.45292E-3 1.58233E-4 2.78033E-5 3.78418E-5 1.29804E-4 2.56825E-4 5.97642E-4 2.47826E-3 5.27763E-3 1.12336E-2 2.11692E-2 1.52152E-2 5.65308E-2 3.37622E-1 5.32916E-1 5.63863E-1 4.63882E-1 3.54918E-1 3.00951E-1 6.08016E-1 6.44699E-1 7.30334E-1 7.73714E-1 -9999 -9999
