Phytophthora/models/20240503_1210_48/Phytophthora_PA3_RUN2_MAXENT_outputs/Phytophthora_PA3_RUN2.asc
ncols         113
nrows         135
xllcorner     473009.9838
yllcorner     4429001.1748
cellsize      100.0
NODATA_value  -9999
[rows 52 to 77 of 135, columns 0 to 57 of 113]
-9999 -9999 -9999 -9999 -9999 6.05495E-2 1.38175E-1 2.08023E-1 1.42468E-1 4.47104E-2 1.24476E-2 3.68318E-3 3.49745E-3 3.42269E-3 4.21472E-3 3.64066E-3 2.08797E-3 1.24247E-3 1.40978E-3 1.19366E-3 1.21639E-3 6.73433E-4 5.20791E-4 8.31211E-4 1.3416E-3 7.56261E-4 7.72286E-4 3.98444E-4 1.27743E-4 5.0136E-4 2.69445E-3 9.30053E-3 9.09784E-3 9.21475E-3 1.57376E-2 2.40422E-2 1.72096E-2 9.51603E-3 2.86066E-2 7.8557E-2 7.98717E-2 4.9889E-2 4.76756E-2 5.01045E-2 1.98275E-2 4.50096E-2 3.18515E-2 3.09829E-2 1.49705E-1 2.40383E-1 3.01834E-1 3.21662E-1 3.85038E-1 3.40626E-1 1.04061E-1 1.90011E-1 1.14665E-1 2.33389E-1
-9999 -9999 -9999 -9999 -9999 5.58558E-2 3.53263E-1 1.86232E-1 1.28319E-1 5.08379E-2 4.39161E-2 1.55146E-2 1.22537E-2 4.93194E-3 4.17445E-3 3.06574E-3 2.64914E-3 2.90475E-3 2.43571E-3 2.24489E-3 3.53669E-3 2.82868E-3 3.35386E-3 1.24548E-3 1.32673E-3 2.05803E-3 1.35178E-3 1.51685E-4 3.9999E-5 2.2908E-4 2.34465E-3 1.23761E-2 1.56991E-2 8.46785E-3 8.56087E-3 1.11991E-2 5.91186E-3 4.43506E-3 8.04287E-3 3.35425E-2 3.63332E-2 3.78515E-2 2.28405E-2 8.15828E-3 1.25803E-2 2.90729E-2 7.31775E-3 1.59347E-2 1.07913E-1 3.16337E-1 4.59581E-1 4.09618E-1 4.17027E-1 2.15307E-1 1.60521E-1 2.84674E-1 2.0722E-1 2.31233E-1
-9999 -9999 -9999 -9999 1.11203E-3 1.05814E-1 2.96671E-1 1.57868E-1 1.09414E-1 9.21866E-2 8.0377E-2 5.92453E-2 2.83951E-2 1.02196E-2 7.84538E-3 7.0927E-3 1.13581E-2 1.37076E-2 1.30467E-2 1.30748E-2 5.76561E-3 6.80823E-3 6.58095E-3 3.95579E-3 3.43338E-3 5.1399E-3 2.96954E-3 4.24387E-4 9.40017E-5 3.97726E-4 8.83164E-4 4.21119E-3 9.35415E-3 3.7741E-3 5.23803E-3 1.0852E-2 1.40742E-2 7.85662E-3 1.20577E-2 1.50682E-2 2.01063E-2 5.61669E-2 5.39633E-2 1.89706E-2 1.64991E-2 1.77013E-2 1.38336E-2 1.68243E-2 1.07414E-1 2.25688E-1 4.00109E-1 3.44853E-1 1.56131E-1 6.53882E-2 1.78441E-1 3.69115E-1 4.39733E-1 4.27558E-1
-9999 -9999 -9999 1.04976E-1 1.82319E-1 2.36692E-1 2.40963E-1 1.46174E-1 1.7113E-1 1.42895E-1 1.0719E-1 1.07459E-1 6.09844E-2 3.42855E-2 2.89757E-2 2.62639E-2 6.24263E-2 7.52596E-2 8.26866E-2 4.59419E-2 2.11201E-2 1.11955E-2 1.37549E-2 8.65259E-3 4.88017E-3 6.0708E-3 5.29214E-3 1.15795E-3 2.17081E-4 5.29868E-4 2.85707E-3 7.34104E-3 5.79145E-3 1.96067E-3 5.66191E-3 1.79471E-2 2.83725E-2 2.35202E-2 1.37925E-2 3.1366E-2 6.53525E-2 1.25504E-1 9.95571E-2 6.20705E-2 5.62955E-2 4.88999E-2 4.47115E-2 2.00597E-2 3.12204E-2 2.24053E-1 3.88557E-1 2.80442E-1 9.48092E-2 1.57871E-1 2.44099E-1 2.85097E-1 3.33909E-1 3.24653E-1
-9999 -9999 -9999 7.00446E-2 1.26826E-1 2.46864E-1 2.04779E-1 7.6483E-2 1.60768E-1 1.37959E-1 2.49753E-1 1.91875E-1 2.12268E-1 2.07958E-1 1.19133E-1 1.03987E-1 1.33007E-1 1.77508E-1 2.34578E-1 1.09507E-1 4.76299E-2 2.35675E-2 2.50879E-2 1.96022E-2 9.63906E-3 8.14046E-3 9.24147E-3 3.37529E-3 5.19448E-4 8.86704E-4 9.72999E-3 1.66011E-2 4.97149E-3 1.18723E-3 3.56426E-3 1.51202E-2 2.96273E-2 3.76574E-2 1.1503E-2 1.9119E-2 5.90231E-2 9.41828E-2 4.74693E-2 4.48237E-2 5.21432E-2 1.85632E-2 3.53387E-2 1.16551E-2 5.27941E-2 1.63938E-1 3.10298E-1 3.67503E-1 2.60296E-1 2.14036E-1 3.44596E-1 3.50187E-1 4.03842E-1 4.09561E-1
-9999 -9999 -9999 9.21291E-2 2.21822E-1 1.75893E-1 1.22015E-1 5.96731E-2 7.21166E-2 1.77651E-1 3.15445E-1 3.24088E-1 4.00765E-1 2.63562E-1 1.47554E-1 1.15246E-1 1.29472E-1 1.54907E-1 2.07285E-1 1.08118E-1 7.08955E-2 7.44894E-2 8.8438E-2 5.52477E-2 2.99085E-2 2.40356E-2 2.84049E-2 1.47909E-2 4.34739E-3 6.43451E-3 2.93967E-2 2.50376E-2 1.01762E-2 1.15439E-3 1.70561E-3 5.1054E-3 2.31283E-2 3.15824E-2 6.93277E-3 1.2921E-2 4.59494E-2 5.70816E-2 3.77859E-2 2.11386E-2 4.74956E-3 2.17251E-3 1.38372E-2 1.98904E-2 4.04342E-2 4.36857E-2 6.97839E-2 1.15959E-1 1.78828E-1 1.01045E-1 1.09406E-1 2.7753E-1 3.44435E-1 2.49295E-1
-9999 -9999 -9999 4.32881E-2 1.1349E-1 1.08941E-1 4.30922E-2 2.87382E-2 6.01199E-2 1.96055E-1 3.04969E-1 2.83402E-1 2.86491E-1 1.74944E-1 1.08613E-1 5.96813E-2 7.38511E-2 1.21912E-1 1.32871E-1 1.58561E-1 1.66858E-1 1.63583E-1 1.46713E-1 1.04548E-1 5.50906E-2 5.05767E-2 6.77586E-2 6.35847E-2 3.19171E-2 1.0814E-2 1.81804E-2 1.64221E-2 4.5552E-3 2.06384E-4 8.38049E-4 1.20154E-2 6.03112E-2 3.08621E-2 9.78526E-3 1.42335E-2 3.27614E-2 3.15358E-2 2.54633E-2 1.18212E-2 3.03449E-3 2.7952E-3 4.33131E-3 3.30645E-2 1.23706E-1 1.80232E-1 2.07857E-1 2.44362E-1 1.62425E-1 7.70898E-2 3.09942E-2 2.2207E-1 2.37094E-1 2.08915E-1
-9999 -9999 -9999 8.53874E-2 6.3634E-2 8.01418E-2 6.14746E-2 3.95806E-2 6.15773E-2 1.23588E-1 1.48363E-1 7.18161E-2 2.73816E-1 2.51082E-1 1.24924E-1 3.66547E-2 2.69068E-2 4.91891E-2 8.34461E-2 1.96228E-1 1.74014E-1 1.46338E-1 7.54386E-2 4.04879E-2 3.25548E-2 4.55245E-2 5.82184E-2 4.03035E-2 1.8086E-2 1.39501E-2 1.67174E-2 8.66596E-3 2.14553E-3 7.36412E-4 1.85768E-3 1.04942E-2 2.10022E-2 4.03884E-2 3.34846E-2 2.51136E-2 3.31929E-2 3.90259E-2 3.67233E-2 1.2171E-2 1.78342E-2 6.39215E-3 1.09966E-2 7.46455E-2 1.73289E-1 2.14781E-1 1.43474E-1 9.2831E-2 6.05297E-2 4.46799E-2 1.65796E-2 4.61344E-2 1.62216E-1 2.71729E-1
-9999 -9999 -9999 -9999 6.00866E-2 1.85563E-1 1.3974E-1 6.55383E-2 6.3544E-2 1.19642E-1 1.30604E-1 6.44352E-2 2.30483E-1 3.13655E-1 1.11933E-1 4.58789E-2 3.48881E-2 8.84549E-2 1.46965E-1 2.01928E-1 1.1628E-1 6.1688E-2 2.6327E-2 1.93221E-2 2.00374E-2 2.0652E-2 1.50957E-2 9.39152E-3 2.18373E-2 4.02261E-2 3.69206E-2 9.07774E-3 8.31225E-3 2.44446E-3 4.52313E-3 9.93737E-3 1.96645E-2 7.25777E-2 9.01344E-2 8.27715E-2 1.17498E-1 1.12072E-1 9.48455E-2 4.69402E-2 3.20444E-2 1.05883E-2 7.71652E-3 3.81435E-2 1.19109E-1 1.9342E-1 7.14048E-2 3.71435E-2 2.90845E-2 3.41757E-2 2.33972E-2 2.97851E-2 1.51773E-1 2.42919E-1
-9999 -9999 -9999 -9999 -9999 3.79204E-1 1.70778E-1 5.06977E-2 5.34752E-2 1.46172E-1 1.55775E-1 1.48672E-1 2.04686E-1 2.36043E-1 7.8264E-2 3.20036E-2 4.21372E-2 1.20816E-1 2.1362E-1 2.10758E-1 1.14436E-1 3.21878E-2 1.32363E-2 9.92876E-3 2.08397E-2 5.17962E-2 3.35274E-2 1.80501E-2 5.12319E-2 3.882E-2 2.39582E-2 1.06308E-2 2.20827E-2 2.85807E-3 2.10794E-3 9.01852E-3 2.26909E-2 6.92004E-2 1.24426E-1 1.53175E-1 1.59919E-1 1.69397E-1 1.68487E-1 9.06255E-2 5.63406E-2 1.67793E-2 1.03912E-2 5.29899E-2 1.33459E-1 1.09083E-1 4.06586E-2 2.51167E-2 3.77709E-2 4.95912E-2 9.50349E-2 3.99804E-2 1.11664E-1 2.10143E-1
-9999 -9999 -9999 -9999 -9999 -9999 4.12112E-2 2.35776E-2 5.83706E-2 1.2851E-1 1.63495E-1 3.20806E-1 4.0086E-1 1.88016E-1 5.06904E-2 1.53052E-2 1.75458E-2 1.20375E-1 1.56553E-1 1.13963E-1 4.77098E-2 2.34576E-2 1.00233E-2 1.285E-2 2.48032E-2 4.51539E-2 3.00241E-2 2.4284E-2 2.07593E-2 1.29134E-2 1.77554E-2 2.17915E-2 1.60015E-2 8.29857E-3 2.07222E-2 3.51761E-2 5.78005E-2 9.03367E-2 1.20382E-1 1.16636E-1 2.15872E-1 1.54749E-1 2.88176E-1 1.39116E-1 1.03673E-1 4.16863E-2 2.72891E-2 4.372E-2 5.74983E-2 4.49959E-2 3.50038E-2 4.52348E-2 6.27752E-2 7.90441E-2 8.64043E-2 5.32502E-2 1.63353E-1 2.74903E-1
-9999 -9999 -9999 -9999 -9999 -9999 3.40712E-2 3.2516E-2 4.08121E-2 7.67508E-2 3.15141E-1 3.55277E-1 3.36028E-1 8.80951E-2 3.50241E-2 2.69679E-2 3.65377E-2 4.77303E-2 5.03153E-2 4.16901E-2 3.14338E-2 1.93431E-2 1.02795E-2 1.11953E-2 1.44395E-2 2.19941E-2 3.45461E-2 2.42196E-2 9.57297E-3 1.16083E-2 2.35585E-2 5.1387E-2 1.98087E-2 1.69404E-2 7.15048E-2 5.17791E-2 5.02824E-2 4.90509E-2 4.3514E-2 6.80385E-2 1.95952E-1 1.6195E-1 3.45133E-1 1.74632E-1 1.50001E-1 1.1653E-1 3.75798E-2 1.58099E-2 2.47867E-2 4.4909E-2 8.05325E-2 1.50651E-1 1.35229E-1 9.31334E-2 9.2832E-2 1.15371E-1 1.45203E-1 1.95355E-1
-9999 -9999 -9999 -9999 -9999 2.3248E-2 3.62826E-2 2.51491E-2 2.0629E-2 6.33467E-2 2.44869E-1 2.88797E-1 2.09664E-1 7.0435E-2 2.38182E-2 2.00854E-2 1.88934E-2 1.92145E-2 1.55881E-2 2.72167E-2 4.0841E-2 3.89562E-2 2.0586E-2 2.16975E-2 2.64384E-2 4.23613E-2 4.42131E-2 2.6078E-2 1.09657E-2 2.9806E-3 1.27371E-2 6.07509E-2 8.25189E-2 4.14911E-2 1.84755E-1 1.61819E-1 8.79632E-2 8.49926E-2 1.04429E-1 1.99441E-1 3.47817E-1 2.28752E-1 2.55888E-1 1.73299E-1 1.51901E-1 1.20821E-1 7.243E-2 3.6435E-2 3.66068E-2 9.60034E-2 1.10682E-1 1.87017E-1 1.36797E-1 1.00995E-1 9.13456E-2 1.53346E-1 1.85053E-1 2.78668E-1
-9999 -9999 -9999 -9999 8.17114E-6 1.84151E-2 3.70809E-2 1.18613E-2 1.74137E-2 2.359E-2 3.1618E-2 9.29736E-2 7.51532E-2 4.37559E-2 2.86022E-2 1.9397E-2 2.5564E-2 2.64895E-2 2.35914E-2 5.08167E-2 1.25647E-1 1.00395E-1 4.1599E-2 3.7127E-2 6.37868E-2 1.06905E-1 1.10231E-1 1.94807E-2 6.01225E-3 1.89357E-2 3.37144E-2 8.72827E-2 1.08361E-1 7.66538E-2 1.60335E-1 2.11886E-1 2.09194E-1 2.19163E-1 2.96098E-1 4.93058E-1 6.30789E-1 3.70132E-1 3.83658E-1 3.49564E-1 2.07147E-1 8.87206E-2 6.23462E-2 8.21661E-2 7.85738E-2 1.24286E-1 1.11888E-1 1.71349E-1 2.4512E-1 3.44433E-1 2.69544E-1 2.51603E-1 3.83374E-1 2.89671E-1
-9999 -9999 -9999 -9999 1.54571E-6 3.27121E-2 7.35973E-2 2.40188E-2 9.01434E-3 3.24551E-3 1.77966E-2 3.70947E-2 4.37461E-2 4.31801E-2 1.97644E-2 4.56848E-2 5.38554E-2 4.82425E-2 6.38483E-2 1.20691E-1 2.50499E-1 1.50241E-1 8.05207E-2 8.83417E-2 1.36002E-1 1.47763E-1 1.22234E-1 2.4753E-2 1.97982E-2 3.11556E-2 5.84924E-2 7.76259E-2 1.6407E-1 1.31035E-1 2.64317E-1 2.79823E-1 2.93376E-1 2.922E-1 4.03283E-1 5.06562E-1 5.96453E-1 6.011E-1 6.07136E-1 4.82809E-1 1.71857E-1 5.08871E-2 4.64527E-2 1.3311E-1 2.42341E-1 2.85598E-1 3.00761E-1 2.09454E-1 3.70626E-1 3.73027E-1 4.48298E-1 4.52909E-1 3.58642E-1 3.10086E-1
-9999 -9999 -9999 -9999 1.58881E-6 3.16202E-2 8.48095E-2 8.43695E-2 4.40442E-2 5.1785E-3 2.79582E-2 2.54532E-2 3.81625E-2 6.16139E-2 2.51383E-2 1.9578E-2 2.65354E-2 5.30578E-2 1.60797E-1 2.28596E-1 2.59742E-1 2.0827E-1 1.66891E-1 1.86177E-1 1.77611E-1 1.70078E-1 1.07242E-1 3.74749E-2 4.88961E-2 4.56078E-2 6.86876E-2 1.28225E-1 1.09667E-1 2.83304E-1 2.30299E-1 1.83187E-1 1.33674E-1 1.49561E-1 2.46145E-1 3.2819E-1 4.31169E-1 4.82914E-1 5.25178E-1 4.93448E-1 1.34918E-1 3.50149E-2 4.01278E-2 1.72864E-1 2.84049E-1 3.99297E-1 5.28919E-1 4.27177E-1 4.8245E-1 4.78553E-1 5.91046E-1 5.99771E-1 6.26281E-1 2.95155E-1
-9999 -9999 -9999 -9999 1.41835E-6 2.50396E-2 9.30448E-2 1.15658E-1 2.5701E-2 2.64376E-2 5.44296E-2 3.76467E-2 3.84823E-2 1.83463E-2 2.78415E-2 3.3694E-2 5.81314E-2 1.28299E-1 2.01852E-1 3.739E-1 4.02417E-1 3.51902E-1 3.35069E-1 3.11452E-1 1.58636E-1 2.33227E-1 1.35245E-1 7.46972E-2 4.4324E-2 9.04395E-2 1.90366E-1 2.34326E-1 1.70718E-1 2.69835E-1 1.84976E-1 8.02654E-2 5.76201E-2 8.63799E-2 1.51626E-1 3.26364E-1 4.23092E-1 5.12327E-1 2.40614E-1 2.98576E-1 1.20738E-1 3.47882E-2 5.05269E-2 1.33966E-1 2.88133E-1 4.43382E-1 6.3324E-1 7.16998E-1 6.90229E-1 5.14911E-1 6.22867E-1 6.56598E-1 5.04642E-1 3.42686E-1
-9999 -9999 -9999 -9999 4.3789E-7 1.85538E-2 1.37377E-1 6.29812E-2 1.44748E-2 5.08352E-2 3.53198E-2 2.9449E-2 2.66574E-2 2.6557E-2 5.61532E-2 1.27691E-1 9.70419E-2 2.00861E-1 2.77364E-1 4.35156E-1 3.89416E-1 3.15523E-1 2.71307E-1 1.58198E-1 2.18898E-1 3.25971E-1 3.23675E-1 1.80968E-1 6.78579E-2 1.85383E-1 2.64684E-1 1.6244E-1 9.12223E-2 4.28848E-2 9.54767E-2 6.04823E-2 4.663E-2 1.09442E-1 2.42038E-1 3.89699E-1 3.71712E-1 3.75905E-1 1.21963E-1 1.61687E-1 6.24369E-2 3.5784E-2 6.29089E-2 1.52554E-1 3.10083E-1 6.06293E-1 7.38958E-1 5.31019E-1 6.99483E-1 6.19169E-1 3.34616E-1 4.74685E-1 5.58209E-1 5.36897E-1
-9999 -9999 -9999 -9999 2.53368E-7 1.59335E-2 1.57903E-1 3.49377E-2 1.70074E-2 5.52823E-2 5.37109E-2 5.92543E-2 3.31577E-2 2.71261E-2 3.822E-2 1.06977E-1 1.76055E-1 2.40573E-1 2.92812E-1 3.60505E-1 2.68986E-1 1.85129E-1 1.2072E-1 1.05414E-1 1.83364E-1 3.14328E-1 2.70548E-1 2.01488E-1 4.43592E-2 3.28548E-1 3.65252E-1 2.12641E-1 1.062E-1 7.77545E-2 3.02431E-2 1.35083E-2 1.7032E-2 1.72721E-1 3.65213E-1 5.18757E-1 4.17574E-1 2.74042E-1 1.6706E-1 8.7389E-2 3.82216E-2 6.47909E-2 1.18269E-1 1.89325E-1 5.01652E-1 5.68013E-1 6.89556E-1 4.03821E-1 5.3332E-1 3.46911E-1 2.9372E-1 3.90867E-1 5.35896E-1 7.13122E-1
-9999 -9999 -9999 -9999 1.59181E-6 1.54922E-2 8.45931E-2 3.00478E-2 2.68183E-2 3.3187E-2 4.03012E-2 1.20377E-1 1.35412E-1 5.93689E-2 4.67887E-2 7.3266E-2 1.39502E-1 2.08625E-1 2.88994E-1 3.03711E-1 2.27377E-1 2.51297E-1 1.95463E-1 1.74683E-1 1.72326E-1 2.38282E-1 2.03484E-1 1.50466E-1 5.76452E-2 8.44777E-2 2.756E-1 2.49099E-1 2.66964E-1 6.30941E-2 2.37499E-2 4.02246E-2 8.50505E-2 1.09393E-1 4.57345E-1 6.27652E-1 4.37611E-1 2.59694E-1 1.58693E-1 4.00363E-2 4.05349E-2 1.17836E-1 2.14861E-1 2.33576E-1 3.83795E-1 5.25115E-1 5.56158E-1 4.72657E-1 3.54111E-1 2.06673E-1 2.70863E-1 4.36804E-1 5.62993E-1 6.51148E-1
-9999 -9999 -9999 -9999 8.02131E-4 1.23989E-2 2.60192E-2 1.63256E-2 1.08047E-2 1.85505E-2 3.75825E-2 7.55201E-2 1.95261E-1 1.88682E-1 1.62353E-1 1.1726E-1 1.38395E-1 1.83318E-1 1.90899E-1 1.76831E-1 2.09438E-1 2.87966E-1 3.7689E-1 3.23182E-1 2.57563E-1 2.64831E-1 2.89973E-1 2.38033E-1 1.01734E-1 1.86717E-1 1.55944E-1 1.92314E-1 3.27931E-1 1.38723E-1 1.28694E-1 8.50297E-2 1.12828E-1 1.87126E-1 4.05535E-1 6.58005E-1 3.83105E-1 2.3168E-1 1.05689E-1 2.71466E-2 4.53689E-2 7.83417E-2 1.09265E-1 2.37096E-1 5.1445E-1 5.80987E-1 5.68437E-1 2.91442E-1 1.56362E-1 2.27722E-1 4.15298E-1 6.24348E-1 6.53663E-1 6.54232E-1
-9999 -9999 -9999 1.28448E-3 1.42459E-2 1.62478E-2 1.80478E-2 1.2674E-2 6.94609E-3 1.84756E-2 5.07723E-2 7.65459E-2 1.359E-1 3.75531E-1 3.48252E-1 2.83242E-1 2.8051E-1 2.74748E-1 1.69299E-1 9.65235E-2 1.49928E-1 2.72708E-1 4.02452E-1 4.53609E-1 3.71254E-1 2.59252E-1 2.98256E-1 3.0188E-1 1.70034E-1 1.35819E-1 1.37693E-1 1.89426E-1 2.30297E-1 2.02221E-1 1.70198E-1 1.16407E-1 2.31393E-1 4.2018E-1 4.9235E-1 6.34742E-1 3.47232E-1 2.23955E-1 9.39678E-2 2.77295E-2 7.74462E-2 5.36099E-2 5.82134E-2 2.95268E-1 4.85628E-1 4.73794E-1 3.37302E-1 1.85927E-1 9.69928E-2 1.42028E-1 3.71383E-1 6.80097E-1 7.51424E-1 7.35112E-1
-9999 -9999 -9999 4.60013E-3 3.23188E-2 7.22384E-2 5.85694E-2 2.09197E-2 3.85161E-2 8.05213E-2 1.69841E-1 2.10681E-1 3.55831E-1 4.81383E-1 5.61984E-1 5.23148E-1 4.89403E-1 4.10168E-1 2.93226E-1 1.594E-1 2.90274E-1 4.08084E-1 4.85245E-1 6.23294E-1 5.24885E-1 3.93959E-1 3.85409E-1 2.68697E-1 2.29087E-1 1.39454E-1 1.02298E-1 5.69324E-2 1.89182E-1 1.80736E-1 2.03152E-1 1.95575E-1 3.02213E-1 5.30079E-1 6.03909E-1 5.7855E-1 5.24212E-1 4.83282E-1 3.52244E-1 1.65847E-1 1.69041E-1 6.11895E-2 6.77366E-2 3.52233E-1 3.32199E-1 1.74545E-1 2.41607E-1 1.82124E-1 6.85372E-2 9.81257E-2 3.56224E-1 5.80061E-1 6.57463E-1 6.70934E-1
-9999 -9999 2.36531E-3 8.56732E-3 1.07359E-1 3.38738E-1 4.01936E-1 1.96979E-1 3.20405E-1 2.91906E-1 3.75557E-1 4.38795E-1 4.51313E-1 5.77125E-1 6.74374E-1 6.9775E-1 5.57742E-1 4.25641E-1 4.21411E-1 3.27177E-1 4.02808E-1 5.63974E-1 6.8681E-1 7.19709E-1 6.6925E-1 4.68202E-1 2.68319E-1 2.4112E-1 1.81162E-1 1.41165E-1 1.49787E-1 2.42292E-1 2.915E-1 2.16747E-1 2.87004E-1 3.82801E-1 4.10851E-1 4.57616E-1 6.65352E-1 6.40838E-1 7.42902E-1 7.2485E-1 6.03131E-1 3.72778E-1 2.60223E-1 1.96897E-1 2.33982E-1 3.85178E-1 2.6816E-1 2.40389E-1 2.08509E-1 1.41695E-1 6.54818E-2 7.06556E-2 1.75731E-1 4.90404E-1 5.85645E-1 5.48246E-1
-9999 -9999 5.55566E-3 1.195E-1 2.21851E-1 4.6102E-1 5.77446E-1 6.28419E-1 6.44769E-1 6.36896E-1 5.02221E-1 3.32372E-1 3.6393E-1 5.82986E-1 6.70211E-1 7.59974E-1 5.91433E-1 3.77402E-1 4.55783E-1 5.46639E-1 6.12116E-1 6.13773E-1 6.69598E-1 7.33419E-1 6.847E-1 4.33241E-1 2.26618E-1 2.11671E-1 2.04994E-1 1.59976E-1 2.19223E-1 3.43009E-1 2.36681E-1 1.33045E-1 3.35002E-1 4.67843E-1 4.23519E-1 4.53081E-1 5.50791E-1 6.43825E-1 7.22707E-1 7.86398E-1 6.54204E-1 5.381E-1 4.38815E-1 4.40826E-1 5.18239E-1 5.57522E-1 5.49173E-1 4.16461E-1 2.85057E-1 2.07694E-1 2.1253E-1 1.56381E-1 1.66115E-1 4.95056E-1 5.22967E-1 4.7464E-1
-9999 -9999 -9999 1.26672E-1 1.79686E-1 3.84253E-1 6.67171E-1 7.92614E-1 7.9648E-1 8.01132E-1 6.19959E-1 2.29104E-1 1.64226E-1 5.39312E-1 6.6692E-1 7.44826E-1 5.07382E-1 3.91821E-1 5.50872E-1 7.27646E-1 6.83007E-1 5.31978E-1 5.67854E-1 6.52341E-1 5.88653E-1 4.00769E-1 3.46806E-1 3.22878E-1 3.58297E-1 2.42602E-1 2.53131E-1 3.1884E-1 1.04316E-1 9.74054E-2 2.08672E-1 3.71571E-1 4.8763E-1 5.69673E-1 6.70481E-1 6.6055E-1 7.32062E-1 7.60069E-1 7.3147E-1 6.71275E-1 5.51784E-1 5.26661E-1 5.42192E-1 5.27545E-1 5.66252E-1 5.43202E-1 4.29856E-1 3.98331E-1 3.87192E-1 4.59401E-1 4.64852E-1 4.5496E-1 4.05318E-1 3.80065E-1
