Phytophthora/models/20240503_1210_48/Phytophthora_PA3_RUN2_MAXENT_outputs/Phytophthora_PA3_RUN2.asc
ncols         113
nrows         135
xllcorner     473009.9838
yllcorner     4429001.1748
cellsize      100.0
NODATA_value  -9999
[rows 104 to 129 of 135, columns 0 to 57 of 113]
-9999 -9999 -9999 -9999 -9999 -9999 -9999 -9999 -9999 -9999 -9999 -9999 -9999 -9999 -9999 -9999 -9999 6.03515E-1 6.50087E-1 3.5398E-1 4.00236E-1 3.68138E-1 4.32274E-1 3.79746E-1 3.45687E-1 3.48485E-1 3.73498E-1 6.00051E-1 4.95897E-1 4.00488E-1 6.86399E-1 7.03586E-1 5.97215E-1 4.02381E-1 2.27007E-1 2.60679E-1 3.15581E-1 3.77175E-1 2.14366E-1 6.73997E-2 4.21157E-2 1.29186E-1 5.85002E-1 7.20059E-1 7.79747E-1 3.88074E-1 4.65981E-1 5.01848E-1 4.9519E-1 4.4573E-1 3.29261E-1 2.0902E-1 3.05337E-1 4.41723E-1 5.43839E-1 5.91806E-1 5.22121E-1 4.67185E-1
-9999 -9999 -9999 -9999 -9999 -9999 -9999 -9999 -9999 -9999 -9999 -9999 -9999 -9999 -9999 -9999 -9999 -9999 5.54696E-1 4.84603E-1 5.33169E-1 6.35435E-1 6.44352E-1 5.46528E-1 4.94537E-1 4.7886E-1 5.36413E-1 6.58867E-1 3.51902E-1 3.33993E-1 6.15825E-1 7.12139E-1 5.33247E-1 3.98996E-1 5.21961E-2 1.91799E-2 1.00233E-1 1.24742E-1 7.71579E-2 7.04592E-2 7.59106E-2 1.16407E-1 3.95055E-1 6.04385E-1 5.74385E-1 2.95871E-1 3.6777E-1 4.09496E-1 2.66174E-1 2.60131E-1 4.46415E-1 3.70167E-1 2.83108E-1 4.50758E-1 5.7065E-1 4.46308E-1 2.4565E-1 4.38258E-1
-9999 -9999 -9999 -9999 -9999 -9999 -9999 -9999 -9999 -9999 -9999 -9999 -9999 -9999 -9999 -9999 -9999 -9999 6.01124E-1 4.82034E-1 5.77112E-1 7.58899E-1 7.74765E-1 6.87501E-1 5.61974E-1 5.689E-1 6.71282E-1 4.8961E-1 2.83892E-1 4.55273E-1 6.80236E-1 6.66736E-1 3.78029E-1 1.2303E-1 4.46517E-2 3.48951E-2 2.33264E-2 5.36287E-2 5.46757E-2 1.50606E-1 1.10702E-1 2.80246E-1 5.6282E-1 6.33777E-1 4.83766E-1 5.60826E-1 4.39793E-1 6.20942E-1 5.62526E-1 5.5934E-1 5.64236E-1 4.04866E-1 8.46672E-2 4.00642E-1 5.243E-1 5.93334E-1 4.2456E-1 5.0991E-1
-9999 -9999 -9999 -9999 -9999 -9999 -9999 -9999 -9999 -9999 -9999 -9999 -9999 -9999 -9999 -9999 -9999 -9999 -9999 3.33527E-1 4.62154E-1 6.61308E-1 7.94708E-1 7.73457E-1 7.6285E-1 6.11788E-1 5.46619E-1 3.0104E-1 4.03169E-1 4.3081E-1 4.29065E-1 4.27436E-1 2.73791E-1 8.25409E-2 8.073E-2 2.46474E-2 2.27314E-2 3.87368E-2 1.08613E-1 2.66995E-1 3.62641E-1 5.76942E-1 7.73268E-1 7.32528E-1 6.15659E-1 5.13734E-1 3.43302E-1 5.67235E-1 6.07862E-1 6.15192E-1 6.51806E-1 2.50508E-1 1.8306E-1 5.25298E-1 5.72542E-1 6.52667E-1 6.06735E-1 5.04453E-1
-9999 -9999 -9999 -9999 -9999 -9999 -9999 -9999 -9999 -9999 -9999 -9999 -9999 -9999 -9999 -9999 -9999 -9999 -9999 -9999 6.21951E-1 5.94778E-1 7.29983E-1 7.81674E-1 6.23214E-1 5.06193E-1 4.46122E-1 3.29626E-1 2.69412E-1 2.55283E-1 2.00565E-1 6.1553E-2 8.52356E-2 1.07508E-1 1.10464E-1 9.52662E-2 1.01041E-1 1.77973E-1 1.52147E-1 3.06526E-1 4.53673E-1 6.72116E-1 7.72029E-1 7.16798E-1 6.91132E-1 5.83855E-1 3.31429E-1 1.74293E-1 2.21141E-1 5.48145E-1 5.87393E-1 4.00612E-1 4.84665E-1 6.6668E-1 6.09128E-1 6.37415E-1 5.87083E-1 3.95443E-1
-9999 -9999 -9999 -9999 -9999 -9999 -9999 -9999 -9999 -9999 -9999 -9999 -9999 -9999 -9999 -9999 -9999 -9999 -9999 -9999 -9999 4.08236E-1 5.34191E-1 5.29681E-1 4.19551E-1 4.15495E-1 5.89936E-1 4.48511E-1 1.2742E-1 5.4995E-2 9.28978E-2 4.73909E-2 2.5451E-2 4.52431E-2 1.80006E-1 2.50132E-1 5.17346E-2 1.35032E-1 2.21777E-1 3.28075E-1 4.7087E-1 6.18895E-1 6.84102E-1 6.81504E-1 7.22583E-1 7.28374E-1 6.78512E-1 2.50451E-1 2.25968E-1 5.03836E-1 5.64642E-1 4.22288E-1 5.0635E-1 5.21132E-1 5.68094E-1 6.62383E-1 6.44816E-1 5.51711E-1
-9999 -9999 -9999 -9999 -9999 -9999 -9999 -9999 -9999 -9999 -9999 -9999 -9999 -9999 -9999 -9999 -9999 -9999 -9999 -9999 -9999 4.97692E-1 7.24666E-1 8.02247E-1 5.53587E-1 5.74774E-1 4.86062E-1 4.66682E-1 2.81701E-1 1.10134E-1 4.4677E-2 2.25215E-2 2.5086E-2 3.61081E-2 2.24769E-1 3.88367E-1 1.98792E-1 1.63484E-1 8.00655E-2 8.24021E-2 1.0384E-1 4.63173E-1 4.76305E-1 5.19417E-1 6.5327E-1 6.46826E-1 5.68423E-1 2.50497E-1 2.28815E-1 3.85624E-1 4.62088E-1 4.73851E-1 5.20956E-1 3.8035E-1 6.11761E-1 6.67001E-1 6.68718E-1 7.15122E-1
-9999 -9999 -9999 -9999 -9999 -9999 -9999 -9999 -9999 -9999 -9999 -9999 -9999 -9999 -9999 -9999 -9999 -9999 -9999 -9999 -9999 2.38467E-1 5.39874E-1 4.62449E-1 5.2122E-1 6.40458E-1 4.99385E-1 3.05259E-1 2.07634E-1 5.10009E-2 1.35788E-2 1.35529E-2 3.68197E-2 1.31792E-1 2.61848E-1 4.82022E-1 2.63001E-1 1.41632E-1 3.27424E-1 3.69172E-1 4.33141E-1 1.21671E-1 1.14788E-1 1.44387E-1 2.02319E-1 3.26099E-1 1.33429E-1 8.90325E-2 1.60203E-1 2.79988E-1 3.88693E-1 4.07391E-1 1.1082E-1 2.28698E-1 4.82411E-1 5.4439E-1 6.74724E-1 6.64611E-1
-9999 -9999 -9999 -9999 -9999 -9999 -9999 -9999 -9999 -9999 -9999 -9999 -9999 -9999 -9999 -9999 -9999 -9999 -9999 -9999 2.27044E-1 4.20245E-1 2.98158E-1 4.84078E-1 6.63002E-1 6.12269E-1 4.9746E-1 2.67232E-1 1.23134E-1 3.87912E-2 2.47828E-2 2.65289E-2 6.18617E-2 1.71808E-1 1.29635E-1 3.04667E-1 3.48991E-1 1.83014E-1 4.44029E-1 5.73793E-1 4.88184E-1 3.24699E-1 1.5496E-1 2.07484E-1 1.98125E-1 3.53222E-1 2.26793E-1 4.30487E-2 2.29862E-2 8.4087E-2 1.9624E-1 1.23115E-1 4.46266E-2 1.44177E-1 2.88931E-1 6.07371E-1 7.02725E-1 6.41671E-1
-9999 -9999 -9999 -9999 -9999 -9999 -9999 -9999 -9999 -9999 -9999 -9999 -9999 -9999 -9999 -9999 -9999 -9999 -9999 -9999 2.75675E-1 3.80507E-1 3.1261E-1 5.26044E-1 5.17788E-1 4.57418E-1 2.29812E-1 1.90726E-1 9.09383E-2 3.67995E-2 2.70839E-2 1.95245E-2 4.61419E-2 2.47134E-1 5.5984E-1 6.85668E-1 7.22997E-1 3.45736E-1 5.01615E-1 6.01726E-1 4.62974E-1 3.31407E-1 2.05539E-1 1.3222E-1 1.59088E-1 1.62232E-1 1.41891E-1 3.84813E-2 2.04698E-2 2.81767E-2 2.71483E-2 7.4551E-2 4.21226E-2 3.80367E-1 5.06813E-1 6.03804E-1 7.11568E-1 5.90259E-1
-9999 -9999 -9999 -9999 -9999 -9999 -9999 -9999 -9999 -9999 -9999 -9999 -9999 -9999 -9999 -9999 -9999 -9999 -9999 -9999 1.98181E-1 2.05936E-1 1.44901E-1 1.51308E-1 3.55679E-1 3.63679E-1 2.4558E-1 7.78566E-2 3.27499E-2 3.03063E-2 8.99337E-2 3.22018E-1 2.59882E-1 3.20358E-1 5.93711E-1 6.95753E-1 7.31867E-1 6.2384E-1 5.34666E-1 5.3242E-1 4.32659E-1 3.13141E-1 2.80434E-1 2.04403E-1 1.91014E-1 1.51125E-1 8.3072E-2 3.77461E-2 4.01732E-2 5.43522E-2 3.57875E-2 1.2038E-1 1.07579E-1 3.64055E-1 5.74601E-1 6.21418E-1 6.50699E-1 5.99423E-1
-9999 -9999 -9999 -9999 -9999 -9999 -9999 -9999 -9999 -9999 -9999 -9999 -9999 -9999 -9999 -9999 -9999 -9999 -9999 -9999 2.75338E-2 3.42381E-2 5.60549E-2 1.26771E-1 2.99824E-1 2.18739E-1 6.50636E-2 1.03421E-2 1.74363E-2 7.3545E-2 3.55622E-1 5.76817E-1 7.11433E-1 6.94321E-1 6.54457E-1 7.28722E-1 6.84302E-1 6.33298E-1 6.60806E-1 6.14668E-1 4.2706E-1 4.48855E-1 4.98423E-1 3.55176E-1 3.11738E-1 2.89012E-1 2.38013E-1 1.00017E-1 1.27293E-1 1.44786E-1 2.01793E-1 2.51302E-1 3.1314E-1 1.46424E-1 4.20084E-1 6.81729E-1 6.67494E-1 5.03291E-1
-9999 -9999 -9999 -9999 -9999 -9999 -9999 -9999 -9999 -9999 -9999 -9999 -9999 -9999 -9999 -9999 -9999 -9999 -9999 -9999 2.8941E-3 1.4376E-2 9.34672E-2 1.30043E-1 1.51923E-1 1.19261E-1 2.27417E-2 1.25489E-2 1.66218E-1 2.22907E-1 4.01697E-1 6.57141E-1 6.81793E-1 6.99499E-1 6.67287E-1 5.90117E-1 6.44506E-1 7.63195E-1 6.85246E-1 6.47194E-1 1.30779E-1 1.29076E-1 1.94109E-1 4.92735E-1 4.05451E-1 4.16395E-1 1.61749E-1 2.90609E-1 2.58209E-1 2.58368E-1 1.70965E-1 3.63758E-1 5.22088E-1 2.8098E-1 3.17526E-1 6.4138E-1 7.79838E-1 6.97323E-1
-9999 -9999 -9999 -9999 -9999 -9999 -9999 -9999 -9999 -9999 -9999 -9999 -9999 -9999 -9999 -9999 -9999 -9999 -9999 -9999 -9999 2.36957E-2 1.88953E-1 2.57612E-1 2.61762E-1 1.90095E-1 1.63682E-1 4.61481E-2 2.12728E-1 3.75944E-1 4.2372E-1 4.75648E-1 5.93487E-1 5.81222E-1 4.83369E-1 5.57673E-1 7.24943E-1 6.79961E-1 6.50864E-1 5.19216E-1 2.11965E-1 4.13968E-1 3.97601E-1 2.33174E-1 5.07502E-1 4.98448E-1 3.26415E-1 3.76163E-1 4.07711E-1 3.25015E-1 2.15813E-1 2.71817E-1 5.00475E-1 4.84388E-1 3.70717E-1 3.7146E-1 4.68431E-1 4.74048E-1
-9999 -9999 -9999 -9999 -9999 -9999 -9999 -9999 -9999 -9999 -9999 -9999 -9999 -9999 -9999 -9999 -9999 -9999 -9999 -9999 -9999 2.80672E-2 9.62922E-2 4.4224E-1 4.58753E-1 4.0583E-1 3.06058E-1 2.30964E-1 3.0422E-1 3.71082E-1 4.20246E-1 4.56063E-1 5.70278E-1 6.66501E-1 2.82162E-1 2.87926E-1 2.91249E-1 3.01105E-1 6.62627E-1 5.22652E-1 3.35771E-1 6.00508E-1 6.27379E-1 2.91012E-1 2.43967E-1 1.91689E-1 2.92944E-1 5.68743E-1 4.83517E-1 2.74991E-1 2.53058E-1 3.69639E-1 4.56359E-1 5.42398E-1 2.80914E-1 5.00622E-1 6.77574E-1 6.83719E-1
-9999 -9999 -9999 -9999 -9999 -9999 -9999 -9999 -9999 -9999 -9999 -9999 -9999 -9999 -9999 -9999 -9999 -9999 -9999 -9999 -9999 -9999 1.34271E-1 4.97403E-1 4.99074E-1 4.13481E-1 4.27184E-1 3.27022E-1 3.5434E-1 4.38355E-1 4.37538E-1 2.13806E-1 1.0301E-1 2.18114E-1 2.69347E-1 2.71062E-1 5.67094E-1 2.90889E-1 6.69755E-1 6.24617E-1 3.36679E-1 3.01528E-1 4.6249E-1 5.82288E-1 4.65702E-1 3.29539E-1 2.94284E-1 5.62038E-1 4.77793E-1 2.25726E-1 2.43214E-1 2.73015E-1 3.83032E-1 5.0658E-1 4.65279E-1 7.5479E-1 7.34948E-1 7.01848E-1
-9999 -9999 -9999 -9999 -9999 -9999 -9999 -9999 -9999 -9999 -9999 -9999 -9999 -9999 -9999 -9999 -9999 -9999 -9999 -9999 -9999 -9999 1.19341E-1 2.75189E-1 5.48726E-1 5.80072E-1 5.14908E-1 3.4463E-1 3.96313E-1 5.33563E-1 3.90635E-1 2.94328E-1 1.43933E-1 2.8682E-1 3.73543E-1 2.02751E-1 4.18074E-1 3.02158E-1 4.55249E-1 7.72324E-1 7.13588E-1 5.8306E-1 5.21756E-1 6.46715E-1 7.26541E-1 6.57537E-1 3.31661E-1 4.20901E-1 3.74398E-1 2.74485E-1 4.64057E-1 2.87481E-1 5.07696E-1 3.15579E-1 7.11764E-1 7.54875E-1 6.90548E-1 6.80456E-1
-9999 -9999 -9999 -9999 -9999 -9999 -9999 -9999 -9999 -9999 -9999 -9999 -9999 -9999 -9999 -9999 -9999 -9999 -9999 -9999 -9999 -9999 -9999 6.98619E-2 2.20233E-1 6.39326E-1 5.94753E-1 5.0326E-1 5.34123E-1 5.40378E-1 3.28113E-1 5.42692E-1 4.2046E-1 3.35565E-1 1.69073E-1 7.32337E-2 4.61292E-1 6.25845E-1 7.11684E-1 8.31006E-1 8.14795E-1 7.47446E-1 6.17599E-1 5.15358E-1 5.7607E-1 4.89821E-1 1.76402E-1 2.78244E-1 9.0842E-2 3.49728E-1 2.65667E-1 6.29214E-1 6.91788E-1 6.92254E-1 6.54389E-1 4.36982E-1 3.2742E-1 4.75133E-1
-9999 -9999 -9999 -9999 -9999 -9999 -9999 -9999 -9999 -9999 -9999 -9999 -9999 -9999 -9999 -9999 -9999 -9999 -9999 -9999 -9999 -9999 -9999 1.71959E-1 4.56152E-1 7.36787E-1 6.69936E-1 5.88288E-1 5.27258E-1 7.07838E-1 6.87708E-1 5.8578E-1 4.68978E-1 2.72371E-1 1.33748E-1 1.40338E-1 4.44145E-1 6.26518E-1 7.12791E-1 7.58894E-1 8.08246E-1 8.11694E-1 7.38046E-1 6.67434E-1 5.83388E-1 4.12917E-1 1.50155E-1 1.02358E-1 4.93627E-2 1.93665E-1 3.34356E-1 7.28023E-1 7.97347E-1 7.26048E-1 6.51278E-1 4.34202E-1 9.35822E-2 7.72791E-2
-9999 -9999 -9999 -9999 -9999 -9999 -9999 -9999 -9999 -9999 -9999 -9999 -9999 -9999 -9999 -9999 -9999 -9999 -9999 -9999 -9999 -9999 -9999 2.55251E-1 4.65691E-1 6.22459E-1 5.54896E-1 3.26112E-1 7.10677E-1 6.4983E-1 5.39109E-1 3.76501E-1 2.69594E-1 1.77144E-1 1.16636E-1 1.31862E-1 2.98753E-1 4.73848E-1 6.09491E-1 6.30735E-1 7.49833E-1 8.00578E-1 8.07364E-1 8.07538E-1 7.46957E-1 6.1421E-1 3.06967E-1 4.50188E-1 2.50549E-1 2.63567E-1 2.40047E-1 4.36251E-1 2.69102E-1 6.16109E-1 6.11862E-1 5.01942E-1 3.3328E-1 3.08906E-1
-9999 -9999 -9999 -9999 -9999 -9999 -9999 -9999 -9999 -9999 -9999 -9999 -9999 -9999 -9999 -9999 -9999 -9999 -9999 -9999 -9999 -9999 -9999 -9999 -9999 3.31272E-1 4.79095E-1 5.02943E-1 7.80642E-1 6.25827E-1 4.08836E-1 2.5694E-1 1.85575E-1 1.24937E-1 8.97718E-2 9.76155E-2 1.85485E-1 2.96598E-1 4.18973E-1 5.04755E-1 6.8152E-1 7.55264E-1 8.06593E-1 7.943E-1 7.84983E-1 7.21112E-1 6.68419E-1 6.68298E-1 5.43762E-1 3.94518E-1 5.23948E-1 3.01944E-1 2.86407E-1 6.46099E-1 6.75643E-1 6.43593E-1 5.62444E-1 5.38968E-1
-9999 -9999 -9999 -9999 -9999 -9999 -9999 -9999 -9999 -9999 -9999 -9999 -9999 -9999 -9999 -9999 -9999 -9999 -9999 -9999 -9999 -9999 -9999 -9999 -9999 -9999 3.50752E-1 4.07731E-1 6.03877E-1 6.28933E-1 5.06893E-1 2.94893E-1 1.47638E-1 4.96172E-2 3.22329E-2 3.91836E-2 8.43387E-2 1.28503E-1 2.24947E-1 3.36746E-1 4.74644E-1 5.6413E-1 6.38213E-1 6.79194E-1 6.73485E-1 6.73835E-1 7.03211E-1 6.69896E-1 4.94946E-1 4.3549E-1 5.90632E-1 3.574E-1 5.53848E-1 6.91437E-1 7.07807E-1 7.63988E-1 7.52178E-1 7.05601E-1
-9999 -9999 -9999 -9999 -9999 -9999 -9999 -9999 -9999 -9999 -9999 -9999 -9999 -9999 -9999 -9999 -9999 -9999 -9999 -9999 -9999 -9999 -9999 -9999 -9999 -9999 -9999 4.89292E-1 7.67145E-1 6.34706E-1 5.02529E-1 2.8777E-1 1.05338E-1 4.19727E-2 1.6711E-2 1.19445E-2 3.23391E-2 4.43475E-2 5.05015E-2 9.558E-2 2.3328E-1 3.34483E-1 4.1753E-1 4.6897E-1 4.93533E-1 5.51551E-1 5.8525E-1 6.1083E-1 5.25401E-1 5.36086E-1 3.96782E-1 1.71275E-1 3.96988E-1 5.7509E-1 3.48563E-1 2.54054E-1 6.70111E-1 6.20345E-1
-9999 -9999 -9999 -9999 -9999 -9999 -9999 -9999 -9999 -9999 -9999 -9999 -9999 -9999 -9999 -9999 -9999 -9999 -9999 -9999 -9999 -9999 -9999 -9999 -9999 -9999 -9999 2.25429E-1 2.45906E-1 1.63236E-1 1.92543E-1 6.82164E-2 8.94233E-2 3.46976E-2 4.26081E-3 1.14033E-3 2.38381E-3 3.20087E-3 3.62505E-3 1.40522E-2 9.25984E-2 1.38075E-1 2.5802E-1 1.76484E-1 1.82046E-1 3.38149E-1 4.63594E-1 4.99126E-1 6.58893E-1 6.88723E-1 4.69514E-1 5.22835E-1 4.44692E-1 7.28922E-1 6.7033E-1 4.17909E-1 3.00318E-1 6.22643E-1
-9999 -9999 -9999 -9999 -9999 -9999 -9999 -9999 -9999 -9999 -9999 -9999 -9999 -9999 -9999 -9999 -9999 -9999 -9999 -9999 -9999 -9999 -9999 -9999 -9999 -9999 -9999 -9999 -9999 -9999 -9999 3.06952E-2 1.98323E-2 8.33815E-3 1.75441E-3 5.15165E-4 2.42415E-3 4.42307E-3 2.41264E-3 3.11338E-3 7.02931E-3 1.68704E-2 5.06313E-2 6.33129E-2 2.75712E-2 8.33364E-2 2.44267E-1 3.14927E-1 5.39117E-1 6.0625E-1 6.92122E-1 5.72616E-1 3.38276E-1 6.1982E-1 7.64241E-1 7.5613E-1 3.2776E-1 6.67159E-1
-9999 -9999 -9999 -9999 -9999 -9999 -9999 -9999 -9999 -9999 -9999 -9999 -9999 -9999 -9999 -9999 -9999 -9999 -9999 -9999 -9999 -9999 -9999 -9999 -9999 -9999 -9999 -9999 -9999 -9999 -9999 -9999 -9999 8.43782E-3 1.30398E-3 3.40525E-4 5.89732E-4 1.72789E-3 2.33205E-3 2.98922E-3 1.14013E-2 1.40329E-2 3.99894E-2 5.61867E-2 3.36383E-2 8.50188E-2 3.7187E-1 5.77222E-1 5.84449E-1 5.04783E-1 3.6749E-1 3.12101E-1 6.37412E-1 7.01368E-1 7.13383E-1 7.60394E-1 -9999 -9999
