Phytophthora/models/20240503_1210_48/Phytophthora_PA3_RUN2_MAXENT_outputs/Phytophthora_PA3_RUN2.asc
ncols         113
nrows         135
xllcorner     473009.9838
yllcorner     4429001.1748
cellsize      100.0
NODATA_value  -9999
[rows 26 to 51 of 135, columns 0 to 57 of 113]
-9999 -9999 -9999 -9999 -9999 -9999 -9999 -9999 -9999 -9999 2.90163E-3 3.42234E-3 8.79281E-3 9.30967E-3 1.32381E-2 1.34061E-2 3.55319E-2 5.21787E-2 8.3656E-2 5.13088E-2 3.67129E-2 1.27331E-2 1.32412E-2 9.52237E-3 1.6327E-2 2.43386E-2 2.62377E-2 1.77034E-2 7.82012E-3 1.51175E-3 1.25307E-4 2.97419E-4 2.91303E-3 3.7807E-2 3.96493E-2 3.51904E-2 3.89501E-2 2.37227E-2 1.21142E-2 7.84195E-3 1.00333E-2 1.85655E-2 2.74732E-2 -9999 -9999 -9999 -9999 -9999 -9999 -9999 -9999 -9999 -9999 -9999 -9999 -9999 -9999 -9999
-9999 -9999 -9999 -9999 -9999 -9999 -9999 -9999 -9999 -9999 8.49931E-4 1.08785E-3 1.62338E-3 1.88574E-3 2.33977E-3 3.93159E-3 1.70894E-2 3.40497E-2 8.49697E-2 7.24896E-2 2.15169E-2 1.59685E-2 4.12093E-2 5.67857E-2 5.79938E-2 4.42815E-2 5.56944E-2 4.38754E-2 2.01843E-2 2.03673E-3 5.41511E-4 1.0318E-3 7.01473E-3 2.19282E-2 2.04698E-2 1.05459E-2 2.70697E-2 3.70306E-2 2.18722E-2 1.28482E-2 1.87642E-2 3.79774E-2 3.64782E-2 3.02747E-2 3.37971E-2 5.72883E-2 6.56788E-2 -9999 -9999 -9999 -9999 -9999 -9999 -9999 -9999 -9999 -9999 -9999
-9999 -9999 -9999 -9999 -9999 -9999 -9999 -9999 1.97228E-16 3.26034E-8 3.39818E-4 4.43534E-4 2.31153E-4 1.98692E-4 4.51891E-4 1.21967E-3 5.28343E-3 1.86067E-2 3.45444E-2 5.3051E-2 2.42519E-2 3.82895E-2 6.88656E-2 9.03682E-2 8.95427E-2 9.84347E-2 7.59435E-2 6.01242E-2 3.50374E-2 3.30759E-3 1.29475E-3 1.06921E-3 3.01811E-3 5.67082E-3 1.9596E-3 2.46975E-3 6.42395E-3 2.75549E-2 4.84213E-2 3.63203E-2 3.12109E-2 6.36214E-3 1.04215E-2 1.74364E-2 2.13765E-2 3.83032E-2 8.02198E-2 -9999 -9999 -9999 -9999 -9999 -9999 -9999 -9999 -9999 -9999 -9999
-9999 -9999 -9999 -9999 -9999 -9999 5.12063E-11 8.3305E-11 1.7644E-10 4.20421E-6 1.20979E-3 7.81457E-4 1.08869E-3 9.04665E-4 9.02482E-4 1.72725E-3 5.84251E-3 7.70652E-3 1.33162E-2 2.32877E-2 2.84895E-2 5.09131E-2 1.28687E-1 1.81333E-1 2.22918E-1 1.07478E-1 7.09165E-2 2.94454E-2 1.13317E-2 4.35587E-3 4.2925E-3 1.46921E-3 3.04928E-3 4.64993E-3 1.25028E-3 6.0963E-4 1.0082E-3 3.99779E-3 2.30979E-2 4.46717E-2 3.46758E-2 7.73036E-3 1.1481E-2 2.71279E-2 1.85761E-2 2.88337E-2 7.15054E-2 -9999 -9999 -9999 -9999 -9999 -9999 -9999 -9999 -9999 -9999 -9999
-9999 -9999 -9999 -9999 -9999 -9999 8.34158E-7 8.983E-6 4.22885E-5 6.4071E-4 1.61064E-3 1.09552E-3 1.77202E-3 5.06849E-3 7.08132E-3 8.26937E-3 1.14292E-2 7.30584E-3 7.27273E-3 8.52709E-3 1.91037E-2 3.58194E-2 1.39999E-1 2.06814E-1 1.50446E-1 1.01141E-1 7.22528E-2 3.21199E-2 8.69663E-3 4.0346E-3 7.40795E-3 3.67696E-3 4.97307E-3 4.38731E-3 2.65018E-3 1.14071E-3 5.86452E-3 1.14614E-2 2.31665E-2 3.7293E-2 3.24954E-2 1.74697E-2 2.2462E-2 3.00591E-2 1.55067E-2 4.76806E-2 1.22156E-1 1.16337E-1 -9999 -9999 -9999 -9999 -9999 -9999 -9999 -9999 -9999 -9999
-9999 -9999 -9999 -9999 -9999 -9999 1.78083E-7 1.69191E-5 2.3484E-4 4.37944E-4 1.03522E-4 2.21713E-4 3.18654E-3 1.31945E-2 2.79896E-2 2.40988E-2 1.63249E-2 6.40922E-3 2.96771E-3 4.80549E-3 1.58133E-2 3.66171E-2 8.15686E-2 1.80317E-1 1.48181E-1 4.25166E-2 2.21212E-2 4.06855E-2 2.52952E-2 8.43965E-3 7.33485E-3 8.33954E-3 1.03604E-2 4.7659E-3 4.01059E-3 4.61733E-3 7.55132E-3 2.91003E-2 4.0406E-2 2.94631E-2 3.01028E-2 2.23322E-2 1.02055E-2 2.06965E-2 1.87483E-2 4.83448E-2 1.27488E-1 1.38188E-1 1.76397E-1 -9999 -9999 -9999 -9999 -9999 -9999 -9999 -9999 -9999
-9999 -9999 -9999 -9999 -9999 7.79606E-7 2.90698E-6 2.34804E-5 3.39867E-4 1.9961E-4 8.11857E-5 2.42609E-4 2.74417E-3 1.48819E-2 2.38559E-2 1.49832E-2 1.46032E-2 5.31476E-3 2.29563E-3 3.88786E-3 9.67629E-3 4.02522E-2 1.19212E-1 1.87199E-1 6.88617E-2 1.25518E-2 2.97117E-3 3.9293E-3 3.73748E-3 2.44733E-3 3.22768E-3 6.52219E-3 5.76626E-3 2.49852E-3 5.49828E-3 7.99916E-3 1.10944E-2 3.18182E-2 5.18532E-2 1.03624E-2 1.14646E-2 8.82163E-3 4.74109E-3 2.03021E-2 4.77892E-2 3.65703E-2 7.22617E-2 1.06803E-1 1.28296E-1 1.59976E-1 1.73307E-1 -9999 -9999 -9999 -9999 -9999 -9999 -9999
-9999 -9999 -9999 -9999 1.21154E-10 1.21051E-6 4.20809E-6 1.77123E-5 1.16501E-4 1.61399E-4 1.10036E-4 7.41083E-4 4.98515E-3 1.58262E-2 1.79084E-2 1.05234E-2 6.27236E-3 3.81994E-3 2.71848E-3 3.59757E-3 7.42173E-3 3.1342E-2 8.48421E-2 1.14673E-1 7.25111E-2 1.47866E-2 2.1631E-3 7.768E-4 1.18828E-4 2.69394E-4 1.94155E-3 5.56518E-3 6.35405E-3 4.64795E-3 7.64809E-3 1.17572E-2 1.45362E-2 3.4594E-2 2.18722E-2 9.13666E-3 7.94725E-3 7.80053E-3 9.59214E-3 2.6944E-2 7.52158E-2 5.09622E-2 2.33878E-2 8.60734E-2 9.4859E-2 1.10424E-1 1.29406E-1 1.96179E-1 2.09537E-1 -9999 -9999 -9999 -9999 -9999
-9999 -9999 -9999 -9999 9.26156E-11 2.3348E-6 2.86925E-6 1.44882E-5 1.12927E-4 1.66392E-4 1.52329E-4 3.80061E-4 2.54635E-3 1.24321E-2 5.62235E-3 5.40203E-3 3.64648E-3 2.34161E-3 2.76058E-3 3.66101E-3 5.3345E-3 9.32649E-3 2.60017E-2 4.9079E-2 5.19348E-2 1.67823E-2 2.21803E-3 1.18968E-3 5.7534E-5 1.30428E-4 1.9078E-3 5.37577E-3 4.49631E-3 4.2724E-3 1.21685E-2 1.81053E-2 2.22076E-2 3.68475E-2 2.06309E-2 1.40142E-2 1.97074E-2 2.5023E-2 1.93982E-2 2.77733E-2 8.09665E-2 6.28943E-2 5.97909E-2 3.53714E-2 3.96729E-2 7.07599E-2 3.34891E-2 9.47197E-2 2.51237E-1 -9999 -9999 -9999 -9999 -9999
-9999 -9999 -9999 -9999 -9999 -9999 -9999 -9999 2.37317E-4 1.39092E-4 1.13866E-3 1.70751E-3 2.29026E-3 3.01628E-3 3.00573E-3 3.04094E-3 3.2288E-3 2.34929E-3 1.77492E-3 1.7364E-3 1.80515E-3 2.63402E-3 6.97676E-3 1.4737E-2 1.36868E-2 1.1342E-2 1.69068E-3 6.5958E-4 4.46733E-5 1.27562E-4 2.16487E-3 5.05744E-3 2.89811E-3 2.63842E-3 5.42194E-3 8.38118E-3 1.56924E-2 1.48392E-2 9.35346E-3 9.8236E-3 1.80496E-2 1.66364E-2 5.96709E-3 1.18879E-2 3.64032E-2 8.0938E-2 8.56585E-2 7.20794E-2 1.33819E-2 3.45607E-2 3.91641E-2 9.96963E-2 2.47865E-1 3.59103E-1 -9999 -9999 -9999 -9999
-9999 -9999 -9999 -9999 -9999 -9999 -9999 -9999 -9999 -9999 9.68216E-4 1.29949E-3 1.13358E-3 7.84085E-4 1.30515E-3 1.87784E-3 2.44377E-3 2.61939E-3 2.02064E-3 9.05833E-4 1.44326E-3 1.80267E-3 2.79342E-3 4.14288E-3 7.42399E-3 1.32019E-2 5.44299E-3 1.83927E-3 1.25915E-4 2.08198E-4 2.40875E-3 5.8504E-3 2.23673E-3 2.71024E-3 1.04544E-2 1.00944E-2 2.20815E-2 2.6437E-2 1.57123E-2 1.4286E-2 1.61262E-2 1.972E-2 3.70266E-2 7.11491E-2 2.91322E-2 6.32566E-2 1.21922E-1 8.41352E-2 8.41337E-2 7.57927E-2 7.50685E-2 1.53237E-1 2.90978E-1 3.3577E-1 -9999 -9999 -9999 -9999
-9999 -9999 -9999 -9999 -9999 -9999 -9999 -9999 -9999 -9999 -9999 1.35069E-3 7.92547E-4 7.60839E-4 6.90087E-4 1.0039E-3 1.30871E-3 1.00655E-3 7.48675E-4 4.73672E-4 1.03245E-3 1.16257E-3 4.63419E-3 1.03856E-2 2.5569E-2 3.45266E-2 1.42006E-2 6.0816E-3 9.29939E-4 1.04009E-3 1.52782E-3 1.21177E-3 2.2402E-3 4.81925E-3 2.75532E-2 2.75798E-2 2.52308E-2 2.80649E-2 2.31538E-2 2.85205E-2 3.01607E-2 4.63745E-2 7.53352E-2 8.77024E-2 3.84078E-2 5.43048E-2 1.26956E-1 1.65837E-1 7.33425E-2 5.70273E-2 7.93077E-2 1.08252E-1 2.95738E-1 3.32885E-1 3.15083E-1 -9999 -9999 -9999
-9999 -9999 -9999 -9999 -9999 -9999 -9999 -9999 -9999 -9999 -9999 -9999 6.21989E-4 8.5607E-4 6.41109E-4 3.13609E-4 2.29317E-4 1.75935E-4 2.17418E-4 5.99218E-4 1.30855E-3 4.80506E-3 2.13899E-2 3.34869E-2 3.12576E-2 3.21837E-2 1.40378E-2 1.72576E-2 4.77201E-3 1.69804E-3 3.58257E-4 4.76567E-4 3.96467E-3 1.35712E-2 2.76732E-2 3.2114E-2 2.84011E-2 2.42799E-2 1.12432E-2 2.41661E-2 4.76261E-2 7.59648E-2 9.4359E-2 6.14023E-2 1.4364E-1 6.43606E-2 1.73459E-1 1.90292E-1 3.11336E-1 2.18469E-1 1.85606E-1 1.75488E-1 2.81194E-1 2.94739E-1 2.93857E-1 1.95748E-1 1.15787E-1 -9999
-9999 -9999 -9999 -9999 -9999 -9999 -9999 -9999 -9999 -9999 -9999 -9999 -9999 -9999 2.1722E-4 4.1769E-5 4.88265E-5 1.08662E-4 3.94909E-4 1.29964E-3 1.54963E-3 3.35744E-3 1.15212E-2 2.08242E-2 2.17612E-2 2.72178E-2 1.87287E-2 1.0738E-2 1.53772E-3 2.47743E-3 1.07344E-3 3.91877E-4 3.18118E-3 1.0681E-2 2.17571E-2 5.4486E-2 6.2251E-2 3.99805E-2 2.16973E-2 2.15826E-2 4.14979E-2 4.66491E-2 7.65181E-3 7.12731E-2 1.16644E-1 8.83963E-2 1.5132E-1 2.97918E-1 3.13817E-1 2.94517E-1 3.46045E-1 2.52913E-1 2.6468E-1 3.19677E-1 3.17833E-1 2.80332E-1 2.76068E-1 -9999
-9999 -9999 -9999 -9999 -9999 -9999 -9999 -9999 -9999 -9999 -9999 -9999 -9999 -9999 -9999 3.55781E-6 2.20464E-5 3.87445E-4 1.27571E-3 2.31333E-3 2.21742E-3 4.15283E-4 9.87443E-4 2.92326E-3 2.59155E-3 1.46402E-3 9.89348E-4 2.32259E-3 1.66145E-3 6.166E-4 1.3158E-3 2.49668E-4 3.49749E-4 3.2613E-3 7.23593E-3 2.50863E-2 4.45305E-2 2.5274E-2 2.03685E-2 2.63062E-2 1.32352E-2 4.05578E-3 5.01134E-3 1.79279E-2 2.94058E-2 4.02527E-2 7.99014E-2 1.82362E-1 3.1124E-1 1.83615E-1 2.03542E-1 3.00956E-1 2.12899E-1 2.1218E-1 3.79851E-1 1.13849E-1 3.08842E-1 6.9997E-2
-9999 -9999 -9999 -9999 -9999 -9999 -9999 -9999 -9999 -9999 -9999 -9999 -9999 -9999 -9999 -9999 7.82093E-5 2.58302E-4 2.50179E-3 2.30874E-3 5.80054E-4 1.74073E-4 1.79129E-4 2.7501E-4 1.66322E-4 1.15057E-4 1.29231E-4 2.18172E-4 4.75374E-4 1.16583E-4 8.43433E-4 1.29515E-3 3.02091E-4 7.90474E-4 5.34815E-3 1.33181E-2 2.16032E-2 2.86109E-2 4.89448E-2 4.25238E-2 3.17964E-2 4.61865E-3 9.80807E-3 6.29828E-3 1.45394E-2 3.66857E-2 5.63715E-2 1.35719E-1 1.45316E-1 1.96558E-1 2.3972E-1 3.1502E-1 1.43479E-1 1.23978E-1 1.15743E-1 8.37178E-2 7.78475E-2 3.17343E-2
-9999 -9999 -9999 -9999 -9999 -9999 -9999 -9999 -9999 -9999 -9999 -9999 -9999 -9999 -9999 -9999 1.0682E-3 3.08691E-3 6.19672E-3 2.84808E-3 3.39508E-4 1.29777E-4 1.43747E-4 3.40203E-4 3.70198E-4 2.92603E-4 2.21631E-4 4.48695E-4 4.87742E-4 4.2161E-4 1.18533E-3 2.32279E-3 7.39971E-4 7.5078E-4 7.6389E-3 2.7805E-2 4.48711E-2 5.46512E-2 9.13151E-2 7.86285E-2 6.9731E-2 7.04427E-3 1.61208E-2 3.37059E-2 3.08212E-2 5.6663E-2 8.6369E-2 1.25351E-1 1.23636E-1 1.88666E-1 3.14804E-1 2.31876E-1 1.87488E-1 2.56571E-1 2.54346E-1 2.18836E-1 1.46605E-1 1.02121E-1
-9999 -9999 -9999 -9999 -9999 -9999 -9999 -9999 -9999 -9999 -9999 -9999 -9999 -9999 -9999 -9999 2.47271E-3 7.40441E-3 3.29504E-3 1.82511E-3 4.475E-4 4.02881E-4 3.71968E-4 8.91946E-5 2.1501E-4 3.16917E-4 4.25876E-4 8.91664E-4 9.5119E-4 1.41076E-3 1.86847E-3 2.84239E-3 3.18867E-3 2.09082E-3 6.67041E-3 2.66228E-2 5.91558E-2 7.33367E-2 9.87656E-2 8.54737E-2 7.54495E-2 4.04132E-2 7.34033E-2 5.26807E-2 5.49224E-2 7.86573E-2 1.55643E-1 2.00818E-1 2.54709E-1 2.29639E-1 3.44155E-1 2.13265E-1 1.83607E-1 2.5755E-1 2.19509E-1 3.11789E-1 1.63164E-1 1.68614E-1
-9999 -9999 -9999 -9999 -9999 -9999 -9999 -9999 -9999 -9999 -9999 -9999 -9999 -9999 -9999 -9999 5.30069E-3 7.4575E-3 9.55511E-3 5.04368E-3 4.55746E-3 1.47516E-3 1.01699E-3 2.04598E-4 7.95739E-5 5.02906E-5 2.35757E-4 4.72888E-4 4.47934E-4 8.12995E-4 2.05609E-3 3.91877E-3 7.26393E-3 5.64296E-3 7.27812E-3 1.71468E-2 4.67846E-2 8.40797E-2 7.61549E-2 5.18284E-2 5.92402E-2 8.83577E-2 1.422E-1 7.32568E-2 5.15966E-2 8.80537E-2 2.12067E-1 1.74412E-1 1.3978E-1 9.12169E-2 4.15073E-1 2.37918E-1 1.63961E-1 2.3097E-1 2.34463E-1 2.13992E-1 1.53807E-1 1.53456E-1
-9999 -9999 -9999 -9999 -9999 -9999 -9999 -9999 -9999 1.1404E-7 1.58013E-2 6.63209E-2 7.40269E-5 7.26515E-12 1.08243E-4 2.51841E-2 6.66863E-3 6.18528E-3 5.04116E-3 2.5758E-3 1.03239E-2 6.82246E-3 3.94006E-3 6.57558E-4 2.01078E-4 2.10368E-5 5.02608E-5 8.63273E-5 1.12402E-4 8.80256E-5 1.14177E-3 2.91783E-3 5.45047E-3 6.24483E-3 5.32537E-3 1.14239E-2 2.37794E-2 3.81724E-2 9.48619E-2 7.19712E-2 4.20433E-2 8.85932E-2 1.32162E-1 3.51816E-2 6.92038E-2 -9999 -9999 1.07537E-1 2.43416E-2 3.139E-2 3.48437E-1 3.91704E-1 2.27799E-1 1.47669E-1 2.87031E-1 2.3464E-1 1.29094E-1 9.1993E-2
-9999 -9999 -9999 -9999 -9999 -9999 -9999 1.15822E-11 2.10557E-11 5.84719E-6 1.76093E-2 7.05216E-2 4.76829E-4 2.70838E-9 1.37756E-4 3.69318E-2 6.20087E-3 4.69436E-3 1.19652E-3 2.37659E-3 1.39319E-2 2.0497E-2 8.54373E-3 2.22233E-3 6.10478E-4 1.92364E-5 4.17194E-5 4.47324E-5 1.24239E-5 2.56785E-5 6.19535E-4 2.21739E-3 2.27193E-3 4.45128E-3 4.46749E-3 1.0124E-2 2.09801E-2 3.59064E-2 7.10415E-2 6.03783E-2 5.17279E-2 9.6275E-2 6.09083E-2 3.41999E-2 5.22861E-2 -9999 -9999 1.12401E-1 5.06358E-2 4.28773E-2 2.401E-1 3.60577E-1 4.76116E-2 7.75654E-2 1.6173E-1 6.78655E-2 7.82464E-2 1.18201E-1
-9999 -9999 -9999 -9999 -9999 9.64781E-6 5.18246E-5 2.44911E-4 7.45124E-4 1.03179E-2 3.41858E-2 6.60753E-2 2.99225E-2 2.93017E-3 4.2E-2 3.80575E-2 6.48236E-3 2.42902E-3 3.21218E-4 2.18433E-3 1.02713E-2 1.33444E-2 7.19836E-3 3.44774E-3 9.00367E-4 8.86908E-5 1.79265E-4 4.92107E-4 1.7994E-4 7.59128E-5 5.70382E-4 1.6819E-3 2.87629E-3 9.06091E-3 8.94324E-3 1.91318E-2 2.28945E-2 3.2272E-2 4.56354E-2 3.56546E-2 3.6729E-2 5.4164E-2 2.74469E-2 2.70857E-2 7.8419E-2 -9999 -9999 1.60592E-1 7.00797E-2 -9999 -9999 5.18879E-2 2.31051E-2 2.15999E-2 6.62007E-2 4.99569E-2 1.03182E-1 1.29287E-1
-9999 -9999 -9999 -9999 -9999 7.38876E-3 2.61121E-2 3.89747E-2 2.76427E-2 2.15776E-2 1.70697E-2 3.5779E-2 3.2014E-2 6.76494E-2 3.37287E-2 1.65702E-2 7.95316E-3 1.32574E-3 1.98383E-4 2.01325E-3 6.61178E-3 7.58818E-3 3.76172E-3 5.65631E-3 1.74217E-3 3.13789E-4 5.93184E-4 1.24261E-3 2.86251E-4 2.24589E-4 6.6844E-4 1.16278E-3 1.11421E-3 2.39194E-3 1.0181E-2 1.95166E-2 2.60961E-2 2.70764E-2 3.38132E-2 2.38922E-2 1.87204E-2 5.75407E-2 2.19124E-2 6.23465E-2 8.93825E-2 3.79795E-2 -9999 -9999 -9999 -9999 -9999 1.58037E-1 3.88305E-2 6.01833E-2 1.27944E-1 2.13357E-1 1.48713E-1 1.41404E-1
-9999 -9999 -9999 -9999 -9999 1.45605E-2 4.74301E-2 5.91675E-2 2.84883E-2 2.45639E-2 2.00908E-2 1.31634E-2 1.26283E-2 1.30898E-2 7.86666E-3 8.75856E-3 6.56021E-3 3.15053E-3 5.76298E-4 2.18201E-3 1.69335E-3 1.42807E-3 2.92369E-3 5.23629E-3 2.46297E-3 1.06016E-3 3.24537E-3 3.64705E-3 1.52596E-3 1.46975E-3 1.89589E-3 1.40645E-3 2.54816E-3 3.13425E-3 2.96063E-3 2.44057E-2 3.28113E-2 3.82171E-2 6.07452E-2 2.03458E-2 1.4696E-2 7.21097E-2 7.43376E-2 9.33088E-2 1.78084E-1 9.0581E-2 -9999 -9999 -9999 -9999 2.16782E-1 2.27675E-1 1.67275E-1 1.12933E-1 1.99616E-1 1.63604E-1 1.82259E-1 1.85866E-1
-9999 -9999 -9999 -9999 -9999 2.32321E-2 6.51751E-2 1.3311E-1 1.22668E-1 6.65559E-2 1.82256E-2 5.71678E-3 4.27717E-3 5.59578E-3 4.60496E-3 4.49091E-3 4.39026E-3 1.60138E-3 8.91225E-4 2.30041E-3 1.03288E-3 1.04165E-3 3.1408E-3 4.31752E-3 3.50009E-3 1.89117E-3 4.08849E-3 3.06348E-3 1.7262E-3 3.42551E-3 3.78412E-3 2.99452E-3 4.17578E-3 6.08899E-3 6.68914E-3 2.78258E-2 5.25952E-2 5.12225E-2 7.81738E-2 1.23513E-2 2.29849E-2 3.40979E-2 8.2108E-2 1.92877E-1 1.82682E-1 1.35295E-1 1.67053E-1 -9999 -9999 1.66545E-1 2.54713E-1 2.29138E-1 2.3557E-1 2.48549E-1 1.90926E-1 8.61405E-2 1.7367E-1 1.61367E-1
-9999 -9999 -9999 -9999 -9999 6.35386E-2 1.2132E-1 2.11861E-1 2.23226E-1 7.05508E-2 1.09513E-2 1.56285E-3 1.73491E-3 2.44123E-3 4.32125E-3 3.59086E-3 2.40328E-3 5.2438E-4 5.32451E-4 8.62839E-4 5.0886E-4 2.88172E-4 1.28333E-3 4.4263E-3 2.23055E-3 1.18488E-3 1.14309E-3 1.68227E-3 4.92101E-4 1.38022E-3 3.11747E-3 4.81506E-3 7.11045E-3 4.86187E-3 1.48663E-2 4.8389E-2 6.39884E-2 6.31002E-2 1.34695E-2 6.27118E-2 5.96605E-2 4.50752E-2 8.97935E-2 1.11329E-1 3.76982E-2 3.61855E-2 1.0644E-1 -9999 4.08412E-1 1.52312E-1 7.346E-2 2.58822E-1 3.06727E-1 3.03899E-1 6.03887E-2 2.1015E-1 1.37983E-1 3.11771E-1
