Phytophthora/models/20240503_1210_48/Phytophthora_PA3_RUN2_MAXENT_outputs/Phytophthora_PA3_RUN2.asc
ncols         113
nrows         135
xllcorner     473009.9838
yllcorner     4429001.1748
cellsize      100.0
NODATA_value  -9999
[rows 78 to 103 of 135, columns 0 to 57 of 113]
-9999 -9999 -9999 1.32782E-2 8.64186E-2 3.47321E-1 7.07402E-1 8.12714E-1 8.46395E-1 8.18001E-1 5.31049E-1 3.78497E-1 4.80831E-1 5.98538E-1 6.17132E-1 5.07441E-1 4.58032E-1 5.35101E-1 7.85427E-1 7.91254E-1 6.71095E-1 3.71801E-1 4.55004E-1 5.13455E-1 5.31343E-1 5.43341E-1 5.95218E-1 5.21571E-1 4.36967E-1 3.56975E-1 2.564E-1 2.58923E-1 8.81098E-2 6.09732E-2 1.54717E-1 4.26057E-1 5.06632E-1 5.33377E-1 5.95758E-1 6.38857E-1 7.82978E-1 7.32637E-1 7.43308E-1 7.53159E-1 6.30579E-1 6.22487E-1 4.04528E-1 5.1289E-1 6.02467E-1 6.05916E-1 5.30292E-1 4.85632E-1 5.13108E-1 5.2999E-1 5.20545E-1 5.55571E-1 3.42468E-1 2.87545E-1
-9999 -9999 -9999 -9999 9.06174E-2 3.78874E-1 6.70513E-1 7.24864E-1 7.65638E-1 7.30578E-1 5.21463E-1 5.98923E-1 7.16273E-1 7.19243E-1 6.23952E-1 4.36063E-1 4.9275E-1 6.06624E-1 6.95505E-1 5.98361E-1 5.26234E-1 2.96082E-1 2.5662E-1 2.76695E-1 5.09526E-1 6.47782E-1 6.62214E-1 5.88546E-1 4.88049E-1 2.94505E-1 2.14627E-1 2.19209E-1 1.3745E-1 1.26827E-1 2.70559E-1 4.73085E-1 5.58818E-1 5.8362E-1 3.93095E-1 6.34355E-1 7.8571E-1 7.42397E-1 7.30508E-1 7.52224E-1 7.33646E-1 5.82856E-1 2.64851E-1 4.58895E-1 5.71987E-1 4.90708E-1 4.95787E-1 5.24271E-1 6.08131E-1 5.7E-1 2.88273E-1 2.92966E-1 3.42003E-1 1.59286E-1
-9999 -9999 -9999 7.17443E-3 1.16003E-1 3.57117E-1 7.65975E-1 8.21023E-1 7.85373E-1 7.74284E-1 5.72641E-1 5.85732E-1 7.08311E-1 7.07608E-1 4.41595E-1 3.31251E-1 5.07835E-1 5.59217E-1 5.57985E-1 5.04569E-1 4.32153E-1 2.4412E-1 2.83261E-1 2.43421E-1 3.17086E-1 5.45046E-1 6.18384E-1 5.59266E-1 1.25003E-1 2.51848E-1 1.36728E-1 1.16484E-1 2.23453E-1 4.13306E-1 5.08255E-1 4.95913E-1 6.49382E-1 5.76743E-1 4.32735E-1 6.30107E-1 6.45318E-1 6.06609E-1 6.23279E-1 6.64858E-1 6.59601E-1 4.19639E-1 2.64326E-1 3.19494E-1 4.99857E-1 5.23004E-1 4.16639E-1 3.90785E-1 3.57017E-1 3.38457E-1 1.89167E-1 4.13348E-2 1.13741E-1 5.25208E-2
-9999 -9999 7.39391E-3 8.89294E-3 8.98213E-2 3.50301E-1 7.17185E-1 7.88799E-1 7.12836E-1 7.19674E-1 6.08042E-1 5.24683E-1 6.29748E-1 6.21984E-1 3.34007E-1 3.30101E-1 5.21498E-1 6.39722E-1 6.52954E-1 6.06402E-1 5.42507E-1 3.0505E-1 3.46882E-1 2.13563E-1 2.82403E-1 4.07702E-1 4.59977E-1 5.1186E-1 2.8717E-1 1.63109E-1 2.18078E-1 1.34716E-1 5.69419E-1 5.36717E-1 3.48861E-1 3.92596E-1 5.77694E-1 4.44969E-1 5.01977E-1 5.00945E-1 4.9051E-1 5.64533E-1 6.41373E-1 6.59507E-1 5.92605E-1 2.14159E-1 7.69219E-2 1.69041E-1 2.40282E-1 3.41331E-1 4.08147E-1 2.91805E-1 1.96933E-1 2.24974E-1 7.50242E-2 1.1022E-2 8.80683E-3 6.25277E-3
-9999 -9999 2.62266E-3 4.45458E-2 9.12728E-2 2.79849E-1 4.5155E-1 4.48846E-1 6.90411E-1 7.48503E-1 5.56195E-1 5.04624E-1 4.70718E-1 3.99212E-1 2.24287E-1 2.32711E-1 3.83109E-1 5.00061E-1 5.94235E-1 7.23894E-1 6.08954E-1 4.46994E-1 5.14788E-1 3.81299E-1 2.70962E-1 3.18921E-1 3.64313E-1 2.90057E-1 1.89931E-1 2.02144E-1 3.18354E-1 4.87063E-1 6.24301E-1 4.41109E-1 4.44694E-1 6.96612E-1 6.25076E-1 3.66701E-1 4.23141E-1 6.65902E-1 4.27252E-1 5.68493E-1 6.36433E-1 6.43275E-1 5.0799E-1 2.97143E-1 1.61151E-1 3.13226E-1 3.77072E-1 2.7909E-1 2.35365E-1 1.45916E-1 1.9503E-1 1.66403E-1 2.68027E-2 7.72791E-3 1.34149E-2 8.58921E-2
-9999 -9999 1.4491E-4 1.08695E-1 3.8549E-1 3.04565E-1 2.12425E-1 3.38962E-1 4.30961E-1 2.09847E-1 3.34689E-1 2.84359E-1 2.45411E-1 2.46413E-1 2.34512E-1 3.37572E-1 4.8807E-1 5.77696E-1 5.62539E-1 5.8942E-1 5.03749E-1 5.7267E-1 5.37168E-1 4.11174E-1 2.66078E-1 2.41946E-1 3.1215E-2 9.63577E-2 1.63888E-1 4.68675E-1 6.19E-1 6.73406E-1 6.74027E-1 5.65236E-1 5.69179E-1 7.79013E-1 7.19887E-1 6.84335E-1 3.97724E-1 6.50022E-1 5.51198E-1 5.01594E-1 5.26747E-1 5.2794E-1 4.90222E-1 3.33558E-1 3.23542E-1 3.81155E-1 3.60223E-1 2.00913E-1 2.21221E-1 1.19255E-1 1.051E-1 3.4498E-2 1.00758E-2 3.38644E-2 5.88692E-2 1.37395E-1
-9999 -9999 3.47826E-3 2.0152E-1 3.93692E-1 3.40182E-1 2.01335E-1 2.74113E-1 1.64451E-1 8.59572E-2 1.3607E-1 1.40281E-1 2.07088E-1 2.94561E-1 4.23063E-1 5.53707E-1 6.00963E-1 5.60487E-1 4.69734E-1 4.75265E-1 2.64647E-1 3.23398E-1 3.51254E-1 3.07032E-1 1.52772E-1 9.26289E-2 5.72315E-2 7.94289E-2 2.42339E-1 5.56155E-1 7.24928E-1 7.53603E-1 7.26323E-1 5.06835E-1 6.79527E-1 7.20106E-1 7.34789E-1 7.56028E-1 7.08175E-1 7.02067E-1 4.45515E-1 5.40346E-1 4.9133E-1 4.69733E-1 3.068E-1 3.38693E-1 4.8896E-1 5.1733E-1 4.77308E-1 4.18684E-1 2.97424E-1 1.74474E-1 6.29284E-2 2.38926E-2 7.76302E-2 2.04869E-1 1.53159E-1 3.33131E-1
-9999 9.44702E-4 2.75776E-2 1.82329E-1 4.63608E-1 3.81129E-1 2.23782E-1 1.37821E-1 8.59861E-2 5.49314E-2 1.09606E-1 2.31772E-1 3.67324E-1 5.77784E-1 6.14926E-1 5.7754E-1 5.19957E-1 4.47513E-1 4.3368E-1 3.55723E-1 1.7627E-1 1.87093E-1 2.19051E-1 1.65677E-1 9.42143E-2 1.131E-1 8.11397E-2 2.09885E-1 3.7496E-1 4.89243E-1 6.1507E-1 4.49014E-1 3.54123E-1 5.24579E-1 7.11091E-1 6.69082E-1 2.88759E-1 5.78894E-1 5.56215E-1 6.74827E-1 7.02361E-1 6.10757E-1 4.83949E-1 4.53167E-1 2.87631E-1 2.97712E-1 5.30558E-1 6.15366E-1 5.66781E-1 5.72236E-1 4.09519E-1 2.31126E-1 1.86995E-1 2.05888E-2 7.01593E-2 3.18208E-1 3.8286E-1 4.88433E-1
-9999 1.34548E-2 5.97666E-2 1.94764E-1 3.29509E-1 2.30868E-1 1.79841E-1 1.01408E-1 5.85334E-2 9.57762E-2 1.77388E-1 3.88277E-1 4.19859E-1 6.576E-1 5.49359E-1 5.08147E-1 4.8975E-1 3.78597E-1 2.98579E-1 2.49919E-1 1.87209E-1 1.20622E-1 1.0669E-1 1.01663E-1 1.23376E-1 1.27411E-1 1.82869E-1 3.3184E-1 4.66908E-1 4.7382E-1 4.07355E-1 1.86739E-1 3.46294E-1 5.01944E-1 5.09767E-1 5.18455E-1 4.89807E-1 4.66831E-1 4.21465E-1 5.56223E-1 7.36949E-1 5.25385E-1 5.02438E-1 5.53742E-1 3.99507E-1 4.36827E-1 5.70172E-1 5.85465E-1 5.38348E-1 4.32594E-1 3.9159E-1 3.03363E-1 2.20641E-1 3.43616E-2 5.63378E-2 3.9079E-1 4.16797E-1 4.79467E-1
1.24781E-2 4.86147E-2 4.41696E-2 8.80735E-2 3.97489E-1 3.1992E-1 3.11675E-1 1.98384E-1 1.22336E-1 2.37595E-1 3.85282E-1 4.35016E-1 4.55182E-1 6.42983E-1 4.47825E-1 3.2445E-1 3.25727E-1 2.34424E-1 2.66243E-1 2.90054E-1 2.50901E-1 1.56121E-1 1.27793E-1 9.03962E-2 1.2997E-1 2.25341E-1 3.87558E-1 3.5714E-1 2.43978E-1 3.82072E-1 1.89645E-1 1.84972E-1 4.28633E-1 5.25827E-1 4.65815E-1 5.29506E-1 7.51197E-1 5.49837E-1 4.74695E-1 6.89585E-1 6.74681E-1 3.38281E-1 5.93506E-1 6.51102E-1 5.50752E-1 5.65307E-1 5.01788E-1 3.05649E-1 1.81376E-1 5.92343E-1 4.52123E-1 2.60386E-1 1.4875E-1 7.29536E-2 2.00457E-1 4.802E-1 4.12494E-1 4.79096E-1
2.03236E-2 5.13334E-2 7.36354E-2 1.95807E-1 3.98004E-1 3.18456E-1 3.57496E-1 2.31145E-1 2.13543E-1 4.22889E-1 4.37381E-1 5.61806E-1 5.27588E-1 6.3629E-1 5.66711E-1 3.04471E-1 2.19169E-1 2.61102E-1 3.73047E-1 3.99965E-1 2.99399E-1 1.49164E-1 1.78677E-1 1.46539E-1 1.33593E-1 3.90609E-1 5.10657E-1 2.87299E-1 1.12463E-1 1.5626E-1 3.39067E-1 4.18588E-1 4.2927E-1 5.15788E-1 4.41002E-1 4.5436E-1 3.48135E-1 3.47871E-1 5.48397E-1 8.07909E-1 7.44932E-1 5.5531E-1 6.69275E-1 6.59903E-1 7.39654E-1 5.97672E-1 2.0959E-1 1.32604E-1 2.6779E-1 6.13633E-1 3.92307E-1 2.47097E-1 9.45736E-2 1.32162E-1 4.08069E-1 4.49063E-1 4.63678E-1 3.71414E-1
-9999 8.75258E-2 1.88507E-1 5.13434E-1 3.60785E-1 2.34034E-1 4.51447E-1 3.66327E-1 2.82553E-1 4.88701E-1 5.6535E-1 3.68725E-1 1.34241E-1 6.34402E-1 7.26729E-1 5.78543E-1 3.05085E-1 2.5383E-1 3.82069E-1 4.69545E-1 4.1844E-1 2.57334E-1 3.65217E-1 2.05828E-1 1.91416E-1 4.80765E-1 2.97989E-1 4.37881E-1 4.72229E-1 3.47019E-1 4.19819E-1 6.47551E-1 6.88304E-1 5.16248E-1 5.06826E-1 6.3344E-1 3.4756E-1 3.44469E-1 5.93317E-1 8.04677E-1 7.00716E-1 4.96564E-1 6.1353E-1 7.66564E-1 7.33445E-1 6.73225E-1 2.42858E-1 1.23133E-1 6.60927E-1 5.88864E-1 3.04446E-1 2.62278E-1 5.51561E-2 3.3192E-1 5.46103E-1 5.47395E-1 5.12527E-1 3.58201E-1
-9999 2.33548E-1 4.82862E-1 5.99603E-1 4.78963E-1 2.3115E-1 3.40114E-1 3.06697E-1 3.7553E-1 5.19283E-1 5.44728E-1 4.83569E-1 3.69342E-1 6.48201E-1 7.12503E-1 5.26619E-1 3.03433E-1 2.62854E-1 2.33755E-1 2.68077E-1 3.0486E-1 3.17303E-1 2.40679E-1 1.68698E-1 3.89707E-1 4.52818E-1 5.49853E-1 6.93745E-1 6.28768E-1 2.88858E-1 3.14629E-1 6.22531E-1 7.03305E-1 4.18651E-1 5.98775E-1 6.49888E-1 5.17547E-1 4.59731E-1 6.98101E-1 7.2285E-1 5.98787E-1 2.68333E-1 4.31816E-1 6.50265E-1 7.12804E-1 6.54348E-1 2.51644E-1 2.15933E-1 6.37003E-1 6.85793E-1 5.08296E-1 2.91493E-1 1.33828E-1 4.61954E-1 5.9671E-1 5.90968E-1 5.21528E-1 4.66657E-1
-9999 -9999 -9999 2.2867E-1 2.24265E-1 2.4377E-1 4.71971E-1 4.57334E-1 3.16806E-1 4.44093E-1 4.95673E-1 2.49888E-1 2.01403E-1 3.55262E-1 5.60812E-1 4.16171E-1 4.10932E-1 2.87031E-1 1.79086E-1 2.42848E-1 9.69074E-2 1.11456E-1 1.88918E-1 2.55595E-1 1.38667E-1 1.97311E-1 5.87564E-1 5.87684E-1 4.40651E-1 3.95102E-1 3.99045E-1 1.75252E-1 4.65375E-1 5.00175E-1 6.35634E-1 5.95971E-1 5.29966E-1 4.71408E-1 6.18653E-1 4.09144E-1 2.38457E-1 1.78959E-1 3.39741E-1 5.52408E-1 7.14669E-1 3.67837E-1 8.84836E-2 4.87491E-1 6.22647E-1 6.00264E-1 5.48584E-1 4.48915E-1 5.05956E-1 6.15496E-1 6.34641E-1 5.82271E-1 4.9616E-1 4.73131E-1
-9999 -9999 -9999 -9999 1.74503E-1 1.13205E-1 5.80723E-1 6.22496E-1 5.46475E-1 4.4778E-1 3.7799E-1 2.09932E-1 1.11811E-1 3.45716E-1 3.11863E-1 4.2062E-1 4.47342E-1 3.41067E-1 3.13245E-1 3.17665E-1 7.6272E-2 4.11342E-2 5.39731E-2 2.67735E-1 3.48569E-1 5.07447E-1 3.95096E-1 4.4207E-1 4.12474E-1 2.76322E-1 3.60274E-1 2.96349E-1 4.73396E-1 4.83762E-1 4.45839E-1 4.19319E-1 1.7155E-1 1.06156E-1 4.07382E-2 2.17419E-2 2.90877E-2 1.26381E-1 2.05807E-1 3.73169E-1 4.61443E-1 1.8094E-1 2.92452E-1 4.93607E-1 5.77288E-1 6.01722E-1 5.66064E-1 4.84506E-1 4.8085E-1 5.20459E-1 5.43381E-1 4.64835E-1 3.8681E-1 5.30817E-1
-9999 -9999 -9999 -9999 -9999 -9999 -9999 6.31374E-1 6.57501E-1 7.04301E-1 5.61933E-1 4.15583E-1 3.50125E-1 3.77263E-1 3.22514E-1 4.21547E-1 5.17543E-1 3.85369E-1 1.89672E-1 3.63942E-1 1.79228E-1 4.31121E-2 6.86404E-2 2.676E-1 4.04224E-1 3.77677E-1 3.51729E-1 4.09882E-1 3.13423E-1 1.45185E-1 1.30796E-1 3.50079E-1 2.88976E-1 2.21438E-1 1.88129E-1 2.06408E-1 1.94847E-1 7.93759E-2 3.56868E-2 3.19098E-2 4.96914E-2 7.26484E-2 1.06314E-1 2.88722E-1 2.66047E-1 1.91723E-1 6.1524E-1 5.85678E-1 5.89157E-1 6.40399E-1 5.94365E-1 5.89769E-1 5.41533E-1 5.09835E-1 5.60053E-1 4.16248E-1 4.38073E-1 5.22515E-1
-9999 -9999 -9999 -9999 -9999 -9999 -9999 6.78349E-1 7.62031E-1 7.05975E-1 4.24107E-1 4.30405E-1 1.95136E-1 2.33602E-1 3.74353E-1 5.62197E-1 6.97422E-1 4.69458E-1 3.27697E-1 4.70325E-1 2.31617E-1 4.21118E-2 3.97136E-2 1.48593E-1 2.03882E-1 3.49762E-1 3.09373E-1 2.0187E-1 1.24347E-1 7.07333E-2 1.78265E-1 1.80001E-1 1.22976E-1 7.25823E-2 1.3901E-1 1.71921E-1 1.86224E-1 1.52979E-1 5.05491E-2 6.5501E-2 6.02121E-2 8.7718E-2 2.50538E-1 5.51836E-1 2.57081E-1 5.26443E-1 5.48203E-1 5.31373E-1 5.76676E-1 6.70515E-1 4.99442E-1 5.52073E-1 6.36929E-1 2.69319E-1 4.22156E-1 4.21728E-1 4.99371E-1 5.57811E-1
-9999 -9999 -9999 -9999 -9999 -9999 -9999 5.80302E-1 7.08999E-1 4.60689E-1 2.25196E-1 1.99628E-1 4.08917E-2 3.67148E-2 3.05513E-1 5.48334E-1 6.17654E-1 4.60383E-1 4.9236E-1 3.99386E-1 1.80994E-1 3.36601E-2 4.02023E-2 4.68787E-2 1.27435E-1 2.27474E-1 2.70819E-1 1.69982E-1 3.35174E-1 2.62246E-1 1.43443E-1 1.13459E-1 7.92654E-2 7.37726E-2 1.04237E-1 2.16475E-1 1.29884E-1 6.67355E-2 7.20287E-2 7.76658E-2 8.8254E-2 1.75318E-1 3.87344E-1 5.20393E-1 4.18673E-1 6.19368E-1 4.42816E-1 4.94447E-1 2.9102E-1 3.43029E-1 4.74813E-1 4.46848E-1 5.01798E-1 4.25629E-1 1.08211E-1 1.117E-1 2.07001E-1 2.71989E-1
-9999 -9999 -9999 -9999 -9999 -9999 -9999 4.54457E-1 4.92357E-1 2.95313E-1 1.91942E-1 1.02032E-1 2.61801E-2 3.53408E-2 1.29197E-1 5.43831E-1 6.55585E-1 5.79708E-1 6.11808E-1 4.48133E-1 1.12942E-1 1.79532E-2 1.50715E-2 2.2973E-2 5.32225E-2 1.91839E-1 2.08625E-1 1.02521E-1 1.69168E-1 2.77011E-1 1.15033E-1 7.85205E-2 7.46592E-2 2.1173E-1 1.39923E-1 1.45663E-1 1.1088E-1 9.65196E-2 1.50488E-1 1.81391E-1 7.86172E-2 1.04689E-1 1.62329E-1 3.01667E-1 3.63803E-1 6.72329E-1 5.3699E-1 2.60403E-1 1.18319E-1 1.93326E-1 2.09345E-1 1.5864E-1 3.16422E-1 2.88717E-1 1.18657E-1 2.04268E-1 1.1747E-1 3.75319E-1
-9999 -9999 -9999 -9999 -9999 -9999 -9999 -9999 2.39334E-1 1.88022E-1 1.28255E-1 7.688E-2 1.45439E-1 1.31634E-1 4.77512E-1 7.10183E-1 6.48995E-1 6.19641E-1 5.64362E-1 3.72822E-1 1.10571E-1 1.32217E-2 8.41889E-3 2.82063E-2 7.35913E-2 1.70167E-1 1.69507E-1 1.25792E-1 1.925E-1 1.82566E-1 8.61649E-2 1.14821E-1 2.84602E-2 3.80621E-1 3.99423E-1 1.90321E-1 1.19708E-1 2.31104E-1 3.04148E-1 1.90105E-1 8.40515E-2 2.68283E-1 3.23088E-1 5.85995E-1 3.956E-1 3.99622E-1 3.34447E-1 7.55869E-2 3.00836E-1 2.88476E-1 1.93728E-1 1.4976E-1 1.329E-1 2.70214E-1 3.97803E-1 4.44461E-1 4.65683E-1 3.16797E-1
-9999 -9999 -9999 -9999 -9999 -9999 -9999 -9999 -9999 -9999 -9999 -9999 2.11066E-1 1.34146E-1 3.70935E-1 5.27456E-1 5.48208E-1 5.79531E-1 4.51031E-1 2.93888E-1 7.94327E-2 1.93009E-2 2.70162E-2 8.53839E-2 1.33449E-1 8.87056E-2 3.53183E-2 1.14408E-1 2.19726E-1 1.65505E-1 1.0663E-1 1.10529E-1 8.64684E-2 5.89511E-1 4.78833E-1 1.68215E-1 1.24613E-1 1.302E-1 2.68104E-1 1.83382E-1 1.14597E-1 1.7337E-1 2.25803E-1 3.53423E-1 1.79741E-1 1.7768E-1 9.43821E-2 4.62676E-2 1.50665E-1 1.27904E-1 7.05863E-2 1.25207E-1 1.03644E-1 2.04466E-1 6.51999E-1 6.21741E-1 5.13486E-1 2.39791E-1
-9999 -9999 -9999 -9999 -9999 -9999 -9999 -9999 -9999 -9999 -9999 -9999 -9999 1.59918E-1 3.91816E-1 5.27566E-1 6.24223E-1 7.32352E-1 5.99198E-1 3.69003E-1 1.17585E-1 1.66246E-2 1.7197E-2 7.76619E-2 1.27677E-1 3.08286E-2 3.39111E-2 5.78595E-2 1.10779E-1 1.83438E-1 1.09693E-1 1.78576E-1 3.74677E-1 3.81026E-1 3.021E-1 1.39943E-1 9.45967E-2 1.72753E-1 5.62806E-1 3.90241E-1 1.35758E-1 7.70836E-2 1.01399E-1 8.20913E-2 1.81753E-1 2.60991E-1 1.743E-1 5.80185E-2 4.98658E-2 4.80764E-2 1.02889E-1 1.41593E-1 1.4351E-1 5.71184E-1 6.20075E-1 5.31922E-1 5.00006E-1 4.5489E-1
-9999 -9999 -9999 -9999 -9999 -9999 -9999 -9999 -9999 -9999 -9999 -9999 1.2797E-1 2.46672E-1 4.27772E-1 6.20031E-1 7.07861E-1 6.90699E-1 6.1692E-1 5.48991E-1 1.68913E-1 2.76943E-2 2.13106E-2 4.56924E-2 3.43009E-2 1.19035E-1 1.14512E-1 6.18332E-2 1.36596E-1 1.4961E-1 1.91746E-1 1.94606E-1 2.22145E-1 2.02254E-1 1.27903E-1 6.92401E-2 1.74152E-1 5.34914E-1 6.02706E-1 4.81851E-1 2.26589E-1 9.85277E-2 6.61467E-2 4.53165E-1 4.66627E-1 1.01107E-1 1.54317E-1 7.46055E-2 5.62017E-2 5.69166E-2 7.70416E-2 1.56229E-1 2.75733E-1 5.49034E-1 5.24295E-1 5.49698E-1 4.49407E-1 2.38603E-1
-9999 -9999 -9999 -9999 -9999 -9999 -9999 -9999 -9999 -9999 -9999 -9999 -9999 1.00098E-1 1.32158E-1 -9999 5.31745E-1 6.05415E-1 5.35324E-1 4.30464E-1 1.75648E-1 6.09843E-2 5.6565E-2 1.31739E-1 2.09153E-1 1.61326E-1 1.11684E-1 1.00728E-1 6.72781E-2 5.75178E-2 1.50413E-1 1.09924E-1 8.72196E-2 1.69252E-1 1.54348E-1 1.5017E-1 2.83769E-1 6.61127E-1 5.80114E-1 3.96557E-1 2.46746E-1 1.49098E-1 1.46038E-1 5.80735E-1 5.71331E-1 4.31106E-1 6.51644E-2 1.60363E-1 8.78743E-2 7.36931E-2 1.3792E-1 2.6381E-1 3.95943E-1 5.1561E-1 4.88419E-1 5.24743E-1 5.90008E-1 3.6432E-1
-9999 -9999 -9999 -9999 -9999 -9999 -9999 -9999 -9999 -9999 -9999 -9999 -9999 -9999 -9999 -9999 3.86984E-1 4.93404E-1 3.79138E-1 3.52104E-1 2.38221E-1 1.53084E-1 2.98943E-1 3.55369E-1 3.81758E-1 2.71752E-1 1.24436E-1 1.00172E-1 1.28199E-1 5.05712E-1 4.61824E-1 2.98369E-1 3.89288E-1 3.60709E-1 4.27789E-1 5.02488E-1 3.76819E-1 6.37023E-1 5.21598E-1 2.80997E-1 1.28304E-1 2.23408E-1 5.03749E-1 5.28708E-1 7.50285E-1 6.24839E-1 4.91214E-1 3.68111E-1 2.54891E-1 1.55169E-1 1.88841E-1 3.58325E-1 4.25924E-1 5.11746E-1 6.29238E-1 5.46319E-1 6.26123E-1 4.96286E-1
-9999 -9999 -9999 -9999 -9999 -9999 -9999 -9999 -9999 -9999 -9999 -9999 -9999 -9999 -9999 -9999 -9999 4.86336E-1 3.34436E-1 3.06025E-1 4.99008E-1 2.63137E-1 2.01384E-1 3.40784E-1 3.89827E-1 3.08878E-1 2.13583E-1 4.22887E-1 4.79358E-1 6.45499E-1 5.81265E-1 6.59896E-1 6.20589E-1 4.20164E-1 4.01185E-1 5.12968E-1 5.09021E-1 6.58708E-1 3.76622E-1 1.58824E-1 7.70914E-2 2.1561E-1 6.93087E-1 7.24553E-1 7.93832E-1 7.43912E-1 6.41754E-1 5.28382E-1 4.23296E-1 3.07247E-1 2.50268E-1 2.10863E-1 3.84238E-1 4.38464E-1 2.98459E-1 5.65923E-1 6.1256E-1 5.35396E-1
