Phytophthora/models/20240503_1210_48/Phytophthora_PA3_RUN4_MAXENT_outputs/Phytophthora_PA3_RUN4.asc
ncols         113
nrows         135
xllcorner     473009.9838
yllcorner     4429001.1748
cellsize      100.0
NODATA_value  -9999
[rows 104 to 129 of 135, columns 0 to 57 of 113]
-9999 -9999 -9999 -9999 -9999 -9999 -9999 -9999 -9999 -9999 -9999 -9999 -9999 -9999 -9999 -9999 -9999 5.08234E-1 5.38871E-1 2.55927E-1 3.08333E-1 4.21631E-1 4.94371E-1 3.87547E-1 1.1175E-1 4.55083E-1 3.7346E-1 6.06696E-1 4.43967E-1 3.76567E-1 7.42208E-1 6.26086E-1 2.30938E-1 3.63874E-1 2.74715E-1 2.47246E-1 2.55047E-1 3.36407E-1 2.09593E-1 6.60158E-2 9.1828E-3 1.38488E-1 5.03517E-1 7.0575E-1 7.39627E-1 3.9257E-1 4.63964E-1 3.85171E-1 2.85988E-1 2.50728E-1 1.80029E-1 1.21055E-1 1.92428E-1 1.20259E-1 4.10648E-1 4.72051E-1 3.84131E-1 3.14877E-1
-9999 -9999 -9999 -9999 -9999 -9999 -9999 -9999 -9999 -9999 -9999 -9999 -9999 -9999 -9999 -9999 -9999 -9999 4.99612E-1 4.19835E-1 4.69175E-1 6.80979E-1 6.59589E-1 5.0115E-1 5.72076E-1 5.38883E-1 5.32096E-1 6.67387E-1 3.31255E-1 3.07087E-1 6.51148E-1 7.56177E-1 6.03373E-1 3.35235E-1 5.24718E-2 2.0705E-2 1.03145E-1 3.60317E-2 1.33503E-2 6.08838E-2 4.95492E-2 1.15009E-1 3.35711E-1 5.46484E-1 4.7166E-1 2.32691E-1 3.51522E-1 3.43378E-1 1.58496E-1 1.52197E-1 3.00322E-1 7.77577E-2 4.25734E-2 1.21357E-1 2.4999E-1 3.31068E-1 1.42444E-1 3.02574E-1
-9999 -9999 -9999 -9999 -9999 -9999 -9999 -9999 -9999 -9999 -9999 -9999 -9999 -9999 -9999 -9999 -9999 -9999 5.28534E-1 4.83458E-1 6.24665E-1 7.97576E-1 8.03675E-1 6.24469E-1 5.15136E-1 5.44086E-1 6.7613E-1 4.8664E-1 2.53449E-1 4.43325E-1 6.94808E-1 6.95843E-1 1.2185E-1 9.90484E-2 4.36233E-2 4.27114E-2 2.62554E-2 1.51179E-2 2.99546E-2 1.13962E-1 1.10127E-2 1.78944E-1 4.70222E-1 5.46724E-1 3.78463E-1 4.75826E-1 3.64805E-1 6.05318E-1 3.82517E-1 3.36212E-1 1.36875E-1 2.77241E-1 4.96844E-2 2.66641E-1 2.95971E-1 4.08701E-1 2.10247E-1 3.30112E-1
-9999 -9999 -9999 -9999 -9999 -9999 -9999 -9999 -9999 -9999 -9999 -9999 -9999 -9999 -9999 -9999 -9999 -9999 -9999 3.52653E-1 5.4902E-1 7.1475E-1 8.31173E-1 7.91943E-1 7.18757E-1 5.5399E-1 4.9044E-1 2.30208E-1 3.23683E-1 4.31537E-1 4.80898E-1 4.74552E-1 5.33663E-2 7.04575E-2 1.008E-1 4.87142E-2 4.78133E-2 4.06622E-2 4.07788E-2 2.2016E-1 1.33625E-1 4.75333E-1 7.64286E-1 7.40745E-1 5.6086E-1 5.65978E-1 3.03626E-1 4.90381E-1 5.2541E-1 5.29492E-1 5.68504E-1 1.62504E-1 1.18329E-1 3.84919E-1 5.79487E-1 4.36209E-1 4.31483E-1 3.52379E-1
-9999 -9999 -9999 -9999 -9999 -9999 -9999 -9999 -9999 -9999 -9999 -9999 -9999 -9999 -9999 -9999 -9999 -9999 -9999 -9999 6.32237E-1 6.13118E-1 7.51777E-1 8.03869E-1 6.16886E-1 4.34283E-1 3.96497E-1 2.38357E-1 2.02227E-1 2.45103E-1 1.83413E-1 6.25707E-2 2.27357E-2 1.08608E-1 1.55684E-1 1.07431E-1 9.49987E-2 1.98468E-1 9.78437E-2 1.35285E-1 1.49537E-1 6.98648E-1 8.54995E-1 8.29295E-1 6.67227E-1 6.49419E-1 3.337E-1 1.60787E-1 1.69176E-1 4.47071E-1 3.37831E-1 2.82348E-1 3.85634E-1 6.64437E-1 3.54164E-1 6.45571E-1 4.91356E-1 3.33276E-1
-9999 -9999 -9999 -9999 -9999 -9999 -9999 -9999 -9999 -9999 -9999 -9999 -9999 -9999 -9999 -9999 -9999 -9999 -9999 -9999 -9999 4.17138E-1 5.28556E-1 5.13544E-1 4.28131E-1 3.99093E-1 5.83129E-1 4.40703E-1 1.05822E-1 5.61454E-2 1.04397E-1 7.31815E-2 9.15814E-3 5.6608E-2 2.23722E-1 2.47345E-1 3.84783E-2 1.16527E-1 1.26262E-1 3.86847E-1 4.76887E-1 6.9278E-1 8.02266E-1 6.52367E-1 8.41353E-1 8.28283E-1 7.14422E-1 2.48946E-1 2.07007E-1 4.46595E-1 2.53878E-1 3.64404E-1 4.76689E-1 4.73993E-1 4.61137E-1 4.12221E-1 6.35302E-1 5.2937E-1
-9999 -9999 -9999 -9999 -9999 -9999 -9999 -9999 -9999 -9999 -9999 -9999 -9999 -9999 -9999 -9999 -9999 -9999 -9999 -9999 -9999 6.04886E-1 7.67625E-1 8.2036E-1 6.35464E-1 5.71618E-1 5.85384E-1 3.97382E-1 2.81792E-1 1.46471E-1 8.35485E-2 4.86324E-2 1.66573E-2 3.79886E-2 2.53757E-1 4.01487E-1 1.38915E-1 1.16977E-1 7.92166E-2 1.08406E-1 1.3037E-1 4.66038E-1 6.17155E-1 6.03075E-1 6.35096E-1 7.8195E-1 5.9128E-1 2.8016E-1 3.0267E-1 3.14393E-1 1.45013E-1 4.90593E-1 1.74524E-1 1.5065E-1 5.47446E-1 6.22432E-1 6.09544E-1 5.99676E-1
-9999 -9999 -9999 -9999 -9999 -9999 -9999 -9999 -9999 -9999 -9999 -9999 -9999 -9999 -9999 -9999 -9999 -9999 -9999 -9999 -9999 3.26051E-1 5.94046E-1 5.39224E-1 6.29243E-1 7.04704E-1 5.69493E-1 2.17099E-1 3.48113E-1 3.30571E-2 3.21301E-2 4.20871E-2 6.41656E-2 7.8839E-2 1.89191E-1 3.85701E-1 5.77455E-2 2.01459E-2 3.41431E-1 3.20797E-1 5.33297E-1 3.97812E-2 1.7862E-1 1.87798E-1 2.63651E-1 3.92128E-1 1.62932E-1 1.22495E-1 2.45745E-1 3.44903E-1 4.64796E-1 4.03883E-1 1.11605E-1 1.81353E-1 1.97148E-1 2.97167E-1 6.66107E-1 6.24295E-1
-9999 -9999 -9999 -9999 -9999 -9999 -9999 -9999 -9999 -9999 -9999 -9999 -9999 -9999 -9999 -9999 -9999 -9999 -9999 -9999 3.62629E-1 4.92864E-1 2.73861E-1 4.788E-1 7.02521E-1 6.34718E-1 5.22233E-1 1.99801E-1 1.27986E-1 7.45346E-2 4.48698E-2 4.09815E-2 7.13189E-2 1.22896E-1 9.07311E-2 2.40559E-1 3.51366E-1 1.97006E-1 1.59779E-1 7.12786E-1 5.58652E-1 9.58188E-2 2.23876E-1 2.61549E-1 2.61701E-1 4.95566E-1 1.32133E-1 9.2707E-2 5.72036E-2 1.29694E-1 2.25124E-1 1.20913E-1 4.69466E-2 1.25796E-1 2.43363E-1 5.70751E-1 6.7564E-1 2.94341E-1
-9999 -9999 -9999 -9999 -9999 -9999 -9999 -9999 -9999 -9999 -9999 -9999 -9999 -9999 -9999 -9999 -9999 -9999 -9999 -9999 3.72283E-1 4.33187E-1 2.55423E-1 4.49759E-1 4.91163E-1 3.74427E-1 3.9675E-2 1.01292E-1 1.00691E-1 4.31869E-2 2.81284E-2 1.99975E-2 3.95931E-2 1.65138E-1 4.60313E-1 6.51589E-1 7.55676E-1 2.68171E-1 5.44749E-1 6.69832E-1 1.43624E-1 1.78136E-1 3.25925E-1 2.48039E-1 3.28979E-1 1.83143E-1 3.11547E-1 1.05782E-1 8.15188E-2 7.95127E-2 5.15972E-2 4.46937E-2 4.626E-2 2.98638E-1 4.9583E-1 3.66761E-1 7.86008E-1 5.77575E-1
-9999 -9999 -9999 -9999 -9999 -9999 -9999 -9999 -9999 -9999 -9999 -9999 -9999 -9999 -9999 -9999 -9999 -9999 -9999 -9999 2.95453E-1 2.32558E-1 1.16986E-1 1.04662E-1 2.69198E-1 3.34498E-1 1.02627E-1 1.19804E-1 4.20725E-2 2.78372E-2 6.83636E-2 2.5277E-1 1.95601E-1 2.23614E-1 5.01581E-1 6.82981E-1 8.11617E-1 6.77336E-1 5.55274E-1 6.13243E-1 1.83004E-1 4.31219E-1 3.99361E-1 2.18447E-1 1.99658E-1 3.81323E-1 2.42816E-1 1.29658E-1 2.19325E-1 1.96149E-1 9.09691E-2 5.82008E-2 1.27037E-1 3.11806E-1 6.41014E-1 7.21174E-1 7.01292E-1 5.32007E-1
-9999 -9999 -9999 -9999 -9999 -9999 -9999 -9999 -9999 -9999 -9999 -9999 -9999 -9999 -9999 -9999 -9999 -9999 -9999 -9999 5.81548E-2 5.44561E-2 6.1289E-2 9.62963E-2 2.51121E-1 2.43534E-1 9.80067E-2 1.88142E-2 2.19053E-2 5.81838E-2 2.83402E-1 5.20394E-1 6.286E-1 6.39458E-1 6.14687E-1 7.77672E-1 7.70974E-1 7.22231E-1 7.4032E-1 6.89438E-1 3.31053E-1 5.74144E-1 5.87704E-1 5.31945E-1 2.74446E-1 4.71341E-1 3.54191E-1 1.92741E-1 3.61993E-1 3.6417E-1 3.51412E-1 3.16149E-1 4.06014E-1 1.56629E-1 4.51098E-1 6.71535E-1 3.28487E-1 2.54709E-1
-9999 -9999 -9999 -9999 -9999 -9999 -9999 -9999 -9999 -9999 -9999 -9999 -9999 -9999 -9999 -9999 -9999 -9999 -9999 -9999 1.06519E-2 3.35355E-2 1.58629E-1 1.67605E-1 1.6834E-1 1.6315E-1 4.32825E-2 2.38928E-2 1.76917E-1 1.70219E-1 3.17965E-1 6.16253E-1 7.11701E-1 7.4135E-1 7.57614E-1 6.82567E-1 7.71703E-1 8.65982E-1 5.81118E-1 7.6065E-1 1.88836E-1 9.07794E-2 2.63797E-1 6.50719E-1 2.34801E-1 5.50943E-1 1.92232E-1 3.67492E-1 4.52793E-1 4.98551E-1 2.53468E-1 4.75345E-1 6.11231E-1 2.47987E-1 3.26514E-1 3.1441E-1 8.71754E-1 7.19814E-1
-9999 -9999 -9999 -9999 -9999 -9999 -9999 -9999 -9999 -9999 -9999 -9999 -9999 -9999 -9999 -9999 -9999 -9999 -9999 -9999 -9999 3.50184E-2 2.19035E-1 2.86421E-1 3.16293E-1 1.35519E-1 2.24799E-1 6.34027E-2 2.44721E-1 3.09654E-1 3.20755E-1 4.15376E-1 6.65894E-1 6.96109E-1 2.54568E-1 4.09883E-1 6.50417E-1 5.00859E-1 7.42054E-1 2.69312E-1 2.6551E-1 2.16729E-1 5.28159E-1 3.16083E-1 7.15243E-1 6.28208E-1 3.68406E-1 4.21349E-1 5.52516E-1 5.43149E-1 2.82921E-1 3.18595E-1 5.6513E-1 5.14634E-1 4.13741E-1 1.42466E-1 5.07307E-1 4.19059E-1
-9999 -9999 -9999 -9999 -9999 -9999 -9999 -9999 -9999 -9999 -9999 -9999 -9999 -9999 -9999 -9999 -9999 -9999 -9999 -9999 -9999 2.85063E-2 8.08228E-2 3.84581E-1 4.75412E-1 4.6019E-1 1.32611E-1 3.30913E-1 3.5455E-1 3.62143E-1 3.75327E-1 1.47388E-1 3.97724E-1 7.38412E-1 3.02642E-1 3.01157E-1 3.07974E-1 3.52219E-1 5.16629E-1 3.84035E-1 3.5911E-1 6.70677E-1 4.00255E-1 4.41401E-1 3.8952E-1 1.19745E-1 3.73946E-1 6.10534E-1 5.79007E-1 4.89819E-1 3.00987E-1 4.36623E-1 5.06305E-1 6.39891E-1 3.61127E-1 2.38586E-1 7.98924E-1 7.94479E-1
-9999 -9999 -9999 -9999 -9999 -9999 -9999 -9999 -9999 -9999 -9999 -9999 -9999 -9999 -9999 -9999 -9999 -9999 -9999 -9999 -9999 -9999 9.3517E-2 3.75209E-1 4.39075E-1 3.34172E-1 1.97041E-1 2.40927E-1 1.8573E-1 1.85134E-1 4.61013E-1 2.06067E-1 1.06145E-1 2.15867E-1 2.32141E-1 2.43688E-1 5.40925E-1 2.03524E-1 6.40399E-1 6.85497E-1 1.29166E-1 3.51982E-1 5.10209E-1 3.04866E-1 5.69521E-1 2.24058E-1 3.62456E-1 5.6895E-1 5.52551E-1 3.96475E-1 1.37946E-1 1.11756E-1 3.1864E-1 5.55347E-1 5.52319E-1 7.78877E-1 8.09755E-1 7.8765E-1
-9999 -9999 -9999 -9999 -9999 -9999 -9999 -9999 -9999 -9999 -9999 -9999 -9999 -9999 -9999 -9999 -9999 -9999 -9999 -9999 -9999 -9999 7.5128E-2 1.9089E-1 4.84091E-1 5.23446E-1 4.9671E-1 2.11095E-1 4.45218E-1 5.85578E-1 3.67459E-1 2.65387E-1 1.24975E-1 2.81242E-1 3.68021E-1 2.13046E-1 4.27846E-1 1.18629E-1 4.94176E-1 8.42561E-1 8.06216E-1 3.55597E-1 3.92693E-1 6.95807E-1 7.44651E-1 2.62099E-1 3.28397E-1 4.01645E-1 4.43901E-1 1.08455E-1 5.5625E-1 2.73371E-1 4.89627E-1 3.1285E-1 4.79094E-1 7.59492E-1 6.67173E-1 6.56727E-1
-9999 -9999 -9999 -9999 -9999 -9999 -9999 -9999 -9999 -9999 -9999 -9999 -9999 -9999 -9999 -9999 -9999 -9999 -9999 -9999 -9999 -9999 -9999 5.54979E-2 1.95673E-1 5.39601E-1 5.6523E-1 5.21855E-1 5.03099E-1 4.87886E-1 3.3972E-1 5.11964E-1 3.66574E-1 3.31861E-1 2.62697E-1 2.60906E-2 5.52943E-1 7.26184E-1 7.69462E-1 8.75405E-1 8.93599E-1 8.02236E-1 6.18782E-1 1.37353E-1 2.61814E-1 1.17266E-1 1.3122E-1 2.56422E-1 1.99407E-2 3.23628E-1 2.46492E-1 4.74993E-1 2.64472E-1 4.63745E-1 6.68485E-1 3.79067E-1 2.45848E-1 4.21563E-1
-9999 -9999 -9999 -9999 -9999 -9999 -9999 -9999 -9999 -9999 -9999 -9999 -9999 -9999 -9999 -9999 -9999 -9999 -9999 -9999 -9999 -9999 -9999 1.39779E-1 4.05852E-1 6.89577E-1 6.5371E-1 5.3381E-1 4.89738E-1 7.05973E-1 6.6865E-1 5.97797E-1 4.59004E-1 2.95021E-1 2.50152E-1 2.00168E-1 5.91025E-1 6.9205E-1 7.70892E-1 8.07048E-1 8.23803E-1 8.44881E-1 7.49532E-1 6.81127E-1 5.88921E-1 1.41847E-1 1.14974E-1 1.0247E-1 4.9739E-2 1.60793E-1 9.12164E-2 7.20474E-1 8.12963E-1 7.40444E-1 6.05017E-1 3.31621E-1 7.98521E-2 7.29688E-2
-9999 -9999 -9999 -9999 -9999 -9999 -9999 -9999 -9999 -9999 -9999 -9999 -9999 -9999 -9999 -9999 -9999 -9999 -9999 -9999 -9999 -9999 -9999 2.18969E-1 4.4803E-1 5.85155E-1 5.70476E-1 3.12673E-1 7.07753E-1 6.84262E-1 6.09622E-1 4.77793E-1 3.10187E-1 2.34872E-1 9.35636E-2 3.63096E-1 4.84076E-1 5.49702E-1 6.80579E-1 6.78864E-1 7.4127E-1 8.1746E-1 7.8718E-1 8.42518E-1 7.58035E-1 5.48059E-1 2.67412E-1 1.9333E-1 2.09938E-1 2.11988E-1 9.25458E-2 4.51059E-1 2.72548E-1 5.22412E-1 5.45784E-1 4.30854E-1 3.02477E-1 2.91805E-1
-9999 -9999 -9999 -9999 -9999 -9999 -9999 -9999 -9999 -9999 -9999 -9999 -9999 -9999 -9999 -9999 -9999 -9999 -9999 -9999 -9999 -9999 -9999 -9999 -9999 2.99503E-1 3.99517E-1 5.05847E-1 8.20376E-1 6.94944E-1 5.12204E-1 3.61673E-1 1.48977E-1 1.26853E-1 2.69229E-1 2.99145E-1 3.52273E-1 3.78698E-1 4.56549E-1 4.88523E-1 6.17292E-1 7.40653E-1 8.05985E-1 8.34227E-1 8.23759E-1 6.8893E-1 6.33431E-1 3.22065E-1 1.77903E-1 1.42232E-1 5.38969E-1 3.10475E-1 2.81529E-1 4.73559E-1 6.92613E-1 6.38208E-1 5.73601E-1 5.81174E-1
-9999 -9999 -9999 -9999 -9999 -9999 -9999 -9999 -9999 -9999 -9999 -9999 -9999 -9999 -9999 -9999 -9999 -9999 -9999 -9999 -9999 -9999 -9999 -9999 -9999 -9999 3.27818E-1 4.39238E-1 6.38879E-1 6.64535E-1 5.6E-1 3.3659E-1 2.16149E-1 4.33713E-2 1.27703E-1 1.88576E-1 2.46481E-1 2.02145E-1 2.39779E-1 2.8563E-1 3.64396E-1 4.3871E-1 6.02104E-1 6.7928E-1 6.05584E-1 6.28907E-1 7.03194E-1 7.17653E-1 3.64019E-1 4.46293E-1 5.65613E-1 3.12059E-1 3.07034E-1 7.31051E-1 6.957E-1 7.85372E-1 8.09533E-1 7.43877E-1
-9999 -9999 -9999 -9999 -9999 -9999 -9999 -9999 -9999 -9999 -9999 -9999 -9999 -9999 -9999 -9999 -9999 -9999 -9999 -9999 -9999 -9999 -9999 -9999 -9999 -9999 -9999 4.36152E-1 7.56003E-1 6.37528E-1 4.5026E-1 2.90447E-1 1.31979E-1 1.32863E-1 7.05528E-2 9.39513E-2 1.45582E-1 8.45906E-2 6.04947E-2 8.50947E-2 1.64904E-1 2.36364E-1 3.74585E-1 3.75289E-1 3.68251E-1 4.72624E-1 5.30575E-1 5.82166E-1 4.37454E-1 5.40247E-1 3.59601E-1 1.40306E-1 1.71893E-1 5.22252E-1 3.15341E-1 2.49085E-1 7.17222E-1 7.00645E-1
-9999 -9999 -9999 -9999 -9999 -9999 -9999 -9999 -9999 -9999 -9999 -9999 -9999 -9999 -9999 -9999 -9999 -9999 -9999 -9999 -9999 -9999 -9999 -9999 -9999 -9999 -9999 1.82672E-1 2.34004E-1 1.56482E-1 1.65891E-1 7.50381E-2 1.60791E-1 1.00697E-1 2.46871E-2 1.57409E-2 1.71835E-2 1.09281E-2 6.90257E-3 1.68397E-2 7.62942E-2 1.08603E-1 1.75365E-1 9.51283E-2 1.17906E-1 2.57535E-1 3.38563E-1 3.88729E-1 6.82392E-1 5.1149E-1 4.54614E-1 5.04885E-1 1.39147E-1 7.28212E-1 6.85249E-1 4.02284E-1 3.21301E-1 7.42682E-1
-9999 -9999 -9999 -9999 -9999 -9999 -9999 -9999 -9999 -9999 -9999 -9999 -9999 -9999 -9999 -9999 -9999 -9999 -9999 -9999 -9999 -9999 -9999 -9999 -9999 -9999 -9999 -9999 -9999 -9999 -9999 4.11532E-2 4.13616E-2 3.22644E-2 1.4253E-2 1.05401E-2 3.75532E-2 3.31756E-2 8.53961E-3 6.44641E-3 8.86879E-3 1.45151E-2 3.15792E-2 3.63237E-2 1.80011E-2 5.3782E-2 1.57516E-1 2.12851E-1 5.12757E-1 5.01761E-1 7.25103E-1 5.70995E-1 3.0941E-1 6.20015E-1 7.99265E-1 8.01357E-1 3.51559E-1 4.18236E-1
-9999 -9999 -9999 -9999 -9999 -9999 -9999 -9999 -9999 -9999 -9999 -9999 -9999 -9999 -9999 -9999 -9999 -9999 -9999 -9999 -9999 -9999 -9999 -9999 -9999 -9999 -9999 -9999 -9999 -9999 -9999 -9999 -9999 5.10652E-2 1.68549E-2 1.15861E-2 2.03859E-2 2.92272E-2 7.48512E-3 1.09532E-2 2.27105E-2 1.90266E-2 4.1997E-2 6.03268E-2 2.40775E-2 5.233E-2 2.78128E-1 5.14355E-1 6.26603E-1 2.8117E-1 4.21555E-1 2.96234E-1 6.20717E-1 7.16239E-1 7.92827E-1 7.71624E-1 -9999 -9999
