Phytophthora/models/20240503_1210_48/Phytophthora_PA3_RUN4_MAXENT_outputs/Phytophthora_PA3_RUN4.asc
ncols         113
nrows         135
xllcorner     473009.9838
yllcorner     4429001.1748
cellsize      100.0
NODATA_value  -9999
[rows 52 to 77 of 135, columns 0 to 57 of 113]
-9999 -9999 -9999 -9999 -9999 6.56158E-3 2.34625E-2 4.30419E-2 3.32316E-2 1.0194E-2 5.28852E-3 3.88369E-3 1.69637E-3 5.50423E-3 6.33859E-3 5.74844E-3 2.99789E-3 1.52867E-3 2.27558E-3 2.10591E-3 1.95739E-3 1.09063E-3 6.6319E-4 1.62973E-4 1.37675E-3 7.29609E-4 1.18168E-3 1.68351E-3 9.1581E-4 2.09497E-3 7.50281E-3 1.76629E-2 1.4908E-2 1.37145E-2 2.89696E-2 1.73806E-2 1.05435E-2 6.38696E-3 2.57941E-2 1.10827E-2 8.16104E-2 3.89482E-2 3.54991E-2 3.80039E-2 1.5635E-2 3.63871E-2 2.50496E-2 2.44272E-2 1.29776E-1 2.09922E-1 2.86925E-1 3.92232E-1 2.91179E-1 4.3564E-1 1.15438E-1 1.95888E-1 8.3236E-2 2.53794E-1
-9999 -9999 -9999 -9999 -9999 7.04694E-3 8.13182E-2 3.90373E-2 2.05678E-2 8.36418E-3 1.55291E-2 2.02251E-3 1.25889E-2 5.73896E-3 4.51247E-3 3.31987E-3 2.90389E-3 4.11859E-3 5.08999E-3 3.49226E-3 3.57427E-3 2.88063E-3 3.32214E-3 1.26471E-3 9.06585E-4 2.37089E-3 3.03402E-3 9.79177E-4 5.37351E-4 1.60792E-3 6.34798E-3 2.25902E-2 3.50161E-2 1.5182E-2 1.28776E-2 1.15214E-2 4.95276E-3 3.56232E-3 8.93554E-3 2.05128E-2 4.36789E-2 2.81535E-2 1.86417E-2 8.4395E-3 1.34501E-2 3.24598E-2 8.59727E-3 1.82118E-2 1.21933E-1 3.5438E-1 4.7341E-1 4.7689E-1 2.433E-1 2.25313E-1 1.53085E-1 2.85466E-1 2.53808E-1 6.25387E-2
-9999 -9999 -9999 -9999 6.37068E-4 1.29047E-2 9.84255E-2 3.75787E-2 1.76833E-2 1.98682E-2 3.30271E-2 2.83594E-2 1.62915E-2 6.42111E-3 5.88871E-3 6.02155E-3 1.18834E-2 1.82404E-2 2.12403E-2 1.58726E-2 5.85928E-3 7.37385E-3 7.79558E-3 5.95845E-3 1.48523E-3 7.48403E-3 6.1727E-3 2.02141E-3 1.3765E-3 2.30504E-3 1.88623E-3 5.13674E-3 1.9614E-2 1.16683E-2 1.04624E-2 1.13036E-2 1.014E-2 6.68142E-3 1.35819E-2 2.86444E-3 1.83509E-2 4.39621E-2 4.87438E-2 2.0916E-2 2.03024E-2 2.37596E-2 1.86537E-2 2.1795E-2 1.46732E-1 2.85245E-1 4.76662E-1 2.1665E-1 1.64523E-1 5.39968E-2 1.84969E-1 4.12543E-1 5.11976E-1 4.42648E-1
-9999 -9999 -9999 1.09167E-2 3.3701E-2 6.9932E-2 1.15065E-1 4.20609E-2 4.24588E-2 6.0751E-2 1.58421E-2 4.56188E-2 2.40927E-2 1.38418E-2 1.63521E-2 2.15087E-2 6.71697E-2 7.7564E-2 7.19156E-2 3.51981E-2 2.25519E-2 1.01204E-2 1.27085E-2 1.00655E-2 1.0919E-3 9.59744E-3 1.00038E-2 4.41118E-3 1.94598E-3 1.90188E-3 4.22295E-3 7.07467E-3 8.09891E-3 6.72642E-3 1.94469E-3 2.21279E-2 1.99782E-2 2.3368E-2 1.89852E-2 3.60025E-2 5.96342E-2 1.15513E-1 1.18617E-1 8.09119E-2 8.98309E-2 8.31066E-2 6.95526E-2 2.91048E-2 4.51994E-2 3.29089E-1 4.56054E-1 3.26539E-1 1.13006E-1 1.52003E-1 2.80574E-1 3.13628E-1 3.36645E-1 2.74568E-1
-9999 -9999 -9999 5.34914E-2 1.07113E-1 1.38113E-1 9.22266E-2 2.80598E-2 8.72421E-2 1.58506E-2 1.09066E-1 7.99609E-2 9.56996E-2 1.077E-1 7.89317E-2 8.79908E-2 1.40187E-1 2.0807E-1 2.00546E-1 8.00204E-2 4.01261E-2 2.49778E-2 2.2972E-2 1.65506E-2 3.24492E-3 1.22359E-2 1.48718E-2 8.24336E-3 2.55239E-3 2.25971E-3 1.15842E-2 1.38354E-2 7.71871E-3 5.86915E-3 6.05576E-3 3.31052E-2 1.73549E-2 3.68402E-2 1.83305E-2 2.45193E-2 7.01808E-2 1.05568E-1 5.55565E-2 6.85191E-2 8.01658E-2 3.13513E-2 7.13876E-2 2.43272E-2 1.02145E-1 2.66828E-1 3.58654E-1 3.93612E-1 2.3593E-1 2.07044E-1 3.18153E-1 3.9115E-1 3.79564E-1 3.691E-1
-9999 -9999 -9999 4.47777E-2 1.28568E-1 1.0183E-1 5.49064E-2 2.8812E-2 6.85641E-3 1.19664E-1 1.25827E-1 1.22305E-1 1.72689E-1 1.39389E-1 8.99205E-2 9.47259E-2 1.35442E-1 1.49902E-1 1.43514E-1 8.59601E-2 6.6594E-2 6.09742E-2 5.11281E-2 4.4263E-2 4.29155E-3 2.69884E-2 4.12368E-2 2.8466E-2 1.23427E-2 1.69279E-2 3.95993E-2 2.72743E-2 2.63334E-2 9.09273E-3 7.53275E-3 1.91053E-3 2.24317E-2 5.00414E-2 1.33601E-2 1.71053E-2 5.24844E-2 6.92884E-2 6.65999E-2 3.95491E-2 9.20859E-3 5.65656E-3 3.73377E-2 3.82599E-2 9.70962E-2 7.5459E-2 8.34082E-2 1.3437E-1 1.59454E-1 9.35225E-2 9.6647E-2 3.09045E-1 4.3157E-1 2.56131E-1
-9999 -9999 -9999 1.61962E-2 6.09477E-2 5.53149E-2 2.3499E-2 6.27169E-3 3.19992E-2 1.00951E-1 1.35904E-1 1.16909E-1 1.34044E-1 8.72201E-2 6.38787E-2 4.50629E-2 7.19709E-2 8.83994E-2 6.72344E-2 9.43282E-2 1.18807E-1 1.23135E-1 1.10958E-1 1.05932E-1 2.71253E-2 6.44424E-2 8.99288E-2 9.86276E-2 5.24586E-2 2.42666E-2 4.24513E-2 5.09152E-2 2.47565E-2 2.92216E-3 5.04423E-3 2.02591E-2 1.06785E-1 6.19731E-2 1.80472E-2 1.83467E-2 3.90999E-2 5.37135E-2 5.07177E-2 2.68981E-2 9.77063E-3 1.15229E-2 1.97295E-2 1.25714E-1 2.26448E-1 2.53419E-1 2.36345E-1 2.39606E-1 1.38562E-1 5.51502E-2 2.83186E-2 2.52831E-1 2.64227E-1 1.77013E-1
-9999 -9999 -9999 3.27749E-2 3.90306E-3 3.732E-2 1.78116E-2 2.47037E-2 2.98431E-2 5.40242E-2 5.90087E-2 2.64875E-2 1.25934E-1 1.19698E-1 7.75921E-2 2.97001E-2 2.71575E-2 3.8597E-2 4.87213E-2 1.41857E-1 1.29883E-1 9.92621E-2 5.99069E-2 2.78716E-2 2.71826E-2 4.66603E-2 5.58123E-2 4.3317E-2 2.49521E-2 2.49711E-2 4.44441E-2 3.08353E-2 1.2232E-2 5.84788E-3 9.10753E-3 3.39906E-2 1.89861E-2 3.41143E-2 4.48625E-2 2.93857E-2 4.05719E-2 6.53117E-2 6.30664E-2 2.87417E-2 6.54445E-2 3.57893E-2 5.75337E-2 2.61822E-1 3.96977E-1 3.44121E-1 2.03609E-1 1.14211E-1 5.61956E-2 3.09574E-2 1.45483E-2 5.03227E-2 1.91304E-1 1.8396E-1
-9999 -9999 -9999 -9999 2.14709E-2 7.306E-2 4.2066E-2 3.47408E-2 3.08301E-2 6.16768E-2 6.243E-2 2.57044E-2 1.15093E-1 1.75959E-1 7.51909E-2 4.11199E-2 3.68542E-2 7.10133E-2 9.40851E-2 1.79292E-1 7.34722E-2 4.67577E-2 8.03406E-3 1.44408E-2 1.9581E-2 1.21638E-2 1.04479E-2 8.54538E-3 2.00175E-2 5.4582E-2 1.03063E-1 3.1069E-2 3.53968E-2 1.0066E-2 1.47622E-2 3.16945E-2 6.65561E-2 1.12222E-1 8.45298E-2 6.37184E-2 9.99543E-2 1.33854E-1 1.50244E-1 1.20557E-1 1.39012E-1 6.7028E-2 4.68793E-2 1.56748E-1 2.9856E-1 3.13683E-1 1.15552E-1 7.23616E-2 4.04078E-2 3.19887E-2 2.16359E-2 2.80622E-2 1.47702E-1 2.07675E-1
-9999 -9999 -9999 -9999 -9999 2.36244E-1 1.14801E-1 2.5523E-2 2.36143E-2 7.14962E-2 8.11739E-2 7.65627E-2 1.17188E-1 1.27046E-1 5.2909E-2 2.54188E-2 4.12407E-2 9.65776E-2 1.63839E-1 1.66305E-1 7.34325E-2 8.64637E-3 8.22495E-3 1.30849E-2 1.53543E-2 3.41411E-2 2.52982E-2 1.25859E-2 3.23954E-2 4.64354E-2 4.85008E-2 3.71678E-2 5.90445E-2 6.90201E-3 4.42214E-3 1.73073E-2 6.86308E-2 1.23792E-1 1.11964E-1 1.43386E-1 1.71665E-1 2.27756E-1 2.96784E-1 2.42649E-1 2.21233E-1 9.39775E-2 7.54084E-2 2.0694E-1 3.055E-1 1.67989E-1 6.98078E-2 5.87597E-2 6.20318E-2 6.62365E-2 9.72732E-2 4.30541E-2 1.00074E-1 1.78516E-1
-9999 -9999 -9999 -9999 -9999 -9999 1.64538E-2 1.21112E-2 2.64992E-2 5.85819E-2 9.69843E-2 2.16857E-1 2.51316E-1 1.31957E-1 2.70344E-2 9.67304E-3 1.37057E-2 7.73914E-2 1.22496E-1 8.66675E-2 9.93275E-3 1.5947E-2 1.11567E-2 1.18892E-2 2.08701E-2 3.81875E-2 1.89585E-2 1.62491E-2 1.46009E-2 1.52033E-2 2.83604E-2 4.51513E-2 2.61801E-2 1.29438E-2 3.10374E-2 4.44261E-2 7.41502E-2 1.31871E-1 1.35837E-1 1.22949E-1 1.99941E-1 1.8113E-1 4.2228E-1 3.04775E-1 2.64552E-1 1.13356E-1 1.11449E-1 1.72529E-1 1.87998E-1 8.89859E-2 5.96567E-2 8.7839E-2 1.09278E-1 1.21123E-1 9.98201E-2 6.10212E-2 1.63756E-1 2.51613E-1
-9999 -9999 -9999 -9999 -9999 -9999 2.45935E-2 1.85055E-2 2.10994E-2 4.1203E-2 2.31125E-1 6.93315E-2 1.63246E-1 6.04785E-2 1.93399E-2 1.87552E-2 2.67671E-2 3.23042E-2 4.30217E-2 8.49062E-3 1.96901E-2 1.03954E-2 7.01106E-3 1.03344E-2 1.48748E-2 2.42746E-2 4.02952E-2 1.89783E-2 7.64166E-3 8.94142E-3 3.05528E-2 4.82276E-2 2.17923E-2 2.5702E-2 7.16302E-2 4.94188E-2 5.49026E-2 6.49126E-2 4.98409E-2 5.99125E-2 1.7555E-1 1.88658E-1 5.23419E-1 3.03492E-1 2.80528E-1 2.29882E-1 9.60047E-2 4.80911E-2 9.67791E-2 1.18775E-1 1.23118E-1 2.32503E-1 2.23778E-1 1.66077E-1 1.30005E-1 1.1947E-1 1.50008E-1 1.59334E-1
-9999 -9999 -9999 -9999 -9999 5.51708E-3 1.0071E-2 3.5891E-3 3.52199E-3 1.07643E-2 1.82742E-1 2.86153E-1 1.57255E-1 1.5148E-2 2.03627E-2 1.70739E-2 1.54328E-2 1.29908E-2 6.44292E-3 2.19139E-2 1.87625E-2 1.73537E-2 1.2149E-2 1.59163E-2 2.41152E-2 4.23432E-2 3.93907E-2 1.6483E-2 7.16468E-3 4.12136E-4 8.22255E-3 3.1507E-2 6.47435E-2 4.46356E-2 1.27618E-1 1.0404E-1 7.39484E-2 8.61247E-2 8.53015E-2 1.73108E-1 3.49848E-1 2.64342E-1 3.79669E-1 2.33359E-1 2.37467E-1 2.22134E-1 1.68891E-1 9.2595E-2 9.90854E-2 2.10983E-1 1.41239E-1 2.1911E-1 1.63217E-1 1.23026E-1 8.3661E-2 1.28506E-1 1.48887E-1 1.97334E-1
-9999 -9999 -9999 -9999 1.2035E-5 7.90696E-4 3.91328E-2 1.04596E-2 1.75029E-2 2.53893E-2 3.5234E-2 1.20651E-1 8.13155E-2 4.99337E-2 3.49009E-2 3.5378E-3 2.23351E-2 2.0026E-2 4.25498E-3 3.05782E-2 6.24886E-2 4.8638E-2 2.11785E-2 2.17672E-2 5.15157E-2 8.37504E-2 6.68849E-2 8.47024E-3 3.2268E-3 1.67883E-3 1.75246E-2 7.09268E-2 7.16978E-2 4.72329E-2 9.27677E-2 1.41173E-1 2.09548E-1 2.24289E-1 3.14697E-1 5.31592E-1 6.66459E-1 4.57279E-1 4.76139E-1 3.57157E-1 3.14815E-1 1.73788E-1 1.75404E-1 2.19027E-1 1.58369E-1 2.06697E-1 1.45684E-1 1.87912E-1 2.59799E-1 3.01802E-1 2.00644E-1 1.8856E-1 2.60852E-1 2.04662E-1
-9999 -9999 -9999 -9999 1.53449E-5 5.26526E-3 6.56224E-2 2.69672E-2 1.27208E-2 4.93343E-3 3.16069E-2 8.46257E-2 8.40944E-2 6.02585E-2 2.40164E-2 4.21363E-2 7.49593E-3 4.27493E-3 5.81729E-2 9.75223E-2 1.67613E-1 7.8739E-2 4.26563E-2 5.44714E-2 9.85098E-2 1.02071E-1 6.09886E-2 8.9892E-3 9.5875E-3 6.23034E-3 3.05375E-2 3.73548E-2 8.87797E-2 6.23727E-2 1.77735E-1 2.12737E-1 2.92266E-1 1.71063E-1 3.98411E-1 4.75324E-1 6.06895E-1 6.53116E-1 6.20877E-1 5.32195E-1 2.44462E-1 7.43427E-2 8.63099E-2 2.25353E-1 3.61125E-1 3.74998E-1 3.29809E-1 2.14705E-1 2.94497E-1 3.00184E-1 3.63003E-1 2.9893E-1 2.23834E-1 1.67312E-1
-9999 -9999 -9999 -9999 1.8351E-5 3.31583E-3 9.75897E-2 9.61542E-2 6.57357E-2 8.07476E-3 5.51292E-2 5.88195E-2 7.07498E-2 8.00836E-2 2.81821E-2 1.19504E-2 1.5236E-2 2.72251E-2 9.97452E-2 1.56397E-1 1.68769E-1 1.61286E-1 1.15898E-1 1.39564E-1 1.16174E-1 1.356E-1 5.83049E-2 1.40226E-2 2.1453E-2 5.11771E-3 8.49723E-3 7.92476E-2 6.53279E-2 1.94628E-1 1.65988E-1 1.50113E-1 1.2935E-1 1.5682E-1 2.41179E-1 3.16716E-1 4.05914E-1 4.83863E-1 5.0829E-1 5.44888E-1 1.71117E-1 4.83921E-2 6.02644E-2 2.09431E-1 3.77682E-1 4.7437E-1 5.26629E-1 3.89251E-1 3.78942E-1 3.65094E-1 4.62027E-1 4.65259E-1 5.41438E-1 2.43752E-1
-9999 -9999 -9999 -9999 1.95163E-5 1.7984E-3 1.0181E-1 1.24257E-1 3.45035E-2 4.41615E-2 1.48215E-1 1.00128E-1 7.91048E-2 3.15669E-2 2.84691E-2 2.17052E-2 3.11641E-2 5.95605E-2 1.01205E-1 2.20478E-1 2.79707E-1 2.21506E-1 2.94494E-1 1.86625E-1 7.74594E-2 1.96159E-1 8.1952E-2 2.99913E-2 1.74179E-2 5.45652E-2 9.13815E-2 1.44331E-1 9.6251E-2 1.62917E-1 1.48028E-1 2.65559E-2 5.97123E-2 8.37019E-2 1.58886E-1 3.44107E-1 4.72244E-1 5.50062E-1 2.55934E-1 3.35528E-1 1.47161E-1 4.82781E-2 6.94536E-2 1.66812E-1 3.88791E-1 5.07845E-1 6.48521E-1 6.96853E-1 6.35364E-1 4.66141E-1 5.21299E-1 5.87984E-1 4.76574E-1 1.72418E-1
-9999 -9999 -9999 -9999 7.47304E-6 3.78113E-3 1.06826E-1 6.18295E-2 2.36872E-2 9.5567E-2 8.65732E-2 7.12016E-2 5.77782E-2 5.69834E-2 7.20541E-2 1.03914E-1 6.34895E-2 1.18175E-1 1.88355E-1 3.19915E-1 3.26651E-1 2.73659E-1 1.57758E-1 7.93412E-2 1.21537E-1 2.68177E-1 2.57348E-1 8.85916E-2 2.64792E-2 1.0889E-1 3.88874E-2 9.63927E-2 6.18147E-2 2.6858E-2 7.84357E-2 6.71347E-2 3.93754E-2 8.79686E-2 2.54308E-1 4.39987E-1 3.87205E-1 4.1071E-1 1.29458E-1 1.86622E-1 8.24562E-2 5.24332E-2 8.7556E-2 2.01864E-1 3.34206E-1 6.68493E-1 7.18648E-1 4.99943E-1 6.28886E-1 5.36869E-1 3.15278E-1 4.83656E-1 4.02055E-1 5.40892E-1
-9999 -9999 -9999 -9999 6.17258E-6 3.85243E-3 1.02516E-1 3.10171E-2 2.97847E-2 5.8519E-2 1.34864E-1 1.31353E-1 6.43372E-2 4.83953E-2 4.2659E-2 8.15369E-2 1.24219E-1 2.09386E-1 2.44227E-1 3.25934E-1 2.21298E-1 1.31423E-1 7.10992E-2 6.25559E-2 1.41999E-1 2.56229E-1 1.93686E-1 1.07396E-1 1.87941E-2 1.80285E-1 2.38846E-1 1.62526E-1 7.76602E-2 5.09968E-2 2.38442E-2 1.26599E-2 1.38649E-2 1.33923E-1 4.01944E-1 6.02183E-1 4.54659E-1 2.8196E-1 1.82542E-1 1.17897E-1 5.93232E-2 9.90917E-2 1.77704E-1 2.6395E-1 6.32801E-1 6.53334E-1 6.73808E-1 3.41844E-1 3.90662E-1 2.61516E-1 2.73255E-1 4.22922E-1 5.88335E-1 6.47866E-1
-9999 -9999 -9999 -9999 1.60576E-5 4.51249E-3 5.6698E-2 2.81348E-2 5.70311E-2 9.38441E-2 1.08643E-1 2.32751E-1 2.35588E-1 8.23177E-2 4.6265E-2 5.76771E-2 1.09049E-1 2.01526E-1 2.57601E-1 2.82243E-1 1.96598E-1 1.95956E-1 1.44069E-1 1.35144E-1 1.43938E-1 1.97423E-1 1.43807E-1 8.42004E-2 2.53437E-2 4.63288E-2 2.37147E-1 2.21741E-1 2.16485E-1 4.30012E-2 1.99351E-2 3.06841E-2 7.53373E-2 8.73176E-2 5.17941E-1 6.70969E-1 4.7497E-1 2.61962E-1 1.9295E-1 6.83578E-2 7.34378E-2 2.05053E-1 3.32599E-1 3.76595E-1 5.61825E-1 6.50554E-1 5.53381E-1 4.13356E-1 2.90086E-1 1.66593E-1 7.09068E-2 2.61716E-1 6.04715E-1 5.23139E-1
-9999 -9999 -9999 -9999 4.88865E-4 5.17669E-3 3.17643E-2 1.92494E-2 5.58112E-3 5.88129E-2 8.84677E-2 1.21914E-1 2.15305E-1 1.51716E-1 1.45721E-1 1.08322E-1 1.2816E-1 1.79633E-1 2.1853E-1 1.75136E-1 2.09031E-1 2.79032E-1 3.84727E-1 2.84298E-1 2.17391E-1 2.23643E-1 2.59825E-1 1.56556E-1 4.84312E-2 1.26457E-1 2.67133E-2 1.84861E-1 3.04049E-1 1.16692E-1 1.12275E-1 3.06032E-2 9.88672E-2 1.48959E-1 3.61842E-1 6.21725E-1 4.01825E-1 2.20157E-1 1.42255E-1 4.52765E-2 8.49847E-2 1.54674E-1 1.71784E-1 3.02211E-1 5.64104E-1 6.53557E-1 6.01408E-1 3.32566E-1 1.59145E-1 2.07759E-1 4.37666E-1 6.60337E-1 6.17531E-1 5.86965E-1
-9999 -9999 -9999 1.24658E-3 1.23074E-2 3.75616E-3 2.75762E-2 2.1877E-2 2.65883E-2 5.39255E-2 1.06278E-1 1.05767E-1 1.22877E-1 2.89783E-1 3.24762E-1 2.78216E-1 2.75012E-1 2.81106E-1 1.7892E-1 9.71509E-2 1.68705E-1 3.18267E-1 4.14373E-1 4.18812E-1 3.24361E-1 2.46131E-1 3.16316E-1 2.41223E-1 1.0313E-1 1.0555E-1 1.20991E-1 1.64812E-1 1.872E-1 2.30121E-1 1.80078E-1 1.65485E-2 2.09699E-1 3.4554E-1 4.3702E-1 5.34325E-1 3.02006E-1 2.09365E-1 1.43857E-1 5.0615E-2 1.20893E-1 1.10123E-1 9.98946E-2 3.10941E-1 4.47834E-1 4.76692E-1 4.45446E-1 6.94981E-2 1.16323E-1 1.65671E-1 4.05285E-1 6.32819E-1 6.94796E-1 6.69687E-1
-9999 -9999 -9999 6.37487E-3 4.21229E-2 7.99904E-2 5.13539E-2 1.95235E-2 4.54698E-2 9.61261E-2 1.79079E-1 1.85807E-1 2.6268E-1 4.00461E-1 4.69893E-1 5.19014E-1 4.57255E-1 3.69989E-1 2.48798E-1 1.44249E-1 2.99017E-1 4.54097E-1 5.08224E-1 6.12952E-1 5.45691E-1 4.10135E-1 3.6683E-1 1.84769E-1 1.50669E-1 1.21953E-1 9.66203E-2 4.25907E-2 1.40503E-1 1.96429E-1 2.11771E-1 1.88147E-1 2.88703E-1 5.3205E-1 5.92901E-1 5.68461E-1 4.88162E-1 4.3202E-1 3.57089E-1 1.97483E-1 1.98179E-1 1.00973E-1 1.12629E-1 3.37825E-1 2.9348E-1 1.53562E-1 2.89738E-1 2.39231E-1 6.65512E-2 8.37499E-2 2.67803E-1 4.91713E-1 5.63078E-1 5.70556E-1
-9999 -9999 4.9394E-3 1.4063E-3 1.11549E-1 2.88342E-1 3.04237E-1 1.3743E-1 2.36732E-1 2.18304E-1 2.75799E-1 3.22591E-1 3.42306E-1 4.88533E-1 6.38457E-1 6.88973E-1 5.27112E-1 3.80249E-1 3.49012E-1 3.00993E-1 4.32752E-1 5.58103E-1 6.49219E-1 6.85706E-1 6.41148E-1 4.61636E-1 2.36856E-1 1.68835E-1 1.18726E-1 1.17652E-1 1.5003E-1 2.10422E-1 2.47455E-1 8.988E-2 3.55931E-1 4.05266E-1 4.25108E-1 4.39671E-1 5.99255E-1 5.90192E-1 7.01294E-1 7.28235E-1 5.70435E-1 3.79591E-1 2.54367E-1 2.20239E-1 2.56406E-1 3.68846E-1 2.61504E-1 2.02524E-1 2.94905E-2 1.29853E-1 5.6676E-2 5.00814E-2 9.8091E-2 3.63189E-1 4.79487E-1 4.72546E-1
-9999 -9999 1.10743E-2 5.63955E-2 2.40645E-1 4.27906E-1 5.36708E-1 5.89194E-1 6.09411E-1 5.54009E-1 4.60655E-1 3.23252E-1 2.79961E-1 5.02963E-1 6.63341E-1 7.61169E-1 5.97605E-1 3.62436E-1 4.34548E-1 5.53244E-1 6.18939E-1 6.22935E-1 6.84308E-1 6.75297E-1 6.78829E-1 4.29105E-1 8.83099E-2 1.92332E-1 1.4144E-1 5.05154E-2 2.38539E-1 3.31722E-1 2.39823E-1 2.7858E-2 3.25092E-1 5.07241E-1 4.60113E-1 4.34042E-1 5.48787E-1 6.82132E-1 7.35503E-1 8.02581E-1 6.65438E-1 5.63741E-1 4.25977E-1 4.29074E-1 4.584E-1 5.52442E-1 5.81191E-1 1.15482E-1 2.48186E-1 1.61406E-1 1.50084E-1 9.0127E-2 9.82222E-2 3.50405E-1 4.13622E-1 4.19237E-1
-9999 -9999 -9999 1.67872E-1 9.66654E-2 3.99559E-1 6.41437E-1 8.28519E-1 8.61063E-1 8.05495E-1 5.97163E-1 1.96838E-1 1.29605E-1 4.3982E-1 5.81037E-1 7.22624E-1 5.32768E-1 3.33264E-1 4.93588E-1 6.56642E-1 6.7834E-1 5.2573E-1 5.90396E-1 6.44847E-1 5.16926E-1 3.36499E-1 3.27628E-1 1.92801E-1 2.77722E-1 4.8552E-2 2.91663E-1 3.07819E-1 8.80217E-2 2.97525E-2 2.25291E-1 3.78742E-1 4.9223E-1 5.41649E-1 7.07485E-1 7.159E-1 7.47336E-1 7.29463E-1 7.20011E-1 6.55145E-1 5.27733E-1 4.8361E-1 4.98285E-1 5.59365E-1 3.13708E-1 5.45783E-1 3.7617E-1 3.30344E-1 2.86125E-1 3.13911E-1 3.60925E-1 4.00325E-1 3.67984E-1 3.04223E-1
