Phytophthora/models/20240503_1210_48/Phytophthora_PA3_RUN4_MAXENT_outputs/Phytophthora_PA3_RUN4.asc
ncols         113
nrows         135
xllcorner     473009.9838
yllcorner     4429001.1748
cellsize      100.0
NODATA_value  -9999
[rows 78 to 103 of 135, columns 0 to 57 of 113]
-9999 -9999 -9999 1.6199E-2 1.21622E-2 3.39383E-1 6.66736E-1 8.31271E-1 9.01773E-1 8.63073E-1 5.41288E-1 3.17021E-1 3.78778E-1 5.00563E-1 5.9654E-1 5.67238E-1 5.13588E-1 4.41949E-1 7.42907E-1 7.70865E-1 6.32645E-1 3.91371E-1 4.17279E-1 4.8604E-1 4.93873E-1 4.49658E-1 5.37653E-1 1.37454E-1 1.15773E-1 4.13328E-1 2.75395E-1 2.11523E-1 6.97367E-2 6.62153E-2 1.85546E-1 3.81735E-1 4.54913E-1 5.47699E-1 6.41352E-1 6.04961E-1 7.77994E-1 7.27894E-1 7.09679E-1 7.32224E-1 5.84336E-1 5.2759E-1 3.94971E-1 1.47934E-1 6.03404E-1 5.8114E-1 5.00158E-1 4.76441E-1 4.41555E-1 3.85976E-1 3.84247E-1 4.94265E-1 2.8424E-1 2.35856E-1
-9999 -9999 -9999 -9999 1.08332E-1 4.20683E-1 6.77748E-1 7.63518E-1 8.21508E-1 7.53316E-1 5.14775E-1 5.0394E-1 6.15636E-1 6.55454E-1 6.65208E-1 3.99284E-1 5.514E-1 5.66768E-1 6.70999E-1 6.05735E-1 5.19301E-1 2.83273E-1 2.20629E-1 2.46306E-1 4.34894E-1 5.73012E-1 6.38878E-1 2.69081E-1 4.90682E-1 2.72414E-1 2.02663E-1 1.85873E-1 1.15387E-1 6.02103E-2 2.34277E-1 3.56251E-1 4.80643E-1 5.36097E-1 4.41133E-1 6.70064E-1 8.11005E-1 7.73045E-1 7.40757E-1 6.89846E-1 6.75508E-1 5.00562E-1 7.46876E-2 3.76605E-1 4.78329E-1 5.48317E-1 5.63614E-1 5.73678E-1 5.62208E-1 4.74808E-1 1.81939E-1 1.88073E-1 3.27596E-1 1.51848E-1
-9999 -9999 -9999 9.57776E-3 4.35754E-2 4.34127E-1 7.94418E-1 8.58203E-1 8.56785E-1 8.06595E-1 5.47607E-1 4.98117E-1 6.49827E-1 7.29165E-1 4.92172E-1 1.55799E-1 5.98187E-1 5.99742E-1 5.44422E-1 5.02859E-1 4.25438E-1 2.2223E-1 2.51849E-1 2.29105E-1 2.91053E-1 5.12632E-1 6.57724E-1 6.30544E-1 1.17629E-1 2.67828E-1 8.66872E-2 3.67034E-2 4.56167E-2 4.26602E-1 4.2892E-1 3.24462E-1 5.53866E-1 4.5528E-1 4.42008E-1 6.04126E-1 6.34794E-1 4.45003E-1 6.54033E-1 5.79462E-1 5.55516E-1 3.26493E-1 5.75789E-2 2.873E-1 4.06895E-1 4.47958E-1 4.29233E-1 4.58764E-1 3.6519E-1 3.0415E-1 1.49683E-1 3.55911E-2 1.39511E-1 5.32545E-2
-9999 -9999 6.83026E-3 1.66536E-3 1.69217E-2 4.52518E-1 7.74904E-1 8.65338E-1 4.57135E-1 7.78006E-1 5.56099E-1 4.42698E-1 6.08902E-1 7.07802E-1 2.09902E-1 4.06969E-1 5.90237E-1 7.04689E-1 7.00717E-1 6.30536E-1 5.43957E-1 2.8625E-1 3.69236E-1 2.34255E-1 2.37386E-1 3.49334E-1 5.134E-1 5.84165E-1 1.58168E-1 6.24099E-2 1.40092E-1 1.19621E-1 5.14544E-1 4.17322E-1 2.45155E-1 2.56118E-1 4.82851E-1 2.6709E-1 4.46337E-1 4.60653E-1 4.86004E-1 2.42274E-1 6.03015E-1 5.53311E-1 4.5468E-1 1.73385E-1 2.24165E-2 1.88508E-1 2.22867E-1 3.43432E-1 4.02928E-1 2.86669E-1 1.9271E-1 1.94353E-1 6.53437E-2 1.22537E-2 1.04082E-2 7.128E-3
-9999 -9999 1.66474E-3 3.48562E-2 8.5414E-2 2.40951E-1 4.75677E-1 1.54279E-1 7.86808E-1 7.48429E-1 5.43116E-1 4.4742E-1 4.63654E-1 4.8856E-1 1.53121E-1 2.46761E-1 3.76186E-1 5.05487E-1 6.15222E-1 7.18742E-1 6.74193E-1 4.80317E-1 5.78879E-1 4.18163E-1 2.74782E-1 3.17099E-1 3.8237E-1 6.43263E-2 2.16494E-1 1.8816E-1 2.99625E-1 4.26902E-1 5.0319E-1 3.0424E-1 3.447E-1 5.99395E-1 4.69581E-1 2.89767E-1 3.85072E-1 6.42739E-1 4.1761E-1 2.90084E-1 5.77096E-1 5.1473E-1 4.36036E-1 2.5443E-1 7.94035E-2 2.91527E-1 3.91224E-1 3.34702E-1 2.48221E-1 1.47074E-1 1.80986E-1 1.48321E-1 2.7802E-2 9.48013E-3 1.66907E-2 1.40415E-1
-9999 -9999 1.89045E-4 6.22754E-2 3.22994E-1 2.58747E-1 8.88517E-2 3.53312E-1 3.84443E-1 1.79671E-1 3.05844E-1 2.99447E-1 2.72581E-1 1.18012E-1 2.7506E-1 3.34403E-1 5.04736E-1 6.11356E-1 6.41402E-1 6.16315E-1 5.17561E-1 5.86729E-1 5.59038E-1 4.34565E-1 2.75032E-1 2.44688E-1 3.37437E-2 8.66122E-2 2.10103E-1 4.02615E-1 5.51756E-1 6.1933E-1 6.29382E-1 4.73919E-1 4.56083E-1 7.10632E-1 6.72636E-1 6.73164E-1 1.44955E-1 7.30064E-1 4.96905E-1 4.59147E-1 4.88725E-1 4.04027E-1 4.24471E-1 1.59625E-1 2.95008E-1 3.14912E-1 2.8972E-1 1.95618E-1 2.13562E-1 1.28589E-1 1.03494E-1 3.88191E-2 1.4081E-2 4.15363E-2 9.46235E-2 3.55102E-2
-9999 -9999 1.52428E-3 1.15789E-1 3.45063E-1 3.20624E-1 7.3827E-2 2.3107E-1 1.22785E-1 7.35172E-2 2.5534E-2 2.22363E-2 6.11079E-2 3.62042E-1 4.85629E-1 6.32238E-1 6.86534E-1 6.45989E-1 5.14285E-1 5.04219E-1 2.24979E-1 2.82345E-1 3.79119E-1 2.99661E-1 1.44729E-1 1.1354E-1 7.20735E-2 2.27651E-2 3.14041E-1 5.85369E-1 6.94527E-1 7.63189E-1 7.12248E-1 4.88865E-1 5.95131E-1 6.74167E-1 6.76212E-1 7.23233E-1 7.70778E-1 7.64402E-1 1.00836E-1 4.35757E-1 4.03712E-1 3.91492E-1 6.40205E-2 3.75883E-1 4.72966E-1 4.62283E-1 4.21263E-1 4.02443E-1 2.92906E-1 1.73645E-1 6.15771E-2 3.03369E-2 8.98603E-2 1.89709E-1 1.04518E-1 4.32494E-1
-9999 2.27492E-4 1.02726E-3 1.04884E-1 3.42159E-1 3.50172E-1 3.08756E-2 9.14159E-2 5.6242E-2 2.97097E-2 1.00336E-1 2.30723E-1 3.84523E-1 6.53031E-1 6.76211E-1 6.40942E-1 5.86234E-1 5.13034E-1 4.77218E-1 3.44654E-1 1.56631E-1 1.66146E-1 2.32154E-1 1.83699E-1 1.1829E-1 1.55174E-1 2.94653E-2 2.95241E-1 4.44817E-1 5.6991E-1 6.84083E-1 4.88332E-1 3.76192E-1 5.0528E-1 6.44648E-1 5.97784E-1 2.54142E-1 5.40365E-1 5.24955E-1 6.43046E-1 6.87613E-1 6.56959E-1 2.94719E-1 3.41163E-1 3.18845E-1 3.04188E-1 4.92006E-1 6.65135E-1 5.2133E-1 5.73081E-1 4.35635E-1 2.28339E-1 1.70774E-1 2.38746E-2 6.37613E-2 2.8023E-1 9.01158E-2 5.02581E-1
-9999 6.42552E-3 1.60052E-2 1.07159E-1 1.7986E-1 1.48226E-1 5.46632E-2 6.15465E-2 4.27183E-2 6.72884E-2 1.33152E-1 3.39148E-1 3.85524E-1 6.57386E-1 5.51864E-1 5.10432E-1 5.3114E-1 4.3431E-1 3.49832E-1 2.51894E-1 1.76003E-1 1.25936E-1 1.28382E-1 1.4973E-1 1.65484E-1 1.29289E-1 2.12024E-1 3.70271E-1 5.56468E-1 5.317E-1 4.17363E-1 1.9902E-1 3.44013E-1 5.3817E-1 5.55848E-1 5.1257E-1 4.83608E-1 4.50243E-1 4.03974E-1 5.03583E-1 6.14219E-1 5.53152E-1 4.18534E-1 5.91483E-1 4.13899E-1 4.4007E-1 6.17208E-1 5.9548E-1 4.74089E-1 4.83285E-1 4.28315E-1 3.03662E-1 2.06791E-1 3.67925E-2 4.57933E-2 2.99285E-1 2.1306E-1 3.88545E-1
6.14924E-3 2.53193E-2 2.08239E-2 4.72623E-2 2.66038E-1 2.4087E-1 2.43926E-1 1.17854E-1 8.41148E-2 1.88104E-1 3.43774E-1 4.54489E-1 4.93209E-1 6.6326E-1 4.29587E-1 2.91364E-1 3.79732E-1 2.92105E-1 2.8524E-1 3.11707E-1 2.61639E-1 1.87384E-1 7.04204E-2 3.00419E-2 1.58344E-1 2.64255E-1 4.11024E-1 3.7269E-1 2.37608E-1 4.00773E-1 2.11257E-1 1.94009E-1 4.88197E-1 5.57764E-1 5.43252E-1 5.85482E-1 6.97506E-1 5.29158E-1 4.04414E-1 6.41661E-1 6.80108E-1 1.81141E-1 5.75596E-1 6.86587E-1 5.86421E-1 5.70784E-1 4.85419E-1 2.39675E-1 1.50923E-1 5.66193E-1 4.4637E-1 2.49399E-1 1.44428E-1 6.49626E-2 1.28935E-1 3.6609E-1 2.10697E-1 4.13895E-1
1.00683E-2 2.33895E-2 3.30478E-2 9.69456E-2 2.84002E-1 4.52686E-2 3.01342E-1 1.68349E-1 1.66618E-1 4.21141E-1 4.83878E-1 6.4655E-1 5.72881E-1 6.92563E-1 5.83026E-1 2.80732E-1 3.02116E-1 2.93358E-1 4.31657E-1 5.20819E-1 3.01705E-1 9.69268E-2 2.53502E-1 1.80444E-1 1.40828E-1 4.09598E-1 5.35661E-1 2.95931E-1 1.02944E-1 1.45848E-1 3.27465E-1 3.97405E-1 5.37132E-1 5.8472E-1 4.77848E-1 4.72069E-1 2.60722E-1 3.41113E-1 4.98962E-1 7.66954E-1 7.51226E-1 1.63381E-1 6.48054E-1 6.33131E-1 7.0817E-1 5.80616E-1 2.00996E-1 1.14374E-1 2.53375E-1 6.30789E-1 4.02223E-1 2.31938E-1 7.95344E-2 1.02768E-1 3.05267E-1 3.97114E-1 9.17904E-2 2.68588E-1
-9999 3.88274E-2 9.37183E-2 3.16562E-1 2.24907E-1 4.95178E-2 3.66355E-1 2.96104E-1 2.54872E-1 5.11719E-1 6.13553E-1 4.04079E-1 1.49442E-1 7.07582E-1 7.43992E-1 5.95072E-1 3.21437E-1 2.89256E-1 4.71479E-1 1.57989E-1 5.2709E-1 3.44124E-1 4.68505E-1 2.3576E-1 2.16715E-1 4.9365E-1 2.97758E-1 4.50201E-1 4.61341E-1 3.34409E-1 3.98004E-1 6.36955E-1 7.41013E-1 5.88807E-1 5.16696E-1 5.75225E-1 3.51001E-1 2.75415E-1 5.54402E-1 7.76785E-1 7.07706E-1 2.99653E-1 5.61506E-1 7.58689E-1 7.44984E-1 6.24043E-1 2.06532E-1 1.09254E-1 6.65098E-1 6.22074E-1 3.06052E-1 2.22766E-1 4.34125E-2 2.02615E-1 4.12906E-1 5.11201E-1 2.99043E-1 2.55246E-1
-9999 1.14882E-1 3.03059E-1 3.78675E-1 3.08343E-1 1.22161E-1 2.34606E-1 2.47648E-1 3.79562E-1 5.70118E-1 6.21648E-1 5.31359E-1 3.71183E-1 6.62525E-1 6.88437E-1 5.52442E-1 3.48909E-1 3.23239E-1 3.63719E-1 1.94754E-1 3.95877E-1 3.7822E-1 2.91105E-1 1.61457E-1 4.03794E-1 4.55604E-1 4.96623E-1 6.2137E-1 6.33831E-1 3.10885E-1 2.99358E-1 5.97501E-1 7.21728E-1 4.55011E-1 6.41032E-1 6.72379E-1 4.85402E-1 3.99167E-1 6.27365E-1 6.74095E-1 5.69715E-1 8.64567E-2 4.40389E-1 6.3137E-1 6.97684E-1 6.47614E-1 2.04881E-1 1.68978E-1 6.51248E-1 7.37353E-1 4.80861E-1 2.25012E-1 9.28051E-2 3.15225E-1 4.84846E-1 6.19417E-1 3.18558E-1 3.12478E-1
-9999 -9999 -9999 9.12732E-2 1.27045E-1 1.31443E-1 3.08974E-1 4.27638E-1 2.98384E-1 4.77595E-1 5.07279E-1 2.78777E-1 1.95943E-1 3.20933E-1 5.00851E-1 4.16834E-1 4.39166E-1 3.7378E-1 7.24972E-2 4.60883E-1 1.41421E-1 1.47646E-1 2.23879E-1 3.04655E-1 1.29243E-1 1.67542E-1 5.51026E-1 5.38397E-1 4.32594E-1 3.85242E-1 3.86327E-1 1.74385E-1 4.93187E-1 5.77342E-1 6.87785E-1 5.86905E-1 4.95006E-1 4.32459E-1 5.04791E-1 2.79369E-1 1.85097E-1 1.52539E-1 3.91364E-1 5.5204E-1 7.02136E-1 3.44275E-1 7.40621E-2 3.74852E-1 7.07474E-1 5.61892E-1 4.56134E-1 2.87566E-1 3.77157E-1 4.88532E-1 5.40772E-1 5.79977E-1 1.19855E-1 3.54211E-1
-9999 -9999 -9999 -9999 1.09735E-1 6.34336E-2 4.22918E-1 6.23137E-1 4.44652E-1 3.5428E-1 4.08855E-1 2.2964E-1 1.1324E-1 3.32853E-1 3.3224E-1 4.11634E-1 4.9878E-1 3.72254E-1 5.10561E-1 4.79371E-1 1.01027E-1 6.62719E-2 7.01443E-2 2.38636E-1 2.70184E-1 5.14887E-1 4.39017E-1 4.72402E-1 4.39875E-1 2.75103E-1 3.65886E-1 3.52239E-1 5.53628E-1 5.82735E-1 4.78422E-1 3.86333E-1 1.35607E-1 9.33374E-2 3.54336E-2 2.03834E-2 3.142E-2 1.13379E-1 2.55893E-1 4.05796E-1 4.94365E-1 1.66107E-1 2.46061E-1 3.7517E-1 5.34702E-1 3.89982E-1 4.78756E-1 3.27534E-1 3.34175E-1 4.34153E-1 4.83104E-1 3.49938E-1 7.25611E-2 4.43457E-1
-9999 -9999 -9999 -9999 -9999 -9999 -9999 6.64427E-1 6.79481E-1 6.93631E-1 5.62555E-1 3.83758E-1 3.79029E-1 3.97926E-1 3.72708E-1 4.45699E-1 5.80425E-1 1.36895E-1 2.2019E-1 3.85359E-1 2.53158E-1 9.21919E-2 1.114E-1 3.27E-1 4.02617E-1 4.05786E-1 3.98897E-1 4.23118E-1 3.52118E-1 1.85901E-1 1.65594E-1 3.92717E-1 3.80296E-1 2.66782E-1 2.62479E-1 2.46782E-1 1.72772E-1 6.78471E-2 3.33549E-2 3.67017E-2 3.63883E-2 6.638E-2 1.60775E-1 3.29788E-1 2.3239E-1 1.46133E-1 5.50602E-1 4.52866E-1 5.65231E-1 6.23779E-1 5.50314E-1 4.45635E-1 3.83437E-1 4.41488E-1 1.91562E-1 1.52434E-1 2.4261E-1 4.36462E-1
-9999 -9999 -9999 -9999 -9999 -9999 -9999 7.39299E-1 7.69653E-1 6.93267E-1 4.77373E-1 4.27697E-1 2.14273E-1 2.43603E-1 3.69032E-1 5.23063E-1 7.14872E-1 2.13214E-1 3.10438E-1 5.09221E-1 3.05625E-1 8.20829E-2 5.82632E-2 2.19933E-1 1.51582E-1 3.609E-1 3.05282E-1 2.05927E-1 1.31163E-1 7.4297E-2 1.77891E-1 2.29305E-1 1.77291E-1 8.97957E-2 1.9171E-1 9.5119E-2 2.48802E-1 1.60558E-1 5.3486E-2 1.40118E-2 8.61311E-2 1.25729E-1 3.24658E-1 5.54143E-1 2.16838E-1 4.38282E-1 5.15076E-1 1.7354E-1 3.64729E-1 6.36298E-1 9.87007E-2 4.5528E-1 5.571E-1 1.67493E-1 2.70701E-1 2.98329E-1 4.34453E-1 3.63963E-1
-9999 -9999 -9999 -9999 -9999 -9999 -9999 6.23844E-1 7.49145E-1 4.98613E-1 2.44346E-1 2.12849E-1 4.15936E-2 3.73637E-2 2.42208E-1 4.17235E-1 5.48289E-1 1.82183E-1 4.36691E-1 4.18327E-1 2.17896E-1 6.89282E-2 7.39426E-2 1.28691E-2 1.90161E-1 2.3708E-1 2.70004E-1 1.83039E-1 3.89875E-1 2.77797E-1 1.63979E-1 1.86976E-1 5.62613E-2 4.02617E-2 1.40645E-1 1.72126E-1 2.05953E-1 8.51299E-2 9.72799E-2 1.10412E-1 1.2391E-1 2.20177E-1 4.07975E-1 5.21114E-1 3.42403E-1 5.70465E-1 1.7763E-1 4.18887E-1 1.88293E-1 1.97325E-1 3.24632E-1 6.71458E-2 3.55943E-1 2.56851E-1 4.82174E-2 5.29027E-2 1.09375E-1 7.40843E-2
-9999 -9999 -9999 -9999 -9999 -9999 -9999 4.41393E-1 4.44434E-1 2.68199E-1 1.96236E-1 1.03902E-1 2.52974E-2 3.4596E-2 1.0269E-1 3.68969E-1 5.32024E-1 2.74188E-1 6.32004E-1 4.64778E-1 1.96542E-1 1.53595E-2 3.45924E-2 4.1901E-2 7.27823E-2 1.94321E-1 2.00848E-1 1.14915E-1 1.94489E-1 3.24893E-1 1.73253E-1 6.67996E-2 8.53855E-2 3.14821E-1 1.46273E-1 1.8709E-1 1.74787E-1 1.25429E-1 2.12497E-1 2.55064E-1 1.16581E-1 1.61236E-1 1.75412E-1 2.35479E-1 3.45921E-1 6.20127E-1 5.02246E-1 1.7005E-1 6.4394E-2 9.15715E-2 1.05117E-1 9.79552E-2 2.14363E-1 1.79751E-1 5.33751E-2 8.94001E-2 5.19329E-2 2.15796E-1
-9999 -9999 -9999 -9999 -9999 -9999 -9999 -9999 1.99129E-1 1.71543E-1 1.37293E-1 7.92928E-2 1.21521E-1 9.85835E-2 4.24211E-1 6.44974E-1 6.54537E-1 4.10916E-1 5.76085E-1 1.658E-1 1.88058E-1 3.00092E-2 1.9658E-2 5.78338E-2 1.11867E-1 1.92236E-1 1.57336E-1 1.13308E-1 1.83862E-1 2.10169E-1 1.89243E-2 1.38508E-1 3.32484E-2 4.91824E-1 4.9029E-1 2.72346E-1 1.58997E-1 2.83945E-1 3.58482E-1 2.02894E-1 1.0524E-1 3.11081E-1 3.65368E-1 5.01247E-1 3.27159E-1 3.19009E-1 2.19114E-1 4.89516E-2 1.70779E-1 1.79046E-1 1.26525E-1 6.85856E-2 3.65203E-2 1.36497E-1 1.99415E-1 2.87439E-1 2.80279E-1 1.68439E-1
-9999 -9999 -9999 -9999 -9999 -9999 -9999 -9999 -9999 -9999 -9999 -9999 1.7771E-1 8.92408E-2 2.96903E-1 5.14714E-1 2.23993E-1 5.62147E-1 4.30852E-1 6.48906E-2 1.21632E-1 3.85764E-2 4.72907E-2 1.27309E-1 1.7809E-1 9.94361E-2 3.41205E-2 1.04475E-1 2.35842E-1 1.03646E-1 1.65923E-1 1.74085E-1 1.10385E-1 6.23978E-1 5.17306E-1 2.1315E-1 1.44134E-1 1.5761E-1 2.59503E-1 1.59943E-1 1.22765E-1 1.90723E-1 2.89936E-1 2.7438E-1 1.34149E-1 1.33147E-1 6.49289E-2 3.15142E-2 9.74186E-2 1.00121E-1 1.54952E-2 2.10652E-2 4.31258E-2 8.49237E-2 4.28459E-1 4.94391E-1 1.06783E-1 1.29982E-1
-9999 -9999 -9999 -9999 -9999 -9999 -9999 -9999 -9999 -9999 -9999 -9999 -9999 1.06381E-1 3.25584E-1 1.77774E-1 6.31404E-1 7.02516E-1 5.49608E-1 3.77622E-1 5.44732E-2 3.13751E-2 3.20819E-2 1.20552E-1 1.43943E-1 3.19978E-2 3.80697E-2 6.70834E-2 7.82949E-2 2.77281E-1 1.60204E-1 2.9042E-1 4.7346E-1 4.54121E-1 3.31413E-1 1.37764E-1 9.65791E-2 1.75983E-1 5.32213E-1 3.90386E-1 7.68162E-2 2.61371E-2 1.14475E-1 6.06886E-2 1.3324E-1 2.34856E-1 8.03873E-2 4.63258E-2 4.98559E-2 5.02711E-2 7.97798E-2 2.26665E-2 6.34496E-2 3.54344E-1 4.68395E-1 3.56006E-1 1.56568E-1 2.32268E-1
-9999 -9999 -9999 -9999 -9999 -9999 -9999 -9999 -9999 -9999 -9999 -9999 8.72501E-2 1.68888E-1 8.80711E-2 6.07374E-1 6.53776E-1 6.82111E-1 6.1443E-1 5.57469E-1 1.87511E-1 1.23919E-2 5.43267E-2 7.1073E-2 4.03047E-2 1.24444E-1 8.8519E-2 2.32001E-2 1.46741E-1 1.60683E-1 2.50832E-1 2.41504E-1 2.43055E-1 1.97293E-1 1.15219E-1 6.13724E-2 1.50962E-1 4.75109E-1 5.93999E-1 5.1936E-1 2.50145E-1 1.07155E-1 5.2571E-2 3.66113E-1 3.80361E-1 6.94327E-2 1.4532E-1 1.48959E-2 6.08118E-2 5.92138E-2 4.72503E-2 4.19433E-2 1.7455E-1 4.20255E-1 3.58148E-1 3.96298E-1 3.25581E-1 9.92092E-2
-9999 -9999 -9999 -9999 -9999 -9999 -9999 -9999 -9999 -9999 -9999 -9999 -9999 8.5406E-2 1.23075E-1 -9999 4.76809E-1 6.01655E-1 5.07142E-1 4.04126E-1 2.18185E-1 9.99879E-2 2.28187E-2 7.77701E-2 1.63791E-1 7.84705E-2 1.47045E-1 1.01719E-1 6.64247E-2 7.41034E-2 1.98632E-1 1.13559E-1 7.91418E-2 1.43314E-1 1.25632E-1 1.221E-1 2.56252E-1 6.62723E-1 5.86555E-1 3.18541E-1 3.03798E-1 1.21042E-1 1.16161E-1 5.52362E-1 5.91252E-1 3.50437E-1 4.64317E-2 1.34412E-1 2.7616E-2 8.95159E-2 9.33035E-2 1.69975E-1 1.70757E-1 4.51979E-1 3.4017E-1 4.38852E-1 4.49586E-1 1.85889E-1
-9999 -9999 -9999 -9999 -9999 -9999 -9999 -9999 -9999 -9999 -9999 -9999 -9999 -9999 -9999 -9999 3.47445E-1 5.18587E-1 3.69266E-1 3.06233E-1 2.19604E-1 1.76485E-1 2.75361E-1 4.41823E-1 5.33949E-1 4.0526E-1 1.3511E-1 8.78479E-2 1.30717E-1 5.50739E-1 4.83679E-1 2.37271E-1 2.72647E-1 3.01465E-1 3.57554E-1 4.2093E-1 3.24905E-1 5.99963E-1 5.11551E-1 1.35233E-1 1.3948E-1 1.75711E-1 4.07087E-1 4.90408E-1 7.74282E-1 6.47938E-1 4.27255E-1 2.97505E-1 2.14988E-1 2.35628E-2 1.74291E-1 2.16922E-1 9.11545E-2 4.09804E-1 5.37371E-1 3.27874E-1 5.27674E-1 3.12222E-1
-9999 -9999 -9999 -9999 -9999 -9999 -9999 -9999 -9999 -9999 -9999 -9999 -9999 -9999 -9999 -9999 -9999 4.24348E-1 2.66469E-1 2.10903E-1 3.65798E-1 2.55998E-1 9.86721E-2 4.0813E-1 2.34711E-1 4.01406E-1 2.32685E-1 4.129E-1 4.58892E-1 6.7159E-1 2.35633E-1 6.23955E-1 5.35581E-1 4.12933E-1 4.16514E-1 4.70088E-1 4.06265E-1 5.50317E-1 3.67426E-1 1.26922E-1 9.9982E-2 2.10088E-1 6.12975E-1 6.85968E-1 8.03744E-1 7.94096E-1 4.88571E-1 4.06729E-1 3.53413E-1 2.56685E-1 2.0352E-1 2.56355E-2 1.62049E-1 3.32694E-1 1.94888E-1 1.41151E-1 1.71651E-1 1.10931E-1
