Phytophthora/models/20240503_1210_48/Phytophthora_PA3_RUN4_MAXENT_outputs/Phytophthora_PA3_RUN4.asc
ncols         113
nrows         135
xllcorner     473009.9838
yllcorner     4429001.1748
cellsize      100.0
NODATA_value  -9999
[rows 26 to 51 of 135, columns 0 to 57 of 113]
-9999 -9999 -9999 -9999 -9999 -9999 -9999 -9999 -9999 -9999 7.17107E-4 1.13289E-3 2.2671E-3 1.61159E-3 2.16219E-3 2.34344E-3 5.71597E-3 8.51265E-3 3.99074E-3 4.60286E-3 1.2036E-2 4.5646E-3 3.7648E-3 2.13907E-3 3.71835E-3 4.4673E-3 3.84161E-3 4.06443E-3 2.22288E-3 7.28412E-4 1.16169E-4 3.07682E-4 1.07864E-3 9.94111E-3 1.00948E-2 1.05806E-2 1.03234E-2 5.75429E-3 3.17452E-3 2.17419E-3 3.67219E-3 7.50536E-3 1.04008E-2 -9999 -9999 -9999 -9999 -9999 -9999 -9999 -9999 -9999 -9999 -9999 -9999 -9999 -9999 -9999
-9999 -9999 -9999 -9999 -9999 -9999 -9999 -9999 -9999 -9999 1.5375E-4 6.50169E-4 2.4593E-4 4.98975E-4 1.02059E-3 1.4197E-3 2.19025E-3 4.95801E-3 1.72048E-2 1.26554E-2 3.87958E-3 3.81282E-3 7.37983E-3 7.10152E-3 7.27425E-3 5.19461E-3 8.44674E-3 5.71722E-3 2.80389E-3 4.42464E-4 2.41928E-4 7.32774E-4 2.75181E-3 6.54361E-3 4.02461E-3 3.1678E-3 9.40493E-3 1.12986E-2 4.20898E-3 2.06622E-3 3.48599E-3 7.74424E-3 8.38325E-3 9.5477E-3 5.74211E-3 3.24275E-2 2.63695E-2 -9999 -9999 -9999 -9999 -9999 -9999 -9999 -9999 -9999 -9999 -9999
-9999 -9999 -9999 -9999 -9999 -9999 -9999 -9999 7.82585E-10 6.15091E-7 7.34707E-5 3.54503E-4 2.69331E-4 2.78662E-4 4.38929E-4 3.20083E-4 2.88805E-3 7.29565E-3 1.17606E-2 1.7371E-2 8.48017E-3 9.98545E-3 9.46631E-3 9.51456E-3 9.46247E-3 1.09689E-2 8.2114E-3 6.97302E-3 5.3755E-3 5.6472E-4 3.11314E-4 5.29807E-4 1.68867E-3 2.87382E-3 8.03787E-4 1.15973E-3 2.12913E-3 5.8477E-3 9.79983E-3 6.16469E-3 4.01701E-3 8.03902E-4 2.12859E-3 4.70496E-3 6.32273E-3 1.77956E-2 4.59855E-2 -9999 -9999 -9999 -9999 -9999 -9999 -9999 -9999 -9999 -9999 -9999
-9999 -9999 -9999 -9999 -9999 -9999 3.12664E-8 9.67391E-9 8.22695E-8 7.27905E-6 2.64584E-4 8.86147E-4 7.41277E-4 8.41784E-4 7.93126E-4 1.3256E-3 3.0025E-3 3.9628E-3 6.04963E-3 7.82441E-3 9.64826E-3 1.10239E-2 1.94213E-2 1.95587E-2 2.45264E-2 1.25921E-2 7.58448E-3 3.34646E-3 1.46276E-3 6.70763E-4 7.62956E-4 4.55983E-4 1.1149E-3 2.01922E-3 5.42137E-4 3.17624E-4 3.49295E-4 8.32881E-4 4.37523E-3 1.11125E-2 6.29567E-3 8.57823E-4 1.95446E-3 6.20282E-3 5.03702E-3 1.11785E-2 3.87998E-2 -9999 -9999 -9999 -9999 -9999 -9999 -9999 -9999 -9999 -9999 -9999
-9999 -9999 -9999 -9999 -9999 -9999 1.55638E-6 1.03025E-5 2.91705E-5 1.4672E-4 5.57969E-4 1.04003E-3 1.44208E-3 3.06423E-3 3.70501E-3 4.22749E-3 5.81224E-3 4.30483E-3 4.24449E-3 3.16018E-3 5.22368E-3 6.47894E-3 1.70635E-2 2.51546E-2 1.911E-2 1.17677E-2 8.53475E-3 3.25501E-3 1.18634E-3 5.54116E-4 1.14192E-3 9.71479E-4 1.33916E-3 1.13802E-3 7.48435E-4 5.07769E-4 2.46136E-3 2.96888E-3 5.43311E-3 4.76847E-3 8.65793E-3 2.51574E-3 4.68547E-3 6.46737E-3 4.42132E-3 1.65206E-2 4.74736E-2 3.80168E-2 -9999 -9999 -9999 -9999 -9999 -9999 -9999 -9999 -9999 -9999
-9999 -9999 -9999 -9999 -9999 -9999 1.0667E-6 1.16599E-4 4.07241E-4 3.99856E-4 1.12358E-4 2.47754E-4 2.04563E-3 6.88508E-3 1.04929E-2 1.0077E-2 8.27673E-3 3.80383E-3 1.93309E-3 2.01042E-3 4.37497E-3 6.29421E-3 1.0602E-2 2.52659E-2 1.98565E-2 3.41736E-3 1.87846E-3 4.78843E-3 3.88198E-3 1.3621E-3 1.08005E-3 1.66548E-3 1.95317E-3 8.46594E-4 1.01781E-3 1.36357E-3 2.51706E-3 6.33763E-3 7.66395E-3 6.09156E-3 8.08056E-3 5.46274E-3 1.28992E-3 4.09625E-3 5.11416E-3 1.94481E-2 4.06336E-2 4.52952E-2 5.87703E-2 -9999 -9999 -9999 -9999 -9999 -9999 -9999 -9999 -9999
-9999 -9999 -9999 -9999 -9999 4.07686E-6 1.31767E-5 1.73112E-4 6.57367E-4 2.42608E-4 9.82558E-5 2.16836E-4 2.18652E-3 7.79049E-3 9.62086E-3 7.0546E-3 6.96437E-3 2.41746E-3 1.22681E-3 1.55833E-3 2.69625E-3 7.78587E-3 1.55822E-2 2.93364E-2 7.66871E-3 1.34383E-3 2.97267E-4 5.30453E-4 8.19156E-4 6.64204E-4 8.49058E-4 1.50697E-3 2.08385E-3 7.11388E-4 1.47379E-3 1.89363E-3 2.67162E-3 7.77239E-3 1.06758E-2 2.35171E-3 1.38433E-3 1.6323E-3 1.02047E-3 3.99729E-3 1.30055E-2 3.66493E-3 2.77067E-2 3.67902E-2 3.82649E-2 5.60787E-2 6.61751E-2 -9999 -9999 -9999 -9999 -9999 -9999 -9999
-9999 -9999 -9999 -9999 1.99088E-8 4.2992E-7 5.1954E-5 1.42933E-4 4.2301E-4 2.76739E-4 1.41448E-4 5.54403E-4 3.52185E-3 8.68315E-3 8.02812E-3 5.17268E-3 2.36401E-3 1.49882E-3 1.48298E-3 1.52292E-3 2.10799E-3 5.10923E-3 8.83803E-3 1.44213E-2 8.76573E-3 1.48545E-3 2.84433E-4 1.96366E-4 9.4702E-5 2.36131E-4 7.71295E-4 1.85966E-3 2.6114E-3 2.28246E-3 2.53553E-3 2.92912E-3 3.09024E-3 8.53716E-3 5.84152E-3 2.15946E-3 1.59659E-3 1.52557E-3 2.0939E-3 5.11753E-3 1.71953E-2 1.85316E-2 2.68776E-3 3.89623E-2 3.60509E-2 3.60855E-2 3.59077E-2 7.05511E-2 1.11913E-1 -9999 -9999 -9999 -9999 -9999
-9999 -9999 -9999 -9999 2.07533E-8 3.02626E-6 3.32298E-5 7.98734E-5 3.51911E-4 2.79487E-4 1.88028E-4 3.49507E-4 1.81349E-3 7.44161E-3 3.34557E-3 3.06435E-3 1.48771E-3 9.7234E-4 1.43165E-3 1.6027E-3 2.6801E-3 2.72847E-3 4.6223E-3 7.46633E-3 5.5126E-3 1.99779E-3 3.13102E-4 3.94442E-4 1.01096E-4 1.23012E-4 9.92555E-4 1.85271E-3 1.8774E-3 2.14254E-3 4.92905E-3 6.33922E-3 3.58083E-3 8.21999E-3 3.94719E-3 2.6289E-3 2.91087E-3 6.09245E-3 3.8144E-3 4.85088E-3 1.29225E-2 1.50163E-2 2.73756E-2 1.20801E-2 1.51404E-2 1.94602E-2 8.28704E-3 2.95018E-2 1.12351E-1 -9999 -9999 -9999 -9999 -9999
-9999 -9999 -9999 -9999 -9999 -9999 -9999 -9999 6.03548E-4 1.9797E-4 1.2402E-3 1.70022E-3 2.12793E-3 4.14798E-3 3.39318E-3 2.2816E-3 1.59787E-3 1.04811E-3 8.50733E-4 1.02536E-3 1.16638E-3 1.47354E-3 2.55797E-3 2.49756E-3 2.4114E-3 1.36138E-3 2.64319E-4 2.31726E-4 7.04773E-5 1.27367E-4 9.13914E-4 1.5736E-3 1.32149E-3 1.2308E-3 1.98886E-3 2.38162E-3 4.06828E-3 3.26623E-3 1.77621E-3 1.98266E-3 4.53447E-3 3.95936E-3 1.20316E-3 2.1649E-3 8.07552E-3 1.73957E-2 3.46475E-2 2.72719E-2 1.15354E-3 1.19538E-2 1.43378E-2 3.88646E-2 9.27278E-2 1.94389E-1 -9999 -9999 -9999 -9999
-9999 -9999 -9999 -9999 -9999 -9999 -9999 -9999 -9999 -9999 1.39469E-3 1.56408E-3 1.54596E-3 1.59602E-3 2.17084E-3 1.76741E-3 1.43326E-3 1.66311E-3 1.183E-3 6.78082E-4 1.29485E-3 1.47111E-3 2.19969E-3 2.04293E-3 1.68737E-3 1.89704E-3 7.71131E-4 5.7485E-4 1.42703E-4 2.49377E-4 1.29311E-3 1.70183E-3 9.63929E-4 1.28586E-3 4.53142E-3 3.05212E-3 6.6534E-3 8.12083E-3 4.31406E-3 1.83473E-3 5.34914E-3 4.98434E-3 8.6291E-3 1.68468E-2 7.7528E-3 1.54533E-2 3.57124E-2 2.78411E-2 3.2272E-2 2.45574E-2 4.71068E-3 7.10841E-2 1.33051E-1 1.81682E-1 -9999 -9999 -9999 -9999
-9999 -9999 -9999 -9999 -9999 -9999 -9999 -9999 -9999 -9999 -9999 1.42261E-3 1.00698E-3 1.37235E-3 1.10505E-3 1.14727E-3 1.83273E-3 1.63401E-3 1.27036E-3 6.87994E-4 1.49237E-3 1.03808E-3 2.13555E-3 3.03474E-3 5.58601E-3 4.20659E-3 2.34253E-3 1.98404E-3 8.43594E-4 1.11087E-3 1.31341E-3 4.88509E-4 8.69848E-4 2.37504E-3 1.00878E-2 9.68538E-3 1.10659E-2 1.43811E-2 1.58871E-2 3.52521E-3 1.25594E-2 1.44049E-2 3.08092E-2 2.49612E-2 1.28581E-2 1.68654E-2 5.03284E-2 7.1946E-2 3.05874E-2 1.9744E-2 6.03396E-3 5.54527E-2 1.29616E-1 2.28592E-1 1.55147E-1 -9999 -9999 -9999
-9999 -9999 -9999 -9999 -9999 -9999 -9999 -9999 -9999 -9999 -9999 -9999 8.16708E-4 1.2584E-3 1.14001E-3 7.47775E-4 5.92669E-4 4.74252E-4 6.7422E-4 1.15267E-3 1.99363E-3 3.94753E-3 7.3815E-3 9.10318E-3 7.86219E-3 6.36341E-3 1.76344E-3 4.69729E-3 3.52106E-3 1.36308E-3 3.0207E-4 3.27216E-4 1.7776E-3 4.91626E-3 1.04022E-2 1.42004E-2 1.74031E-2 1.82585E-2 1.3153E-2 1.03872E-2 3.16713E-2 3.98208E-2 3.8986E-2 2.03518E-2 5.58328E-2 3.34553E-2 1.09823E-1 1.22232E-1 1.72272E-1 1.23466E-1 1.61711E-1 3.09875E-2 2.85052E-1 2.39996E-1 1.74267E-1 9.3464E-2 6.35479E-2 -9999
-9999 -9999 -9999 -9999 -9999 -9999 -9999 -9999 -9999 -9999 -9999 -9999 -9999 -9999 5.13709E-4 1.50682E-4 1.62357E-4 3.49259E-4 9.57524E-4 2.43559E-3 1.89136E-3 2.72513E-3 4.49875E-3 5.09588E-3 7.28309E-3 9.87546E-3 5.27869E-3 5.4517E-3 1.58864E-3 2.49917E-3 1.02842E-3 2.94332E-4 2.19681E-3 5.21532E-3 1.13113E-2 2.64501E-2 3.87266E-2 3.63278E-2 2.45175E-2 1.78957E-2 2.9318E-3 2.13801E-2 3.02587E-3 3.36936E-2 8.06567E-2 6.89344E-2 1.2347E-1 2.07403E-1 2.02874E-1 2.17289E-1 3.31973E-1 2.65677E-1 1.49911E-1 3.17234E-1 2.2079E-1 1.47486E-1 1.67046E-1 -9999
-9999 -9999 -9999 -9999 -9999 -9999 -9999 -9999 -9999 -9999 -9999 -9999 -9999 -9999 -9999 1.71298E-5 6.05808E-5 6.15395E-4 1.55327E-3 2.83562E-3 2.11578E-3 3.95307E-4 7.3249E-4 2.22846E-3 2.65642E-3 2.14422E-3 1.63681E-3 4.84233E-3 2.89217E-3 1.4802E-3 2.31815E-3 3.16316E-4 2.74358E-4 1.87983E-3 2.96021E-3 1.21667E-2 2.25929E-2 1.47632E-2 1.51544E-2 1.94404E-2 8.02921E-4 1.66497E-3 2.4662E-3 1.39885E-2 3.4498E-2 4.04452E-2 7.97537E-2 1.53928E-1 2.5836E-1 1.61939E-1 1.7505E-1 2.61394E-1 1.96564E-1 4.07894E-2 2.74927E-1 6.23582E-2 1.9645E-1 5.23283E-2
-9999 -9999 -9999 -9999 -9999 -9999 -9999 -9999 -9999 -9999 -9999 -9999 -9999 -9999 -9999 -9999 1.85508E-4 2.98931E-4 1.93082E-3 2.20189E-3 6.25169E-4 1.9088E-4 4.27898E-4 8.20537E-4 7.10282E-4 7.04644E-4 8.41656E-4 1.3885E-3 3.05802E-3 3.56151E-4 2.12913E-3 1.72416E-3 2.72567E-4 4.49906E-4 2.6128E-3 4.95549E-3 7.12036E-3 1.13332E-2 3.0574E-2 3.14263E-2 1.01546E-2 1.98267E-3 5.53572E-3 6.84107E-3 1.93783E-2 5.37829E-2 8.5942E-2 1.44284E-1 1.50979E-1 1.74021E-1 1.9343E-1 2.07249E-1 1.12581E-1 4.3556E-2 7.44012E-2 4.57361E-2 5.50799E-2 2.38362E-2
-9999 -9999 -9999 -9999 -9999 -9999 -9999 -9999 -9999 -9999 -9999 -9999 -9999 -9999 -9999 -9999 1.60012E-3 2.97682E-3 3.96713E-3 2.38788E-3 3.62322E-4 2.22908E-4 4.07448E-4 1.27965E-3 2.30474E-3 1.559E-3 1.0451E-3 2.48567E-3 2.09998E-3 8.52159E-4 1.92321E-3 2.76895E-3 4.90078E-4 4.02732E-4 3.26896E-3 8.64499E-3 1.80376E-2 2.34001E-2 5.73725E-2 5.70342E-2 5.93962E-2 3.28955E-3 7.46193E-3 3.205E-2 3.21416E-2 7.49099E-2 8.73502E-2 1.6966E-1 1.16672E-1 1.50891E-1 2.02447E-1 1.58053E-1 6.95836E-2 2.34371E-1 1.7919E-1 1.46375E-1 1.02316E-1 8.19501E-2
-9999 -9999 -9999 -9999 -9999 -9999 -9999 -9999 -9999 -9999 -9999 -9999 -9999 -9999 -9999 -9999 2.63402E-3 4.9061E-3 1.68721E-3 1.23173E-3 5.40937E-4 8.55024E-4 1.34604E-3 4.95106E-4 1.10748E-3 1.25605E-3 1.11446E-3 3.08684E-3 2.86984E-3 2.18198E-3 1.7775E-3 2.23033E-3 2.04204E-3 9.22662E-4 2.66873E-3 1.19288E-2 3.07527E-2 4.22651E-2 5.28523E-2 5.81289E-2 4.42548E-2 2.21307E-2 4.22047E-2 5.73313E-2 4.90543E-2 6.38565E-2 1.20723E-1 1.9899E-1 2.52472E-1 1.75825E-1 2.79579E-1 1.78967E-1 4.15706E-2 2.64247E-1 1.9033E-1 2.73781E-1 1.65713E-1 1.79579E-1
-9999 -9999 -9999 -9999 -9999 -9999 -9999 -9999 -9999 -9999 -9999 -9999 -9999 -9999 -9999 -9999 3.98022E-3 4.50573E-3 5.03772E-3 3.19917E-3 4.15624E-3 2.2127E-3 2.83996E-3 7.05682E-4 2.69088E-4 1.67907E-4 8.44871E-4 1.81721E-3 1.75579E-3 9.54561E-4 2.07404E-3 3.71502E-3 6.21557E-3 3.73484E-3 4.08265E-3 9.36736E-3 2.40342E-2 5.18559E-2 5.4773E-2 3.4812E-2 3.09552E-2 6.06878E-2 6.90522E-2 5.69789E-2 3.35389E-2 6.31604E-2 1.80804E-1 1.58951E-1 1.30571E-1 9.59278E-2 3.83214E-1 2.73734E-1 5.24642E-2 2.42E-1 2.08146E-1 1.91831E-1 1.32701E-1 1.63332E-1
-9999 -9999 -9999 -9999 -9999 -9999 -9999 -9999 -9999 3.65009E-6 1.94412E-3 7.01934E-3 1.37652E-4 5.22352E-7 6.57246E-5 1.7065E-3 5.13297E-3 4.11347E-3 3.98219E-3 1.63905E-3 5.92081E-3 6.02807E-3 6.38807E-3 1.80709E-3 5.54245E-4 9.10483E-5 3.33687E-4 7.50255E-4 5.99435E-4 2.47926E-4 1.96646E-3 3.88725E-3 4.98979E-3 6.94163E-3 5.18154E-3 9.28046E-3 1.91017E-2 3.55445E-2 8.39121E-2 6.37332E-2 9.70049E-3 8.21976E-2 8.73709E-2 1.96273E-2 4.59678E-2 -9999 -9999 9.21563E-2 2.35821E-2 3.13766E-2 3.03577E-1 4.55126E-1 2.92782E-1 8.35116E-2 2.7269E-1 1.92242E-1 1.23682E-1 1.22914E-1
-9999 -9999 -9999 -9999 -9999 -9999 -9999 1.04013E-7 1.2519E-7 2.03962E-5 1.86142E-3 7.06764E-3 2.93696E-4 4.30406E-6 1.07383E-4 2.13525E-3 5.48502E-3 4.31735E-3 1.2374E-3 1.66961E-3 6.71707E-3 1.23969E-2 8.8937E-3 4.36206E-3 1.67564E-3 1.03244E-4 3.33257E-4 3.74696E-4 1.58695E-5 2.77131E-5 1.76659E-3 4.56523E-3 2.53195E-3 5.94172E-3 7.26657E-3 1.38834E-2 3.47538E-2 4.88537E-2 6.98526E-2 6.99235E-2 1.76466E-2 9.11216E-2 4.14184E-2 2.11543E-2 3.29202E-2 -9999 -9999 1.31462E-1 6.26046E-2 4.0873E-2 2.00112E-1 2.47778E-1 4.35264E-2 3.09294E-2 1.66077E-1 4.73348E-2 2.7227E-2 1.5535E-1
-9999 -9999 -9999 -9999 -9999 7.6929E-6 2.53406E-5 4.99421E-5 6.80596E-5 4.15053E-4 2.8657E-3 7.19725E-3 1.28331E-3 3.41579E-4 1.75327E-3 4.95267E-3 8.0392E-3 3.52329E-3 6.67763E-4 2.56267E-3 8.61598E-3 1.25101E-2 6.65589E-3 4.46293E-3 1.57483E-3 2.4544E-4 5.52551E-4 1.31922E-3 5.14305E-4 1.94481E-4 9.7919E-4 3.06606E-3 3.88588E-3 9.12428E-3 1.53685E-2 3.09707E-2 3.10881E-2 3.54568E-2 5.47511E-2 4.23605E-2 3.28716E-2 4.55861E-2 2.14534E-2 2.11235E-2 5.13341E-2 -9999 -9999 8.56211E-2 1.14871E-1 -9999 -9999 5.15621E-2 2.29073E-2 2.48799E-2 5.23927E-2 5.32535E-2 6.42825E-2 2.05917E-1
-9999 -9999 -9999 -9999 -9999 6.33727E-4 1.86635E-3 3.44031E-3 3.95836E-3 4.21961E-3 4.57713E-3 8.20204E-3 4.66638E-3 7.61013E-3 9.63177E-3 9.14412E-3 8.94349E-3 2.99132E-3 7.1179E-4 4.23484E-3 1.36327E-2 1.20961E-2 1.1831E-3 5.48854E-3 1.80685E-3 6.15224E-4 1.16407E-3 2.05133E-3 3.86918E-4 3.56153E-4 1.34432E-3 3.91667E-4 1.28558E-3 1.87773E-3 9.69851E-3 3.08508E-2 5.12527E-2 3.06638E-2 2.99563E-2 2.66756E-3 1.50278E-2 4.38117E-2 2.0032E-2 5.28873E-2 6.23154E-2 2.16584E-2 -9999 -9999 -9999 -9999 -9999 1.70967E-1 5.32343E-2 9.46261E-2 6.39835E-2 3.75992E-1 1.86961E-1 2.387E-1
-9999 -9999 -9999 -9999 -9999 3.19924E-3 8.80624E-3 1.49155E-2 1.80253E-2 1.41087E-2 9.83283E-3 5.94206E-3 6.34741E-3 9.75845E-3 1.13179E-2 1.06117E-2 1.01161E-2 7.27816E-3 1.34709E-3 5.68275E-3 4.5869E-3 2.61306E-3 4.78282E-3 3.33965E-3 1.97177E-3 1.48677E-3 5.35334E-3 7.92825E-3 2.14508E-3 1.9681E-3 3.39342E-3 3.00838E-3 1.52841E-3 3.05893E-3 2.75825E-3 2.29714E-2 5.383E-2 3.64862E-2 1.83517E-2 1.49709E-2 9.78467E-3 5.02679E-2 6.02689E-2 6.33434E-2 1.39449E-1 5.35928E-2 -9999 -9999 -9999 -9999 2.5012E-1 6.25721E-2 2.46828E-1 1.68053E-1 3.23397E-1 8.85898E-2 3.21246E-1 2.17229E-1
-9999 -9999 -9999 -9999 -9999 4.77651E-3 1.34162E-2 3.15461E-2 4.82309E-2 3.32747E-2 1.14418E-2 4.06103E-3 4.02563E-3 5.43484E-3 6.5279E-3 8.43633E-3 1.07527E-2 2.93032E-3 1.96377E-3 5.17024E-3 3.898E-3 4.21161E-3 5.81794E-3 2.94235E-3 2.36709E-3 1.81552E-3 5.06586E-3 7.89528E-3 5.42043E-3 7.29188E-3 8.14391E-3 6.89238E-3 9.25603E-3 1.06445E-2 6.33588E-3 2.15371E-2 4.80546E-2 4.05872E-2 1.87862E-2 6.91607E-3 1.38584E-2 2.61669E-2 6.38877E-2 1.66661E-1 1.04069E-1 8.52163E-2 9.97319E-2 -9999 -9999 1.23627E-1 2.33153E-1 2.61244E-1 2.01887E-1 1.3616E-1 2.73379E-1 6.50523E-2 2.41177E-1 1.72481E-1
-9999 -9999 -9999 -9999 -9999 1.06889E-2 2.76945E-2 5.44708E-2 8.5218E-2 3.17509E-2 7.20544E-3 2.06246E-3 2.9167E-3 3.91337E-3 6.89176E-3 4.58342E-3 5.43182E-3 8.67597E-4 9.95703E-4 1.47233E-3 1.52232E-3 9.29743E-4 1.37027E-3 3.78247E-3 1.68126E-3 9.3114E-4 1.27882E-3 4.67486E-3 2.3332E-3 5.05619E-3 9.2952E-3 1.22138E-2 1.53772E-2 2.23429E-3 2.18486E-2 3.59748E-2 2.18832E-2 4.08502E-2 3.23722E-3 3.99088E-2 4.98374E-2 3.5302E-2 6.68774E-2 8.56013E-2 2.50471E-2 2.21279E-2 6.70036E-2 -9999 2.2654E-1 1.1271E-1 5.89964E-2 2.47788E-1 3.38416E-1 1.84007E-1 7.18279E-2 2.83313E-1 3.32631E-2 3.0681E-1
