Phytophthora/models/20240503_1134_59/Phytophthora_PA1_RUN4_MAXENT_outputs/Phytophthora_PA1_RUN4.asc
ncols         113
nrows         135
xllcorner     473009.9838
yllcorner     4429001.1748
cellsize      100.0
NODATA_value  -9999
[rows 104 to 129 of 135, columns 0 to 57 of 113]
-9999 -9999 -9999 -9999 -9999 -9999 -9999 -9999 -9999 -9999 -9999 -9999 -9999 -9999 -9999 -9999 -9999 4.54507E-1 5.15282E-1 2.83559E-1 2.69562E-1 2.73266E-1 2.27851E-1 1.48928E-1 1.08052E-1 9.71557E-2 1.37381E-1 3.37613E-1 4.26715E-1 3.17442E-1 5.29059E-1 4.68029E-1 3.68558E-1 2.02523E-1 7.58333E-2 1.54076E-1 1.98912E-1 2.72132E-1 1.09087E-1 4.55924E-2 2.16325E-2 5.76554E-2 4.83766E-1 6.45395E-1 6.95004E-1 4.06152E-1 3.6978E-1 3.98545E-1 3.78879E-1 3.04369E-1 2.18569E-1 1.02994E-1 1.56575E-1 4.07995E-1 5.38356E-1 6.38682E-1 3.96623E-1 3.36906E-1
-9999 -9999 -9999 -9999 -9999 -9999 -9999 -9999 -9999 -9999 -9999 -9999 -9999 -9999 -9999 -9999 -9999 -9999 4.14154E-1 3.33349E-1 4.07608E-1 4.6355E-1 4.90896E-1 2.72102E-1 2.3028E-1 2.13349E-1 2.60422E-1 4.23251E-1 2.10023E-1 1.99356E-1 5.5765E-1 4.79967E-1 3.81431E-1 3.45072E-1 6.17536E-2 1.20264E-2 7.60468E-2 7.48904E-2 3.74031E-2 7.98654E-2 4.19984E-2 4.40689E-2 2.85207E-1 5.14532E-1 5.26566E-1 2.82863E-1 3.21024E-1 4.40329E-1 2.60236E-1 2.69448E-1 3.60127E-1 2.37176E-1 1.60171E-1 4.13731E-1 3.98068E-1 2.98391E-1 2.10591E-1 3.67126E-1
-9999 -9999 -9999 -9999 -9999 -9999 -9999 -9999 -9999 -9999 -9999 -9999 -9999 -9999 -9999 -9999 -9999 -9999 3.7228E-1 3.29366E-1 4.94134E-1 6.01694E-1 6.79397E-1 4.84303E-1 2.57785E-1 2.72907E-1 4.12199E-1 2.74972E-1 1.6294E-1 3.99728E-1 5.52242E-1 5.05859E-1 2.74118E-1 1.17611E-1 6.1729E-2 5.22405E-2 5.3052E-2 4.57111E-2 3.83605E-2 1.02751E-1 1.17458E-1 2.16104E-1 4.57532E-1 5.38769E-1 4.21869E-1 5.36543E-1 4.81797E-1 5.25495E-1 4.34831E-1 4.63108E-1 4.83621E-1 3.07226E-1 5.23827E-2 2.63386E-1 5.47289E-1 6.37154E-1 5.01929E-1 3.55362E-1
-9999 -9999 -9999 -9999 -9999 -9999 -9999 -9999 -9999 -9999 -9999 -9999 -9999 -9999 -9999 -9999 -9999 -9999 -9999 1.55441E-1 3.28331E-1 6.27903E-1 7.64868E-1 7.09158E-1 6.10866E-1 4.66784E-1 4.3696E-1 1.61165E-1 2.82251E-1 2.57712E-1 1.38799E-1 1.99804E-1 1.96102E-1 8.80247E-2 9.5253E-2 3.46351E-2 2.1538E-2 5.04091E-2 9.66746E-2 2.0614E-1 3.26444E-1 5.01768E-1 7.77538E-1 6.41977E-1 4.28448E-1 3.30314E-1 3.22124E-1 4.90102E-1 3.93458E-1 4.55382E-1 5.87824E-1 2.41307E-1 1.32831E-1 3.78237E-1 6.27225E-1 5.8331E-1 5.93122E-1 4.05486E-1
-9999 -9999 -9999 -9999 -9999 -9999 -9999 -9999 -9999 -9999 -9999 -9999 -9999 -9999 -9999 -9999 -9999 -9999 -9999 -9999 4.29073E-1 4.28722E-1 6.06543E-1 6.55517E-1 4.85739E-1 3.72385E-1 3.94504E-1 2.00673E-1 1.56413E-1 1.50068E-1 1.03322E-1 4.33038E-2 6.114E-2 1.2966E-1 1.55527E-1 9.05845E-2 8.25177E-2 1.38814E-1 1.46396E-1 2.38757E-1 3.59919E-1 6.65032E-1 7.81006E-1 6.20898E-1 5.46808E-1 5.84382E-1 3.34834E-1 1.26867E-1 2.07484E-1 4.85175E-1 4.62896E-1 4.68833E-1 6.01435E-1 6.62493E-1 6.17825E-1 6.93393E-1 5.64039E-1 2.70955E-1
-9999 -9999 -9999 -9999 -9999 -9999 -9999 -9999 -9999 -9999 -9999 -9999 -9999 -9999 -9999 -9999 -9999 -9999 -9999 -9999 -9999 2.29607E-1 3.48052E-1 3.67097E-1 2.54044E-1 2.96089E-1 4.04443E-1 2.9509E-1 6.3512E-2 5.59531E-2 9.68391E-2 2.73843E-2 2.54407E-2 1.26845E-1 2.40905E-1 2.31045E-1 7.05684E-2 1.5712E-1 2.3644E-1 3.45543E-1 3.1977E-1 5.21133E-1 6.31801E-1 6.24119E-1 6.06015E-1 6.10985E-1 6.52518E-1 3.52542E-1 3.55457E-1 4.55756E-1 4.37919E-1 4.85582E-1 5.72414E-1 4.90748E-1 5.7144E-1 6.85331E-1 6.84463E-1 4.74341E-1
-9999 -9999 -9999 -9999 -9999 -9999 -9999 -9999 -9999 -9999 -9999 -9999 -9999 -9999 -9999 -9999 -9999 -9999 -9999 -9999 -9999 3.73644E-1 6.24613E-1 6.6779E-1 4.45393E-1 4.34528E-1 2.7924E-1 2.4038E-1 3.30473E-1 1.51112E-1 3.62838E-2 1.86261E-2 2.52927E-2 5.46861E-2 1.87933E-1 3.71243E-1 1.80968E-1 1.45064E-1 8.79894E-2 8.91978E-2 1.02057E-1 2.91363E-1 3.04762E-1 3.72821E-1 4.84666E-1 4.27915E-1 4.79235E-1 2.25287E-1 1.81423E-1 3.3711E-1 3.81523E-1 5.01265E-1 4.14842E-1 4.55093E-1 6.90215E-1 6.61953E-1 6.68966E-1 7.02486E-1
-9999 -9999 -9999 -9999 -9999 -9999 -9999 -9999 -9999 -9999 -9999 -9999 -9999 -9999 -9999 -9999 -9999 -9999 -9999 -9999 -9999 1.05996E-1 3.26983E-1 2.84833E-1 4.27488E-1 4.46251E-1 3.44957E-1 2.06939E-1 2.46332E-1 5.05226E-2 1.72888E-2 1.18151E-2 2.34933E-2 1.50217E-1 2.1266E-1 4.26766E-1 2.82323E-1 1.16896E-1 2.39837E-1 2.99178E-1 4.27575E-1 1.63869E-1 9.46292E-2 8.0358E-2 1.47895E-1 2.75202E-1 1.34595E-1 1.10266E-1 1.17965E-1 1.86134E-1 3.4982E-1 3.4194E-1 8.68956E-2 1.17587E-1 3.082E-1 4.47486E-1 7.23538E-1 6.51492E-1
-9999 -9999 -9999 -9999 -9999 -9999 -9999 -9999 -9999 -9999 -9999 -9999 -9999 -9999 -9999 -9999 -9999 -9999 -9999 -9999 1.07999E-1 2.19047E-1 1.73785E-1 3.51875E-1 4.98303E-1 5.10609E-1 3.49591E-1 2.52678E-1 1.54077E-1 6.08961E-2 3.29745E-2 1.73274E-2 3.64854E-2 1.86478E-1 1.39853E-1 3.49691E-1 3.63979E-1 1.62847E-1 4.17182E-1 4.43572E-1 3.8112E-1 2.59214E-1 2.64665E-1 3.44922E-1 2.92156E-1 3.27857E-1 2.21639E-1 6.85149E-2 4.23762E-2 1.38435E-1 2.17911E-1 1.37593E-1 2.71931E-2 1.24096E-1 3.74799E-1 6.52055E-1 7.13338E-1 6.69395E-1
-9999 -9999 -9999 -9999 -9999 -9999 -9999 -9999 -9999 -9999 -9999 -9999 -9999 -9999 -9999 -9999 -9999 -9999 -9999 -9999 1.98221E-1 2.12768E-1 2.20707E-1 3.36281E-1 2.98577E-1 2.60257E-1 1.86161E-1 1.84917E-1 1.08684E-1 6.67885E-2 3.35306E-2 1.182E-2 4.75649E-2 3.19108E-1 5.02671E-1 6.54443E-1 7.24539E-1 3.53868E-1 4.8257E-1 3.00879E-1 1.83482E-1 2.6268E-1 2.15299E-1 1.69121E-1 2.06726E-1 1.67192E-1 1.80076E-1 1.20285E-1 9.68585E-2 8.58343E-2 5.36125E-2 1.12544E-1 3.22456E-2 5.2525E-1 4.66065E-1 5.86866E-1 6.88217E-1 4.14376E-1
-9999 -9999 -9999 -9999 -9999 -9999 -9999 -9999 -9999 -9999 -9999 -9999 -9999 -9999 -9999 -9999 -9999 -9999 -9999 -9999 1.49482E-1 1.25147E-1 8.88778E-2 9.87508E-2 2.89057E-1 1.92405E-1 2.00901E-1 3.33786E-2 6.43427E-2 4.0088E-2 1.32348E-1 3.60626E-1 3.10763E-1 4.39605E-1 5.86803E-1 6.73784E-1 7.84697E-1 5.8388E-1 3.917E-1 3.36986E-1 2.32383E-1 2.34333E-1 2.0238E-1 1.81498E-1 2.11873E-1 1.97736E-1 1.68487E-1 1.7627E-1 1.91636E-1 2.04857E-1 1.14193E-1 1.41895E-1 1.48774E-1 4.56444E-1 4.32399E-1 5.84468E-1 5.34209E-1 4.8432E-1
-9999 -9999 -9999 -9999 -9999 -9999 -9999 -9999 -9999 -9999 -9999 -9999 -9999 -9999 -9999 -9999 -9999 -9999 -9999 -9999 2.03666E-2 2.07192E-2 4.07551E-2 1.37686E-1 3.26979E-1 1.47375E-1 3.7019E-2 1.45795E-2 2.01779E-2 9.04399E-2 3.93297E-1 4.44635E-1 6.66707E-1 6.25696E-1 5.99754E-1 6.8855E-1 6.50074E-1 5.71867E-1 5.35892E-1 5.24103E-1 2.88409E-1 2.7022E-1 3.11016E-1 1.48529E-1 2.07117E-1 3.18072E-1 2.84692E-1 2.04105E-1 3.22766E-1 2.70031E-1 3.02371E-1 2.29664E-1 2.10853E-1 1.28708E-1 3.94699E-1 6.0562E-1 6.19426E-1 3.39869E-1
-9999 -9999 -9999 -9999 -9999 -9999 -9999 -9999 -9999 -9999 -9999 -9999 -9999 -9999 -9999 -9999 -9999 -9999 -9999 -9999 2.1859E-3 1.50454E-2 9.68579E-2 1.36857E-1 2.07175E-1 1.22728E-1 3.64856E-2 2.75398E-2 2.66876E-1 2.99246E-1 3.54849E-1 5.84389E-1 6.60246E-1 6.51876E-1 6.53462E-1 4.91142E-1 5.20485E-1 5.81834E-1 4.89009E-1 5.15312E-1 1.02909E-1 3.95094E-2 9.97737E-2 2.83318E-1 2.48255E-1 3.08334E-1 2.33561E-1 3.62529E-1 3.8591E-1 4.14638E-1 2.80831E-1 3.38408E-1 3.58337E-1 2.13838E-1 3.41595E-1 5.48767E-1 7.48406E-1 5.16009E-1
-9999 -9999 -9999 -9999 -9999 -9999 -9999 -9999 -9999 -9999 -9999 -9999 -9999 -9999 -9999 -9999 -9999 -9999 -9999 -9999 -9999 1.362E-2 1.19585E-1 2.17509E-1 1.76406E-1 9.82339E-2 1.7331E-1 8.77033E-2 2.24928E-1 3.25537E-1 5.19707E-1 3.60399E-1 5.94717E-1 5.58303E-1 2.55299E-1 3.46759E-1 6.59569E-1 5.31774E-1 4.05161E-1 3.15161E-1 1.23897E-1 3.23811E-1 3.65126E-1 1.2042E-1 3.04992E-1 3.80238E-1 3.08309E-1 3.55162E-1 4.37761E-1 3.99335E-1 2.33092E-1 2.02846E-1 3.42244E-1 5.95569E-1 4.01464E-1 3.02058E-1 4.9792E-1 5.39694E-1
-9999 -9999 -9999 -9999 -9999 -9999 -9999 -9999 -9999 -9999 -9999 -9999 -9999 -9999 -9999 -9999 -9999 -9999 -9999 -9999 -9999 1.43818E-2 5.89577E-2 2.87508E-1 2.56923E-1 1.96826E-1 1.44554E-1 1.55705E-1 1.71886E-1 2.9793E-1 2.93539E-1 4.2085E-1 4.09351E-1 5.32178E-1 1.58016E-1 1.70395E-1 2.4341E-1 2.55095E-1 5.19848E-1 3.53683E-1 2.20689E-1 5.01508E-1 4.6311E-1 1.62639E-1 1.18342E-1 9.02165E-2 1.95229E-1 3.96007E-1 3.63125E-1 2.50785E-1 1.60484E-1 2.49922E-1 2.64914E-1 5.46723E-1 2.47539E-1 2.52939E-1 6.04003E-1 6.65085E-1
-9999 -9999 -9999 -9999 -9999 -9999 -9999 -9999 -9999 -9999 -9999 -9999 -9999 -9999 -9999 -9999 -9999 -9999 -9999 -9999 -9999 -9999 8.39702E-2 3.45935E-1 2.82129E-1 2.15133E-1 2.28789E-1 2.35607E-1 1.99015E-1 2.70813E-1 2.8612E-1 1.21154E-1 6.61998E-2 1.67889E-1 1.91512E-1 1.91002E-1 6.28411E-1 3.21395E-1 5.2768E-1 4.34909E-1 2.13422E-1 1.72241E-1 1.68287E-1 3.59591E-1 3.08553E-1 1.34105E-1 1.50061E-1 3.39096E-1 2.95849E-1 1.35922E-1 1.05031E-1 9.45754E-2 2.21395E-1 4.76802E-1 4.28343E-1 7.15223E-1 6.16721E-1 5.51125E-1
-9999 -9999 -9999 -9999 -9999 -9999 -9999 -9999 -9999 -9999 -9999 -9999 -9999 -9999 -9999 -9999 -9999 -9999 -9999 -9999 -9999 -9999 6.79932E-2 2.26999E-1 4.00919E-1 3.94106E-1 2.74711E-1 1.64765E-1 2.28686E-1 2.25158E-1 3.23052E-1 2.53288E-1 1.30103E-1 2.31232E-1 3.35768E-1 1.42633E-1 3.9557E-1 1.41667E-1 4.45453E-1 6.25263E-1 5.98652E-1 2.09638E-1 2.10218E-1 3.66483E-1 5.66304E-1 4.62815E-1 1.7792E-1 2.40435E-1 1.87223E-1 9.90528E-2 1.73982E-1 1.0252E-1 2.94177E-1 2.6538E-1 5.63767E-1 6.44916E-1 5.7602E-1 5.48109E-1
-9999 -9999 -9999 -9999 -9999 -9999 -9999 -9999 -9999 -9999 -9999 -9999 -9999 -9999 -9999 -9999 -9999 -9999 -9999 -9999 -9999 -9999 -9999 4.26546E-2 1.72859E-1 5.81701E-1 3.5598E-1 2.45956E-1 3.82794E-1 5.11733E-1 3.2088E-1 5.08212E-1 3.64607E-1 3.18258E-1 1.77529E-1 2.84252E-2 3.80452E-1 5.2259E-1 5.5599E-1 7.38697E-1 7.38917E-1 5.8077E-1 3.7053E-1 2.56756E-1 1.69793E-1 1.89287E-1 8.07332E-2 1.55258E-1 2.36132E-2 9.93369E-2 9.4377E-2 3.72087E-1 3.15258E-1 3.72284E-1 5.92603E-1 4.69435E-1 2.44447E-1 3.61423E-1
-9999 -9999 -9999 -9999 -9999 -9999 -9999 -9999 -9999 -9999 -9999 -9999 -9999 -9999 -9999 -9999 -9999 -9999 -9999 -9999 -9999 -9999 -9999 1.28964E-1 4.75483E-1 6.37423E-1 4.26633E-1 5.08535E-1 4.65127E-1 5.32614E-1 5.54502E-1 3.99915E-1 3.00028E-1 1.86631E-1 1.19699E-1 1.05194E-1 4.53005E-1 5.27505E-1 6.20143E-1 6.56138E-1 7.01566E-1 7.13796E-1 5.66496E-1 4.40733E-1 1.86595E-1 7.11994E-2 8.48452E-2 3.52666E-2 7.99634E-3 7.2643E-2 9.44204E-2 2.37855E-1 6.09429E-1 4.87777E-1 5.27392E-1 5.62538E-1 3.80782E-2 2.33174E-2
-9999 -9999 -9999 -9999 -9999 -9999 -9999 -9999 -9999 -9999 -9999 -9999 -9999 -9999 -9999 -9999 -9999 -9999 -9999 -9999 -9999 -9999 -9999 2.46124E-1 4.81709E-1 5.50378E-1 5.74886E-1 2.0356E-1 7.46246E-1 3.87873E-1 3.76064E-1 2.42831E-1 1.21581E-1 8.8745E-2 1.15457E-1 1.55662E-1 2.46225E-1 3.74539E-1 5.7545E-1 5.26065E-1 6.22628E-1 7.31338E-1 6.76754E-1 6.88372E-1 5.10051E-1 1.32775E-1 3.55737E-2 9.84553E-2 1.06376E-1 1.16087E-1 6.72355E-2 2.17295E-1 9.80853E-2 3.22667E-1 4.31819E-1 4.08887E-1 3.36552E-1 2.69477E-1
-9999 -9999 -9999 -9999 -9999 -9999 -9999 -9999 -9999 -9999 -9999 -9999 -9999 -9999 -9999 -9999 -9999 -9999 -9999 -9999 -9999 -9999 -9999 -9999 -9999 2.08777E-1 3.81879E-1 4.6665E-1 6.60587E-1 3.05199E-1 1.71965E-1 1.22341E-1 9.71729E-2 7.91314E-2 1.35045E-1 1.36602E-1 1.40479E-1 3.46564E-1 3.32848E-1 3.60001E-1 5.85672E-1 7.38558E-1 7.68032E-1 6.87588E-1 6.20333E-1 5.21666E-1 2.7636E-1 2.44121E-1 2.02075E-1 1.15176E-1 2.28276E-1 1.06427E-1 1.10756E-1 3.5588E-1 4.06008E-1 3.67439E-1 2.98638E-1 3.19607E-1
-9999 -9999 -9999 -9999 -9999 -9999 -9999 -9999 -9999 -9999 -9999 -9999 -9999 -9999 -9999 -9999 -9999 -9999 -9999 -9999 -9999 -9999 -9999 -9999 -9999 -9999 3.39379E-1 4.21559E-1 5.60725E-1 3.09338E-1 1.90774E-1 9.2055E-2 6.6069E-2 5.17801E-2 3.54446E-2 6.93581E-2 1.16446E-1 1.87453E-1 1.52355E-1 2.01943E-1 3.33081E-1 4.42171E-1 4.74606E-1 4.90811E-1 3.8704E-1 3.43851E-1 3.83147E-1 3.24485E-1 1.7991E-1 1.10328E-1 3.11587E-1 1.58874E-1 3.051E-1 4.69595E-1 4.20702E-1 4.87624E-1 5.43195E-1 4.70395E-1
-9999 -9999 -9999 -9999 -9999 -9999 -9999 -9999 -9999 -9999 -9999 -9999 -9999 -9999 -9999 -9999 -9999 -9999 -9999 -9999 -9999 -9999 -9999 -9999 -9999 -9999 -9999 4.83912E-1 6.44268E-1 3.88082E-1 2.56862E-1 1.14396E-1 5.16229E-2 4.15895E-2 3.78628E-2 5.14501E-2 7.76826E-2 8.6262E-2 7.23332E-2 9.24335E-2 2.13737E-1 2.37121E-1 3.32255E-1 3.40522E-1 3.13212E-1 2.50974E-1 2.43033E-1 2.56415E-1 1.84876E-1 1.46204E-1 1.7143E-1 7.18469E-2 2.16982E-1 3.41113E-1 1.77681E-1 1.30582E-1 3.08067E-1 2.90039E-1
-9999 -9999 -9999 -9999 -9999 -9999 -9999 -9999 -9999 -9999 -9999 -9999 -9999 -9999 -9999 -9999 -9999 -9999 -9999 -9999 -9999 -9999 -9999 -9999 -9999 -9999 -9999 8.30672E-2 1.4529E-1 8.67909E-2 1.43742E-1 5.57994E-2 7.36307E-2 3.88414E-2 2.14853E-2 1.45683E-2 1.88228E-2 9.41427E-3 5.37174E-3 2.38894E-2 1.55551E-1 1.16165E-1 2.35497E-1 1.76114E-1 1.45046E-1 1.62569E-1 2.0493E-1 2.71219E-1 3.55117E-1 2.32847E-1 2.05289E-1 3.07662E-1 2.2683E-1 4.31265E-1 3.01417E-1 2.03445E-1 6.95556E-2 2.29827E-1
-9999 -9999 -9999 -9999 -9999 -9999 -9999 -9999 -9999 -9999 -9999 -9999 -9999 -9999 -9999 -9999 -9999 -9999 -9999 -9999 -9999 -9999 -9999 -9999 -9999 -9999 -9999 -9999 -9999 -9999 -9999 3.19101E-2 3.72227E-2 2.80366E-2 1.27921E-2 8.98383E-3 1.92089E-2 1.70856E-2 1.05673E-2 1.00524E-2 2.14453E-2 4.25689E-2 8.43722E-2 7.54771E-2 3.62164E-2 9.55652E-2 2.0454E-1 2.17237E-1 2.55798E-1 2.39067E-1 3.38177E-1 2.569E-1 8.22932E-2 2.70096E-1 5.051E-1 4.13751E-1 1.30799E-1 2.96996E-1
-9999 -9999 -9999 -9999 -9999 -9999 -9999 -9999 -9999 -9999 -9999 -9999 -9999 -9999 -9999 -9999 -9999 -9999 -9999 -9999 -9999 -9999 -9999 -9999 -9999 -9999 -9999 -9999 -9999 -9999 -9999 -9999 -9999 4.61571E-2 1.79058E-2 8.48687E-3 6.96048E-3 1.10648E-2 8.6113E-3 1.97668E-2 4.45646E-2 5.46255E-2 1.01192E-1 8.06077E-2 5.13298E-2 8.4646E-2 2.12307E-1 2.78416E-1 1.94518E-1 1.5907E-1 1.38717E-1 9.42307E-2 2.73881E-1 2.88703E-1 3.2239E-1 4.30503E-1 -9999 -9999
