Phytophthora/models/20240503_1134_59/Phytophthora_PA1_RUN4_MAXENT_outputs/Phytophthora_PA1_RUN4.asc
ncols         113
nrows         135
xllcorner     473009.9838
yllcorner     4429001.1748
cellsize      100.0
NODATA_value  -9999
[rows 52 to 77 of 135, columns 0 to 57 of 113]
-9999 -9999 -9999 -9999 -9999 2.24211E-1 3.79496E-1 5.71416E-1 3.31489E-1 8.74571E-2 3.13377E-2 8.4442E-3 1.64588E-2 1.90216E-2 3.00901E-2 2.5566E-2 1.382E-2 1.29698E-2 1.385E-2 7.14121E-3 3.17549E-3 1.00318E-3 1.1624E-3 1.49663E-3 2.66586E-3 2.08211E-3 1.84602E-3 1.12557E-3 1.89992E-4 1.01665E-3 6.62669E-3 2.41324E-2 2.04413E-2 2.48859E-2 3.32443E-2 5.10664E-2 3.86917E-2 1.22766E-2 3.32232E-2 8.40939E-2 6.27466E-2 3.4958E-2 2.31615E-2 2.06171E-2 8.59453E-3 2.60386E-2 2.64747E-2 2.20687E-2 1.34015E-1 1.75674E-1 1.30744E-1 1.22071E-1 1.7257E-1 1.03806E-1 2.76603E-2 4.89799E-2 5.10884E-2 1.77163E-1
-9999 -9999 -9999 -9999 -9999 3.92042E-1 7.54099E-1 4.35474E-1 2.64354E-1 9.76302E-2 1.25373E-1 5.71045E-2 4.30641E-2 2.36154E-2 2.32498E-2 1.55073E-2 1.39748E-2 2.24751E-2 1.99029E-2 2.16545E-2 1.40678E-2 7.03313E-3 1.10474E-2 3.07587E-3 3.54384E-3 5.05572E-3 3.38557E-3 2.99953E-4 6.89029E-5 3.55155E-4 4.08743E-3 2.84486E-2 4.66629E-2 1.94613E-2 2.2302E-2 2.45771E-2 1.61352E-2 9.5957E-3 6.46893E-3 3.34766E-2 1.97541E-2 1.91045E-2 2.16233E-2 8.59645E-3 6.19509E-3 1.10522E-2 4.98342E-3 1.38922E-2 9.58346E-2 1.90163E-1 3.09568E-1 2.16954E-1 1.97591E-1 6.63547E-2 4.73901E-2 8.08429E-2 8.57114E-2 9.2593E-2
-9999 -9999 -9999 -9999 8.08248E-3 4.59654E-1 6.65503E-1 3.45477E-1 2.28065E-1 1.89607E-1 2.53945E-1 2.03193E-1 6.81082E-2 2.38455E-2 2.79078E-2 2.8572E-2 5.34122E-2 8.68626E-2 8.492E-2 1.01865E-1 5.66186E-2 2.05089E-2 1.86718E-2 1.05327E-2 1.02188E-2 1.60695E-2 9.21451E-3 9.27823E-4 2.70039E-4 5.84533E-4 1.8099E-3 9.13475E-3 1.47719E-2 7.29308E-3 1.32366E-2 2.39456E-2 2.93638E-2 1.79779E-2 1.1898E-2 1.52031E-2 1.07678E-2 3.29973E-2 5.01862E-2 2.45019E-2 1.05259E-2 7.14027E-3 9.86999E-3 1.18575E-2 4.62475E-2 1.13745E-1 2.32178E-1 1.03924E-1 6.25031E-2 1.67714E-2 5.67265E-2 1.47236E-1 2.67139E-1 2.58327E-1
-9999 -9999 -9999 9.30473E-2 5.03566E-1 6.7622E-1 5.70396E-1 2.84051E-1 3.55306E-1 2.92944E-1 2.62069E-1 2.29735E-1 1.09082E-1 5.48724E-2 5.31557E-2 6.46371E-2 2.66969E-1 2.75618E-1 2.8196E-1 2.29127E-1 1.5672E-1 6.57051E-2 4.85588E-2 2.62489E-2 9.15203E-3 1.40586E-2 1.36256E-2 3.70817E-3 6.62842E-4 6.17391E-4 5.40496E-3 2.17355E-2 1.02015E-2 2.86579E-3 1.03816E-2 3.32691E-2 4.62137E-2 3.1016E-2 2.16611E-2 3.97023E-2 6.89219E-2 1.28939E-1 9.01555E-2 4.3477E-2 3.40269E-2 2.09109E-2 1.83906E-2 8.09193E-3 9.48056E-3 9.28504E-2 1.8003E-1 1.44613E-1 3.80455E-2 5.99614E-2 8.03523E-2 9.49424E-2 9.93629E-2 1.04698E-1
-9999 -9999 -9999 3.40047E-2 3.40407E-1 6.26335E-1 4.94284E-1 1.31126E-1 2.69686E-1 2.54632E-1 4.62341E-1 3.29054E-1 3.7854E-1 3.82464E-1 2.016E-1 1.83388E-1 3.39114E-1 4.47329E-1 5.10372E-1 3.38039E-1 2.75407E-1 1.63368E-1 1.32275E-1 5.79702E-2 1.7689E-2 1.21966E-2 1.45687E-2 7.53547E-3 1.27752E-3 9.77037E-4 2.38426E-2 4.5819E-2 7.17751E-3 1.60489E-3 4.05231E-3 2.02367E-2 4.4408E-2 5.23598E-2 1.22319E-2 1.48453E-2 6.79973E-2 1.02165E-1 3.54347E-2 3.21365E-2 2.51259E-2 6.23239E-3 9.02312E-3 2.72354E-3 1.79465E-2 4.74186E-2 1.08614E-1 2.16769E-1 1.36493E-1 1.14742E-1 9.66015E-2 1.27074E-1 1.46858E-1 1.8126E-1
-9999 -9999 -9999 1.14743E-1 4.90556E-1 4.98384E-1 3.07861E-1 1.20094E-1 8.51471E-2 2.72046E-1 5.21956E-1 4.50198E-1 6.84798E-1 4.62229E-1 1.93306E-1 1.30933E-1 2.24372E-1 4.433E-1 5.13663E-1 3.0579E-1 2.7175E-1 3.24828E-1 3.55349E-1 1.92248E-1 5.63263E-2 3.04823E-2 4.14608E-2 2.72236E-2 1.05912E-2 8.7154E-3 6.51261E-2 5.47627E-2 2.40178E-2 2.60983E-3 1.85451E-3 7.86204E-3 5.25786E-2 4.44004E-2 6.24671E-3 8.01407E-3 3.7078E-2 5.02531E-2 3.49963E-2 1.18494E-2 1.38986E-3 3.12315E-4 2.3411E-3 3.86233E-3 2.02361E-2 1.98868E-2 3.56519E-2 7.73036E-2 1.10025E-1 4.75081E-2 3.2099E-2 1.08437E-1 1.84801E-1 9.76914E-2
-9999 -9999 -9999 1.18766E-1 2.86927E-1 1.69025E-1 7.93369E-2 2.4327E-2 8.49554E-2 2.97905E-1 4.73117E-1 4.84828E-1 4.35549E-1 2.42229E-1 1.02559E-1 5.40662E-2 1.06325E-1 2.91663E-1 3.22064E-1 4.47836E-1 5.05316E-1 4.68938E-1 3.69846E-1 2.16536E-1 6.96794E-2 6.01575E-2 9.05645E-2 1.25486E-1 7.29543E-2 1.95045E-2 2.07586E-2 2.02058E-2 1.21338E-2 3.21843E-4 6.82294E-4 1.98816E-2 1.1829E-1 3.78586E-2 6.98864E-3 8.99942E-3 2.59338E-2 3.37777E-2 2.16705E-2 7.03698E-3 9.39365E-4 5.19578E-4 8.25198E-4 7.39138E-3 4.67537E-2 1.09632E-1 1.91372E-1 1.76823E-1 7.90879E-2 2.52461E-2 7.48511E-3 1.02849E-1 1.03257E-1 8.81129E-2
-9999 -9999 -9999 1.37299E-2 1.91767E-2 1.78122E-1 7.87246E-2 4.4964E-2 6.92049E-2 1.7249E-1 2.33236E-1 1.48245E-1 4.64042E-1 5.31858E-1 2.51242E-1 4.97204E-2 3.22234E-2 6.3825E-2 1.50279E-1 4.86113E-1 4.34311E-1 3.30709E-1 1.0527E-1 4.67219E-2 2.79305E-2 4.26855E-2 4.73508E-2 4.26592E-2 2.90756E-2 2.42899E-2 2.19039E-2 8.32727E-3 3.29738E-3 9.64084E-4 1.45288E-3 9.28735E-3 1.82855E-2 2.94772E-2 2.78742E-2 2.59816E-2 3.38539E-2 4.66526E-2 2.70259E-2 8.17817E-3 4.77826E-3 8.575E-4 1.362E-3 2.23695E-2 8.86989E-2 1.31078E-1 6.86175E-2 4.59787E-2 1.97596E-2 1.0861E-2 4.77563E-3 2.33233E-2 1.04473E-1 1.21714E-1
-9999 -9999 -9999 -9999 4.30945E-2 2.43474E-1 1.9685E-1 7.59798E-2 8.56657E-2 1.83391E-1 2.27879E-1 1.43109E-1 3.21281E-1 5.6324E-1 2.53098E-1 7.12842E-2 3.67319E-2 1.30437E-1 2.81051E-1 4.06331E-1 1.93761E-1 1.00231E-1 2.76688E-2 1.816E-2 1.36831E-2 2.09519E-2 1.64496E-2 1.25909E-2 3.71612E-2 5.65178E-2 7.51634E-2 1.07482E-2 9.91636E-3 3.00243E-3 4.23568E-3 8.79439E-3 1.624E-2 7.12698E-2 8.88574E-2 1.03474E-1 1.82756E-1 1.04678E-1 6.48248E-2 1.96597E-2 8.14757E-3 1.12003E-3 5.77586E-4 4.65471E-3 2.16134E-2 6.56574E-2 1.69428E-2 1.42173E-2 7.8605E-3 5.90483E-3 7.12425E-3 1.30071E-2 6.1828E-2 1.35954E-1
-9999 -9999 -9999 -9999 -9999 5.03351E-1 1.9771E-1 4.85178E-2 4.68971E-2 2.46453E-1 2.85715E-1 2.33155E-1 2.76322E-1 3.62956E-1 1.02874E-1 3.01829E-2 5.20925E-2 2.34239E-1 4.06689E-1 3.62102E-1 1.31219E-1 3.33455E-2 1.25744E-2 1.03538E-2 1.86233E-2 5.49928E-2 5.00822E-2 2.39932E-2 4.99708E-2 5.27383E-2 3.90604E-2 1.45983E-2 3.26314E-2 3.47585E-3 2.91387E-3 7.1654E-3 2.73779E-2 7.80809E-2 1.24073E-1 1.69107E-1 1.609E-1 1.13927E-1 1.0695E-1 3.92049E-2 1.42239E-2 1.34276E-3 5.00502E-4 3.98953E-3 1.46239E-2 1.5864E-2 5.41972E-3 5.29444E-3 6.69189E-3 6.21425E-3 2.69052E-2 2.01645E-2 4.30009E-2 1.23208E-1
-9999 -9999 -9999 -9999 -9999 -9999 1.51921E-2 1.42404E-2 6.55324E-2 1.98304E-1 2.37176E-1 4.53312E-1 6.90598E-1 2.29221E-1 5.63283E-2 2.58542E-2 2.7399E-2 1.82887E-1 2.74997E-1 1.50233E-1 4.69247E-2 1.87466E-2 1.1808E-2 1.64115E-2 3.18545E-2 6.11925E-2 4.3156E-2 3.51874E-2 1.91998E-2 1.50558E-2 2.17046E-2 2.85139E-2 2.49664E-2 1.63229E-2 2.68142E-2 4.12071E-2 7.98468E-2 3.59727E-2 1.086E-1 9.14229E-2 2.03159E-1 6.47289E-2 2.04531E-1 5.3294E-2 2.24348E-2 3.22669E-3 6.8663E-4 1.19812E-3 2.35375E-3 2.05416E-3 1.8146E-3 4.47665E-3 1.12535E-2 2.1472E-2 2.58069E-2 4.01071E-2 9.26216E-2 2.29886E-1
-9999 -9999 -9999 -9999 -9999 -9999 6.15118E-3 6.4918E-2 5.50566E-2 1.32765E-1 5.5855E-1 6.11289E-1 4.05705E-1 9.71744E-2 3.72036E-2 2.95703E-2 4.48285E-2 5.54175E-2 6.58849E-2 4.12265E-2 3.52009E-2 1.74468E-2 1.03898E-2 1.37248E-2 1.83721E-2 2.79269E-2 5.67564E-2 3.0593E-2 8.39655E-3 9.29494E-3 2.30984E-2 4.71222E-2 3.04558E-2 3.02342E-2 1.13766E-1 6.28874E-2 3.72421E-2 1.09861E-2 2.70127E-2 3.42538E-2 1.2312E-1 7.70501E-2 1.87881E-1 5.48528E-2 2.53878E-2 7.02343E-3 6.29272E-4 1.2909E-4 3.19292E-4 1.50041E-3 5.46596E-3 3.13545E-2 5.03574E-2 4.832E-2 4.83561E-2 9.59647E-2 1.00689E-1 1.58127E-1
-9999 -9999 -9999 -9999 -9999 4.1032E-2 2.08454E-2 1.82832E-2 1.43584E-2 1.02479E-1 4.84741E-1 4.20238E-1 2.78936E-1 7.3698E-2 1.84991E-2 2.09184E-2 2.15023E-2 1.90841E-2 1.33254E-2 3.08856E-2 3.44089E-2 3.73475E-2 2.40672E-2 2.4249E-2 3.09555E-2 5.80278E-2 6.69103E-2 2.88856E-2 1.30339E-2 1.6712E-3 1.37482E-2 5.49985E-2 8.6874E-2 7.46222E-2 2.74669E-1 2.3032E-1 5.99753E-2 3.63925E-2 5.67319E-2 1.08878E-1 2.03004E-1 7.98296E-2 1.08305E-1 5.07252E-2 2.1815E-2 6.35046E-3 1.37909E-3 4.47189E-4 7.48656E-4 7.06236E-3 1.28377E-2 5.54163E-2 5.66781E-2 5.89478E-2 4.67407E-2 1.3946E-1 1.53938E-1 2.77841E-1
-9999 -9999 -9999 -9999 7.29082E-5 6.04859E-2 4.99962E-2 2.13195E-2 2.66433E-2 3.63352E-2 6.55653E-2 1.63871E-1 1.29068E-1 5.4028E-2 2.59394E-2 2.25807E-2 2.50346E-2 3.21639E-2 1.73156E-2 4.44434E-2 1.24125E-1 1.09362E-1 4.57626E-2 3.27614E-2 6.52337E-2 1.58154E-1 1.66523E-1 2.48561E-2 6.81036E-3 1.11455E-2 3.16602E-2 8.09961E-2 8.80159E-2 1.29656E-1 1.81862E-1 1.84945E-1 1.57075E-1 1.03657E-1 1.80807E-1 3.99639E-1 5.6738E-1 1.91731E-1 1.91988E-1 1.70438E-1 2.84578E-2 3.17024E-3 9.64722E-4 2.43132E-3 3.9538E-3 1.38052E-2 2.09215E-2 7.41811E-2 1.70763E-1 4.06226E-1 2.73947E-1 2.53947E-1 4.5727E-1 3.45329E-1
-9999 -9999 -9999 -9999 2.27423E-5 1.58604E-1 1.06169E-1 5.20515E-2 1.0797E-2 5.59728E-3 3.16473E-2 7.59161E-2 7.68081E-2 8.27535E-2 3.79797E-2 6.61237E-2 6.31941E-2 2.75288E-2 4.32751E-2 1.32439E-1 3.11273E-1 1.56382E-1 7.28593E-2 7.46491E-2 1.30983E-1 1.91229E-1 1.62808E-1 2.99753E-2 1.84859E-2 3.49735E-2 6.07633E-2 6.52433E-2 1.4103E-1 1.29849E-1 2.37148E-1 2.46638E-1 2.33295E-1 1.50476E-1 2.4818E-1 3.49071E-1 4.71057E-1 3.29442E-1 4.48044E-1 2.83192E-1 2.07628E-2 1.4854E-3 1.01999E-3 9.2772E-3 3.93291E-2 7.97312E-2 1.41733E-1 1.09219E-1 3.39591E-1 4.59654E-1 5.66722E-1 5.51811E-1 4.09656E-1 3.29435E-1
-9999 -9999 -9999 -9999 6.09156E-5 1.02124E-1 1.79789E-1 1.79556E-1 1.10415E-1 1.10635E-2 5.70383E-2 5.47163E-2 8.76814E-2 1.6073E-1 4.81243E-2 2.85749E-2 2.96036E-2 2.87402E-2 1.42921E-1 2.34844E-1 3.26694E-1 2.72398E-1 1.8557E-1 1.58433E-1 1.61646E-1 2.1503E-1 1.07232E-1 4.03101E-2 5.45581E-2 5.09091E-2 7.36845E-2 1.1479E-1 1.19949E-1 2.93746E-1 1.92119E-1 1.23629E-1 5.52326E-2 5.1582E-2 1.1134E-1 2.00318E-1 3.17376E-1 2.92014E-1 2.10845E-1 2.01095E-1 1.17455E-2 9.45372E-4 1.79617E-3 2.77929E-2 7.81496E-2 1.67639E-1 3.70905E-1 2.86946E-1 4.79126E-1 4.98689E-1 5.95127E-1 5.83809E-1 6.86853E-1 2.3514E-1
-9999 -9999 -9999 -9999 3.80513E-5 3.9243E-2 1.79158E-1 2.8617E-1 8.20702E-2 1.12372E-1 1.81959E-1 1.09295E-1 9.82672E-2 2.91685E-2 3.40501E-2 4.83965E-2 5.73983E-2 1.14637E-1 2.48776E-1 4.78003E-1 5.88022E-1 4.25207E-1 4.05887E-1 2.51393E-1 1.3563E-1 2.81016E-1 1.34338E-1 8.08709E-2 4.91146E-2 8.60685E-2 2.53367E-1 2.45925E-1 2.44728E-1 3.51024E-1 1.35428E-1 3.41549E-2 2.13408E-2 2.3863E-2 5.96546E-2 2.08943E-1 2.70967E-1 3.30832E-1 1.0441E-1 3.91018E-2 7.03453E-3 1.23413E-3 5.01399E-3 2.34024E-2 1.04969E-1 2.308E-1 4.48576E-1 6.44859E-1 5.92847E-1 4.94576E-1 5.66666E-1 6.025E-1 3.62769E-1 1.01784E-1
-9999 -9999 -9999 -9999 2.29099E-7 6.35142E-2 2.63634E-1 2.01009E-1 7.63802E-2 2.36764E-1 1.1946E-1 1.12402E-1 8.56626E-2 6.03069E-2 7.99575E-2 1.97788E-1 2.52488E-1 2.85347E-1 3.49089E-1 5.7544E-1 5.39658E-1 3.89732E-1 2.13516E-1 8.35475E-2 1.48965E-1 3.67735E-1 4.04949E-1 2.29621E-1 7.66198E-2 1.90962E-1 2.87165E-1 1.38882E-1 9.97443E-2 3.80184E-2 4.54429E-2 3.09177E-2 1.46982E-2 3.03319E-2 9.38685E-2 2.44695E-1 2.18083E-1 1.63282E-1 2.73129E-2 2.38444E-2 3.95992E-3 3.79315E-3 1.0541E-2 4.33121E-2 1.28103E-1 5.32312E-1 6.94651E-1 4.87079E-1 6.48054E-1 4.6847E-1 2.00368E-1 3.32965E-1 4.34876E-1 3.57211E-1
-9999 -9999 -9999 -9999 1.13321E-7 7.69933E-2 3.088E-1 1.05987E-1 6.15258E-2 2.69794E-1 2.14897E-1 2.67443E-1 1.14749E-1 7.27181E-2 6.39942E-2 2.16818E-1 3.27783E-1 4.39634E-1 3.40006E-1 4.61369E-1 3.00949E-1 1.1946E-1 4.70762E-2 2.85877E-2 9.42101E-2 2.52526E-1 2.55439E-1 1.76426E-1 3.67768E-2 3.47936E-1 5.07541E-1 1.8514E-1 7.58548E-2 6.20836E-2 1.96962E-2 7.16598E-3 7.88567E-3 6.74007E-2 1.64503E-1 4.3425E-1 2.35908E-1 8.08852E-2 2.74576E-2 9.41879E-3 3.21315E-3 1.09268E-2 3.2959E-2 8.19567E-2 5.09562E-1 5.52267E-1 6.18816E-1 2.95374E-1 3.88361E-1 1.97507E-1 1.89725E-1 2.82313E-1 4.34573E-1 6.22917E-1
-9999 -9999 -9999 -9999 8.41581E-6 7.16221E-2 2.04663E-1 9.51083E-2 9.20641E-2 1.26973E-1 1.72273E-1 5.49916E-1 5.36882E-1 1.56917E-1 9.71578E-2 1.74572E-1 2.52418E-1 4.15323E-1 4.02944E-1 3.65186E-1 1.82472E-1 1.2277E-1 6.49619E-2 8.27669E-2 1.16983E-1 1.87485E-1 1.80849E-1 1.1298E-1 4.43402E-2 7.84938E-2 3.03839E-1 1.97012E-1 1.67649E-1 3.89791E-2 1.31241E-2 1.88857E-2 2.25796E-2 4.18219E-2 3.14965E-1 6.18967E-1 2.31412E-1 5.82485E-2 2.75121E-2 3.24261E-3 5.34302E-3 3.48344E-2 1.06015E-1 1.37687E-1 3.48628E-1 4.24579E-1 4.25903E-1 2.9043E-1 1.95205E-1 8.98272E-2 1.76394E-1 1.54157E-1 4.3891E-1 5.40577E-1
-9999 -9999 -9999 -9999 5.65006E-3 5.46493E-2 8.20579E-2 6.00968E-2 3.94602E-2 6.33761E-2 1.25588E-1 2.33064E-1 5.3258E-1 5.06304E-1 3.25348E-1 1.51797E-1 1.62418E-1 2.50125E-1 1.88668E-1 1.37531E-1 1.36403E-1 1.51023E-1 2.82442E-1 3.03074E-1 2.6339E-1 2.70777E-1 3.0346E-1 1.86266E-1 7.45269E-2 1.50768E-1 1.1871E-1 9.6349E-2 2.20705E-1 8.53477E-2 8.00278E-2 4.2144E-2 3.19588E-2 7.95036E-2 3.4841E-1 6.85365E-1 2.10708E-1 6.12099E-2 1.86525E-2 4.22442E-3 1.19918E-2 2.97935E-2 5.09798E-2 1.57583E-1 4.94764E-1 5.51825E-1 5.37154E-1 1.51301E-1 1.27304E-1 1.4183E-1 2.94245E-1 5.95557E-1 4.81283E-1 5.28571E-1
-9999 -9999 -9999 7.35674E-3 5.76575E-2 5.05853E-2 5.85521E-2 3.83797E-2 1.98618E-2 5.6928E-2 1.54549E-1 1.82149E-1 3.56568E-1 6.4342E-1 5.69723E-1 3.78834E-1 4.13014E-1 3.76177E-1 1.52959E-1 5.16904E-2 6.10907E-2 1.69203E-1 3.5042E-1 4.86553E-1 3.75746E-1 2.45571E-1 3.0406E-1 2.34088E-1 1.22967E-1 6.13269E-2 7.91077E-2 8.77912E-2 1.30509E-1 1.07449E-1 5.51577E-2 3.07257E-2 7.55467E-2 2.3867E-1 3.55368E-1 6.36169E-1 2.3391E-1 7.97248E-2 2.71827E-2 1.01565E-2 6.28516E-2 3.28015E-2 3.58786E-2 3.12569E-1 4.43467E-1 3.27906E-1 2.0583E-1 8.23038E-2 5.13885E-2 6.17541E-2 2.076E-1 5.52423E-1 6.73747E-1 6.62842E-1
-9999 -9999 -9999 1.31312E-2 8.82439E-2 1.42456E-1 1.98703E-1 8.64979E-2 7.70241E-2 1.83727E-1 3.70132E-1 3.58793E-1 5.53305E-1 6.66422E-1 7.72697E-1 7.13607E-1 7.18104E-1 5.90734E-1 4.0117E-1 1.38386E-1 1.73812E-1 3.07556E-1 4.42954E-1 6.59523E-1 5.67721E-1 3.73663E-1 3.44392E-1 1.89062E-1 1.73773E-1 5.71664E-2 4.33089E-2 3.19181E-2 1.15452E-1 1.02136E-1 7.66933E-2 6.96923E-2 1.3118E-1 3.71871E-1 4.7527E-1 5.38712E-1 3.80575E-1 2.56267E-1 2.15125E-1 9.78354E-2 1.55279E-1 4.90481E-2 5.2635E-2 3.90642E-1 2.01769E-1 9.07049E-2 9.08375E-2 5.9731E-2 3.46833E-2 5.34915E-2 2.48289E-1 5.3038E-1 5.90367E-1 5.77341E-1
-9999 -9999 7.42233E-3 4.27417E-2 1.90655E-1 5.60888E-1 6.91595E-1 5.11736E-1 6.08506E-1 5.35303E-1 5.82361E-1 6.22019E-1 5.39334E-1 7.27588E-1 8.65113E-1 8.62653E-1 7.44317E-1 5.66716E-1 5.06688E-1 3.02207E-1 2.58698E-1 4.53808E-1 7.16894E-1 7.76646E-1 6.82144E-1 3.89593E-1 1.6865E-1 1.02218E-1 9.42321E-2 5.68901E-2 5.53336E-2 1.06906E-1 2.02235E-1 1.02132E-1 1.78314E-1 2.09459E-1 2.25647E-1 2.84216E-1 5.64137E-1 5.51923E-1 6.99811E-1 6.51638E-1 5.0113E-1 2.04942E-1 1.4639E-1 1.38305E-1 2.34515E-1 3.87534E-1 1.49505E-1 1.60319E-1 1.39589E-1 7.2091E-2 5.79283E-2 4.70933E-2 1.2071E-1 4.4488E-1 4.76801E-1 3.79686E-1
-9999 -9999 1.46158E-2 2.5913E-1 4.16523E-1 6.92806E-1 8.03839E-1 8.47802E-1 8.71736E-1 8.46683E-1 7.13215E-1 4.65671E-1 6.27193E-1 7.51989E-1 8.38995E-1 8.75537E-1 7.53351E-1 4.78996E-1 4.59161E-1 4.91923E-1 5.40729E-1 5.53188E-1 6.6768E-1 7.24609E-1 7.02107E-1 3.21443E-1 9.35044E-2 1.02969E-1 1.39099E-1 6.01119E-2 1.08781E-1 2.04372E-1 1.37546E-1 4.42752E-2 1.89076E-1 3.26568E-1 2.62638E-1 3.06715E-1 4.0223E-1 6.00086E-1 6.41567E-1 7.61265E-1 5.59936E-1 3.57981E-1 2.72811E-1 3.73279E-1 5.01639E-1 5.45162E-1 5.12626E-1 3.77469E-1 2.33741E-1 1.59814E-1 1.82386E-1 1.4891E-1 9.73291E-2 3.27632E-1 3.05324E-1 2.01032E-1
-9999 -9999 -9999 3.47223E-1 1.57613E-1 5.61485E-1 8.66854E-1 9.49195E-1 9.5033E-1 9.48659E-1 8.11375E-1 4.13145E-1 3.63423E-1 7.44357E-1 8.03506E-1 7.99641E-1 5.69222E-1 4.48963E-1 5.36348E-1 7.48611E-1 6.89138E-1 4.52638E-1 4.99298E-1 6.73494E-1 5.44953E-1 1.91607E-1 1.80665E-1 1.27836E-1 2.30157E-1 1.09556E-1 1.71577E-1 1.82847E-1 5.44487E-2 3.15425E-2 1.13459E-1 2.1017E-1 3.30993E-1 4.07018E-1 5.89938E-1 5.9523E-1 6.71121E-1 7.69453E-1 6.9906E-1 5.40871E-1 4.00842E-1 4.53669E-1 5.4331E-1 5.52228E-1 5.15033E-1 4.83608E-1 4.41416E-1 3.79472E-1 3.66295E-1 3.77284E-1 2.79212E-1 2.323E-1 1.99733E-1 1.78571E-1
