Phytophthora/models/20240503_1134_59/Phytophthora_PA1_RUN4_MAXENT_outputs/Phytophthora_PA1_RUN4.asc
ncols         113
nrows         135
xllcorner     473009.9838
yllcorner     4429001.1748
cellsize      100.0
NODATA_value  -9999
[rows 26 to 51 of 135, columns 0 to 57 of 113]
-9999 -9999 -9999 -9999 -9999 -9999 -9999 -9999 -9999 -9999 3.08518E-3 3.44737E-3 1.46019E-2 9.53714E-3 1.22422E-2 1.0865E-2 4.89196E-2 4.96033E-2 5.2338E-2 2.90421E-2 3.3593E-2 1.34631E-2 1.86057E-2 1.45094E-2 2.55217E-2 2.1801E-2 1.36766E-2 7.18864E-3 8.44255E-4 7.65253E-5 1.05163E-5 6.39891E-5 9.01818E-4 2.39004E-2 3.08357E-2 1.88058E-2 2.33922E-2 2.23414E-2 8.54589E-3 4.80079E-3 6.83489E-3 1.22442E-2 1.71725E-2 -9999 -9999 -9999 -9999 -9999 -9999 -9999 -9999 -9999 -9999 -9999 -9999 -9999 -9999 -9999
-9999 -9999 -9999 -9999 -9999 -9999 -9999 -9999 -9999 -9999 4.60665E-4 1.58981E-3 3.55776E-3 3.44096E-3 3.8323E-3 2.5574E-3 1.29326E-2 2.68851E-2 4.4716E-2 2.10723E-2 1.60457E-2 1.55658E-2 4.62691E-2 6.92038E-2 5.70916E-2 2.5675E-2 2.97727E-2 1.36058E-2 1.50686E-3 8.37922E-5 5.25066E-5 2.11885E-4 4.0023E-3 2.03796E-2 1.72834E-2 8.64244E-3 2.92641E-2 3.34209E-2 1.17181E-2 5.25457E-3 5.91389E-3 1.34581E-2 3.4645E-2 2.25647E-2 2.36794E-2 4.87919E-2 4.93129E-2 -9999 -9999 -9999 -9999 -9999 -9999 -9999 -9999 -9999 -9999 -9999
-9999 -9999 -9999 -9999 -9999 -9999 -9999 -9999 1.45064E-14 7.92569E-7 2.41767E-3 1.45024E-3 4.63246E-4 2.30592E-4 2.79926E-4 6.48251E-4 3.46947E-3 1.90776E-2 2.68498E-2 5.20235E-2 1.84652E-2 3.71913E-2 5.68161E-2 7.46712E-2 6.63286E-2 5.65951E-2 3.15368E-2 1.33286E-2 2.28309E-3 1.22833E-4 1.08118E-4 2.2066E-4 1.67316E-3 4.86569E-3 2.52163E-3 1.76981E-3 5.1528E-3 2.30715E-2 2.3785E-2 1.79987E-2 1.26096E-2 3.1206E-3 7.19856E-3 1.16171E-2 1.31519E-2 2.00437E-2 8.01435E-2 -9999 -9999 -9999 -9999 -9999 -9999 -9999 -9999 -9999 -9999 -9999
-9999 -9999 -9999 -9999 -9999 -9999 1.01411E-7 6.3327E-9 3.70182E-8 2.46772E-4 4.81851E-2 4.26739E-3 3.26892E-3 1.10156E-3 4.77768E-4 9.34958E-4 6.76879E-3 6.60837E-3 1.28205E-2 2.5754E-2 3.24222E-2 6.03025E-2 1.52195E-1 1.70851E-1 2.41528E-1 6.89987E-2 2.4992E-2 5.78546E-3 8.40653E-4 1.89709E-4 4.01154E-4 4.11076E-4 2.09987E-3 4.42525E-3 1.28536E-3 4.99967E-4 6.5762E-4 2.12501E-3 8.99136E-3 1.79578E-2 1.46293E-2 2.98509E-3 6.63098E-3 1.99539E-2 1.39838E-2 7.86029E-3 6.55115E-2 -9999 -9999 -9999 -9999 -9999 -9999 -9999 -9999 -9999 -9999 -9999
-9999 -9999 -9999 -9999 -9999 -9999 1.43256E-4 5.00525E-4 1.21402E-3 1.32655E-2 1.8982E-2 5.88981E-3 3.01054E-3 5.54673E-3 5.15243E-3 6.96066E-3 1.43786E-2 8.43473E-3 9.15615E-3 1.05437E-2 2.37725E-2 3.81261E-2 1.67175E-1 1.96559E-1 1.03903E-1 5.17453E-2 1.68795E-2 3.79102E-3 5.81533E-4 1.50298E-4 9.14431E-4 1.25741E-3 2.96576E-3 2.09696E-3 2.52032E-3 1.17211E-3 5.26681E-3 7.06918E-3 1.23168E-2 1.65342E-2 1.71155E-2 6.94514E-3 1.75835E-2 2.01701E-2 9.90295E-3 3.6539E-2 1.65367E-1 9.9702E-2 -9999 -9999 -9999 -9999 -9999 -9999 -9999 -9999 -9999 -9999
-9999 -9999 -9999 -9999 -9999 -9999 1.34463E-5 2.75787E-4 1.66405E-3 4.20312E-3 8.00266E-4 8.49122E-4 5.85276E-3 1.2626E-2 3.05126E-2 3.64313E-2 2.25193E-2 7.96207E-3 3.40517E-3 4.88513E-3 1.85565E-2 3.79747E-2 6.36796E-2 1.37181E-1 8.31385E-2 9.55749E-3 3.64913E-3 3.88952E-3 1.56742E-3 2.41598E-4 8.7605E-4 3.64901E-3 2.87919E-3 2.06136E-3 4.32572E-3 5.51807E-3 7.27135E-3 3.29711E-2 4.50309E-2 2.85583E-2 2.59268E-2 1.28993E-2 4.6583E-3 1.27636E-2 1.1928E-2 3.96357E-2 1.7236E-1 1.68219E-1 2.2741E-1 -9999 -9999 -9999 -9999 -9999 -9999 -9999 -9999 -9999
-9999 -9999 -9999 -9999 -9999 3.21369E-4 9.03705E-5 3.15975E-4 3.38248E-3 1.99864E-3 3.78262E-4 6.14072E-4 3.69318E-3 1.4591E-2 2.90384E-2 1.8588E-2 2.01928E-2 5.84951E-3 1.94049E-3 3.49332E-3 1.1199E-2 3.93298E-2 9.56572E-2 1.26543E-1 1.66175E-2 2.31237E-3 3.88647E-4 3.1381E-4 1.52239E-4 7.59761E-5 2.88495E-4 1.41857E-3 1.57317E-3 1.09468E-3 5.22218E-3 8.10405E-3 1.11275E-2 3.93556E-2 8.51185E-2 6.92255E-3 6.46374E-3 6.50631E-3 3.39051E-3 1.8613E-2 4.59287E-2 2.76836E-2 7.06787E-2 1.36576E-1 1.54605E-1 2.1627E-1 2.38753E-1 -9999 -9999 -9999 -9999 -9999 -9999 -9999
-9999 -9999 -9999 -9999 4.66572E-7 1.35491E-4 2.67193E-5 1.35731E-4 9.90808E-4 1.46842E-3 4.85788E-4 1.1733E-3 3.54383E-3 1.24255E-2 2.1319E-2 1.07888E-2 5.11762E-3 3.02521E-3 1.81631E-3 1.95806E-3 4.96876E-3 2.71295E-2 6.37138E-2 4.36823E-2 1.30207E-2 2.07545E-3 2.03507E-4 4.34563E-5 2.25187E-6 5.23888E-6 1.19811E-4 7.3677E-4 1.58552E-3 1.93664E-3 7.02161E-3 1.19863E-2 1.33308E-2 4.11544E-2 1.9521E-2 4.51407E-3 2.59407E-3 6.69993E-3 8.98498E-3 2.71758E-2 8.77811E-2 4.43683E-2 8.5787E-3 9.41522E-2 1.15524E-1 1.30289E-1 1.47155E-1 2.2638E-1 2.07115E-1 -9999 -9999 -9999 -9999 -9999
-9999 -9999 -9999 -9999 7.83461E-8 3.01784E-4 9.58405E-5 1.74185E-4 8.62798E-4 1.05958E-3 5.33739E-4 7.36349E-4 2.46471E-3 6.84291E-3 3.48745E-3 3.60056E-3 2.05151E-3 1.25198E-3 1.35753E-3 9.85523E-4 2.45647E-3 3.61727E-3 7.72183E-3 1.09036E-2 5.20827E-3 1.12356E-3 8.17579E-5 3.36726E-5 6.78501E-7 1.94246E-6 1.5346E-4 6.95591E-4 8.46875E-4 1.43188E-3 8.06381E-3 1.53181E-2 1.74201E-2 4.72612E-2 1.61227E-2 9.63237E-3 9.73056E-3 2.34182E-2 2.01078E-2 3.13239E-2 8.58273E-2 6.06893E-2 4.43473E-2 1.49536E-2 3.05838E-2 8.20159E-2 2.42407E-2 6.95505E-2 3.15899E-1 -9999 -9999 -9999 -9999 -9999
-9999 -9999 -9999 -9999 -9999 -9999 -9999 -9999 1.65701E-3 6.35525E-4 3.26667E-3 2.97159E-3 2.15114E-3 1.07505E-3 1.19097E-3 9.43101E-4 1.05071E-3 6.96788E-4 3.99132E-4 2.2261E-4 2.72009E-4 4.05218E-4 1.05261E-3 1.3168E-3 8.98814E-4 2.93215E-4 2.97421E-5 4.88095E-6 4.03562E-7 2.26648E-6 2.06907E-4 6.23511E-4 3.70168E-4 6.6136E-4 2.27346E-3 4.43636E-3 1.25436E-2 1.10755E-2 5.69782E-3 7.37927E-3 1.55132E-2 1.49676E-2 8.56683E-3 1.73998E-2 5.592E-2 8.338E-2 9.61708E-2 4.98406E-2 4.65321E-3 3.32419E-2 2.70228E-2 1.02233E-1 1.90184E-1 3.7494E-1 -9999 -9999 -9999 -9999
-9999 -9999 -9999 -9999 -9999 -9999 -9999 -9999 -9999 -9999 2.72025E-3 2.07612E-3 5.99877E-4 1.983E-4 2.7578E-4 3.98266E-4 4.43231E-4 4.33836E-4 2.3384E-4 5.51349E-5 1.03426E-4 1.22724E-4 1.60889E-4 2.09689E-4 1.9826E-4 3.07108E-4 9.25032E-5 4.75313E-5 4.03014E-6 6.13871E-6 2.36391E-4 7.75874E-4 2.29196E-4 5.47948E-4 5.47881E-3 6.45695E-3 1.31845E-2 2.05889E-2 1.37638E-2 1.10334E-2 1.30404E-2 1.89793E-2 4.85632E-2 9.86746E-2 4.63641E-2 8.53592E-2 1.21992E-1 7.11902E-2 7.05473E-2 1.16239E-1 7.68291E-2 1.89051E-1 2.60717E-1 2.73723E-1 -9999 -9999 -9999 -9999
-9999 -9999 -9999 -9999 -9999 -9999 -9999 -9999 -9999 -9999 -9999 1.59672E-3 2.82136E-4 1.25713E-4 6.47606E-5 9.2458E-5 1.20115E-4 7.93596E-5 4.20712E-5 1.34132E-5 2.61152E-5 1.76695E-5 1.09174E-4 3.67475E-4 1.75668E-3 2.5073E-3 1.18598E-3 5.85237E-4 1.19972E-4 1.18878E-4 6.84922E-5 2.34069E-4 3.08706E-4 1.33957E-3 2.2586E-2 2.85193E-2 1.81767E-2 2.45255E-2 2.31727E-2 2.9409E-2 2.04374E-2 4.30501E-2 3.9119E-2 5.61948E-2 4.34073E-2 6.06616E-2 1.16549E-1 1.43448E-1 6.34631E-2 6.68299E-2 6.79535E-2 7.789E-2 3.06679E-1 3.9445E-1 2.87162E-1 -9999 -9999 -9999
-9999 -9999 -9999 -9999 -9999 -9999 -9999 -9999 -9999 -9999 -9999 -9999 1.43552E-4 1.42246E-4 3.8402E-5 9.02657E-6 4.96478E-6 3.87161E-6 4.73593E-6 2.00754E-5 4.20945E-5 1.76084E-4 1.52486E-3 2.35339E-3 3.3791E-3 5.49522E-3 3.0763E-3 5.08984E-3 2.09433E-3 3.04675E-4 4.55004E-5 6.77355E-5 7.40258E-4 5.52991E-3 2.44716E-2 3.40391E-2 2.67968E-2 2.19508E-2 7.70502E-3 2.54198E-2 5.20139E-2 5.96128E-2 4.66769E-2 5.32025E-2 1.67514E-1 7.08255E-2 1.54745E-1 1.58027E-1 3.19722E-1 1.81894E-1 1.34414E-1 8.27621E-2 3.30866E-1 2.94606E-1 3.22633E-1 2.39822E-1 1.34274E-1 -9999
-9999 -9999 -9999 -9999 -9999 -9999 -9999 -9999 -9999 -9999 -9999 -9999 -9999 -9999 3.74221E-6 2.3519E-7 4.31459E-7 2.37494E-6 1.95218E-5 1.51794E-4 1.53493E-4 2.41144E-4 1.61306E-3 3.45168E-3 7.85139E-3 1.78022E-2 1.0232E-2 9.37458E-3 1.01103E-3 7.04286E-4 4.92195E-4 8.41926E-5 6.21365E-4 4.00886E-3 1.35781E-2 6.60889E-2 6.78665E-2 4.1714E-2 2.17294E-2 1.79389E-2 8.43377E-3 4.15786E-2 5.28829E-3 5.01617E-2 1.14297E-1 5.85385E-2 1.37764E-1 3.80711E-1 3.61854E-1 2.6715E-1 3.02432E-1 1.6081E-1 2.93759E-1 3.46689E-1 3.92422E-1 4.09299E-1 3.7207E-1 -9999
-9999 -9999 -9999 -9999 -9999 -9999 -9999 -9999 -9999 -9999 -9999 -9999 -9999 -9999 -9999 1.52155E-7 1.60073E-6 3.03348E-5 1.73116E-4 6.0966E-4 7.71813E-4 1.10903E-4 3.51271E-4 1.64417E-3 2.18304E-3 1.53058E-3 1.0603E-3 3.81531E-3 1.91891E-3 3.06853E-4 6.29866E-4 1.01097E-4 7.78395E-5 1.26878E-3 3.59877E-3 2.13075E-2 3.67686E-2 2.57585E-2 1.75586E-2 1.78294E-2 3.27749E-3 4.02377E-3 4.10615E-3 1.36316E-2 2.91494E-2 2.83161E-2 7.89803E-2 2.51011E-1 3.72129E-1 1.28559E-1 1.20862E-1 2.09506E-1 1.81573E-1 1.71446E-1 4.59409E-1 1.95491E-1 3.83604E-1 1.01163E-1
-9999 -9999 -9999 -9999 -9999 -9999 -9999 -9999 -9999 -9999 -9999 -9999 -9999 -9999 -9999 -9999 2.03731E-5 7.20085E-5 7.92117E-4 1.47231E-3 3.27872E-4 7.9752E-5 1.16406E-4 3.73978E-4 2.66227E-4 2.01586E-4 2.19562E-4 3.11745E-4 9.68864E-4 1.32018E-4 9.26149E-4 9.67661E-4 1.37252E-4 2.59307E-4 3.53947E-3 8.00226E-3 1.71535E-2 3.02633E-2 4.43937E-2 3.18502E-2 2.16776E-2 2.14208E-3 1.07011E-2 6.03234E-3 1.57305E-2 4.2837E-2 5.59096E-2 1.34866E-1 1.09912E-1 1.4203E-1 1.63098E-1 2.73973E-1 1.34298E-1 1.01328E-1 1.33878E-1 8.83032E-2 1.08624E-1 3.92149E-2
-9999 -9999 -9999 -9999 -9999 -9999 -9999 -9999 -9999 -9999 -9999 -9999 -9999 -9999 -9999 -9999 2.77947E-4 1.94466E-3 4.69405E-3 2.9732E-3 3.3365E-4 1.62909E-4 2.51691E-4 8.39447E-4 1.28387E-3 8.61561E-4 3.76795E-4 6.03753E-4 5.42303E-4 4.96775E-4 1.48442E-3 2.68281E-3 6.80397E-4 4.89765E-4 5.89662E-3 1.82121E-2 5.96263E-2 7.95326E-2 1.1528E-1 9.5966E-2 7.91133E-2 1.23938E-2 3.96063E-2 7.02034E-2 2.79966E-2 5.34906E-2 6.23345E-2 8.29472E-2 5.70617E-2 1.20698E-1 2.99168E-1 2.79219E-1 1.59894E-1 2.27009E-1 2.76535E-1 2.68403E-1 1.93495E-1 8.31429E-2
-9999 -9999 -9999 -9999 -9999 -9999 -9999 -9999 -9999 -9999 -9999 -9999 -9999 -9999 -9999 -9999 7.1308E-4 6.39407E-3 4.84704E-3 3.89961E-3 1.30929E-3 1.05921E-3 1.18271E-3 3.0711E-4 7.20869E-4 5.00907E-4 5.69659E-4 1.68965E-3 1.7878E-3 2.36702E-3 2.62413E-3 4.10158E-3 3.96573E-3 2.05895E-3 5.64296E-3 2.75057E-2 9.1655E-2 9.88819E-2 1.41444E-1 1.32143E-1 1.1392E-1 6.17801E-2 1.64821E-1 5.98748E-2 5.97099E-2 5.54177E-2 1.46153E-1 1.62821E-1 1.88276E-1 2.74215E-1 3.78645E-1 1.85503E-1 1.03175E-1 1.603E-1 1.53172E-1 4.34431E-1 1.30998E-1 7.38571E-2
-9999 -9999 -9999 -9999 -9999 -9999 -9999 -9999 -9999 -9999 -9999 -9999 -9999 -9999 -9999 -9999 2.60488E-3 1.06501E-2 2.32644E-2 1.76931E-2 1.96261E-2 5.18701E-3 4.70377E-3 9.27875E-4 3.6119E-4 1.52481E-4 5.2866E-4 1.1688E-3 9.64348E-4 1.74217E-3 4.37026E-3 8.07826E-3 1.96801E-2 1.03488E-2 9.66347E-3 2.23839E-2 7.54758E-2 1.59805E-1 1.53358E-1 8.57818E-2 8.71876E-2 1.49404E-1 1.67894E-1 6.85106E-2 5.46605E-2 6.67649E-2 2.16184E-1 1.18838E-1 8.0483E-2 8.50532E-2 4.27429E-1 1.8047E-1 8.80425E-2 1.80061E-1 2.38815E-1 2.25598E-1 9.45489E-2 5.78178E-2
-9999 -9999 -9999 -9999 -9999 -9999 -9999 -9999 -9999 -9999 3.65587E-2 1.88759E-1 7.48475E-4 1.67302E-10 4.07769E-4 3.5169E-2 7.51152E-3 1.53341E-2 1.50633E-2 1.13446E-2 4.42642E-2 2.63676E-2 2.37233E-2 4.15814E-3 1.28442E-3 4.25819E-5 1.01493E-4 1.136E-4 1.32392E-4 1.78476E-4 2.6649E-3 7.01867E-3 1.18583E-2 1.64922E-2 8.21156E-3 2.32266E-2 4.77982E-2 6.99502E-2 1.99783E-1 1.19928E-1 4.87213E-2 7.40473E-2 1.34817E-1 5.76731E-2 6.75489E-2 -9999 -9999 6.06118E-2 1.44404E-2 3.87686E-2 3.32071E-1 3.75396E-1 1.81155E-1 1.07796E-1 3.07722E-1 2.11839E-1 8.19168E-2 3.80603E-2
-9999 -9999 -9999 -9999 -9999 -9999 -9999 1.68698E-10 4.5438E-10 5.57507E-5 7.56824E-2 2.56495E-1 6.76561E-3 1.42194E-7 1.53564E-3 9.6094E-2 7.53541E-3 1.07591E-2 4.62693E-3 1.14752E-2 4.97877E-2 5.54357E-2 2.70609E-2 6.45063E-3 2.00881E-3 3.99387E-5 6.78784E-5 7.52523E-5 1.19777E-5 4.57131E-5 1.21876E-3 5.87193E-3 3.68083E-3 1.01385E-2 8.27142E-3 2.39136E-2 6.77765E-2 8.30291E-2 1.3768E-1 8.28215E-2 3.02834E-2 1.18222E-1 6.54831E-2 3.13786E-2 4.78676E-2 -9999 -9999 7.82372E-2 3.34377E-2 5.22115E-2 2.5097E-1 2.09354E-1 2.86856E-2 4.28528E-2 1.067E-1 2.98613E-2 3.73275E-2 6.53351E-2
-9999 -9999 -9999 -9999 -9999 1.6784E-5 1.43259E-4 1.6015E-3 1.30322E-2 1.3077E-1 1.97659E-1 3.46853E-1 3.39832E-1 5.19194E-2 2.24396E-1 1.23956E-1 1.27194E-2 7.87507E-3 1.49071E-3 9.17013E-3 3.3208E-2 3.05899E-2 1.48527E-2 6.17946E-3 1.98169E-3 1.94921E-4 4.60601E-4 1.08773E-3 2.02725E-4 9.30854E-5 8.49592E-4 2.57014E-3 3.27153E-3 1.19543E-2 1.5386E-2 5.27644E-2 5.08368E-2 4.71034E-2 5.90378E-2 2.41914E-2 1.49427E-2 3.97848E-2 1.94898E-2 1.62641E-2 4.14422E-2 -9999 -9999 7.69443E-2 4.17713E-2 -9999 -9999 2.03093E-2 1.10086E-2 1.21518E-2 5.51088E-2 3.25582E-2 5.37084E-2 6.47193E-2
-9999 -9999 -9999 -9999 -9999 1.14891E-2 5.32015E-2 1.1661E-1 1.69439E-1 1.36826E-1 9.0092E-2 2.1663E-1 3.23668E-1 5.16753E-1 2.50873E-1 7.25976E-2 2.04066E-2 5.02474E-3 8.51935E-4 7.11436E-3 2.43659E-2 2.1741E-2 8.72375E-3 1.13258E-2 3.91151E-3 6.02739E-4 1.09497E-3 2.06144E-3 4.52448E-4 3.50866E-4 1.04696E-3 1.03081E-3 1.57911E-3 2.61994E-3 1.26639E-2 4.2379E-2 6.30087E-2 4.1444E-2 4.12343E-2 7.60723E-3 1.46127E-2 2.94829E-2 1.4066E-2 3.14386E-2 5.0884E-2 1.91996E-2 -9999 -9999 -9999 -9999 -9999 7.23728E-2 1.22932E-2 2.11295E-2 4.73311E-2 1.10559E-1 3.46554E-2 5.71397E-2
-9999 -9999 -9999 -9999 -9999 5.65312E-3 5.3239E-2 1.29969E-1 1.27819E-1 1.32858E-1 1.34951E-1 1.14668E-1 9.78742E-2 1.16568E-1 6.41828E-2 5.69033E-2 3.32585E-2 1.4001E-2 2.76617E-3 7.54532E-3 3.86731E-3 2.31273E-3 6.5641E-3 1.05849E-2 5.80546E-3 2.95876E-3 8.09575E-3 1.13702E-2 5.32086E-3 4.35764E-3 3.46844E-3 1.88221E-3 5.14287E-3 5.29598E-3 3.727E-3 3.90665E-2 6.24975E-2 5.84891E-2 4.05122E-2 1.20487E-2 6.73861E-3 4.08165E-2 3.6214E-2 4.43052E-2 1.43182E-1 8.04256E-2 -9999 -9999 -9999 -9999 7.0063E-2 7.65196E-2 4.06137E-2 4.12415E-2 9.96533E-2 3.04328E-2 6.69953E-2 5.73064E-2
-9999 -9999 -9999 -9999 -9999 1.45618E-2 9.11955E-2 3.1491E-1 3.84293E-1 2.80089E-1 1.08934E-1 4.57734E-2 4.01765E-2 5.96715E-2 3.96943E-2 4.77207E-2 5.04426E-2 1.0557E-2 5.46641E-3 9.14855E-3 2.45065E-3 1.82701E-3 8.21629E-3 7.13155E-3 6.20799E-3 4.97268E-3 1.17358E-2 1.05054E-2 4.67601E-3 1.18673E-2 8.77472E-3 5.42196E-3 9.546E-3 1.25499E-2 1.08831E-2 4.88066E-2 7.49386E-2 5.522E-2 4.89775E-2 9.42673E-3 1.12001E-2 2.15434E-2 4.65609E-2 1.16331E-1 1.53779E-1 1.22865E-1 1.00844E-1 -9999 -9999 9.85818E-2 7.1183E-2 7.62136E-2 5.75186E-2 1.27039E-1 1.05267E-1 5.3614E-2 9.32996E-2 7.84887E-2
-9999 -9999 -9999 -9999 -9999 5.77658E-2 2.08587E-1 4.9318E-1 5.68232E-1 1.91063E-1 3.37481E-2 7.0768E-3 1.22732E-2 1.97436E-2 4.76419E-2 2.8817E-2 2.40792E-2 5.14784E-3 3.81493E-3 3.68168E-3 9.29219E-4 3.49819E-4 2.48235E-3 8.27861E-3 3.05643E-3 2.18791E-3 2.51226E-3 5.69659E-3 9.43985E-4 3.49545E-3 7.97927E-3 9.93992E-3 1.78099E-2 9.00785E-3 2.09674E-2 9.35546E-2 8.73553E-2 7.92953E-2 1.19723E-2 5.54343E-2 4.56264E-2 3.51483E-2 5.5459E-2 4.83925E-2 1.76648E-2 2.44375E-2 6.72074E-2 -9999 4.21903E-1 9.71009E-2 2.39889E-2 7.10167E-2 8.30568E-2 1.46468E-1 2.12192E-2 6.95111E-2 6.68324E-2 1.97636E-1
