Phytophthora/models/20240503_1134_59/Phytophthora_PA1_RUN4_MAXENT_outputs/Phytophthora_PA1_RUN4.asc
ncols         113
nrows         135
xllcorner     473009.9838
yllcorner     4429001.1748
cellsize      100.0
NODATA_value  -9999
[rows 78 to 103 of 135, columns 0 to 57 of 113]
-9999 -9999 -9999 5.82281E-2 7.9397E-2 4.80187E-1 9.0314E-1 9.56856E-1 9.68532E-1 9.55563E-1 6.88539E-1 6.1866E-1 7.00309E-1 7.30624E-1 7.33448E-1 4.83271E-1 5.20591E-1 4.87759E-1 8.48348E-1 8.71624E-1 6.70131E-1 2.31072E-1 3.45345E-1 4.97071E-1 4.68566E-1 4.07403E-1 4.23923E-1 4.09586E-1 2.97054E-1 2.17801E-1 1.93618E-1 1.5507E-1 4.32393E-2 1.24551E-2 5.74168E-2 2.55135E-1 3.40299E-1 3.81618E-1 5.18983E-1 5.04146E-1 7.67268E-1 7.30907E-1 7.36176E-1 7.26341E-1 5.07896E-1 5.17202E-1 4.22827E-1 3.44477E-1 5.10863E-1 6.05605E-1 5.3801E-1 4.98438E-1 4.82406E-1 4.36226E-1 2.49076E-1 4.58629E-1 1.73045E-1 1.71105E-1
-9999 -9999 -9999 -9999 1.32914E-1 5.72117E-1 8.95012E-1 9.08823E-1 9.36657E-1 9.05474E-1 7.06381E-1 8.1167E-1 8.71428E-1 8.41882E-1 7.28711E-1 3.78927E-1 4.95349E-1 6.31505E-1 7.48152E-1 5.4241E-1 4.48261E-1 1.56752E-1 1.47207E-1 2.21636E-1 5.05691E-1 6.23712E-1 6.39279E-1 4.41859E-1 2.44014E-1 1.20654E-1 1.26957E-1 1.3148E-1 6.07147E-2 2.53722E-2 7.42984E-2 2.5148E-1 3.78883E-1 4.98127E-1 2.06611E-1 4.671E-1 7.91351E-1 7.57559E-1 7.18208E-1 7.22193E-1 7.15789E-1 5.09755E-1 1.48876E-1 4.8834E-1 3.85527E-1 3.49328E-1 4.64384E-1 5.44307E-1 6.25901E-1 4.67221E-1 1.65343E-1 2.7014E-1 3.14663E-1 1.30965E-1
-9999 -9999 -9999 3.30795E-2 1.13677E-1 5.42544E-1 9.24278E-1 9.49512E-1 9.32168E-1 9.12521E-1 7.04249E-1 7.72144E-1 8.52522E-1 8.39527E-1 5.02649E-1 2.40056E-1 4.07081E-1 4.75198E-1 5.1286E-1 4.70313E-1 3.49301E-1 8.21776E-2 1.28528E-1 1.36492E-1 1.94933E-1 3.65676E-1 5.72106E-1 4.41311E-1 7.94422E-2 1.23404E-1 5.7469E-2 3.53308E-2 9.33809E-2 1.97599E-1 2.03711E-1 3.63875E-1 5.15727E-1 5.11842E-1 2.33436E-1 4.70372E-1 5.02641E-1 4.66129E-1 4.82185E-1 5.55803E-1 5.83465E-1 2.62763E-1 2.14211E-1 2.0855E-1 3.49967E-1 4.28599E-1 2.9787E-1 2.77953E-1 1.97773E-1 1.44567E-1 7.73073E-2 2.69873E-2 8.99314E-2 2.10523E-2
-9999 -9999 2.93558E-2 1.73521E-2 3.9571E-2 4.42853E-1 8.73456E-1 9.36929E-1 8.8854E-1 8.50926E-1 7.22534E-1 6.74678E-1 7.57866E-1 7.55301E-1 3.68356E-1 2.71172E-1 4.30488E-1 6.12542E-1 6.62093E-1 5.77898E-1 3.972E-1 1.00071E-1 1.85042E-1 1.24534E-1 2.65106E-1 2.8714E-1 3.69596E-1 4.24207E-1 1.92498E-1 5.37748E-2 1.01958E-1 7.26236E-2 3.53571E-1 3.47289E-1 2.15389E-1 2.64852E-1 4.48506E-1 2.13139E-1 3.52083E-1 3.53703E-1 3.13576E-1 4.39131E-1 4.69476E-1 5.56157E-1 5.32112E-1 1.02306E-1 3.95578E-2 8.3914E-2 1.04079E-1 2.40692E-1 3.27935E-1 1.51271E-1 7.16228E-2 1.00922E-1 3.51157E-2 8.18654E-3 7.23989E-3 3.72713E-3
-9999 -9999 7.0374E-3 9.1414E-2 1.53018E-1 4.21328E-1 5.11333E-1 6.38688E-1 8.54362E-1 8.89101E-1 6.62566E-1 6.38437E-1 5.58824E-1 5.07686E-1 1.90055E-1 1.38322E-1 2.59216E-1 4.13469E-1 5.30411E-1 5.70706E-1 3.83095E-1 2.13297E-1 3.46705E-1 2.13736E-1 1.51687E-1 2.07457E-1 2.44988E-1 1.27915E-1 6.95009E-2 5.52623E-2 1.27313E-1 2.05565E-1 3.33012E-1 2.63062E-1 3.12329E-1 5.62042E-1 4.88848E-1 2.10943E-1 3.10902E-1 5.67281E-1 1.86622E-1 4.19494E-1 5.03156E-1 5.53651E-1 4.5283E-1 2.7024E-1 8.41326E-2 2.40431E-1 2.75109E-1 1.78586E-1 1.18649E-1 4.63217E-2 8.63701E-2 8.65946E-2 1.44246E-2 6.35658E-3 1.44908E-2 4.08167E-2
-9999 -9999 1.48575E-3 2.04573E-1 5.11835E-1 4.55608E-1 2.89197E-1 4.81568E-1 5.94001E-1 3.37039E-1 3.92696E-1 3.28006E-1 2.74578E-1 2.3408E-1 1.81857E-1 2.26474E-1 4.13014E-1 5.09463E-1 3.91985E-1 3.25209E-1 2.01407E-1 3.43979E-1 3.54051E-1 2.40576E-1 1.1876E-1 1.41365E-1 1.35475E-2 2.14046E-2 5.06973E-2 2.74422E-1 3.93567E-1 4.36524E-1 3.6759E-1 3.50875E-1 4.10706E-1 6.42373E-1 5.893E-1 5.82652E-1 2.63928E-1 5.82443E-1 3.32418E-1 3.92537E-1 4.13842E-1 4.21037E-1 4.56283E-1 2.28136E-1 2.58003E-1 2.47279E-1 1.81074E-1 9.00389E-2 1.04406E-1 3.49305E-2 5.44107E-2 2.44742E-2 9.09347E-3 4.41398E-2 3.16597E-2 2.98844E-2
-9999 -9999 1.66985E-2 2.54137E-1 4.88353E-1 4.15276E-1 2.80905E-1 3.58953E-1 3.02232E-1 1.64808E-1 1.72933E-1 1.27522E-1 1.35738E-1 2.0335E-1 3.32054E-1 5.21785E-1 5.47375E-1 4.12612E-1 2.34751E-1 2.89968E-1 1.64726E-1 2.47726E-1 1.97971E-1 1.28534E-1 6.7249E-2 5.03703E-2 1.82451E-2 1.54325E-2 6.99057E-2 3.36885E-1 6.10474E-1 6.08132E-1 4.25494E-1 2.56218E-1 5.09854E-1 4.27261E-1 5.63884E-1 6.12346E-1 5.49276E-1 5.70208E-1 3.33928E-1 4.31634E-1 3.46691E-1 4.24753E-1 1.77602E-1 2.66105E-1 4.26522E-1 4.596E-1 3.52313E-1 2.8705E-1 1.33307E-1 5.44017E-2 3.30193E-2 2.65231E-2 6.55635E-2 1.5124E-1 3.56836E-2 1.74624E-1
-9999 1.44848E-2 3.44753E-2 2.12708E-1 6.45548E-1 5.54672E-1 3.52094E-1 1.86554E-1 1.34706E-1 8.74006E-2 1.04422E-1 1.2776E-1 1.88947E-1 4.92615E-1 5.13919E-1 4.47355E-1 3.07218E-1 2.34344E-1 2.71418E-1 2.38127E-1 1.08207E-1 1.02375E-1 8.52771E-2 6.35957E-2 4.32757E-2 3.82622E-2 1.68402E-2 5.41982E-2 1.43918E-1 2.20178E-1 3.92274E-1 2.39888E-1 1.57611E-1 2.17322E-1 5.44973E-1 4.26265E-1 1.24509E-1 5.35609E-1 4.15484E-1 5.63845E-1 5.86097E-1 5.3636E-1 3.59635E-1 3.24004E-1 1.76628E-1 2.02676E-1 5.63346E-1 6.89048E-1 5.55838E-1 4.69172E-1 2.00743E-1 7.84077E-2 9.41181E-2 2.28754E-2 8.3549E-2 2.15078E-1 2.0091E-1 3.42422E-1
-9999 2.20557E-2 3.87894E-2 2.62421E-1 4.62975E-1 2.91652E-1 2.44584E-1 1.35696E-1 7.39571E-2 1.1058E-1 1.99994E-1 3.05487E-1 3.28024E-1 5.0643E-1 3.28472E-1 3.06053E-1 3.25035E-1 2.51295E-1 2.25404E-1 1.40952E-1 5.1156E-2 4.9095E-2 5.31649E-2 3.80046E-2 4.22792E-2 2.95216E-2 5.41712E-2 9.22129E-2 2.14637E-1 2.1227E-1 1.41239E-1 5.5053E-2 9.5714E-2 1.88082E-1 2.46355E-1 2.38764E-1 3.20821E-1 2.86766E-1 2.7289E-1 4.24214E-1 6.15901E-1 4.21867E-1 2.10725E-1 4.20597E-1 2.30449E-1 2.84372E-1 5.03777E-1 5.81487E-1 4.81239E-1 2.66284E-1 1.95988E-1 1.33702E-1 1.24443E-1 2.45122E-2 4.64472E-2 4.04822E-1 2.55397E-1 2.94368E-1
7.7809E-3 3.30703E-2 7.74054E-2 1.32828E-1 5.71211E-1 5.66663E-1 4.81973E-1 2.20354E-1 1.39334E-1 2.42357E-1 3.01985E-1 3.71205E-1 3.5706E-1 4.52962E-1 2.37019E-1 1.5335E-1 2.20726E-1 1.66649E-1 1.27866E-1 1.76135E-1 2.01153E-1 8.91964E-2 3.4575E-2 1.7563E-2 2.57812E-2 6.40456E-2 1.69147E-1 1.75014E-1 9.38011E-2 2.1011E-1 7.03512E-2 4.22465E-2 8.78848E-2 9.44978E-2 9.9773E-2 2.0063E-1 4.43024E-1 3.76797E-1 3.51137E-1 5.64297E-1 5.242E-1 9.59794E-2 4.89552E-1 5.26945E-1 3.58644E-1 4.30674E-1 3.47E-1 2.2127E-1 1.32613E-1 4.21339E-1 3.29158E-1 1.4733E-1 9.92908E-2 6.61515E-2 2.87093E-1 4.90865E-1 3.18382E-1 3.44753E-1
4.12961E-2 8.94753E-2 1.33897E-1 3.46348E-1 5.2698E-1 5.44254E-1 6.23655E-1 3.7309E-1 3.7332E-1 5.00563E-1 3.78617E-1 4.24084E-1 2.62418E-1 5.32071E-1 4.23408E-1 3.22309E-1 2.13975E-1 1.50856E-1 2.39782E-1 2.912E-1 1.9588E-1 6.45947E-2 6.19674E-2 5.19058E-2 4.37415E-2 1.50005E-1 2.90239E-1 1.48225E-1 3.58424E-2 7.16745E-2 1.49481E-1 1.25447E-1 7.05373E-2 1.21645E-1 1.11123E-1 1.10794E-1 9.9158E-2 1.97437E-1 5.9793E-1 7.53401E-1 7.46979E-1 2.28056E-1 5.8568E-1 4.8319E-1 6.59393E-1 5.4344E-1 1.50323E-1 9.47759E-2 2.32333E-1 5.07629E-1 2.15034E-1 1.09405E-1 7.62596E-2 1.26217E-1 3.72815E-1 3.00011E-1 3.91303E-1 3.6619E-1
-9999 1.80828E-1 3.14318E-1 6.69764E-1 4.49979E-1 3.18675E-1 6.93451E-1 5.54485E-1 3.31129E-1 4.22488E-1 3.79487E-1 1.58431E-1 3.37285E-2 4.07653E-1 6.56687E-1 5.8783E-1 3.29642E-1 2.08696E-1 4.02191E-1 5.44926E-1 4.60055E-1 1.42603E-1 2.21748E-1 1.01448E-1 8.55367E-2 2.68181E-1 1.57348E-1 3.01355E-1 2.33306E-1 1.33336E-1 1.32503E-1 3.18638E-1 3.60099E-1 1.97086E-1 1.7549E-1 2.62564E-1 1.22449E-1 2.18541E-1 5.08603E-1 7.61321E-1 6.69265E-1 3.27287E-1 3.96657E-1 6.89946E-1 7.0528E-1 5.83168E-1 2.37116E-1 8.47254E-2 5.36797E-1 4.30717E-1 1.29692E-1 1.10929E-1 4.66593E-2 4.64073E-1 4.46161E-1 4.39914E-1 4.73758E-1 3.30121E-1
-9999 3.81282E-1 6.18504E-1 7.73003E-1 7.11187E-1 3.04841E-1 4.2767E-1 3.73008E-1 2.34303E-1 2.97703E-1 2.91108E-1 1.78376E-1 1.39129E-1 4.50504E-1 6.77977E-1 5.88041E-1 3.10822E-1 2.68031E-1 1.87808E-1 2.01255E-1 2.28637E-1 1.9018E-1 1.04586E-1 9.33394E-2 2.45611E-1 2.19237E-1 3.93543E-1 5.76712E-1 4.66726E-1 8.49546E-2 9.47269E-2 3.20919E-1 5.12425E-1 2.3351E-1 3.16465E-1 3.34561E-1 2.64201E-1 2.59173E-1 5.48718E-1 6.3912E-1 4.66414E-1 1.26508E-1 2.00011E-1 5.00133E-1 6.80652E-1 6.2847E-1 2.20461E-1 1.63572E-1 4.64335E-1 6.32473E-1 3.41662E-1 1.45613E-1 1.20076E-1 5.53244E-1 5.29553E-1 5.16166E-1 4.77335E-1 4.19688E-1
-9999 -9999 -9999 5.61188E-1 3.75398E-1 3.90881E-1 6.65574E-1 3.80604E-1 2.53966E-1 2.68121E-1 1.64053E-1 5.37438E-2 6.93609E-2 2.92306E-1 6.31704E-1 4.15271E-1 4.21497E-1 1.94698E-1 4.57498E-2 2.03496E-1 4.92497E-2 4.56755E-2 9.64756E-2 2.02199E-1 6.69915E-2 8.78689E-2 4.22563E-1 3.84494E-1 1.62125E-1 1.73393E-1 2.02935E-1 9.82968E-2 2.14519E-1 2.78018E-1 4.17243E-1 2.75349E-1 2.13149E-1 2.18731E-1 5.01133E-1 3.72391E-1 1.46219E-1 1.0316E-1 1.90282E-1 3.33335E-1 6.19271E-1 2.9817E-1 7.15631E-2 4.63027E-1 5.10641E-1 4.82077E-1 3.96629E-1 4.58584E-1 5.92285E-1 6.18611E-1 5.99867E-1 4.70763E-1 4.11226E-1 3.15534E-1
-9999 -9999 -9999 -9999 1.51908E-1 2.31365E-1 6.15545E-1 5.11985E-1 3.69934E-1 2.52182E-1 1.71114E-1 8.80856E-2 5.57656E-2 2.97953E-1 1.94274E-1 3.56097E-1 3.92503E-1 1.25313E-1 1.30768E-1 3.57133E-1 8.40148E-2 2.53816E-2 2.98331E-2 1.65697E-1 2.42094E-1 3.62129E-1 2.30249E-1 2.31208E-1 1.53246E-1 1.1284E-1 1.45725E-1 2.1221E-1 2.96985E-1 2.86225E-1 2.3231E-1 1.77321E-1 9.44597E-2 4.10378E-2 1.43956E-2 1.21883E-2 2.37121E-2 7.86619E-2 9.15722E-2 1.46207E-1 3.03019E-1 1.12633E-1 3.92531E-1 4.71209E-1 4.39613E-1 5.22897E-1 4.33196E-1 4.02029E-1 4.33762E-1 4.15679E-1 4.53331E-1 3.47694E-1 2.58791E-1 4.14016E-1
-9999 -9999 -9999 -9999 -9999 -9999 -9999 3.72986E-1 6.0962E-1 6.26305E-1 3.70366E-1 2.84144E-1 3.03346E-1 2.83248E-1 1.57596E-1 3.4305E-1 4.44173E-1 2.07866E-1 1.33248E-1 3.57876E-1 2.09626E-1 2.19294E-2 2.13966E-2 1.48385E-1 2.39237E-1 2.6018E-1 1.92847E-1 1.80155E-1 1.49716E-1 5.87383E-2 6.11589E-2 1.95481E-1 1.84895E-1 8.10379E-2 7.53267E-2 7.72432E-2 9.66792E-2 3.63234E-2 1.66285E-2 2.6028E-2 1.28706E-2 1.76981E-2 2.89428E-2 1.14141E-1 2.22458E-1 1.65229E-1 5.96886E-1 3.95943E-1 4.80756E-1 5.78998E-1 5.03095E-1 4.85082E-1 5.29164E-1 4.17702E-1 4.28536E-1 2.92196E-1 3.6175E-1 3.8368E-1
-9999 -9999 -9999 -9999 -9999 -9999 -9999 4.92493E-1 7.66525E-1 6.63562E-1 1.6393E-1 1.98484E-1 1.66493E-1 1.98489E-1 3.53379E-1 4.8626E-1 7.11021E-1 4.80538E-1 2.77007E-1 5.45594E-1 2.75124E-1 2.29015E-2 1.12495E-2 5.20704E-2 1.23953E-1 2.69471E-1 1.35307E-1 8.14122E-2 4.36195E-2 2.80986E-2 1.06992E-1 6.18926E-2 4.85683E-2 2.26288E-2 3.05159E-2 5.69231E-2 6.02928E-2 7.12986E-2 4.12288E-2 1.395E-2 1.3007E-2 2.29909E-2 8.14566E-2 3.77476E-1 1.69814E-1 3.91778E-1 3.84442E-1 4.23658E-1 4.59033E-1 5.19758E-1 3.93886E-1 4.67189E-1 5.62551E-1 2.56851E-1 3.09864E-1 1.77592E-1 3.61742E-1 5.28314E-1
-9999 -9999 -9999 -9999 -9999 -9999 -9999 2.20767E-1 7.09812E-1 2.80441E-1 7.29725E-2 6.96353E-2 2.37501E-2 2.1001E-2 4.21635E-1 6.08816E-1 6.24961E-1 5.04323E-1 4.96935E-1 4.76508E-1 1.93446E-1 1.65137E-2 2.04265E-2 1.21234E-2 5.05667E-2 1.11364E-1 1.01117E-1 6.76349E-2 2.03275E-1 1.38395E-1 4.97337E-2 3.97978E-2 1.95575E-2 1.26807E-2 3.44687E-2 8.08092E-2 3.47875E-2 2.21108E-2 1.43642E-2 1.56189E-2 2.59062E-2 5.65685E-2 1.69566E-1 3.45101E-1 3.06864E-1 4.38143E-1 3.10924E-1 3.29082E-1 2.73058E-1 2.93359E-1 3.05874E-1 2.77487E-1 3.94835E-1 3.78707E-1 9.42768E-2 7.75112E-2 1.40975E-1 2.41064E-1
-9999 -9999 -9999 -9999 -9999 -9999 -9999 1.77574E-1 3.14257E-1 1.49138E-1 1.12964E-1 6.48761E-2 2.75495E-2 2.62547E-2 1.70298E-1 7.50732E-1 7.61117E-1 7.45447E-1 6.65351E-1 5.29007E-1 9.62535E-2 1.03969E-2 2.59306E-3 5.84026E-3 1.82178E-2 7.7358E-2 8.82446E-2 4.64681E-2 1.34103E-1 1.3265E-1 3.44464E-2 2.39027E-2 1.8179E-2 9.45436E-2 5.57657E-2 4.36518E-2 3.04098E-2 2.07193E-2 4.06541E-2 6.96112E-2 4.45243E-2 7.11382E-2 6.42285E-2 1.65375E-1 3.19731E-1 5.16436E-1 4.10654E-1 1.63976E-1 9.6857E-2 1.9575E-1 2.09724E-1 1.27103E-1 2.22031E-1 1.69346E-1 1.32414E-1 2.21728E-1 9.62756E-2 2.38684E-1
-9999 -9999 -9999 -9999 -9999 -9999 -9999 -9999 8.91824E-2 9.51304E-2 5.88348E-2 7.12999E-2 1.08543E-1 9.08299E-2 5.55546E-1 7.93118E-1 7.05138E-1 5.09539E-1 4.27051E-1 4.30542E-1 1.03247E-1 6.21085E-3 3.90275E-3 1.35947E-2 4.80059E-2 8.42096E-2 8.4897E-2 7.25738E-2 1.50634E-1 7.25138E-2 3.06663E-2 4.8528E-2 9.85367E-3 2.33769E-1 2.48226E-1 8.31331E-2 2.87092E-2 7.41794E-2 1.45594E-1 1.1026E-1 4.06135E-2 1.55441E-1 1.52673E-1 3.81221E-1 2.80558E-1 3.32373E-1 2.81941E-1 5.78473E-2 2.93689E-1 2.79496E-1 1.78809E-1 1.06563E-1 6.77072E-2 1.96375E-1 3.81695E-1 2.81417E-1 4.25708E-1 3.82921E-1
-9999 -9999 -9999 -9999 -9999 -9999 -9999 -9999 -9999 -9999 -9999 -9999 1.35908E-1 5.48438E-2 4.02977E-1 4.83648E-1 5.9848E-1 2.75474E-1 5.98451E-2 2.52556E-1 3.9075E-2 1.33892E-2 5.4804E-3 6.59688E-2 1.1134E-1 4.62499E-2 1.61644E-2 6.97635E-2 1.24374E-1 9.45758E-2 3.00975E-2 2.97621E-2 5.1646E-2 5.58899E-1 3.2517E-1 6.3098E-2 3.73953E-2 5.31727E-2 1.46255E-1 1.12298E-1 7.20789E-2 6.14646E-2 7.59643E-2 1.97641E-1 1.57925E-1 1.69635E-1 6.57445E-2 3.91571E-2 1.7481E-1 1.06832E-1 4.15473E-2 7.25096E-2 1.06845E-1 2.45266E-1 6.00462E-1 5.61364E-1 4.37769E-1 2.86668E-1
-9999 -9999 -9999 -9999 -9999 -9999 -9999 -9999 -9999 -9999 -9999 -9999 -9999 1.20377E-1 5.4704E-1 5.5641E-1 5.67982E-1 6.7813E-1 5.17471E-1 4.11322E-1 8.12198E-2 1.42964E-2 2.82076E-3 2.81924E-2 4.0035E-2 9.25512E-3 2.83695E-2 2.23027E-2 2.11669E-2 4.55204E-2 2.14859E-2 6.32917E-2 3.05116E-1 2.02983E-1 1.50002E-1 8.73022E-2 5.91273E-2 1.0461E-1 3.45547E-1 2.46358E-1 1.95249E-2 1.02532E-2 4.38453E-2 7.48966E-2 1.41026E-1 1.57821E-1 1.2006E-1 8.46102E-2 9.03582E-2 6.60979E-2 1.00847E-1 8.81238E-2 1.63782E-1 5.61617E-1 5.9387E-1 3.97712E-1 4.66811E-1 4.06118E-1
-9999 -9999 -9999 -9999 -9999 -9999 -9999 -9999 -9999 -9999 -9999 -9999 2.74015E-1 3.88297E-1 2.59614E-1 6.3609E-1 7.80097E-1 6.96539E-1 5.2045E-1 5.82924E-1 1.33943E-1 1.46295E-2 5.37052E-3 1.95217E-2 1.22024E-2 8.22262E-2 3.18262E-2 1.00532E-2 3.05218E-2 7.25206E-2 9.74093E-2 1.06256E-1 1.1349E-1 1.08159E-1 6.32786E-2 3.07578E-2 7.70734E-2 4.52863E-1 3.93284E-1 2.87388E-1 6.81107E-2 5.2166E-2 4.78294E-2 3.89905E-1 3.76441E-1 9.59988E-2 1.02638E-1 4.30151E-2 7.68552E-2 1.01786E-1 1.4127E-1 1.0776E-1 1.7928E-1 5.12367E-1 4.635E-1 4.48434E-1 3.21563E-1 2.51336E-1
-9999 -9999 -9999 -9999 -9999 -9999 -9999 -9999 -9999 -9999 -9999 -9999 -9999 2.56237E-2 2.02151E-2 -9999 3.52316E-1 4.70878E-1 3.54009E-1 2.8233E-1 9.07065E-2 4.22594E-2 2.67288E-2 7.05148E-2 1.18685E-1 4.72386E-2 1.77624E-2 2.20735E-2 3.09637E-2 1.53219E-2 8.33431E-2 4.9076E-2 5.71391E-2 1.06063E-1 1.10448E-1 6.97927E-2 1.73492E-1 4.23011E-1 4.1393E-1 1.08664E-1 9.37102E-2 1.40475E-1 1.50859E-1 5.69411E-1 4.26473E-1 3.43112E-1 4.93428E-2 1.09295E-1 4.11493E-2 8.46431E-2 1.38662E-1 1.90089E-1 3.20173E-1 4.83493E-1 4.42499E-1 4.3713E-1 4.16764E-1 4.5357E-1
-9999 -9999 -9999 -9999 -9999 -9999 -9999 -9999 -9999 -9999 -9999 -9999 -9999 -9999 -9999 -9999 2.91869E-1 4.03397E-1 3.87022E-1 2.84872E-1 1.42396E-1 1.00917E-1 2.13602E-1 2.49721E-1 2.19854E-1 8.70395E-2 3.1626E-2 3.43286E-2 6.93482E-2 3.25745E-1 2.58904E-1 1.96402E-1 3.5031E-1 2.92758E-1 3.14952E-1 3.67362E-1 3.14679E-1 5.63359E-1 3.72762E-1 6.85552E-2 5.72179E-2 1.6452E-1 5.82929E-1 6.25907E-1 6.51844E-1 4.39364E-1 3.33158E-1 2.43478E-1 1.17092E-1 1.67744E-1 2.10645E-1 2.8108E-1 2.74025E-1 3.73855E-1 5.41261E-1 5.59571E-1 5.89383E-1 4.828E-1
-9999 -9999 -9999 -9999 -9999 -9999 -9999 -9999 -9999 -9999 -9999 -9999 -9999 -9999 -9999 -9999 -9999 3.71269E-1 2.7733E-1 2.3906E-1 3.03389E-1 9.69727E-2 5.42014E-2 1.04565E-1 1.38725E-1 1.02557E-1 5.05427E-2 1.94949E-1 3.40884E-1 4.37272E-1 1.93304E-1 5.29437E-1 5.02553E-1 2.69564E-1 1.9424E-1 3.03518E-1 4.52411E-1 6.08996E-1 1.81131E-1 4.28396E-2 2.20465E-2 1.17428E-1 6.45272E-1 6.85415E-1 6.85773E-1 5.5357E-1 3.78252E-1 2.23097E-1 2.04741E-1 1.873E-1 1.7122E-1 1.41565E-1 2.8207E-1 3.61314E-1 2.82399E-1 5.55218E-1 5.26858E-1 5.28592E-1
