Phytophthora/models/20240503_1134_59/Phytophthora_PA1_RUN2_MAXENT_outputs/Phytophthora_PA1_RUN2.asc
ncols         113
nrows         135
xllcorner     473009.9838
yllcorner     4429001.1748
cellsize      100.0
NODATA_value  -9999
[rows 78 to 103 of 135, columns 0 to 57 of 113]
-9999 -9999 -9999 4.78816E-2 1.96966E-1 6.61082E-1 9.02211E-1 9.36284E-1 9.5806E-1 9.45449E-1 7.72904E-1 6.03155E-1 6.61021E-1 7.82837E-1 7.62781E-1 6.32334E-1 5.92656E-1 6.53985E-1 8.18174E-1 8.49264E-1 7.51072E-1 4.8138E-1 5.39125E-1 5.56166E-1 4.60123E-1 3.96563E-1 5.02159E-1 4.5287E-1 3.84443E-1 2.92638E-1 2.08148E-1 1.83305E-1 6.20989E-2 4.35632E-2 1.06275E-1 3.3811E-1 4.11172E-1 4.40491E-1 5.33083E-1 5.85778E-1 7.58963E-1 6.8893E-1 6.93562E-1 6.41924E-1 5.25509E-1 5.16663E-1 3.61149E-1 4.53695E-1 4.23846E-1 5.08415E-1 4.5259E-1 4.02852E-1 4.05146E-1 4.13736E-1 4.07948E-1 4.5829E-1 2.18849E-1 1.70019E-1
-9999 -9999 -9999 -9999 1.51871E-1 6.67298E-1 8.77435E-1 8.9875E-1 9.3299E-1 9.16569E-1 7.66903E-1 8.24731E-1 8.74277E-1 8.62331E-1 7.54529E-1 5.24661E-1 5.84856E-1 6.84836E-1 7.50526E-1 6.35593E-1 6.00761E-1 4.10111E-1 2.96743E-1 2.7945E-1 4.64275E-1 6.30493E-1 6.11969E-1 4.92625E-1 3.99632E-1 1.84287E-1 1.86475E-1 1.94315E-1 1.11389E-1 8.25648E-2 1.74907E-1 3.66571E-1 4.47229E-1 5.2387E-1 3.01516E-1 5.42757E-1 7.5638E-1 6.68616E-1 6.45696E-1 6.94163E-1 6.7533E-1 5.3274E-1 2.4768E-1 4.01523E-1 3.91647E-1 3.47825E-1 3.85889E-1 4.20108E-1 5.41667E-1 5.00507E-1 2.15558E-1 2.01218E-1 2.35698E-1 1.0054E-1
-9999 -9999 -9999 1.40835E-2 1.96437E-1 5.57915E-1 9.13896E-1 9.36595E-1 9.30495E-1 9.15423E-1 7.8801E-1 7.98501E-1 8.62291E-1 8.44952E-1 6.01794E-1 4.14492E-1 5.098E-1 6.0584E-1 6.3535E-1 5.71899E-1 5.10361E-1 2.71524E-1 2.62981E-1 2.26323E-1 2.74671E-1 4.61519E-1 5.67266E-1 5.05937E-1 7.76865E-2 2.10674E-1 1.20738E-1 6.7346E-2 1.71992E-1 2.97984E-1 3.75941E-1 3.14283E-1 5.87415E-1 5.33053E-1 3.44567E-1 5.44986E-1 5.77079E-1 5.10427E-1 5.16019E-1 5.74167E-1 5.84544E-1 3.3404E-1 2.33528E-1 2.46302E-1 4.10277E-1 4.4021E-1 3.15252E-1 2.63064E-1 2.69416E-1 2.51485E-1 1.10721E-1 2.56244E-2 8.58221E-2 3.72024E-2
-9999 -9999 1.03595E-2 1.36832E-2 9.89619E-2 5.33004E-1 8.87547E-1 9.15546E-1 8.79826E-1 8.78583E-1 7.62228E-1 7.48827E-1 8.01839E-1 7.78806E-1 4.83505E-1 4.25427E-1 5.97904E-1 7.06668E-1 7.08965E-1 6.57273E-1 5.69814E-1 2.94535E-1 3.26041E-1 1.65831E-1 2.25185E-1 3.78294E-1 4.63971E-1 4.95301E-1 2.29446E-1 1.07399E-1 1.9632E-1 1.04786E-1 3.84658E-1 4.13965E-1 2.48852E-1 3.0642E-1 5.34853E-1 3.92985E-1 4.47554E-1 4.28645E-1 4.18295E-1 4.79846E-1 5.40828E-1 5.69383E-1 5.20907E-1 1.58413E-1 5.7921E-2 1.15146E-1 1.60138E-1 2.51511E-1 3.21922E-1 2.24144E-1 1.46714E-1 1.63836E-1 4.32834E-2 8.56552E-3 6.83902E-3 3.2304E-3
-9999 -9999 1.3818E-3 9.8502E-2 2.04918E-1 4.7994E-1 6.6583E-1 6.64998E-1 8.56334E-1 8.98444E-1 7.58926E-1 7.33101E-1 6.70232E-1 5.79501E-1 3.35333E-1 3.36455E-1 5.07215E-1 5.72927E-1 6.22564E-1 6.58716E-1 5.35184E-1 4.20131E-1 4.66169E-1 3.28469E-1 2.08364E-1 3.25706E-1 3.50918E-1 2.41323E-1 1.51633E-1 1.53439E-1 2.54318E-1 3.90861E-1 4.63422E-1 3.5909E-1 3.56839E-1 5.80108E-1 5.26877E-1 2.94918E-1 4.03173E-1 6.24992E-1 3.1995E-1 4.76842E-1 5.487E-1 5.49455E-1 4.54589E-1 2.56043E-1 1.22384E-1 2.43311E-1 2.87219E-1 1.87344E-1 1.65172E-1 1.08005E-1 1.60032E-1 1.18744E-1 1.88736E-2 7.08575E-3 4.96637E-3 2.64875E-2
-9999 -9999 1.00847E-4 2.21079E-1 5.60018E-1 4.91053E-1 4.07431E-1 5.86168E-1 6.20378E-1 3.95857E-1 5.13806E-1 4.76463E-1 4.09029E-1 3.70389E-1 3.51763E-1 4.70691E-1 6.16177E-1 6.21163E-1 4.52354E-1 5.23122E-1 4.38738E-1 5.27288E-1 4.98469E-1 3.86307E-1 2.22485E-1 2.46872E-1 2.11012E-2 4.78272E-2 9.84681E-2 4.19638E-1 5.55256E-1 5.96819E-1 5.66973E-1 4.24063E-1 4.66361E-1 6.83435E-1 6.1289E-1 6.44337E-1 3.46025E-1 6.00144E-1 4.24023E-1 4.58705E-1 4.75382E-1 4.58165E-1 3.48768E-1 2.3019E-1 2.86977E-1 3.00009E-1 2.2158E-1 1.41478E-1 1.71823E-1 9.72719E-2 6.92432E-2 2.63642E-2 8.61753E-3 9.76442E-3 1.8824E-2 5.90274E-2
-9999 -9999 1.55033E-3 3.27238E-1 5.91258E-1 5.31853E-1 3.81354E-1 4.55744E-1 2.87196E-1 1.55263E-1 2.56058E-1 2.53E-1 3.16895E-1 3.65003E-1 5.28242E-1 6.52505E-1 6.50722E-1 5.25238E-1 3.90309E-1 4.16289E-1 2.14458E-1 2.72401E-1 3.14265E-1 2.89743E-1 8.83351E-2 8.3612E-2 3.78862E-2 3.83862E-2 1.60842E-1 4.91327E-1 7.1114E-1 6.68799E-1 5.71681E-1 3.70004E-1 5.813E-1 5.45477E-1 5.51685E-1 6.04728E-1 3.96377E-1 4.24455E-1 3.78268E-1 4.87733E-1 3.38121E-1 4.25609E-1 2.14486E-1 2.64094E-1 4.07624E-1 4.93084E-1 3.54458E-1 3.59546E-1 2.45543E-1 1.32553E-1 4.26031E-2 2.09919E-2 4.46195E-2 1.02501E-1 6.99171E-2 1.38671E-1
-9999 2.09349E-4 1.32088E-2 2.95633E-1 6.58082E-1 5.38072E-1 3.82349E-1 2.10084E-1 1.41314E-1 1.39599E-1 2.05332E-1 3.28626E-1 4.7983E-1 6.92399E-1 6.82623E-1 5.86089E-1 4.72812E-1 3.77068E-1 3.75473E-1 3.54848E-1 1.43843E-1 1.52944E-1 1.98246E-1 7.97024E-2 5.2553E-2 9.54239E-2 5.38577E-2 1.22188E-1 3.20127E-1 4.09973E-1 5.48225E-1 3.18989E-1 2.73117E-1 4.15087E-1 6.62305E-1 5.34948E-1 2.16135E-1 5.30147E-1 3.72481E-1 2.71811E-1 4.6638E-1 5.51547E-1 3.85062E-1 3.33628E-1 2.06137E-1 2.33111E-1 4.84495E-1 5.79462E-1 5.58431E-1 5.23678E-1 3.62054E-1 1.90668E-1 1.17923E-1 2.04013E-2 2.97202E-2 2.07021E-1 2.75606E-1 2.63788E-1
-9999 1.26616E-2 5.27192E-2 3.31157E-1 4.88158E-1 3.49566E-1 2.97051E-1 1.55014E-1 8.59789E-2 1.4257E-1 2.8339E-1 5.01021E-1 5.1836E-1 6.68587E-1 5.47781E-1 4.87691E-1 4.52107E-1 3.45365E-1 3.19851E-1 2.75411E-1 1.76759E-1 5.22411E-2 2.6199E-2 4.15682E-2 1.2418E-1 8.24843E-2 8.6263E-2 3.11915E-1 4.12228E-1 4.29182E-1 2.86644E-1 1.35601E-1 2.47583E-1 4.74638E-1 4.32214E-1 4.20827E-1 3.64294E-1 3.82619E-1 3.92385E-1 4.28605E-1 5.59408E-1 4.36356E-1 4.10238E-1 4.23169E-1 3.02481E-1 3.58482E-1 5.04949E-1 5.66574E-1 5.3365E-1 3.70433E-1 3.39584E-1 2.77004E-1 1.79594E-1 2.94765E-2 1.89993E-2 1.57707E-1 3.37632E-1 3.25788E-1
5.68786E-3 4.87868E-2 5.66967E-2 1.49856E-1 5.64033E-1 4.97846E-1 4.52667E-1 2.76817E-1 2.0984E-1 3.67168E-1 5.02033E-1 4.80665E-1 4.26291E-1 6.45157E-1 4.04527E-1 2.5936E-1 2.68089E-1 8.78515E-2 6.88795E-2 5.92807E-2 3.59561E-2 3.5094E-2 6.57478E-2 7.18209E-2 5.38734E-2 9.6011E-2 3.28093E-1 2.99601E-1 2.05889E-1 3.13937E-1 1.48913E-1 1.37415E-1 3.74873E-1 4.8601E-1 3.80282E-1 4.34839E-1 6.05631E-1 4.9333E-1 4.12019E-1 5.81963E-1 6.20536E-1 2.29166E-1 5.54236E-1 5.71591E-1 4.58331E-1 4.86342E-1 3.86882E-1 2.64031E-1 1.68024E-1 5.28308E-1 4.11122E-1 2.45717E-1 1.12978E-1 6.01221E-2 4.13539E-2 1.95846E-1 4.13383E-1 3.19913E-1
3.17061E-2 8.39257E-2 1.15384E-1 2.88415E-1 5.41365E-1 4.86019E-1 5.01647E-1 3.34406E-1 3.41634E-1 5.26543E-1 5.14439E-1 5.68931E-1 4.43447E-1 6.68202E-1 5.0704E-1 1.27769E-1 6.4791E-2 1.51833E-1 2.34168E-1 2.63793E-1 2.71647E-1 1.53462E-1 1.45777E-1 5.93105E-2 3.80855E-2 3.15778E-1 4.07877E-1 2.35605E-1 9.60325E-2 1.56757E-1 2.9674E-1 3.03192E-1 3.49813E-1 4.12183E-1 3.74564E-1 3.31149E-1 2.32443E-1 3.31828E-1 5.11385E-1 7.77328E-1 7.5392E-1 4.35413E-1 6.45407E-1 6.15827E-1 6.65808E-1 4.29145E-1 1.56956E-1 1.29736E-1 2.48509E-1 5.66873E-1 3.26984E-1 2.01734E-1 8.23766E-2 7.53502E-2 1.82208E-1 2.58196E-1 4.33645E-1 2.30716E-1
-9999 1.43615E-1 2.66241E-1 6.33919E-1 4.96071E-1 3.04645E-1 5.98728E-1 5.20133E-1 4.02906E-1 5.57676E-1 5.81203E-1 3.34083E-1 1.26106E-1 6.32618E-1 7.29465E-1 5.55118E-1 2.60093E-1 2.30776E-1 4.08067E-1 4.88196E-1 4.65604E-1 2.5957E-1 3.46935E-1 7.46705E-2 1.61514E-1 3.5894E-1 2.32641E-1 3.66539E-1 4.56628E-1 3.49892E-1 3.52972E-1 6.42056E-1 5.7501E-1 4.22887E-1 4.23032E-1 4.26659E-1 2.49225E-1 3.04633E-1 5.07401E-1 8.06158E-1 6.99598E-1 4.41758E-1 5.73039E-1 7.4899E-1 7.34928E-1 5.72224E-1 1.90188E-1 1.00723E-1 6.07135E-1 4.6752E-1 2.39044E-1 1.58338E-1 4.83704E-2 1.56214E-1 3.75173E-1 4.53973E-1 4.56865E-1 2.44314E-1
-9999 3.27805E-1 6.01435E-1 6.59517E-1 6.59627E-1 3.58671E-1 4.83894E-1 4.39392E-1 4.31746E-1 5.54997E-1 5.83516E-1 4.50398E-1 3.88257E-1 5.90679E-1 6.92224E-1 4.99105E-1 2.94093E-1 2.64157E-1 2.14865E-1 2.42479E-1 2.955E-1 3.38868E-1 1.70315E-1 7.54431E-2 3.05392E-1 4.01192E-1 4.68332E-1 6.58472E-1 6.54396E-1 3.1297E-1 2.6667E-1 5.92012E-1 6.54761E-1 2.93645E-1 5.02873E-1 5.48265E-1 3.78431E-1 3.53844E-1 5.82412E-1 6.35268E-1 4.29002E-1 2.51515E-1 3.64424E-1 6.29421E-1 7.25001E-1 6.31093E-1 1.97772E-1 1.59973E-1 5.56349E-1 6.00176E-1 4.0434E-1 1.82755E-1 6.67153E-2 2.41552E-1 4.62143E-1 5.18631E-1 4.80927E-1 3.00565E-1
-9999 -9999 -9999 3.29287E-1 3.1516E-1 3.37555E-1 6.38595E-1 4.99588E-1 3.06154E-1 4.35343E-1 4.9056E-1 3.0847E-1 1.81378E-1 2.0498E-1 4.91018E-1 4.19501E-1 4.21059E-1 2.45502E-1 1.39096E-1 2.56095E-1 6.79105E-2 1.11842E-1 9.68218E-2 1.85335E-1 1.20668E-1 1.56437E-1 5.69707E-1 5.7288E-1 4.31671E-1 3.91656E-1 3.5553E-1 1.54188E-1 3.28238E-1 4.23403E-1 5.41831E-1 4.97106E-1 3.86676E-1 3.5759E-1 5.24902E-1 3.6061E-1 1.08861E-1 2.08007E-1 3.06301E-1 5.01311E-1 6.8344E-1 2.93739E-1 8.01517E-2 4.01264E-1 5.62508E-1 5.15778E-1 4.59369E-1 2.33239E-1 2.21598E-1 4.56884E-1 5.20466E-1 4.96448E-1 4.37771E-1 3.43384E-1
-9999 -9999 -9999 -9999 2.79478E-1 1.95704E-1 6.94999E-1 6.21934E-1 4.43508E-1 4.38546E-1 4.45862E-1 2.83254E-1 1.15663E-1 9.80796E-2 2.27767E-1 4.20856E-1 4.3172E-1 2.65402E-1 2.19261E-1 3.46065E-1 7.84525E-2 2.87705E-2 3.03659E-2 2.17565E-1 3.32447E-1 4.86459E-1 3.33427E-1 3.89291E-1 3.73489E-1 2.20548E-1 2.66984E-1 2.09965E-1 4.14636E-1 4.13437E-1 3.84713E-1 3.52153E-1 1.38614E-1 8.54345E-2 4.19008E-2 2.80452E-2 2.30268E-2 1.5303E-1 1.82689E-1 2.98371E-1 3.22387E-1 1.28612E-1 2.40028E-1 3.91963E-1 5.17949E-1 5.31039E-1 4.73879E-1 3.90587E-1 3.64937E-1 4.27644E-1 4.12447E-1 3.83931E-1 3.26029E-1 4.47571E-1
-9999 -9999 -9999 -9999 -9999 -9999 -9999 5.85462E-1 7.10029E-1 7.6247E-1 6.44186E-1 5.20061E-1 3.64386E-1 1.06516E-1 1.7389E-1 4.20837E-1 4.77604E-1 3.25226E-1 1.52208E-1 4.2774E-1 2.48409E-1 2.63918E-2 4.61829E-2 2.4551E-1 4.20033E-1 3.45733E-1 3.15679E-1 3.63293E-1 2.40015E-1 1.01597E-1 9.14852E-2 3.44119E-1 2.7141E-1 1.92758E-1 1.62919E-1 1.86077E-1 1.52948E-1 7.34265E-2 3.59189E-2 1.645E-2 3.04216E-2 6.52955E-2 6.38772E-2 2.59981E-1 2.27037E-1 1.50528E-1 4.91789E-1 4.63349E-1 5.053E-1 5.05488E-1 5.01647E-1 5.16957E-1 3.79867E-1 3.58596E-1 4.58584E-1 3.42747E-1 3.51207E-1 4.13434E-1
-9999 -9999 -9999 -9999 -9999 -9999 -9999 5.42473E-1 8.20605E-1 8.2842E-1 5.54443E-1 4.49687E-1 2.15921E-1 3.07524E-2 7.6341E-2 2.45907E-1 5.99434E-1 4.20626E-1 2.54227E-1 5.12126E-1 2.86509E-1 2.74605E-2 1.69633E-2 1.60614E-1 2.06668E-1 3.42291E-1 2.84879E-1 1.49723E-1 7.99786E-2 6.47324E-2 9.07447E-2 6.8315E-2 4.13666E-2 3.19275E-2 8.55092E-2 6.79137E-2 8.8611E-2 7.45173E-2 3.70033E-2 6.82986E-2 4.28841E-2 5.10437E-2 2.05661E-1 5.48843E-1 2.32941E-1 4.76846E-1 5.0132E-1 4.86444E-1 2.72217E-1 2.64042E-1 4.20065E-1 4.80036E-1 4.81681E-1 1.90292E-1 1.35596E-1 9.31703E-2 3.73563E-1 4.18542E-1
-9999 -9999 -9999 -9999 -9999 -9999 -9999 4.86483E-1 7.58094E-1 5.60344E-1 3.01856E-1 2.57024E-1 4.72669E-2 3.73806E-2 5.77673E-2 2.53588E-1 3.78848E-1 4.42958E-1 4.71544E-1 4.14249E-1 2.25895E-1 3.26027E-2 6.87875E-3 8.90065E-3 1.20675E-1 2.30596E-1 2.39936E-1 1.27E-1 2.40314E-1 1.60196E-1 8.25747E-2 1.03196E-1 7.55965E-2 5.25392E-2 5.11404E-2 2.47376E-1 8.00709E-2 5.61048E-2 6.73467E-2 4.3891E-2 6.82918E-2 1.46599E-1 3.57382E-1 4.01985E-1 3.54932E-1 5.22603E-1 4.02872E-1 4.42373E-1 1.4585E-1 6.74386E-2 2.19625E-1 3.34562E-1 4.14378E-1 2.70857E-1 6.24501E-2 3.30386E-2 3.17907E-2 1.5517E-1
-9999 -9999 -9999 -9999 -9999 -9999 -9999 4.92066E-1 5.75949E-1 3.60322E-1 2.34459E-1 1.2582E-1 3.00703E-2 3.93562E-2 4.05572E-2 3.5575E-1 5.22088E-1 6.13262E-1 5.91173E-1 4.76078E-1 1.22218E-1 2.0928E-2 7.21983E-3 5.67572E-3 5.26343E-2 1.83557E-1 1.51374E-1 8.43001E-2 1.20029E-1 1.91601E-1 9.04946E-2 7.18177E-2 4.50886E-2 1.88673E-1 1.45288E-1 1.47889E-1 6.76413E-2 8.41752E-2 1.51104E-1 1.66513E-1 9.278E-2 9.47365E-2 1.30799E-1 2.55832E-1 2.92476E-1 3.75334E-1 5.00043E-1 1.94166E-1 8.31138E-2 1.12027E-1 1.20406E-1 7.77948E-2 2.31513E-1 1.92593E-1 6.21876E-2 1.04359E-1 5.13253E-2 1.93583E-1
-9999 -9999 -9999 -9999 -9999 -9999 -9999 -9999 2.8798E-1 2.1932E-1 1.45877E-1 6.97893E-2 1.23632E-1 1.0357E-1 1.36649E-1 6.15314E-1 5.91696E-1 6.26161E-1 5.37579E-1 3.95748E-1 1.23019E-1 5.55047E-3 3.47963E-3 2.82005E-2 8.09703E-2 1.66411E-1 1.37239E-1 1.17625E-1 8.25299E-2 1.27637E-1 1.02794E-1 5.44065E-2 2.19972E-2 3.97104E-1 4.29003E-1 1.45496E-1 1.20429E-1 2.39217E-1 2.5943E-1 2.05098E-1 8.91409E-2 2.36857E-1 3.06928E-1 5.69882E-1 3.56255E-1 2.79255E-1 2.80766E-1 6.86347E-2 1.91432E-1 1.54079E-1 7.86363E-2 5.648E-2 6.17734E-2 1.39903E-1 2.17433E-1 2.83756E-1 2.37848E-1 1.8149E-1
-9999 -9999 -9999 -9999 -9999 -9999 -9999 -9999 -9999 -9999 -9999 -9999 2.14157E-1 4.64039E-2 9.33364E-2 4.15193E-1 5.14241E-1 4.8548E-1 3.64567E-1 2.75872E-1 8.4686E-2 3.37255E-3 2.44523E-2 9.83136E-2 1.47319E-1 7.0075E-2 3.55142E-2 3.86028E-2 8.32923E-2 1.83753E-1 1.14622E-1 8.19255E-2 9.89599E-2 6.42506E-1 5.49145E-1 1.74959E-1 1.16558E-1 1.27612E-1 2.52239E-1 1.9784E-1 8.62113E-2 1.27839E-1 1.87793E-1 2.81981E-1 1.75888E-1 1.54188E-1 8.33505E-2 4.77501E-2 8.77529E-2 5.82365E-2 3.11923E-2 8.99573E-2 5.10526E-2 1.25082E-1 5.22736E-1 4.53165E-1 3.55009E-1 1.4437E-1
-9999 -9999 -9999 -9999 -9999 -9999 -9999 -9999 -9999 -9999 -9999 -9999 -9999 4.12776E-2 7.67195E-2 5.71018E-1 6.27771E-1 7.07077E-1 5.69669E-1 3.92259E-1 1.39125E-1 2.57118E-3 8.40688E-3 7.69319E-2 1.30488E-1 2.76263E-2 6.65947E-3 1.57189E-2 1.0693E-1 1.47029E-1 4.59782E-2 1.48311E-1 4.7547E-1 3.80703E-1 2.89811E-1 1.58087E-1 1.15634E-1 1.83445E-1 5.57746E-1 2.63861E-1 6.72508E-2 3.7156E-2 7.58485E-2 8.48203E-2 1.78483E-1 2.54991E-1 1.58088E-1 3.73741E-2 2.63486E-2 3.29858E-2 5.54562E-2 8.85907E-2 7.13391E-2 4.48692E-1 5.16468E-1 3.69036E-1 3.70668E-1 2.72674E-1
-9999 -9999 -9999 -9999 -9999 -9999 -9999 -9999 -9999 -9999 -9999 -9999 6.84406E-2 1.01379E-1 1.30913E-1 6.50009E-1 7.28065E-1 6.74082E-1 5.45426E-1 5.35482E-1 1.96069E-1 3.94727E-2 7.66687E-3 8.23591E-3 5.33002E-3 1.2107E-2 7.94903E-2 5.41859E-2 5.94775E-2 3.00781E-2 9.32084E-2 1.95566E-1 2.03446E-1 2.26674E-1 1.40679E-1 7.37967E-2 1.74638E-1 4.94773E-1 5.36728E-1 1.97639E-1 9.61324E-2 3.75476E-2 6.79882E-2 4.42704E-1 4.38744E-1 7.415E-2 8.26225E-2 2.41019E-2 2.20365E-2 4.49851E-2 4.15142E-2 1.09459E-1 1.86687E-1 4.50473E-1 4.37149E-1 4.20665E-1 3.10534E-1 1.31065E-1
-9999 -9999 -9999 -9999 -9999 -9999 -9999 -9999 -9999 -9999 -9999 -9999 -9999 9.44657E-2 1.11432E-1 -9999 4.73933E-1 4.89918E-1 3.88076E-1 3.21359E-1 1.41156E-1 7.37865E-2 6.50532E-2 1.46832E-1 2.12805E-1 1.67155E-1 7.72114E-2 2.72955E-2 1.30331E-2 5.56041E-2 1.41606E-1 1.20407E-1 9.76872E-2 1.88777E-1 1.62218E-1 1.44826E-1 2.56522E-1 6.37611E-1 2.5753E-1 1.61318E-1 8.58276E-2 7.16784E-2 1.44513E-1 5.53982E-1 4.90178E-1 3.19908E-1 3.23205E-2 7.04924E-2 4.77702E-2 6.02232E-2 1.1431E-1 1.93434E-1 3.06608E-1 4.4266E-1 4.04543E-1 4.65368E-1 3.94471E-1 2.18956E-1
-9999 -9999 -9999 -9999 -9999 -9999 -9999 -9999 -9999 -9999 -9999 -9999 -9999 -9999 -9999 -9999 2.01089E-1 2.05415E-1 7.03682E-2 9.69121E-2 7.59913E-2 2.83769E-2 1.53925E-1 3.44477E-1 3.62033E-1 1.75318E-1 3.16592E-2 4.01814E-2 1.11677E-1 4.67596E-1 3.79505E-1 2.11239E-1 3.05533E-1 3.22785E-1 3.31882E-1 3.25789E-1 2.9139E-1 3.43961E-1 2.1585E-1 1.75312E-1 3.7431E-2 9.93079E-2 3.82973E-1 4.2309E-1 6.66778E-1 5.08243E-1 3.37868E-1 1.82954E-1 1.40384E-1 1.23889E-1 1.49501E-1 2.85286E-1 3.81117E-1 4.53986E-1 4.85011E-1 5.40203E-1 5.77704E-1 3.75768E-1
-9999 -9999 -9999 -9999 -9999 -9999 -9999 -9999 -9999 -9999 -9999 -9999 -9999 -9999 -9999 -9999 -9999 3.47981E-1 2.8153E-1 2.63785E-1 1.30043E-1 3.43166E-2 1.20889E-2 1.87927E-1 2.66961E-1 1.22895E-1 1.24399E-1 3.39972E-1 4.11058E-1 4.16202E-1 4.01383E-1 4.03908E-1 4.05247E-1 3.30102E-1 3.06301E-1 4.20343E-1 3.85227E-1 4.53321E-1 2.33441E-1 1.00297E-1 3.31235E-2 6.55816E-2 6.15324E-1 6.53257E-1 7.37885E-1 6.45951E-1 4.01205E-1 2.24444E-1 1.47698E-1 9.50334E-2 1.13355E-1 1.66998E-1 3.46058E-1 4.37287E-1 2.64842E-1 5.26984E-1 5.39584E-1 5.29159E-1
