Phytophthora/models/20240503_1134_59/Phytophthora_PA1_RUN2_MAXENT_outputs/Phytophthora_PA1_RUN2.asc
ncols         113
nrows         135
xllcorner     473009.9838
yllcorner     4429001.1748
cellsize      100.0
NODATA_value  -9999
[rows 104 to 129 of 135, columns 0 to 57 of 113]
-9999 -9999 -9999 -9999 -9999 -9999 -9999 -9999 -9999 -9999 -9999 -9999 -9999 -9999 -9999 -9999 -9999 6.37898E-1 6.26875E-1 3.3262E-1 1.81021E-1 1.86519E-1 3.6412E-1 9.12449E-2 1.24889E-1 2.16575E-1 3.58996E-1 5.58797E-1 4.41951E-1 1.99482E-1 2.28317E-1 6.78334E-1 5.78224E-1 3.63408E-1 1.86961E-1 1.38884E-1 1.86381E-1 2.27079E-1 1.32747E-1 3.29785E-2 3.53584E-2 5.42604E-2 5.20153E-1 6.72789E-1 6.87229E-1 3.22357E-1 9.6154E-2 8.74155E-2 5.76287E-2 4.27897E-2 4.092E-2 3.42151E-2 1.43402E-1 4.84305E-1 5.6401E-1 6.30953E-1 4.48813E-1 3.98431E-1
-9999 -9999 -9999 -9999 -9999 -9999 -9999 -9999 -9999 -9999 -9999 -9999 -9999 -9999 -9999 -9999 -9999 -9999 5.87383E-1 4.39867E-1 4.91907E-1 4.11376E-1 6.13721E-1 4.53141E-1 4.33316E-1 4.25084E-1 4.87072E-1 5.25869E-1 2.82958E-1 2.73739E-1 1.94498E-1 6.42275E-1 4.76202E-1 2.65524E-1 4.01185E-2 9.30664E-3 3.60944E-2 6.50923E-2 4.65479E-2 3.78642E-2 5.5243E-2 6.62218E-2 2.85688E-1 4.68695E-1 3.39941E-1 1.98893E-1 3.01685E-1 3.05034E-1 1.77253E-1 1.55676E-1 2.7374E-1 2.75671E-1 1.36686E-1 4.27529E-1 5.37965E-1 2.9034E-1 1.14643E-1 2.41782E-1
-9999 -9999 -9999 -9999 -9999 -9999 -9999 -9999 -9999 -9999 -9999 -9999 -9999 -9999 -9999 -9999 -9999 -9999 5.51325E-1 4.63666E-1 5.55475E-1 5.58506E-1 7.48954E-1 6.60681E-1 5.07607E-1 5.15854E-1 6.05963E-1 3.68095E-1 2.26063E-1 2.5412E-1 3.83392E-1 6.14965E-1 3.51225E-1 7.38795E-2 2.83073E-2 1.49545E-2 6.45857E-3 3.13661E-2 3.3287E-2 1.04907E-1 7.77755E-2 1.55312E-1 4.22512E-1 4.93277E-1 3.18784E-1 2.88666E-1 3.58536E-1 5.45039E-1 3.94394E-1 3.86136E-1 4.47627E-1 1.97051E-1 1.60357E-2 2.81748E-1 5.63072E-1 4.3612E-1 2.14253E-1 3.26731E-1
-9999 -9999 -9999 -9999 -9999 -9999 -9999 -9999 -9999 -9999 -9999 -9999 -9999 -9999 -9999 -9999 -9999 -9999 -9999 3.37224E-1 4.14091E-1 6.30373E-1 8.00202E-1 7.77437E-1 7.6485E-1 5.4172E-1 5.20367E-1 2.49166E-1 3.30516E-1 2.11767E-1 1.85721E-1 2.1558E-1 1.90484E-1 6.13898E-2 5.78681E-2 2.06541E-2 1.98234E-2 3.38257E-2 9.06141E-2 2.27924E-1 3.32766E-1 5.44203E-1 7.34547E-1 6.71949E-1 5.29593E-1 3.18143E-1 2.56678E-1 4.24883E-1 2.30915E-1 3.75214E-1 4.88234E-1 1.49493E-1 7.00306E-2 3.67066E-1 6.59105E-1 5.89762E-1 4.97698E-1 2.96884E-1
-9999 -9999 -9999 -9999 -9999 -9999 -9999 -9999 -9999 -9999 -9999 -9999 -9999 -9999 -9999 -9999 -9999 -9999 -9999 -9999 5.84663E-1 5.68695E-1 6.81513E-1 7.61819E-1 5.76554E-1 4.52058E-1 4.55753E-1 2.87373E-1 2.30087E-1 9.63014E-2 5.76111E-2 2.66975E-2 6.09286E-2 8.20687E-2 1.18613E-1 9.1221E-2 6.22595E-2 1.08673E-1 1.594E-1 3.03074E-1 4.64741E-1 6.76731E-1 7.78969E-1 7.1657E-1 6.82347E-1 3.35379E-1 1.85426E-1 1.18684E-1 1.65519E-1 3.50899E-1 4.67411E-1 2.40368E-1 3.3534E-1 6.09006E-1 7.3095E-1 6.9447E-1 5.42349E-1 2.25084E-1
-9999 -9999 -9999 -9999 -9999 -9999 -9999 -9999 -9999 -9999 -9999 -9999 -9999 -9999 -9999 -9999 -9999 -9999 -9999 -9999 -9999 4.08204E-1 5.01324E-1 5.0071E-1 4.01187E-1 4.24073E-1 4.4665E-1 2.86309E-1 9.27782E-2 1.88938E-2 2.08104E-2 2.49714E-2 2.03388E-2 5.54801E-2 1.8582E-1 2.34493E-1 4.25845E-2 1.15225E-1 3.2842E-1 4.29377E-1 4.97602E-1 6.31415E-1 7.27642E-1 7.54582E-1 7.50975E-1 6.81667E-1 5.44556E-1 1.53417E-1 1.12796E-1 3.59803E-1 5.11416E-1 3.27285E-1 4.17961E-1 5.60548E-1 7.03197E-1 6.79325E-1 6.47854E-1 4.31876E-1
-9999 -9999 -9999 -9999 -9999 -9999 -9999 -9999 -9999 -9999 -9999 -9999 -9999 -9999 -9999 -9999 -9999 -9999 -9999 -9999 -9999 5.53993E-1 7.47622E-1 7.77785E-1 5.37069E-1 5.60275E-1 2.26303E-1 2.85114E-1 7.01721E-2 2.74338E-2 2.49809E-2 2.20186E-2 2.56634E-2 4.2443E-2 2.24615E-1 3.80944E-1 1.66295E-1 1.52205E-1 1.11913E-1 1.24133E-1 1.445E-1 5.42701E-1 5.33481E-1 4.69526E-1 6.96708E-1 6.50623E-1 4.34819E-1 2.10182E-1 2.4085E-1 4.04649E-1 4.68975E-1 5.40138E-1 5.72802E-1 4.62466E-1 7.45835E-1 7.09965E-1 7.25286E-1 6.87204E-1
-9999 -9999 -9999 -9999 -9999 -9999 -9999 -9999 -9999 -9999 -9999 -9999 -9999 -9999 -9999 -9999 -9999 -9999 -9999 -9999 -9999 2.13725E-1 4.74622E-1 4.77167E-1 5.2059E-1 5.06203E-1 3.10634E-1 2.99297E-1 2.34775E-1 4.98545E-2 1.47456E-2 3.91692E-3 6.16333E-3 1.15574E-1 2.06871E-1 5.04921E-1 2.8747E-1 1.71047E-1 4.11003E-1 4.93076E-1 5.42411E-1 2.20596E-1 8.62032E-2 1.17905E-1 1.54018E-1 2.67232E-1 1.18313E-1 8.45948E-2 5.58942E-2 1.01206E-1 4.23391E-1 4.40758E-1 7.90971E-2 7.69206E-2 4.48324E-1 6.45647E-1 7.72955E-1 6.44822E-1
-9999 -9999 -9999 -9999 -9999 -9999 -9999 -9999 -9999 -9999 -9999 -9999 -9999 -9999 -9999 -9999 -9999 -9999 -9999 -9999 2.55388E-1 3.74386E-1 2.91784E-1 4.44743E-1 6.5733E-1 3.92051E-1 4.63015E-1 2.72016E-1 1.33852E-1 4.04704E-2 1.26952E-2 1.30997E-3 3.38214E-3 7.35646E-2 9.5425E-2 2.53529E-1 3.2339E-1 2.17836E-1 5.73628E-1 6.81977E-1 6.37461E-1 5.01402E-1 1.69282E-1 1.93222E-1 2.17596E-1 4.11142E-1 2.22423E-1 3.91463E-2 2.58189E-2 3.55213E-2 1.2174E-1 1.18341E-1 2.70277E-2 5.09421E-2 3.04152E-1 7.84492E-1 7.5656E-1 6.70731E-1
-9999 -9999 -9999 -9999 -9999 -9999 -9999 -9999 -9999 -9999 -9999 -9999 -9999 -9999 -9999 -9999 -9999 -9999 -9999 -9999 3.29545E-1 3.71811E-1 3.15688E-1 3.49531E-1 3.60756E-1 3.61867E-1 2.12757E-1 1.65893E-1 9.09954E-2 1.89984E-2 1.81751E-2 1.00489E-2 1.27221E-2 1.73895E-1 4.95288E-1 6.9329E-1 7.29499E-1 3.49457E-1 5.46885E-1 6.93291E-1 6.02938E-1 5.07554E-1 3.88442E-1 2.60613E-1 2.79573E-1 2.92811E-1 2.00607E-1 3.73E-2 2.57947E-2 3.83343E-2 3.42932E-2 6.54913E-2 2.48227E-2 2.70488E-1 6.1633E-1 7.73261E-1 8.09358E-1 5.84765E-1
-9999 -9999 -9999 -9999 -9999 -9999 -9999 -9999 -9999 -9999 -9999 -9999 -9999 -9999 -9999 -9999 -9999 -9999 -9999 -9999 2.71061E-1 1.72746E-1 1.46743E-1 1.28748E-1 1.64552E-1 1.97708E-1 2.29514E-1 5.49442E-2 1.35254E-2 1.62076E-2 5.00926E-2 1.20096E-1 1.20019E-1 2.12583E-1 4.80414E-1 7.22957E-1 7.64356E-1 6.98601E-1 5.64328E-1 6.61014E-1 5.85646E-1 4.9388E-1 4.70967E-1 3.83454E-1 3.86864E-1 3.10933E-1 1.89699E-1 6.87375E-2 9.06288E-2 8.30326E-2 5.0249E-2 1.49805E-1 6.36868E-2 2.89023E-1 7.34776E-1 8.14398E-1 7.85259E-1 6.61852E-1
-9999 -9999 -9999 -9999 -9999 -9999 -9999 -9999 -9999 -9999 -9999 -9999 -9999 -9999 -9999 -9999 -9999 -9999 -9999 -9999 3.51175E-2 3.52036E-2 5.23089E-2 1.18793E-1 2.27484E-1 1.87259E-1 4.36425E-2 4.3877E-3 1.19008E-2 4.96501E-2 1.12539E-1 3.33552E-1 6.28984E-1 6.51986E-1 6.35195E-1 7.86678E-1 7.74751E-1 7.17557E-1 7.6633E-1 7.51459E-1 5.96144E-1 6.42921E-1 6.94414E-1 5.1065E-1 4.89299E-1 5.25936E-1 4.0245E-1 1.88367E-1 2.90757E-1 3.04446E-1 3.36958E-1 3.60935E-1 3.51813E-1 1.35729E-1 2.4152E-1 8.37781E-1 7.9227E-1 5.9126E-1
-9999 -9999 -9999 -9999 -9999 -9999 -9999 -9999 -9999 -9999 -9999 -9999 -9999 -9999 -9999 -9999 -9999 -9999 -9999 -9999 4.21651E-3 1.60734E-2 9.40975E-2 1.47638E-1 1.19076E-1 1.28594E-1 1.91621E-2 1.23006E-2 1.15958E-1 1.64168E-1 1.40102E-1 4.55316E-1 6.52785E-1 7.21547E-1 7.13641E-1 6.79081E-1 7.59694E-1 8.32472E-1 7.94015E-1 7.90242E-1 2.80688E-1 2.65678E-1 3.49238E-1 6.49503E-1 5.34075E-1 6.58425E-1 3.04173E-1 4.41055E-1 5.12927E-1 5.25808E-1 3.13563E-1 5.16647E-1 6.97016E-1 2.19385E-1 3.1369E-1 8.37909E-1 8.76939E-1 7.0968E-1
-9999 -9999 -9999 -9999 -9999 -9999 -9999 -9999 -9999 -9999 -9999 -9999 -9999 -9999 -9999 -9999 -9999 -9999 -9999 -9999 -9999 2.04711E-2 1.49419E-1 2.55068E-1 1.82813E-1 1.41044E-1 9.36961E-2 2.38552E-2 1.58374E-1 2.05656E-1 1.09537E-1 3.80879E-1 6.19511E-1 6.50325E-1 5.20072E-1 5.15595E-1 7.75423E-1 7.20573E-1 7.83186E-1 6.92104E-1 3.67784E-1 5.55049E-1 5.62229E-1 3.53336E-1 6.37809E-1 7.42146E-1 5.35229E-1 5.77416E-1 6.3819E-1 5.41755E-1 3.90627E-1 4.39683E-1 7.46932E-1 5.83284E-1 5.35022E-1 5.61366E-1 5.89451E-1 4.5493E-1
-9999 -9999 -9999 -9999 -9999 -9999 -9999 -9999 -9999 -9999 -9999 -9999 -9999 -9999 -9999 -9999 -9999 -9999 -9999 -9999 -9999 2.91722E-3 2.12735E-2 2.75852E-1 2.07459E-1 1.76456E-1 2.18858E-1 1.43418E-1 1.82486E-1 1.98675E-1 3.26035E-1 4.37747E-1 4.61703E-1 4.52412E-1 1.74567E-1 3.85416E-1 3.38075E-1 3.80661E-1 7.99421E-1 6.74215E-1 4.66075E-1 6.84003E-1 7.26697E-1 3.80215E-1 3.5655E-1 3.19356E-1 5.21173E-1 6.79342E-1 5.90951E-1 3.53488E-1 3.46697E-1 4.92043E-1 5.83563E-1 7.40039E-1 5.01028E-1 5.66847E-1 7.9822E-1 6.5325E-1
-9999 -9999 -9999 -9999 -9999 -9999 -9999 -9999 -9999 -9999 -9999 -9999 -9999 -9999 -9999 -9999 -9999 -9999 -9999 -9999 -9999 -9999 6.23655E-2 2.09492E-1 2.51961E-1 2.24408E-1 3.00835E-1 2.60825E-1 2.4722E-1 3.33899E-1 4.09072E-1 1.47301E-1 5.50261E-2 8.34204E-2 1.77416E-1 2.84353E-1 6.89924E-1 4.82917E-1 7.7008E-1 7.85235E-1 4.69893E-1 3.99353E-1 4.88344E-1 5.54949E-1 5.04596E-1 3.63759E-1 3.8745E-1 5.66777E-1 4.93198E-1 2.22945E-1 2.17287E-1 2.71574E-1 4.28583E-1 6.0532E-1 5.91293E-1 8.33704E-1 8.25053E-1 6.97944E-1
-9999 -9999 -9999 -9999 -9999 -9999 -9999 -9999 -9999 -9999 -9999 -9999 -9999 -9999 -9999 -9999 -9999 -9999 -9999 -9999 -9999 -9999 2.52385E-2 7.03231E-2 1.82368E-1 2.03893E-1 2.20365E-1 2.14954E-1 2.92113E-1 3.73118E-1 2.29708E-1 1.87498E-1 9.2115E-2 2.5559E-1 4.71467E-1 2.55823E-1 5.37372E-1 4.68392E-1 6.11859E-1 4.74636E-1 6.80461E-1 6.49456E-1 5.03714E-1 6.21454E-1 7.1923E-1 6.61891E-1 3.37843E-1 3.64351E-1 3.35619E-1 2.05762E-1 3.84792E-1 2.52163E-1 4.38535E-1 3.22675E-1 8.19901E-1 7.2128E-1 7.07031E-1 6.38079E-1
-9999 -9999 -9999 -9999 -9999 -9999 -9999 -9999 -9999 -9999 -9999 -9999 -9999 -9999 -9999 -9999 -9999 -9999 -9999 -9999 -9999 -9999 -9999 2.45951E-2 7.16829E-2 2.25097E-1 2.04481E-1 3.15435E-1 3.76903E-1 4.15E-1 2.25044E-1 3.80307E-1 3.50191E-1 3.86293E-1 2.01775E-1 1.10913E-1 6.12364E-1 7.43049E-1 7.95012E-1 6.73023E-1 6.42613E-1 5.40222E-1 4.86425E-1 4.68402E-1 4.42274E-1 3.54512E-1 1.43591E-1 2.06227E-1 6.6521E-2 2.31123E-1 1.82688E-1 5.48528E-1 6.31725E-1 6.39585E-1 7.53695E-1 2.86112E-1 1.53908E-1 2.64852E-1
-9999 -9999 -9999 -9999 -9999 -9999 -9999 -9999 -9999 -9999 -9999 -9999 -9999 -9999 -9999 -9999 -9999 -9999 -9999 -9999 -9999 -9999 -9999 1.33466E-1 3.50884E-1 4.66541E-1 3.0648E-1 2.79992E-1 2.0482E-1 6.16917E-1 5.88846E-1 5.12583E-1 4.34355E-1 1.53885E-1 1.39687E-1 2.16889E-1 6.19462E-1 7.38223E-1 7.76983E-1 5.93722E-1 5.67522E-1 6.48409E-1 5.76771E-1 5.20039E-1 3.71455E-1 2.4953E-1 1.13909E-1 6.60403E-2 3.98296E-2 1.40213E-1 2.10029E-1 5.67924E-1 7.0963E-1 7.35068E-1 7.73922E-1 3.47956E-1 1.37507E-2 3.46329E-2
-9999 -9999 -9999 -9999 -9999 -9999 -9999 -9999 -9999 -9999 -9999 -9999 -9999 -9999 -9999 -9999 -9999 -9999 -9999 -9999 -9999 -9999 -9999 2.08291E-1 3.72569E-1 2.58425E-1 4.3116E-1 1.5679E-1 3.69508E-1 5.39968E-1 4.49243E-1 2.36165E-1 1.09895E-1 1.33817E-1 1.00666E-1 2.20209E-1 4.35377E-1 5.603E-1 6.53548E-1 6.74054E-1 4.84705E-1 7.33038E-1 7.37443E-1 6.86168E-1 5.71593E-1 4.54244E-1 1.78103E-1 2.77366E-1 1.64823E-1 1.71188E-1 1.37003E-1 2.76813E-1 1.60843E-1 4.82234E-1 5.71385E-1 5.60764E-1 1.78319E-1 7.12148E-2
-9999 -9999 -9999 -9999 -9999 -9999 -9999 -9999 -9999 -9999 -9999 -9999 -9999 -9999 -9999 -9999 -9999 -9999 -9999 -9999 -9999 -9999 -9999 -9999 -9999 2.8884E-1 3.47341E-1 3.14676E-1 4.8728E-1 3.39826E-1 1.50408E-1 8.16749E-2 8.86002E-2 6.67851E-2 1.27052E-1 1.52384E-1 2.29881E-1 2.62984E-1 3.16384E-1 5.1833E-1 5.26253E-1 7.50774E-1 7.62499E-1 5.36076E-1 4.34337E-1 4.55106E-1 3.80532E-1 3.68298E-1 2.61444E-1 1.87769E-1 2.70524E-1 1.50802E-1 1.25403E-1 4.2268E-1 5.13E-1 5.24219E-1 4.71178E-1 5.09002E-1
-9999 -9999 -9999 -9999 -9999 -9999 -9999 -9999 -9999 -9999 -9999 -9999 -9999 -9999 -9999 -9999 -9999 -9999 -9999 -9999 -9999 -9999 -9999 -9999 -9999 -9999 2.89691E-1 2.32554E-1 3.92625E-1 2.75398E-1 9.91795E-2 3.43679E-2 2.17969E-2 5.36982E-2 4.11251E-2 5.19636E-2 8.86313E-2 8.59737E-2 3.1109E-2 5.85331E-2 1.7977E-1 3.41603E-1 4.09247E-1 3.6161E-1 3.10126E-1 2.09474E-1 2.08928E-1 2.0031E-1 2.21004E-1 1.60656E-1 2.87576E-1 1.41824E-1 3.06491E-1 4.07148E-1 4.32503E-1 4.79643E-1 5.04827E-1 5.15826E-1
-9999 -9999 -9999 -9999 -9999 -9999 -9999 -9999 -9999 -9999 -9999 -9999 -9999 -9999 -9999 -9999 -9999 -9999 -9999 -9999 -9999 -9999 -9999 -9999 -9999 -9999 -9999 4.05331E-1 6.4898E-1 2.51174E-1 9.27099E-2 5.63656E-2 5.45456E-2 3.80533E-2 1.21584E-2 1.27794E-2 3.54668E-2 3.18136E-2 2.38933E-2 7.58698E-3 5.58707E-2 1.29733E-1 4.61522E-1 5.10884E-1 2.08443E-1 1.52997E-1 1.19001E-1 1.77356E-1 1.67085E-1 2.02812E-1 1.33464E-1 5.12578E-2 1.3083E-1 2.5917E-1 1.5267E-1 1.06687E-1 3.61485E-1 2.67036E-1
-9999 -9999 -9999 -9999 -9999 -9999 -9999 -9999 -9999 -9999 -9999 -9999 -9999 -9999 -9999 -9999 -9999 -9999 -9999 -9999 -9999 -9999 -9999 -9999 -9999 -9999 -9999 1.68172E-1 1.85971E-1 7.79829E-2 8.88825E-2 5.30404E-2 7.85707E-2 2.89646E-2 2.36129E-3 1.53228E-3 2.98703E-3 2.82991E-3 2.6407E-3 2.7408E-3 1.09397E-2 2.64423E-2 2.64322E-1 1.63462E-1 3.97027E-2 9.58137E-2 1.29693E-1 1.66583E-1 3.93169E-1 2.77117E-1 1.51883E-1 1.70215E-1 1.37983E-1 3.15992E-1 2.69353E-1 1.61609E-1 8.71814E-2 2.00484E-1
-9999 -9999 -9999 -9999 -9999 -9999 -9999 -9999 -9999 -9999 -9999 -9999 -9999 -9999 -9999 -9999 -9999 -9999 -9999 -9999 -9999 -9999 -9999 -9999 -9999 -9999 -9999 -9999 -9999 -9999 -9999 2.84389E-2 1.89617E-2 8.29202E-3 2.45598E-3 8.87857E-4 3.74294E-3 4.42501E-3 1.27037E-3 1.99716E-3 4.79674E-3 8.28715E-3 4.71581E-2 5.95831E-2 2.61928E-2 4.45227E-2 2.86842E-1 2.49697E-1 2.38464E-1 2.24114E-1 3.49206E-1 2.10757E-1 7.7429E-2 2.07402E-1 3.50986E-1 3.67596E-1 9.16507E-2 2.57646E-1
-9999 -9999 -9999 -9999 -9999 -9999 -9999 -9999 -9999 -9999 -9999 -9999 -9999 -9999 -9999 -9999 -9999 -9999 -9999 -9999 -9999 -9999 -9999 -9999 -9999 -9999 -9999 -9999 -9999 -9999 -9999 -9999 -9999 8.52404E-3 2.00109E-3 5.3621E-4 3.51894E-4 2.20897E-3 2.41717E-3 2.57128E-3 8.21128E-3 1.13648E-2 4.20235E-2 7.20947E-2 3.24714E-2 8.4122E-2 4.10283E-1 3.76689E-1 2.60817E-1 1.91397E-1 1.13349E-1 8.88311E-2 2.32239E-1 2.04153E-1 2.46023E-1 3.96831E-1 -9999 -9999
