Phytophthora/models/20240503_1134_59/Phytophthora_PA1_RUN2_MAXENT_outputs/Phytophthora_PA1_RUN2.asc
ncols         113
nrows         135
xllcorner     473009.9838
yllcorner     4429001.1748
cellsize      100.0
NODATA_value  -9999
[rows 26 to 51 of 135, columns 0 to 57 of 113]
-9999 -9999 -9999 -9999 -9999 -9999 -9999 -9999 -9999 -9999 2.8868E-3 3.28999E-3 1.21191E-2 1.00082E-2 1.17703E-2 1.01607E-2 3.2725E-2 4.12977E-2 5.94904E-2 3.9589E-2 2.8946E-2 1.12609E-2 1.14142E-2 7.4476E-3 1.02309E-2 1.47759E-2 1.41118E-2 1.64479E-2 9.16796E-3 2.04316E-3 2.7026E-4 4.70105E-4 2.76584E-3 3.17952E-2 2.57184E-2 1.64374E-2 2.08258E-2 1.49146E-2 6.9303E-3 3.38476E-3 5.64636E-3 1.07895E-2 1.76977E-2 -9999 -9999 -9999 -9999 -9999 -9999 -9999 -9999 -9999 -9999 -9999 -9999 -9999 -9999 -9999
-9999 -9999 -9999 -9999 -9999 -9999 -9999 -9999 -9999 -9999 2.83037E-4 1.38203E-3 2.67536E-3 2.68988E-3 3.11345E-3 3.96268E-3 1.72621E-2 3.22087E-2 7.08042E-2 4.57487E-2 1.5936E-2 1.38674E-2 2.25594E-2 2.57102E-2 2.49286E-2 1.9444E-2 2.70462E-2 3.46608E-2 1.81774E-2 2.77268E-3 9.33943E-4 1.5521E-3 9.53745E-3 1.83287E-2 1.03122E-2 4.64035E-3 1.82378E-2 2.11117E-2 1.12755E-2 5.71476E-3 6.42035E-3 1.33714E-2 1.7858E-2 1.49276E-2 2.05455E-2 2.9518E-2 3.60485E-2 -9999 -9999 -9999 -9999 -9999 -9999 -9999 -9999 -9999 -9999 -9999
-9999 -9999 -9999 -9999 -9999 -9999 -9999 -9999 1.74869E-13 1.50149E-7 1.70121E-4 9.77938E-4 4.35441E-4 3.71391E-4 8.04338E-4 2.01455E-3 6.59334E-3 2.0475E-2 3.05878E-2 3.96977E-2 1.78595E-2 2.69416E-2 3.99324E-2 4.25954E-2 4.14871E-2 4.00119E-2 4.89229E-2 4.77653E-2 2.71054E-2 4.1966E-3 1.62046E-3 1.61458E-3 3.7702E-3 6.13666E-3 1.93846E-3 1.25351E-3 2.00704E-3 1.63258E-2 2.26241E-2 1.35373E-2 1.08323E-2 2.52801E-3 5.2904E-3 8.50212E-3 1.10472E-2 1.97333E-2 3.86489E-2 -9999 -9999 -9999 -9999 -9999 -9999 -9999 -9999 -9999 -9999 -9999
-9999 -9999 -9999 -9999 -9999 -9999 1.0881E-9 1.96272E-9 2.52172E-9 1.47198E-5 2.71412E-3 2.04107E-3 2.84322E-3 1.74011E-3 1.37178E-3 2.49187E-3 9.57732E-3 1.00733E-2 1.53063E-2 2.69058E-2 3.00239E-2 4.46001E-2 9.36638E-2 1.05362E-1 1.67247E-1 7.16346E-2 5.32608E-2 2.2935E-2 1.22275E-2 5.98853E-3 5.01631E-3 2.33299E-3 3.89967E-3 4.75936E-3 1.07261E-3 5.05556E-4 7.85274E-4 1.94592E-3 1.03088E-2 1.61103E-2 1.18459E-2 2.63141E-3 3.92618E-3 1.27647E-2 9.88408E-3 1.4975E-2 3.76144E-2 -9999 -9999 -9999 -9999 -9999 -9999 -9999 -9999 -9999 -9999 -9999
-9999 -9999 -9999 -9999 -9999 -9999 1.97778E-6 1.24544E-5 9.26125E-5 1.05739E-3 4.73791E-3 3.91865E-3 4.89885E-3 1.06359E-2 1.07239E-2 1.1264E-2 1.63535E-2 1.076E-2 1.21264E-2 1.28454E-2 2.41975E-2 3.52553E-2 1.24068E-1 1.79828E-1 1.2187E-1 7.98552E-2 5.58996E-2 2.43369E-2 1.07893E-2 6.53679E-3 1.2261E-2 5.70842E-3 5.68075E-3 4.1302E-3 2.12312E-3 8.57234E-4 3.76709E-3 7.79346E-3 1.18689E-2 1.677E-2 1.3526E-2 5.40267E-3 7.87464E-3 1.76684E-2 9.39811E-3 2.81023E-2 7.72011E-2 5.06214E-2 -9999 -9999 -9999 -9999 -9999 -9999 -9999 -9999 -9999 -9999
-9999 -9999 -9999 -9999 -9999 -9999 1.8884E-6 5.92377E-5 7.7145E-4 1.59864E-3 4.90609E-4 8.05312E-4 1.01753E-2 2.63322E-2 4.20016E-2 3.5102E-2 2.3131E-2 1.11494E-2 6.57099E-3 8.98005E-3 2.36856E-2 4.26321E-2 7.52971E-2 1.81453E-1 1.27617E-1 2.44972E-2 1.63637E-2 4.10179E-2 3.71771E-2 1.69856E-2 1.38108E-2 1.36572E-2 8.8983E-3 2.72403E-3 3.36279E-3 3.81223E-3 7.32864E-3 2.04921E-2 3.58026E-2 1.99853E-2 1.79129E-2 1.01383E-2 3.68069E-3 1.16017E-2 1.08425E-2 2.57002E-2 7.28493E-2 9.06867E-2 1.10299E-1 -9999 -9999 -9999 -9999 -9999 -9999 -9999 -9999 -9999
-9999 -9999 -9999 -9999 -9999 3.33886E-6 2.17028E-5 9.14129E-5 1.93734E-3 1.15544E-3 5.11989E-4 9.08342E-4 8.44094E-3 3.17915E-2 4.09853E-2 2.44573E-2 2.51535E-2 1.08621E-2 5.35753E-3 6.10772E-3 1.34283E-2 5.37593E-2 1.36346E-1 2.12224E-1 5.57009E-2 1.12393E-2 3.22742E-3 6.45137E-3 1.02622E-2 8.10414E-3 7.41599E-3 1.18798E-2 7.09654E-3 3.02772E-3 5.34423E-3 7.2212E-3 1.05116E-2 2.62483E-2 4.96178E-2 7.15488E-3 7.23471E-3 4.68922E-3 2.56349E-3 9.90286E-3 3.02588E-2 1.56271E-2 4.09696E-2 7.972E-2 9.92072E-2 1.10185E-1 1.11431E-1 -9999 -9999 -9999 -9999 -9999 -9999 -9999
-9999 -9999 -9999 -9999 9.21754E-10 2.86916E-6 1.46632E-5 8.54105E-5 9.61035E-4 1.15976E-3 7.28121E-4 1.42364E-3 6.33558E-3 3.86921E-2 3.83086E-2 1.94073E-2 1.29154E-2 9.12241E-3 6.06845E-3 7.73646E-3 1.565E-2 5.01952E-2 1.02627E-1 1.21909E-1 7.10814E-2 1.88203E-2 3.97726E-3 2.10019E-3 7.32948E-4 1.50991E-3 4.54506E-3 9.53726E-3 8.80972E-3 5.55846E-3 9.7476E-3 1.17608E-2 1.20695E-2 2.54492E-2 1.53663E-2 6.0993E-3 4.31496E-3 4.38871E-3 4.34061E-3 1.39113E-2 4.95472E-2 2.23968E-2 1.13456E-2 5.22468E-2 7.39197E-2 8.77745E-2 9.74929E-2 1.24626E-1 1.09723E-1 -9999 -9999 -9999 -9999 -9999
-9999 -9999 -9999 -9999 1.91813E-9 2.83341E-6 8.72324E-6 8.89944E-5 6.49751E-4 1.12308E-3 9.16671E-4 2.14643E-3 1.04777E-2 4.3584E-2 1.70995E-2 1.20189E-2 8.8458E-3 6.60504E-3 8.64644E-3 7.75241E-3 1.46722E-2 2.34235E-2 5.03813E-2 8.72883E-2 7.42979E-2 2.54778E-2 4.56354E-3 4.87548E-3 6.04391E-4 1.03379E-3 6.94656E-3 1.19647E-2 6.94287E-3 6.05703E-3 1.32941E-2 1.44822E-2 1.34078E-2 3.08316E-2 1.47155E-2 1.15874E-2 1.43874E-2 1.82959E-2 1.16795E-2 1.65555E-2 4.60957E-2 3.16881E-2 3.30938E-2 1.7655E-2 2.55716E-2 5.34541E-2 1.58775E-2 5.39852E-2 1.43559E-1 -9999 -9999 -9999 -9999 -9999
-9999 -9999 -9999 -9999 -9999 -9999 -9999 -9999 1.33303E-3 7.35744E-4 6.34455E-3 1.0467E-2 1.16487E-2 1.5965E-2 1.16199E-2 8.81128E-3 9.71811E-3 8.251E-3 6.80088E-3 6.58695E-3 6.50698E-3 9.07068E-3 2.10585E-2 3.17762E-2 3.68073E-2 2.37806E-2 4.54711E-3 3.48399E-3 4.91797E-4 8.41926E-4 7.68133E-3 1.03462E-2 3.55879E-3 3.274E-3 5.26265E-3 5.85886E-3 1.02316E-2 1.07226E-2 7.33967E-3 8.46317E-3 1.33584E-2 1.19677E-2 4.96818E-3 9.43467E-3 2.14021E-2 5.6575E-2 2.90609E-2 5.53533E-2 8.58711E-3 2.5803E-2 2.28102E-2 5.11796E-2 1.20816E-1 1.99707E-1 -9999 -9999 -9999 -9999
-9999 -9999 -9999 -9999 -9999 -9999 -9999 -9999 -9999 -9999 5.62226E-3 8.79835E-3 7.36304E-3 5.03073E-3 7.88291E-3 8.46548E-3 9.67721E-3 1.33488E-2 1.11501E-2 5.19016E-3 8.32031E-3 9.85264E-3 1.11219E-2 1.96899E-2 3.27059E-2 3.91718E-2 1.07521E-2 5.36891E-3 9.00242E-4 1.16675E-3 8.09867E-3 1.33459E-2 2.61676E-3 2.88052E-3 9.61681E-3 7.27852E-3 1.42119E-2 2.07103E-2 1.33336E-2 1.23829E-2 1.13228E-2 1.51422E-2 2.27722E-2 4.96699E-2 1.84201E-2 4.51757E-2 6.38807E-2 2.67838E-2 2.18946E-2 8.1823E-2 5.57252E-2 8.65204E-2 1.85684E-1 2.11136E-1 -9999 -9999 -9999 -9999
-9999 -9999 -9999 -9999 -9999 -9999 -9999 -9999 -9999 -9999 -9999 1.13036E-2 5.84243E-3 5.40344E-3 7.08353E-3 9.57521E-3 9.90853E-3 8.55483E-3 6.82015E-3 4.62706E-3 7.86468E-3 8.4286E-3 3.15943E-2 4.66109E-2 8.58331E-2 5.70924E-2 2.55136E-2 1.80771E-2 4.84762E-3 4.74942E-3 4.54496E-3 2.84189E-3 2.73016E-3 5.2212E-3 2.99564E-2 2.64689E-2 1.9827E-2 2.57842E-2 1.93394E-2 2.29732E-2 2.18434E-2 3.19268E-2 5.23138E-2 6.52075E-2 3.17476E-2 4.71364E-2 1.05836E-1 1.46222E-1 5.53408E-2 4.54206E-2 7.0002E-2 6.59619E-2 1.97009E-1 2.16022E-1 2.44467E-1 -9999 -9999 -9999
-9999 -9999 -9999 -9999 -9999 -9999 -9999 -9999 -9999 -9999 -9999 -9999 5.31717E-3 8.75926E-3 8.55715E-3 5.30265E-3 3.3675E-3 2.64963E-3 3.97717E-3 8.8285E-3 1.01401E-2 2.70293E-2 9.4696E-2 9.21812E-2 6.87678E-2 6.77577E-2 2.10387E-2 4.04446E-2 1.9499E-2 5.44918E-3 1.34914E-3 1.54482E-3 4.21048E-3 1.65598E-2 3.8871E-2 3.67058E-2 2.89912E-2 2.02617E-2 7.98568E-3 2.67801E-2 4.97509E-2 6.36548E-2 7.66188E-2 4.94322E-2 1.39029E-1 5.7618E-2 1.42256E-1 1.77423E-1 3.11468E-1 2.01379E-1 1.35397E-1 1.28089E-1 2.40624E-1 2.53395E-1 2.8356E-1 1.45417E-1 9.09631E-2 -9999
-9999 -9999 -9999 -9999 -9999 -9999 -9999 -9999 -9999 -9999 -9999 -9999 -9999 -9999 4.58733E-3 1.28889E-3 1.4536E-3 1.99248E-3 5.19138E-3 1.20565E-2 1.21583E-2 1.8478E-2 4.70945E-2 3.36678E-2 4.75398E-2 5.77495E-2 3.33917E-2 3.01449E-2 4.80552E-3 8.33007E-3 4.14557E-3 1.1272E-3 2.62532E-3 8.21874E-3 1.8915E-2 6.41773E-2 6.73741E-2 4.42346E-2 2.34575E-2 2.53234E-2 4.57011E-2 4.94639E-2 7.40975E-3 6.48094E-2 1.21771E-1 8.33518E-2 1.60896E-1 3.36785E-1 3.13642E-1 2.71217E-1 2.27055E-1 1.11531E-1 2.34405E-1 2.82797E-1 3.27153E-1 2.74896E-1 2.20007E-1 -9999
-9999 -9999 -9999 -9999 -9999 -9999 -9999 -9999 -9999 -9999 -9999 -9999 -9999 -9999 -9999 1.34334E-4 6.99104E-4 8.23352E-3 1.74177E-2 2.13323E-2 1.49173E-2 2.48643E-3 4.35723E-3 9.68634E-3 8.83624E-3 4.17571E-3 2.83477E-3 7.15231E-3 5.83121E-3 2.16441E-3 2.83589E-3 7.89245E-4 8.61736E-4 2.34718E-3 5.44266E-3 2.3044E-2 3.1945E-2 2.72725E-2 2.12613E-2 2.50018E-2 1.38889E-2 5.00072E-3 5.23353E-3 2.21456E-2 3.51621E-2 3.82478E-2 9.74758E-2 2.23886E-1 2.99482E-1 1.50018E-1 1.6513E-1 2.41765E-1 1.59119E-1 1.62438E-1 3.69281E-1 1.01305E-1 2.5127E-1 5.20597E-2
-9999 -9999 -9999 -9999 -9999 -9999 -9999 -9999 -9999 -9999 -9999 -9999 -9999 -9999 -9999 -9999 1.87755E-3 3.31052E-3 1.75777E-2 1.34913E-2 3.85933E-3 8.57978E-4 1.12702E-3 2.10951E-3 1.03228E-3 5.039E-4 5.65095E-4 8.71796E-4 2.21957E-3 3.86444E-4 2.0138E-3 2.97203E-3 7.04424E-4 1.27957E-3 6.71823E-3 1.47669E-2 2.22826E-2 3.39239E-2 5.38329E-2 4.01186E-2 2.73603E-2 5.27244E-3 1.17613E-2 7.75766E-3 2.21156E-2 4.24722E-2 7.04264E-2 1.16311E-1 1.20794E-1 1.6727E-1 2.03234E-1 2.89262E-1 1.34029E-1 8.24276E-2 8.55924E-2 7.71737E-2 6.72316E-2 2.808E-2
-9999 -9999 -9999 -9999 -9999 -9999 -9999 -9999 -9999 -9999 -9999 -9999 -9999 -9999 -9999 -9999 1.73793E-2 3.29547E-2 3.94593E-2 1.31543E-2 2.05556E-3 8.34544E-4 9.82239E-4 3.35308E-3 1.92643E-3 1.40343E-3 9.02573E-4 1.26507E-3 1.64401E-3 1.05304E-3 2.9902E-3 5.05347E-3 1.25768E-3 1.21907E-3 1.00883E-2 2.7085E-2 5.59937E-2 7.24173E-2 1.0844E-1 7.357E-2 7.68571E-2 1.14689E-2 2.61495E-2 5.38682E-2 3.61744E-2 5.27784E-2 8.01641E-2 8.74237E-2 9.31368E-2 1.64181E-1 3.28371E-1 2.78788E-1 1.66691E-1 2.28251E-1 1.72829E-1 1.79345E-1 1.07424E-1 8.22589E-2
-9999 -9999 -9999 -9999 -9999 -9999 -9999 -9999 -9999 -9999 -9999 -9999 -9999 -9999 -9999 -9999 1.92205E-2 5.09406E-2 1.23526E-2 8.42135E-3 2.64753E-3 2.537E-3 3.20247E-3 7.25665E-4 1.65563E-3 1.7244E-3 1.42675E-3 2.86032E-3 2.89475E-3 3.83104E-3 3.80197E-3 5.01922E-3 5.41284E-3 2.6035E-3 8.09047E-3 3.60992E-2 7.58365E-2 9.03937E-2 1.30539E-1 1.18658E-1 9.2154E-2 4.50505E-2 8.70079E-2 6.4162E-2 5.72405E-2 7.12599E-2 1.14746E-1 1.67272E-1 1.88671E-1 2.11197E-1 3.96994E-1 2.13249E-1 1.49183E-1 1.94083E-1 1.77112E-1 2.61823E-1 1.35545E-1 1.13553E-1
-9999 -9999 -9999 -9999 -9999 -9999 -9999 -9999 -9999 -9999 -9999 -9999 -9999 -9999 -9999 -9999 3.80796E-2 4.61088E-2 3.66044E-2 2.12735E-2 2.53593E-2 7.82087E-3 5.93554E-3 1.3894E-3 5.88943E-4 3.48572E-4 1.41849E-3 2.03442E-3 1.60826E-3 1.82151E-3 5.45555E-3 7.63336E-3 1.44419E-2 1.08307E-2 1.31052E-2 2.92264E-2 6.96892E-2 1.21366E-1 1.38814E-1 9.13663E-2 7.66771E-2 1.20896E-1 1.37019E-1 6.77018E-2 3.97164E-2 7.29654E-2 1.47581E-1 1.3866E-1 9.4564E-2 7.6768E-2 4.23878E-1 2.02558E-1 1.19792E-1 1.93116E-1 2.03856E-1 1.66037E-1 1.08829E-1 7.58893E-2
-9999 -9999 -9999 -9999 -9999 -9999 -9999 -9999 -9999 -9999 1.01884E-1 2.6733E-1 1.4619E-3 6.46747E-9 6.85275E-4 5.84861E-2 4.52309E-2 4.16459E-2 2.96718E-2 1.13629E-2 3.97116E-2 2.31964E-2 1.82053E-2 5.42865E-3 1.60015E-3 1.35413E-4 3.523E-4 4.69446E-4 4.24151E-4 2.8322E-4 4.01347E-3 8.95551E-3 1.29243E-2 1.15468E-2 1.02846E-2 2.78144E-2 4.28633E-2 6.06031E-2 1.63182E-1 1.06516E-1 5.12006E-2 9.50118E-2 1.50459E-1 3.60148E-2 5.42507E-2 -9999 -9999 1.06627E-1 2.14237E-2 2.95572E-2 3.28775E-1 3.24952E-1 1.4666E-1 1.09119E-1 1.81436E-1 1.4318E-1 6.45155E-2 3.98854E-2
-9999 -9999 -9999 -9999 -9999 -9999 -9999 1.30952E-8 1.45125E-8 1.68692E-4 9.53027E-2 2.3262E-1 4.96571E-3 6.66953E-7 9.58026E-4 6.26445E-2 3.61741E-2 2.60156E-2 6.06683E-3 8.69066E-3 4.60553E-2 5.24351E-2 3.05177E-2 1.12778E-2 4.03507E-3 1.25942E-4 1.06765E-4 1.70291E-4 9.77901E-5 1.52842E-4 2.50002E-3 7.11229E-3 5.08125E-3 1.04269E-2 9.04117E-3 2.66181E-2 4.49733E-2 5.5943E-2 1.04783E-1 8.04266E-2 5.74819E-2 1.1304E-1 5.67465E-2 3.15802E-2 4.48931E-2 -9999 -9999 1.2838E-1 4.39238E-2 4.49623E-2 2.03531E-1 2.74468E-1 3.4599E-2 6.10696E-2 1.02437E-1 3.05866E-2 4.13741E-2 5.68144E-2
-9999 -9999 -9999 -9999 -9999 1.34444E-4 4.07945E-4 2.02346E-3 5.80639E-3 4.88686E-2 1.49319E-1 2.6069E-1 1.18845E-1 1.15036E-2 7.24669E-2 7.96813E-2 3.73266E-2 1.23837E-2 2.23334E-3 9.46044E-3 3.91745E-2 3.67383E-2 1.99528E-2 1.11105E-2 3.58803E-3 5.12434E-4 1.09712E-3 1.50015E-3 2.05177E-4 1.57229E-4 2.34783E-3 5.0579E-3 7.49722E-3 2.09862E-2 1.73068E-2 4.21332E-2 4.7929E-2 5.09319E-2 5.54606E-2 3.5571E-2 4.30021E-2 6.2788E-2 2.38165E-2 1.76178E-2 2.96232E-2 -9999 -9999 1.13909E-1 7.44976E-2 -9999 -9999 3.91927E-2 1.60458E-2 1.35337E-2 4.45906E-2 2.72097E-2 5.87404E-2 6.6359E-2
-9999 -9999 -9999 -9999 -9999 2.72627E-2 7.04192E-2 1.04537E-1 1.29975E-1 1.37785E-1 1.18438E-1 2.14119E-1 1.986E-1 2.64129E-1 1.6685E-1 8.2132E-2 3.93777E-2 7.63791E-3 1.63369E-3 1.00181E-2 2.83249E-2 2.65199E-2 1.44065E-2 2.30693E-2 6.8178E-3 1.39422E-3 2.34866E-3 4.27622E-3 1.1852E-3 8.80557E-4 2.7996E-3 4.56554E-3 3.0602E-3 5.13549E-3 1.75195E-2 4.00623E-2 4.12351E-2 4.27874E-2 3.95749E-2 2.42492E-2 2.35462E-2 6.37645E-2 1.81184E-2 1.59778E-2 7.39881E-2 2.81736E-2 -9999 -9999 -9999 -9999 -9999 1.03297E-1 2.23412E-2 3.39925E-2 1.03479E-1 1.73614E-1 8.39073E-2 7.96851E-2
-9999 -9999 -9999 -9999 -9999 5.42809E-2 1.59084E-1 2.12483E-1 1.58833E-1 1.73152E-1 1.87368E-1 1.60668E-1 1.59172E-1 1.46113E-1 8.93326E-2 7.65012E-2 5.80401E-2 2.20704E-2 4.04327E-3 1.06465E-2 7.90334E-3 4.9219E-3 1.12962E-2 1.52571E-2 8.6891E-3 4.26086E-3 8.71545E-3 1.648E-2 6.32856E-3 6.21406E-3 7.11317E-3 5.75689E-3 9.78022E-3 7.02756E-3 5.68349E-3 3.61397E-2 4.81864E-2 5.19322E-2 6.54407E-2 2.00214E-2 1.37642E-2 7.92474E-2 6.06503E-2 5.98229E-2 1.71786E-1 7.71551E-2 -9999 -9999 -9999 -9999 1.45834E-1 1.40112E-1 9.07809E-2 6.02772E-2 1.52597E-1 1.05538E-1 1.10195E-1 1.14809E-1
-9999 -9999 -9999 -9999 -9999 7.5585E-2 1.73218E-1 3.29515E-1 3.21744E-1 2.37811E-1 1.42387E-1 8.07553E-2 6.11025E-2 8.26403E-2 6.89908E-2 7.62667E-2 7.54167E-2 1.59615E-2 7.64246E-3 9.97217E-3 5.10458E-3 3.48255E-3 1.22219E-2 1.13531E-2 1.10408E-2 6.02221E-3 1.84422E-2 1.49355E-2 7.19451E-3 1.51543E-2 1.83957E-2 1.24749E-2 1.51854E-2 1.90854E-2 1.28534E-2 4.12849E-2 6.88263E-2 3.28012E-2 8.04842E-2 1.16079E-2 2.19771E-2 3.2834E-2 7.774E-2 1.85168E-1 1.60939E-1 1.12501E-1 5.61155E-2 -9999 -9999 8.21439E-2 5.57477E-2 1.15974E-1 1.31812E-1 1.93333E-1 1.15129E-1 5.51146E-2 1.0691E-1 7.96839E-2
-9999 -9999 -9999 -9999 -9999 1.6187E-1 2.79654E-1 4.42733E-1 4.35116E-1 1.86034E-1 5.83968E-2 1.79772E-2 2.30115E-2 3.31656E-2 7.34583E-2 5.46417E-2 4.19685E-2 1.1342E-2 5.85813E-3 5.657E-3 2.67536E-3 1.47435E-3 5.11746E-3 1.32808E-2 6.26622E-3 3.12559E-3 3.62475E-3 8.06642E-3 2.69999E-3 7.22145E-3 1.43303E-2 1.8633E-2 2.64284E-2 1.40185E-2 3.34098E-2 6.21064E-2 6.32529E-2 2.57884E-2 1.44355E-2 6.62946E-2 5.35268E-2 4.88599E-2 8.84087E-2 9.9201E-2 3.18961E-2 2.01258E-2 9.80952E-2 -9999 3.66518E-1 8.58244E-2 3.01144E-2 6.00067E-2 9.23576E-2 1.98927E-1 3.16164E-2 7.6839E-2 1.00852E-1 2.21073E-1
