Phytophthora/models/20240503_1134_59/Phytophthora_PA1_RUN2_MAXENT_outputs/Phytophthora_PA1_RUN2.asc
ncols         113
nrows         135
xllcorner     473009.9838
yllcorner     4429001.1748
cellsize      100.0
NODATA_value  -9999
[rows 52 to 77 of 135, columns 0 to 57 of 113]
-9999 -9999 -9999 -9999 -9999 1.36834E-1 2.85254E-1 3.68237E-1 2.87355E-1 1.11249E-1 4.33341E-2 1.5539E-2 2.54972E-2 3.80948E-2 5.18833E-2 5.40461E-2 2.46098E-2 2.32617E-2 2.09533E-2 8.10199E-3 5.16417E-3 3.01122E-3 1.67925E-3 2.58925E-3 4.97201E-3 2.20158E-3 2.97471E-3 2.00367E-3 8.86002E-4 2.19452E-3 1.17041E-2 3.20873E-2 2.90346E-2 2.492E-2 4.04864E-2 4.46839E-2 3.48901E-2 8.98413E-3 3.41358E-2 8.74456E-2 7.63944E-2 5.84652E-2 5.17273E-2 3.9251E-2 1.8064E-2 4.33542E-2 3.16266E-2 1.58925E-2 4.35788E-2 1.46208E-1 1.51303E-1 1.95207E-1 2.31327E-1 2.07554E-1 4.91062E-2 6.62249E-2 7.65994E-2 1.68758E-1
-9999 -9999 -9999 -9999 -9999 1.61207E-1 5.82663E-1 3.4485E-1 2.35753E-1 1.10625E-1 1.07085E-1 4.68058E-2 4.2014E-2 4.22479E-2 4.82411E-2 3.58416E-2 3.45283E-2 5.84423E-2 5.08745E-2 2.43219E-2 1.53039E-2 1.17392E-2 1.47299E-2 4.09032E-3 4.46161E-3 6.27374E-3 5.21563E-3 7.69998E-4 3.63528E-4 1.37978E-3 6.11701E-3 3.57866E-2 4.53685E-2 2.44827E-2 3.12936E-2 3.64831E-2 1.5347E-2 9.17402E-3 9.97358E-3 4.18615E-2 3.79806E-2 4.22007E-2 2.48009E-2 9.9849E-3 1.49045E-2 3.45752E-2 1.03321E-2 1.83726E-2 8.25666E-2 2.50754E-1 3.06251E-1 3.03986E-1 2.96452E-1 1.13221E-1 7.99197E-2 8.27224E-2 6.26775E-2 1.44294E-1
-9999 -9999 -9999 -9999 2.95833E-3 1.93506E-1 5.22585E-1 2.92106E-1 2.23089E-1 1.84927E-1 1.59403E-1 1.5057E-1 8.2758E-2 3.90315E-2 4.90877E-2 6.49001E-2 1.18996E-1 1.92022E-1 1.80651E-1 1.64214E-1 5.18848E-2 2.88856E-2 2.35659E-2 1.62561E-2 1.49905E-2 2.12631E-2 1.06264E-2 2.13553E-3 7.61037E-4 2.02967E-3 2.82796E-3 1.02807E-2 2.49364E-2 1.09543E-2 1.55095E-2 3.05117E-2 2.60224E-2 1.41423E-2 1.6703E-2 2.35197E-2 2.33741E-2 6.52381E-2 5.25105E-2 2.49804E-2 2.23417E-2 2.59427E-2 1.8399E-2 1.50824E-2 9.21583E-2 1.23168E-1 1.93003E-1 1.92565E-1 9.05071E-2 2.9063E-2 6.43953E-2 1.14604E-1 9.25337E-2 9.18097E-2
-9999 -9999 -9999 1.21697E-1 1.55062E-1 3.84759E-1 4.63133E-1 2.98268E-1 3.33506E-1 2.36956E-1 1.79853E-1 2.23287E-1 1.37949E-1 7.76196E-2 8.4377E-2 1.38868E-1 4.37571E-1 4.79412E-1 5.39721E-1 3.7316E-1 1.7672E-1 6.87418E-2 5.87326E-2 3.07788E-2 1.54473E-2 1.73824E-2 1.59243E-2 4.8485E-3 1.39427E-3 2.29643E-3 6.91953E-3 1.62496E-2 1.32913E-2 6.46306E-3 1.49838E-2 4.07598E-2 4.18367E-2 4.25013E-2 2.63333E-2 4.90469E-2 8.79047E-2 1.55815E-1 1.03184E-1 6.01811E-2 7.31529E-2 5.96905E-2 4.40716E-2 1.61743E-2 1.50003E-2 6.31784E-2 6.57777E-2 2.10339E-1 4.74438E-2 9.28389E-2 8.94317E-2 5.61242E-2 7.24416E-2 9.30137E-2
-9999 -9999 -9999 8.43886E-2 2.21823E-1 4.93101E-1 4.89375E-1 1.52432E-1 2.63316E-1 1.98837E-1 4.12278E-1 3.47748E-1 3.70654E-1 3.57364E-1 2.48492E-1 3.20032E-1 5.37405E-1 6.81833E-1 7.35218E-1 5.09405E-1 3.36598E-1 1.9318E-1 1.37982E-1 7.49476E-2 2.72773E-2 1.80481E-2 2.17152E-2 1.18829E-2 2.69436E-3 2.44413E-3 1.811E-2 3.85466E-2 1.22355E-2 4.11465E-3 6.6451E-3 2.26471E-2 3.31669E-2 5.03769E-2 1.57644E-2 1.91342E-2 7.7372E-2 1.13838E-1 5.53971E-2 5.7197E-2 8.29771E-2 3.08159E-2 2.67031E-2 8.4645E-3 2.97939E-2 3.36813E-2 4.02022E-2 2.40539E-1 1.63158E-1 1.24287E-1 3.9303E-2 5.04947E-2 1.69537E-1 2.59357E-1
-9999 -9999 -9999 1.29165E-1 4.00904E-1 4.80374E-1 3.57887E-1 1.12826E-1 1.11094E-1 2.66636E-1 5.34134E-1 4.46391E-1 6.06975E-1 3.90076E-1 2.38601E-1 3.1033E-1 4.68182E-1 6.21481E-1 6.74894E-1 4.36158E-1 2.94137E-1 2.91954E-1 3.83794E-1 2.44882E-1 7.82699E-2 4.37563E-2 5.07845E-2 4.12679E-2 1.7153E-2 2.23125E-2 6.51604E-2 5.36515E-2 4.3747E-2 4.51135E-3 3.93575E-3 9.72794E-3 4.65365E-2 5.16672E-2 9.51354E-3 1.75337E-2 6.27915E-2 7.25506E-2 5.09891E-2 3.23521E-2 6.73294E-3 3.57964E-3 1.4057E-2 1.37074E-2 3.8274E-2 3.44654E-2 4.86889E-2 6.17387E-2 1.04543E-1 4.59127E-2 2.03109E-2 8.83587E-2 1.44387E-1 1.02454E-1
-9999 -9999 -9999 5.00719E-2 1.72588E-1 2.65143E-1 9.34895E-2 4.53034E-2 9.77319E-2 3.45322E-1 4.2436E-1 3.92425E-1 4.11846E-1 2.5348E-1 1.43529E-1 8.07983E-2 2.23119E-1 3.77517E-1 4.34479E-1 5.27051E-1 5.00683E-1 4.33957E-1 3.76523E-1 2.75662E-1 9.38564E-2 6.24978E-2 1.09756E-1 1.51271E-1 1.14756E-1 2.6178E-2 4.41936E-2 4.38726E-2 1.51791E-2 1.11985E-3 2.21796E-3 3.45116E-2 1.30269E-1 5.34375E-2 1.52839E-2 2.13415E-2 4.76322E-2 4.33284E-2 4.41361E-2 1.79913E-2 4.66525E-3 5.2346E-3 7.4479E-3 4.26416E-2 1.32581E-1 1.23669E-1 1.57478E-1 1.51225E-1 1.03515E-1 3.41188E-2 1.59437E-2 4.33962E-2 6.07104E-2 8.19452E-2
-9999 -9999 -9999 3.4264E-2 5.20851E-2 7.47724E-2 6.75328E-2 4.98204E-2 1.38277E-1 2.55049E-1 2.24737E-1 1.39635E-1 4.46618E-1 3.89491E-1 2.22504E-1 6.7915E-2 6.11065E-2 1.25474E-1 1.67426E-1 4.95354E-1 4.70961E-1 3.83509E-1 1.87232E-1 6.77947E-2 4.54722E-2 7.87404E-2 9.65275E-2 5.84615E-2 3.43055E-2 2.87661E-2 4.10352E-2 2.35449E-2 6.656E-3 2.80874E-3 6.00555E-3 2.40233E-2 3.07378E-2 6.68485E-2 4.97185E-2 4.1442E-2 4.90111E-2 5.69914E-2 6.8007E-2 1.87185E-2 3.51932E-2 1.67742E-2 2.37205E-2 1.32669E-1 2.13269E-1 2.50862E-1 1.34913E-1 7.36409E-2 4.21477E-2 2.19345E-2 9.7198E-3 2.80739E-2 8.34136E-2 1.06458E-1
-9999 -9999 -9999 -9999 1.25788E-1 2.93836E-1 2.2098E-1 5.68864E-2 1.45678E-1 2.45005E-1 2.09657E-1 1.23961E-1 3.71951E-1 4.17713E-1 1.80071E-1 9.31707E-2 7.50811E-2 2.08307E-1 3.12807E-1 3.61852E-1 2.94568E-1 1.61899E-1 4.59828E-2 2.73748E-2 3.53627E-2 3.87154E-2 2.84453E-2 1.85905E-2 3.65636E-2 7.90005E-2 6.98166E-2 2.44522E-2 1.88346E-2 6.55866E-3 1.28431E-2 1.97024E-2 2.89347E-2 1.03293E-1 1.16797E-1 1.2254E-1 1.7075E-1 1.47782E-1 1.37935E-1 7.82491E-2 6.98998E-2 3.21129E-2 2.50454E-2 6.68782E-2 1.38027E-1 2.28899E-1 7.46651E-2 3.65341E-2 2.69524E-2 2.1369E-2 1.55614E-2 1.88511E-2 9.82392E-2 1.44671E-1
-9999 -9999 -9999 -9999 -9999 4.57903E-1 2.77922E-1 3.63506E-2 1.09957E-1 2.39324E-1 2.57264E-1 2.13006E-1 2.97298E-1 2.98252E-1 1.23326E-1 6.07119E-2 1.06951E-1 2.20771E-1 3.97512E-1 3.61978E-1 2.16974E-1 4.90451E-2 1.79233E-2 2.2769E-2 5.01797E-2 9.61197E-2 5.42464E-2 3.14152E-2 8.2479E-2 6.77033E-2 5.32653E-2 2.60216E-2 5.93658E-2 6.78114E-3 4.28399E-3 1.32684E-2 3.77389E-2 9.09069E-2 1.42388E-1 1.69578E-1 1.68629E-1 1.64536E-1 2.01611E-1 1.43541E-1 1.28483E-1 4.3084E-2 4.01467E-2 1.03685E-1 1.75352E-1 1.48237E-1 5.33529E-2 3.12899E-2 4.68281E-2 5.43824E-2 6.2585E-2 2.48346E-2 6.69465E-2 1.16251E-1
-9999 -9999 -9999 -9999 -9999 -9999 8.77135E-2 1.71115E-2 1.03909E-1 2.21582E-1 2.56827E-1 4.44587E-1 6.28467E-1 2.68047E-1 5.71293E-2 2.91058E-2 4.24825E-2 2.79685E-1 2.89932E-1 1.93776E-1 8.10003E-2 3.03746E-2 2.1161E-2 3.87302E-2 6.58657E-2 1.04262E-1 4.45913E-2 4.40112E-2 4.03875E-2 2.13496E-2 3.13836E-2 4.01286E-2 2.95658E-2 1.91239E-2 4.51585E-2 6.59612E-2 9.59151E-2 8.67672E-2 1.18622E-1 1.14364E-1 2.28946E-1 1.32697E-1 3.08109E-1 1.85882E-1 2.19446E-1 9.45501E-2 9.02701E-2 1.03267E-1 8.49432E-2 7.03929E-2 4.88034E-2 6.00517E-2 7.31014E-2 7.51343E-2 7.07102E-2 3.37499E-2 1.03896E-1 1.66812E-1
-9999 -9999 -9999 -9999 -9999 -9999 4.67816E-2 1.66615E-2 5.44491E-2 1.09141E-1 4.34028E-1 5.67613E-1 4.64014E-1 1.50927E-1 4.36459E-2 6.94866E-2 9.65958E-2 1.15009E-1 9.67793E-2 7.10672E-2 5.97625E-2 3.62744E-2 2.32082E-2 3.03008E-2 3.79658E-2 5.55279E-2 7.25768E-2 4.5251E-2 2.09445E-2 2.06255E-2 3.678E-2 6.74571E-2 3.3434E-2 3.25522E-2 1.37902E-1 8.30318E-2 5.72968E-2 4.38135E-2 4.07507E-2 6.64559E-2 1.33214E-1 1.11666E-1 2.7668E-1 2.03343E-1 2.33616E-1 2.19994E-1 1.04901E-1 4.14377E-2 5.0094E-2 8.06896E-2 1.0832E-1 1.37563E-1 1.05547E-1 8.30032E-2 6.46343E-2 5.46936E-2 9.38405E-2 1.16521E-1
-9999 -9999 -9999 -9999 -9999 2.71904E-2 6.93237E-2 3.5502E-2 2.78253E-2 1.64403E-1 4.99309E-1 4.4449E-1 3.68642E-1 1.30733E-1 3.48777E-2 4.79917E-2 4.99876E-2 3.30961E-2 2.78468E-2 4.92857E-2 6.54119E-2 7.08033E-2 3.98779E-2 4.32109E-2 5.24361E-2 8.96466E-2 9.22484E-2 5.10261E-2 1.9571E-2 5.47752E-3 1.95021E-2 5.46788E-2 1.13712E-1 5.26326E-2 2.74931E-1 2.2931E-1 8.37751E-2 6.93743E-2 8.48767E-2 1.49578E-1 2.6942E-1 1.6708E-1 2.07027E-1 1.97696E-1 2.08027E-1 2.10189E-1 1.68915E-1 1.11686E-1 7.52675E-2 1.21553E-1 1.23405E-1 1.60301E-1 1.07313E-1 7.14833E-2 5.97489E-2 1.1011E-1 1.19947E-1 1.81662E-1
-9999 -9999 -9999 -9999 3.10187E-5 2.30027E-2 4.74477E-2 1.48453E-2 3.38757E-2 4.35127E-2 7.19939E-2 2.24452E-1 1.55702E-1 1.03594E-1 6.02789E-2 4.89306E-2 6.07615E-2 6.17655E-2 4.28486E-2 9.06684E-2 2.00212E-1 1.55208E-1 6.94349E-2 5.66118E-2 9.43818E-2 1.54332E-1 1.83126E-1 3.28678E-2 9.57198E-3 2.9292E-2 4.04288E-2 9.49459E-2 1.24371E-1 8.78189E-2 1.53805E-1 2.3409E-1 1.87224E-1 1.46935E-1 1.8424E-1 3.26552E-1 5.04696E-1 2.40388E-1 2.88173E-1 3.7935E-1 2.22325E-1 1.20866E-1 1.01758E-1 1.33469E-1 1.22216E-1 1.4232E-1 1.09853E-1 1.38493E-1 1.74673E-1 2.48958E-1 1.78175E-1 1.54804E-1 2.80024E-1 2.1107E-1
-9999 -9999 -9999 -9999 8.93241E-6 2.02489E-2 9.84947E-2 6.34976E-2 2.77765E-2 1.36803E-2 5.52296E-2 1.36733E-1 1.51415E-1 1.0411E-1 5.79468E-2 9.26879E-2 1.27486E-1 9.92683E-2 9.72349E-2 1.82523E-1 3.56375E-1 2.11678E-1 1.12222E-1 1.15834E-1 1.794E-1 1.8703E-1 1.77674E-1 3.73968E-2 2.6062E-2 4.78263E-2 8.88342E-2 9.42775E-2 1.45223E-1 1.17129E-1 2.59033E-1 2.37634E-1 2.41233E-1 1.81502E-1 2.65963E-1 3.61303E-1 4.59075E-1 4.35369E-1 5.16822E-1 4.19128E-1 1.56569E-1 6.365E-2 6.69455E-2 1.63559E-1 2.59009E-1 2.91145E-1 2.96006E-1 1.52618E-1 2.61666E-1 2.75654E-1 3.12177E-1 3.27882E-1 2.53244E-1 1.97735E-1
-9999 -9999 -9999 -9999 4.40817E-6 1.70851E-2 2.1815E-1 2.50246E-1 1.20253E-1 2.01943E-2 9.62163E-2 9.4013E-2 1.42871E-1 2.24356E-1 6.65318E-2 4.06436E-2 5.92229E-2 8.47557E-2 2.49247E-1 3.29482E-1 3.74367E-1 2.88022E-1 2.16221E-1 2.55924E-1 2.3045E-1 1.95309E-1 1.37011E-1 5.03479E-2 6.82088E-2 6.86838E-2 9.65632E-2 1.69584E-1 1.10376E-1 3.30482E-1 2.33714E-1 1.4812E-1 8.15372E-2 8.18576E-2 1.47461E-1 2.32051E-1 3.37581E-1 3.6587E-1 4.29114E-1 4.37176E-1 1.26593E-1 3.82898E-2 5.16955E-2 1.96683E-1 2.50468E-1 2.86658E-1 4.56316E-1 3.07115E-1 3.77434E-1 3.75347E-1 4.40197E-1 4.58169E-1 4.67426E-1 1.72726E-1
-9999 -9999 -9999 -9999 1.19379E-5 1.48685E-2 2.71045E-1 3.75825E-1 1.03057E-1 1.03001E-1 1.97003E-1 1.50421E-1 1.46361E-1 6.23884E-2 5.06755E-2 6.83473E-2 1.17419E-1 1.81478E-1 2.66669E-1 4.58956E-1 5.53527E-1 3.97401E-1 4.14974E-1 4.27301E-1 1.90718E-1 2.40967E-1 1.66821E-1 8.61358E-2 5.74251E-2 1.2787E-1 2.55853E-1 2.43452E-1 1.966E-1 2.91165E-1 1.77194E-1 5.07943E-2 3.5601E-2 4.75179E-2 9.29151E-2 2.33804E-1 3.02145E-1 4.09946E-1 1.79953E-1 2.10146E-1 1.18559E-1 4.20696E-2 5.74261E-2 1.14666E-1 2.05942E-1 3.14835E-1 4.90975E-1 6.19461E-1 5.71801E-1 4.15906E-1 5.01607E-1 5.41547E-1 3.5997E-1 2.06288E-1
-9999 -9999 -9999 -9999 3.04313E-6 1.48281E-2 3.83559E-1 2.1811E-1 6.91125E-2 2.27284E-1 1.68129E-1 1.49229E-1 1.15914E-1 7.98969E-2 1.29471E-1 1.7082E-1 1.67149E-1 2.62096E-1 3.08837E-1 5.34933E-1 5.07575E-1 4.40301E-1 4.15152E-1 2.38451E-1 3.21576E-1 3.80959E-1 3.74967E-1 1.98145E-1 8.3792E-2 2.52077E-1 3.01041E-1 1.67929E-1 9.9373E-2 4.83156E-2 7.88673E-2 4.66022E-2 3.31299E-2 6.98046E-2 1.39991E-1 2.59552E-1 2.71954E-1 1.96649E-1 7.80154E-2 1.49515E-1 7.33032E-2 4.43796E-2 6.35918E-2 1.22841E-1 1.82494E-1 4.87334E-1 6.34044E-1 3.73357E-1 6.28614E-1 4.63138E-1 1.95247E-1 3.34101E-1 4.1161E-1 4.14708E-1
-9999 -9999 -9999 -9999 1.34564E-6 2.73454E-2 4.0324E-1 1.28557E-1 7.8779E-2 2.77586E-1 2.15488E-1 2.87396E-1 1.44139E-1 1.02542E-1 1.18618E-1 2.22153E-1 3.29292E-1 4.10283E-1 4.3917E-1 5.01052E-1 3.71167E-1 2.88624E-1 1.89292E-1 1.67928E-1 2.65233E-1 3.62121E-1 3.3287E-1 1.88149E-1 5.25724E-2 3.13469E-1 4.84086E-1 2.68263E-1 9.06986E-2 6.3494E-2 2.45784E-2 1.07562E-2 1.22997E-2 8.99044E-2 2.19387E-1 3.7186E-1 3.13843E-1 1.60191E-1 1.38442E-1 9.66765E-2 5.04101E-2 7.03507E-2 1.10785E-1 1.60408E-1 4.48902E-1 4.9357E-1 5.95427E-1 2.6881E-1 3.52468E-1 2.38398E-1 1.90657E-1 2.70751E-1 3.98185E-1 5.47994E-1
-9999 -9999 -9999 -9999 3.92027E-6 4.77312E-2 2.24932E-1 1.11663E-1 1.60222E-1 1.70443E-1 2.0415E-1 5.0049E-1 4.79715E-1 2.0918E-1 1.62002E-1 2.34765E-1 3.44477E-1 4.4351E-1 4.80979E-1 4.78874E-1 3.50924E-1 4.06411E-1 3.35343E-1 2.64705E-1 2.2816E-1 2.92985E-1 2.57812E-1 1.80206E-1 6.24798E-2 9.3398E-2 3.41088E-1 2.59618E-1 2.31065E-1 4.49329E-2 2.01702E-2 3.94998E-2 5.82718E-2 6.30139E-2 3.03678E-1 4.78843E-1 3.45613E-1 2.07346E-1 1.64086E-1 5.55476E-2 4.92579E-2 1.21382E-1 2.07181E-1 1.9187E-1 3.22225E-1 4.35136E-1 4.62842E-1 3.25604E-1 2.63157E-1 1.41077E-1 2.00589E-1 2.8064E-1 4.37186E-1 5.30538E-1
-9999 -9999 -9999 -9999 1.04815E-3 3.01617E-2 1.17764E-1 9.36774E-2 6.69523E-2 1.03428E-1 1.80561E-1 2.8619E-1 5.53655E-1 4.21907E-1 4.19598E-1 3.24761E-1 3.35685E-1 4.15153E-1 3.88327E-1 3.36534E-1 4.07461E-1 4.92204E-1 5.15657E-1 4.17768E-1 3.24868E-1 3.33253E-1 3.37201E-1 2.78248E-1 1.0432E-1 1.60813E-1 1.64793E-1 1.51956E-1 2.81236E-1 9.39708E-2 9.33747E-2 7.62099E-2 8.34044E-2 1.13448E-1 2.55095E-1 5.96328E-1 3.03575E-1 2.0057E-1 1.17273E-1 3.23621E-2 4.65049E-2 7.10263E-2 1.00015E-1 1.89777E-1 4.59529E-1 5.1007E-1 4.72233E-1 2.06204E-1 1.25983E-1 1.49983E-1 3.0146E-1 4.90671E-1 4.55622E-1 5.26493E-1
-9999 -9999 -9999 5.1978E-3 4.91554E-2 5.36225E-2 9.59615E-2 7.94307E-2 4.68351E-2 1.02516E-1 2.17209E-1 1.87417E-1 2.76908E-1 6.41553E-1 6.46653E-1 5.095E-1 5.16855E-1 5.07115E-1 3.24524E-1 2.00577E-1 3.18598E-1 4.11664E-1 4.85147E-1 5.42472E-1 4.50504E-1 2.84506E-1 3.24929E-1 3.24216E-1 1.68612E-1 1.23764E-1 1.22226E-1 1.58082E-1 1.53741E-1 1.52833E-1 1.31436E-1 8.67804E-2 1.71164E-1 2.79373E-1 2.93253E-1 6.05973E-1 3.28003E-1 2.13239E-1 1.01553E-1 3.02381E-2 8.82221E-2 4.80191E-2 5.52258E-2 3.02658E-1 4.31603E-1 3.57527E-1 1.84393E-1 1.20174E-1 8.68561E-2 9.5888E-2 2.80613E-1 5.54172E-1 6.47688E-1 6.25575E-1
-9999 -9999 -9999 2.19555E-2 1.14857E-1 2.07017E-1 2.23171E-1 9.84677E-2 1.49421E-1 2.58373E-1 4.21882E-1 4.47778E-1 5.90344E-1 7.43307E-1 7.36178E-1 6.69634E-1 6.8116E-1 5.99494E-1 4.59074E-1 2.719E-1 4.65514E-1 4.49843E-1 5.47883E-1 6.90869E-1 5.75586E-1 3.79681E-1 4.45548E-1 2.5308E-1 1.88484E-1 1.04657E-1 8.77402E-2 4.71541E-2 1.37181E-1 1.44064E-1 1.35307E-1 1.4564E-1 1.81836E-1 4.18347E-1 5.14904E-1 5.26524E-1 5.04679E-1 4.498E-1 3.07329E-1 1.39422E-1 1.46762E-1 4.63921E-2 5.11531E-2 3.15208E-1 2.55868E-1 9.10153E-2 1.27463E-1 9.80546E-2 3.3473E-2 6.76277E-2 2.83558E-1 4.74305E-1 5.33448E-1 5.46063E-1
-9999 -9999 1.22928E-2 4.97107E-2 2.48455E-1 7.08145E-1 7.04698E-1 4.70675E-1 6.21252E-1 5.69864E-1 6.4503E-1 7.08231E-1 7.09807E-1 7.83221E-1 8.3078E-1 8.10318E-1 7.00686E-1 5.74212E-1 5.4773E-1 4.25932E-1 5.14336E-1 6.17305E-1 7.64983E-1 7.6714E-1 7.06799E-1 4.8557E-1 2.94296E-1 2.20369E-1 1.17205E-1 1.08932E-1 1.19857E-1 1.54465E-1 2.14688E-1 1.4628E-1 2.24935E-1 3.08484E-1 2.85887E-1 3.77911E-1 6.09746E-1 5.93205E-1 7.33639E-1 7.02496E-1 4.99614E-1 2.54843E-1 1.64824E-1 1.23047E-1 1.74491E-1 3.29628E-1 2.00111E-1 1.28317E-1 1.93937E-1 8.58238E-2 4.29765E-2 5.03534E-2 8.25589E-2 3.619E-1 4.44688E-1 4.06336E-1
-9999 -9999 2.39949E-2 3.30573E-1 3.96265E-1 7.94887E-1 8.48526E-1 8.52987E-1 8.47496E-1 8.50992E-1 7.73479E-1 6.42843E-1 6.12894E-1 7.94114E-1 8.24374E-1 8.52897E-1 7.31282E-1 5.12152E-1 5.55982E-1 6.35867E-1 7.04707E-1 7.14912E-1 7.15096E-1 7.18185E-1 7.33175E-1 4.59279E-1 1.40659E-1 9.39268E-2 1.03966E-1 1.07285E-1 1.83907E-1 2.62776E-1 1.60371E-1 1.10816E-1 2.95881E-1 4.16854E-1 3.56192E-1 3.85049E-1 4.69238E-1 5.76382E-1 6.69462E-1 7.16064E-1 5.31576E-1 3.88428E-1 2.92105E-1 3.18118E-1 4.41475E-1 5.03736E-1 4.47007E-1 4.00229E-1 2.39095E-1 1.53602E-1 1.64276E-1 1.06704E-1 9.6949E-2 3.32213E-1 3.80904E-1 3.35775E-1
-9999 -9999 -9999 2.63849E-1 2.93306E-1 6.82066E-1 8.84377E-1 9.23018E-1 9.13621E-1 9.33526E-1 8.48589E-1 4.48566E-1 3.45966E-1 7.65647E-1 8.20632E-1 8.42599E-1 6.36636E-1 5.32775E-1 6.49267E-1 7.71799E-1 7.73454E-1 6.3446E-1 6.08333E-1 6.92985E-1 6.38626E-1 3.32747E-1 1.59564E-1 2.25599E-1 2.35495E-1 1.58374E-1 2.2356E-1 2.78972E-1 7.71152E-2 8.00471E-2 1.7793E-1 2.98702E-1 3.9968E-1 4.99759E-1 5.7864E-1 5.7862E-1 6.68986E-1 6.94849E-1 6.31007E-1 4.91385E-1 4.08874E-1 4.19371E-1 4.53922E-1 4.66435E-1 5.00561E-1 4.78837E-1 3.56051E-1 3.36933E-1 3.1837E-1 3.59656E-1 3.35944E-1 3.21706E-1 2.39868E-1 2.09147E-1
