INPUT/RASTER/maxent_background_data/green.asc
ncols        113
nrows        135
xllcorner    473009.983799999987
yllcorner    4429001.174800000153
cellsize     100.000000000000
NODATA_value  -9999
[rows 54 to 71 of 135, columns 0 to 39 of 113]
-9999 -9999 -9999 0.29771384596824645996 -0.97487568855285644531 -0.4775416254997253418 0.12592142820358276367 -0.5001074671745300293 -0.18164369463920593262 -0.20198988914489746094 0.13473291695117950439 0.62128728628158569336 -0.30686810612678527832 -1.0739461183547973633 -0.87486541271209716797 -0.85795342922210693359 -0.2404645383358001709 2.0061955451965332031 1.9226880073547363281 1.3010971546173095703 1.5066611766815185547 0.10912775248289108276 0.4067974090576171875 1.6884453296661376953 1.1268051862716674805 1.2748417854309082031 0.11552694439888000488 -0.49238580465316772461 -0.4232635498046875 -0.9550679326057434082 -0.0086987949907779693604 0.41694626212120056152 -0.069838210940361022949 -0.11071029305458068848 0.75216817855834960938 0.78560554981231689453 0.76987260580062866211 0.38871937990188598633 -0.18612378835678100586 -0.45157706737518310547
-9999 -9999 -9999 0.3038260340690612793 -0.39676186442375183105 -0.24287554621696472168 0.059578627347946166992 -0.27156591415405273438 0.31861978769302368164 -0.062469445168972015381 -0.12557515501976013184 0.15061195194721221924 -0.77037245035171508789 -1.4747241735458374023 -1.3115798234939575195 -0.86757487058639526367 0.51130783557891845703 1.7187581062316894531 1.1908746957778930664 1.096949458122253418 1.9661520719528198242 1.0921357870101928711 0.80194222927093505859 1.4493107795715332031 0.96753388643264770508 0.40551173686981201172 0.32983323931694030762 0.049627561122179031372 -0.017710018903017044067 -1.187620997428894043 -0.22065226733684539795 0.69502794742584228516 0.10238985717296600342 -0.22992010414600372314 0.52488183975219726563 0.4073009490966796875 0.3416627049446105957 0.10922729223966598511 -0.083803959190845489502 0.26770162582397460938
-9999 -9999 -1.5968782901763916016 -0.95204931497573852539 -0.42627635598182678223 0.86973422765731811523 0.95813417434692382813 -0.39902356266975402832 -0.054547376930713653564 -0.30659466981887817383 0.72331231832504272461 -0.33347710967063903809 -0.50638449192047119141 -0.63452798128128051758 -1.0724142789840698242 -0.26169174909591674805 0.64504832029342651367 0.67283952236175537109 0.52069073915481567383 0.43844819068908691406 1.2594468593597412109 1.4276789426803588867 1.4741455316543579102 1.3405917882919311523 1.2106850147247314453 -0.0021910122595727443695 0.409549713134765625 1.1805435419082641602 -0.16903793811798095703 -1.5022032260894775391 0.13534761965274810791 1.5514974594116210938 -0.21397706866264343262 -0.8158047795295715332 -0.67246806621551513672 -0.60695004463195800781 0.31845045089721679688 0.40534627437591552734 -0.63014811277389526367 -0.87803399562835693359
-9999 -9999 -1.4525358676910400391 -1.0244991779327392578 0.34531411528587341309 2.4003701210021972656 1.5568579435348510742 -0.30564579367637634277 -0.81167310476303100586 -0.38841319084167480469 0.52577257156372070313 -0.19787243008613586426 0.67810237407684326172 -0.31517994403839111328 -0.84641295671463012695 -0.36878252029418945313 0.79330593347549438477 1.6783617734909057617 0.70339149236679077148 -0.35538560152053833008 -0.61530971527099609375 0.037568643689155578613 0.86515915393829345703 1.6735656261444091797 1.3143131732940673828 0.11144826561212539673 0.17345383763313293457 1.6274100542068481445 0.15363444387912750244 -0.52587813138961791992 0.65789902210235595703 0.89259612560272216797 1.309561610221862793 -0.3234297335147857666 -1.1206356287002563477 -0.42669713497161865234 1.5699239969253540039 0.24295680224895477295 -1.5324462652206420898 -1.5622715950012207031
-9999 -9999 -1.2431136369705200195 -0.70837980508804321289 -0.61662060022354125977 -0.21028944849967956543 -0.4205487370491027832 -0.95534527301788330078 -1.0343772172927856445 -0.41093832254409790039 -0.20095956325531005859 -0.2399797588586807251 -0.24756440520286560059 -0.76140648126602172852 -1.0676064491271972656 -1.3060842752456665039 -0.25739330053329467773 0.98122429847717285156 0.87898331880569458008 0.19328421354293823242 -0.2699299156665802002 -0.52974933385848999023 -0.24940273165702819824 -0.081414930522441864014 -0.43093481659889221191 -0.71212106943130493164 -0.11382909119129180908 1.2342275381088256836 1.3315767049789428711 0.10603158175945281982 -0.73759371042251586914 -0.7431532740592956543 0.36179104447364807129 -0.73263210058212280273 -1.3362516164779663086 0.1662311553955078125 0.97668474912643432617 -0.17358459532260894775 -1.3243898153305053711 -1.3706721067428588867
-9999 -9999 -9999 -1.0231534242630004883 -1.005907893180847168 -0.72551673650741577148 -0.93879848718643188477 -1.2381416559219360352 -0.97419053316116333008 -0.94560164213180541992 -0.9243615269660949707 -0.71091622114181518555 0.25894635915756225586 0.5991738438606262207 -0.43763780593872070313 -1.5254303216934204102 -1.5926722288131713867 -0.89234811067581176758 -0.19366253912448883057 0.099192202091217041016 -0.56968158483505249023 -0.64795333147048950195 -0.89697301387786865234 -1.0287322998046875 -1.2779775857925415039 -1.2680472135543823242 -0.8653189539909362793 -0.63963377475738525391 -0.13173131644725799561 -0.72772413492202758789 -1.1986799240112304688 -1.2552455663681030273 -0.56019395589828491211 -0.55334097146987915039 -1.1336002349853515625 -0.57991123199462890625 -0.74791967868804931641 0.20982062816619873047 -0.38904792070388793945 -0.50807482004165649414
-9999 -9999 -9999 -1.0571253299713134766 -0.70340329408645629883 -0.60544848442077636719 -0.95682609081268310547 -1.4903000593185424805 -1.2093542814254760742 -1.1008977890014648438 -0.79684567451477050781 -0.66999632120132446289 -0.62035667896270751953 -0.069943569600582122803 -0.66331917047500610352 -1.4609032869338989258 -1.6147378683090209961 -0.57672387361526489258 0.24127233028411865234 -0.1218972429633140564 -0.71299499273300170898 -1.0528268814086914063 -1.2321529388427734375 -1.1986993551254272461 -1.5930504798889160156 -1.1717011928558349609 -0.92589604854583740234 -1.0385489463806152344 -0.94459331035614013672 -0.84763586521148681641 -0.33443760871887207031 -0.97408324480056762695 -0.72808736562728881836 -0.48586443066596984863 -0.78625667095184326172 -1.0133548974990844727 -0.88779824972152709961 0.53448903560638427734 0.11403315514326095581 0.54410010576248168945
-9999 -9999 -9999 -9999 -9999 0.088214032351970672607 -0.83014732599258422852 -1.6300280094146728516 -1.3494635820388793945 -0.46527779102325439453 -0.49109756946563720703 -0.93572884798049926758 -1.0520215034484863281 -1.110486149787902832 -1.6018217802047729492 -1.8401885032653808594 -1.3036073446273803711 0.022641723975539207458 0.53514057397842407227 0.28150254487991333008 -0.14623807370662689209 -1.1433696746826171875 -1.4203375577926635742 -1.3612504005432128906 -1.4778281450271606445 -1.2350920438766479492 -0.94294375181198120117 -1.1996979713439941406 -1.436018824577331543 -1.0398055315017700195 -0.590362548828125 -1.1479272842407226563 0.034065250307321548462 -0.26051598787307739258 -0.96475332975387573242 -0.90069550275802612305 -0.72655546665191650391 -0.10352057218551635742 -0.10840658098459243774 0.18145605921745300293
-9999 -9999 -9999 -9999 -9999 -1.2684634923934936523 -1.3156390190124511719 -1.7394490242004394531 -0.98238664865493774414 -0.43486872315406799316 -0.94483637809753417969 0.13481824100017547607 0.81192564964294433594 -1.0773739814758300781 -1.8973557949066162109 -1.4930187463760375977 -0.96497118473052978516 0.15728974342346191406 0.30444267392158508301 0.032124806195497512817 -0.78195112943649291992 -1.2537245750427246094 -1.0798799991607666016 -0.7381127476692199707 -0.80218738317489624023 -0.85137712955474853516 -0.99682688713073730469 -1.0019326210021972656 -1.3402235507965087891 -1.3573442697525024414 -1.1762323379516601563 -1.1970582008361816406 -0.42818188667297363281 0.45929792523384094238 -0.072458647191524505615 0.0014966020826250314713 0.17844778299331665039 0.087247043848037719727 -0.2924912571907043457 -0.57236337661743164063
-9999 -9999 -9999 -9999 -9999 -1.2624572515487670898 -1.3381570577621459961 -1.4008659124374389648 -1.0006896257400512695 -0.97485697269439697266 0.34358826279640197754 1.7470580339431762695 0.74508833885192871094 -1.4684821367263793945 -1.802379608154296875 -1.2319408655166625977 -0.85014253854751586914 -0.65908986330032348633 -0.46960017085075378418 -0.46030259132385253906 -0.89422070980072021484 -1.0112147331237792969 -1.1035885810852050781 -0.93023133277893066406 -1.1677389144897460938 -1.1841273307800292969 -0.92887455224990844727 -0.93313425779342651367 -1.406724095344543457 -1.134324193000793457 -1.1879183053970336914 -0.747959136962890625 -0.32019844651222229004 0.023222822695970535278 0.61472648382186889648 -0.046249762177467346191 -0.62011235952377319336 -0.78037977218627929688 -1.2603403329849243164 -0.97393459081649780273
-9999 -9999 -9999 -9999 -0.9847685694694519043 -1.4891554117202758789 -1.3772141933441162109 -1.5703449249267578125 -1.7471429109573364258 -0.96636414527893066406 0.7497164607048034668 0.18344110250473022461 -0.042410891503095626831 -1.0621936321258544922 -1.8537766933441162109 -1.4254879951477050781 -1.0162913799285888672 -0.89163643121719360352 -1.1378327608108520508 -0.98057806491851806641 -0.87472128868103027344 -1.0562177896499633789 -1.1159087419509887695 -1.0949128866195678711 -1.4021980762481689453 -1.0399270057678222656 -0.93624138832092285156 -1.0856941938400268555 -1.2147548198699951172 -1.1587334871292114258 -1.2691795825958251953 -0.56585305929183959961 -0.41607514023780822754 -0.11934919655323028564 0.72411578893661499023 0.86530518531799316406 -0.34678998589515686035 -0.70877474546432495117 -0.9791424870491027832 -0.76012015342712402344
-9999 -9999 -9999 -9999 -1.6578534841537475586 -1.694008946418762207 -1.7974191904067993164 -1.8589432239532470703 -1.7242990732192993164 -1.4752407073974609375 -0.92765486240386962891 -0.65373331308364868164 -0.66703975200653076172 -1.1030366420745849609 -1.3563339710235595703 -1.3418731689453125 -0.93355953693389892578 -0.43588742613792419434 -0.95211333036422729492 -1.1679619550704956055 -0.81781369447708129883 -1.0189764499664306641 -1.1938223838806152344 -1.514904022216796875 -1.2303578853607177734 -0.66347104310989379883 -0.18116925656795501709 -0.80231279134750366211 -1.2830413579940795898 -1.2555377483367919922 -1.0788147449493408203 -0.8557783961296081543 -0.82878154516220092773 -0.11264038830995559692 -0.32609412074089050293 -0.35417234897613525391 -0.428264617919921875 -0.58490192890167236328 -0.86182010173797607422 -0.28448063135147094727
-9999 -9999 -9999 -9999 -1.5505863428115844727 -1.6356321573257446289 -1.4531453847885131836 -1.404730677604675293 -1.3232444524765014648 -1.180577397346496582 -1.0330307483673095703 -0.70117330551147460938 -0.4400888979434967041 0.04392129555344581604 -0.042078007012605667114 -0.1498384326696395874 0.061209451407194137573 0.17646275460720062256 -0.71017932891845703125 -1.0304924249649047852 -0.5639616847038269043 -1.0867348909378051758 -1.4375028610229492188 -1.3912632465362548828 -0.92770463228225708008 -0.84708517789840698242 -0.55551993846893310547 -0.4743213355541229248 -0.95916342735290527344 -1.11042022705078125 -1.1409902572631835938 -1.4086987972259521484 -0.74339693784713745117 -0.93149179220199584961 -0.97857040166854858398 -1.0049312114715576172 -0.68698066473007202148 -0.73648130893707275391 -0.63974684476852416992 -0.34833291172981262207
-9999 -9999 -9999 -9999 -1.4821130037307739258 -1.7850073575973510742 -1.6994411945343017578 -1.3379632234573364258 -1.0554422140121459961 -1.1235786676406860352 -1.1279889345169067383 -0.9325802922248840332 -0.26941797137260437012 0.63583672046661376953 -0.38234686851501464844 0.16231860220432281494 0.42991527915000915527 -0.088412024080753326416 -0.38261964917182922363 -0.61990743875503540039 -0.36253395676612854004 -0.81749957799911499023 -1.0625026226043701172 -0.83945524692535400391 -0.82785785198211669922 -1.0757004022598266602 -1.3233432769775390625 -0.73180794715881347656 -0.43333548307418823242 -1.1723386049270629883 -1.1777733564376831055 -0.79492080211639404297 -0.58501636981964111328 -0.77058833837509155273 -0.88931012153625488281 -1.0305802822113037109 -1.2488579750061035156 -1.4441399574279785156 -1.1432183980941772461 -0.73376518487930297852
-9999 -9999 -9999 -9999 -1.3900319337844848633 -1.9454059600830078125 -1.7458398342132568359 -1.1662224531173706055 -0.93891030550003051758 -0.84697723388671875 -0.75775438547134399414 -0.90989416837692260742 -0.44212695956230163574 -1.0503163337707519531 -1.3203563690185546875 -0.33342927694320678711 0.27418807148933410645 -0.41197189688682556152 0.036621693521738052368 0.31661406159400939941 0.67362618446350097656 0.12631507217884063721 -0.0715731009840965271 0.24267239868640899658 -0.49713671207427978516 -0.88521528244018554688 -1.2978311777114868164 -0.65898907184600830078 -0.49587303400039672852 -1.0698015689849853516 -0.31447085738182067871 -0.21344509720802307129 0.3507385551929473877 -0.29649496078491210938 -0.57653254270553588867 -1.2358651161193847656 -1.6549887657165527344 -1.7156815528869628906 -1.4663813114166259766 -0.84907859563827514648
-9999 -9999 -9999 -9999 -1.9880427122116088867 -1.9090566635131835938 -1.3688524961471557617 -0.91790932416915893555 -0.67369490861892700195 -0.33331549167633056641 -0.63740891218185424805 -1.0127408504486083984 -1.2198586463928222656 -1.1445589065551757813 -1.135377049446105957 -0.42988058924674987793 -0.097782634198665618896 -0.56522864103317260742 -0.3788357079029083252 0.33586850762367248535 0.23336511850357055664 -0.098876312375068664551 0.051222834736108779907 -0.05128766968846321106 -0.43208539485931396484 -0.51448237895965576172 -0.4828891456127166748 -0.34374359250068664551 -0.61638015508651733398 -0.54556047916412353516 0.21963854134082794189 -0.55437004566192626953 -0.46308526396751403809 -0.79992508888244628906 -0.94850003719329833984 -1.2267458438873291016 -1.4636212587356567383 -1.4419810771942138672 -1.3930395841598510742 -1.1427381038665771484
-9999 -9999 -9999 -2.0308480262756347656 -2.0225007534027099609 -1.7855497598648071289 -1.1841666698455810547 -1.0428266525268554688 -0.92037725448608398438 0.088073119521141052246 -0.23938055336475372314 -0.10720560699701309204 -0.87682133913040161133 -1.1813588142395019531 -1.3207674026489257813 -0.84597402811050415039 -0.82510817050933837891 -0.74297165870666503906 -0.43009129166603088379 -0.03594641759991645813 -0.34596392512321472168 -0.69327837228775024414 -0.8593088984489440918 -0.88867086172103881836 -0.93428224325180053711 -0.62340307235717773438 -0.95171320438385009766 -1.0216131210327148438 -0.8746230006217956543 0.21238224208354949951 0.8532702326774597168 -0.50571358203887939453 -0.99458324909210205078 -1.0084507465362548828 -0.98456883430480957031 -1.5717016458511352539 -1.3242120742797851563 -1.153092503547668457 -0.91300845146179199219 -0.63848966360092163086
-9999 -9999 -9999 -1.451601862907409668 -1.8756657838821411133 -1.601137995719909668 -1.0539431571960449219 -1.0124609470367431641 -0.23386885225772857666 -0.2132272571325302124 -0.69994384050369262695 1.107635498046875 1.4986737966537475586 -0.48826834559440612793 -0.8600819706916809082 -0.93690526485443115234 -0.85693669319152832031 -0.72851270437240600586 -0.18441280722618103027 -0.047709293663501739502 -0.38386586308479309082 -0.42431908845901489258 -0.82239270210266113281 -1.1296217441558837891 -1.0025033950805664063 -0.83015447854995727539 -1.1776415109634399414 -1.3502625226974487305 -1.3336995840072631836 -1.1031548976898193359 -0.28791034221649169922 -0.44387540221214294434 -0.69768863916397094727 -1.5147159099578857422 -1.1696237325668334961 -1.5355914831161499023 -1.6512837409973144531 -1.5159744024276733398 -0.6871700286865234375 0.19301985204219818115
