INPUT/RASTER/maxent_background_data/green.asc
ncols        113
nrows        135
xllcorner    473009.983799999987
yllcorner    4429001.174800000153
cellsize     100.000000000000
NODATA_value  -9999
[rows 72 to 89 of 135, columns 0 to 39 of 113]
-9999 -9999 -9999 -1.0821520090103149414 -1.663471221923828125 -1.5101369619369506836 -1.2900105714797973633 -1.1067365407943725586 -0.74071896076202392578 -1.0337159633636474609 -0.88585394620895385742 -0.074390038847923278809 1.1882426738739013672 0.80553483963012695313 -0.26363155245780944824 -0.58544039726257324219 -0.93691039085388183594 -0.82480889558792114258 -0.81005454063415527344 -0.58115226030349731445 -0.37529417872428894043 -0.38594594597816467285 -0.47367107868194580078 -0.81141453981399536133 -0.8199164271354675293 -0.9062569737434387207 -0.99299252033233642578 -1.2029169797897338867 -1.3527426719665527344 -1.1619957685470581055 -1.058220982551574707 -1.0505102872848510742 -0.53345245122909545898 -1.2634649276733398438 -1.1593805551528930664 -1.4239528179168701172 -1.6941130161285400391 -1.3200738430023193359 -0.059770796447992324829 0.98411619663238525391
-9999 -9999 -9999 -0.996784210205078125 -1.4330292940139770508 -1.5909904241561889648 -1.4265221357345581055 -1.1916680335998535156 -1.2926523685455322266 -0.99882227182388305664 -0.54792946577072143555 -0.67931067943572998047 0.039891097694635391235 0.66917777061462402344 0.17439626157283782959 -0.47317919135093688965 -0.5810158848762512207 -0.49311363697052001953 -0.93202632665634155273 -1.1033424139022827148 -0.83685165643692016602 -0.85142624378204345703 -0.65689349174499511719 -0.4335384666919708252 -0.76197594404220581055 -1.4490628242492675781 -1.3420276641845703125 -1.2290695905685424805 -1.1276094913482666016 -1.3043311834335327148 -1.0911024808883666992 -0.91122251749038696289 -0.45700085163116455078 -1.028992772102355957 -1.1843464374542236328 -1.4859066009521484375 -1.3624016046524047852 -0.59470367431640625 -0.40766310691833496094 0.84123647212982177734
-9999 -9999 -0.85920870304107666016 -1.0222077369689941406 -1.7500536441802978516 -1.1492658853530883789 -0.15948310494422912598 -0.087690658867359161377 -0.79531830549240112305 -0.87501728534698486328 -0.58440160751342773438 -0.66120421886444091797 0.076517738401889801025 0.10441368073225021362 0.094560220837593078613 -0.29073309898376464844 -0.31696394085884094238 -0.2942778468132019043 -0.39648908376693725586 -1.0514862537384033203 -0.3752644658088684082 -0.68176561594009399414 -0.67779362201690673828 -0.16422885656356811523 -0.71031183004379272461 -1.2073512077331542969 -0.86291575431823730469 -0.92445588111877441406 -0.71571367979049682617 -1.0626829862594604492 -1.0463274717330932617 -0.46618402004241943359 0.024473574012517929077 -0.75770139694213867188 -1.1192148923873901367 -1.3740520477294921875 -1.1118894815444946289 -0.62183368206024169922 -0.29046744108200073242 0.013329287059605121613
-9999 -9999 -1.0794178247451782227 -1.1652684211730957031 -1.2055859565734863281 -0.074454680085182189941 0.29557558894157409668 0.0700338706374168396 0.027997653931379318237 -0.21833820641040802002 -0.2292995750904083252 0.060179762542247772217 0.036495003849267959595 -0.072300285100936889648 0.23116418719291687012 0.043532174080610275269 -0.49469146132469177246 -0.57331228256225585938 -0.20217604935169219971 -1.1029183864593505859 -0.74445313215255737305 -0.18370114266872406006 0.41677433252334594727 0.41279259324073791504 0.033103432506322860718 -0.80686849355697631836 -1.0583528280258178711 -0.93983918428421020508 -0.83869898319244384766 -0.83265143632888793945 -1.0759305953979492188 -0.57270210981369018555 0.27822604775428771973 -0.4819990694522857666 -0.61633229255676269531 -0.65091186761856079102 -0.90189844369888305664 -0.81600320339202880859 0.34746333956718444824 0.31513383984565734863
-9999 -9999 -0.93354535102844238281 -0.32398432493209838867 -0.75354903936386108398 -0.1388111412525177002 -0.073631182312965393066 -0.052856441587209701538 0.022628797218203544617 0.3590730130672454834 0.066928647458553314209 -0.10881315916776657104 0.32377791404724121094 0.22745911777019500732 0.085775233805179595947 0.26391059160232543945 -0.63017976284027099609 -1.1657415628433227539 -0.87167036533355712891 -0.65362924337387084961 -0.02891959063708782196 0.10153534263372421265 -0.13336342573165893555 0.0025456813164055347443 -0.042304884642362594604 -0.81703805923461914063 -0.98684346675872802734 -0.41671633720397949219 -0.21902208030223846436 -0.96712362766265869141 -0.99035787582397460938 -0.53961312770843505859 -0.57611566781997680664 -0.88559663295745849609 0.17320497334003448486 -0.15918965637683868408 -0.77988010644912719727 -0.6852677464485168457 -0.84842640161514282227 -0.57724100351333618164
-9999 -9999 -1.5888289213180541992 -0.56267285346984863281 -0.90495324134826660156 -0.65164744853973388672 0.13314798474311828613 0.35438415408134460449 0.22704996168613433838 0.85297220945358276367 0.32252070307731628418 0.027965979650616645813 0.24373891949653625488 0.44894543290138244629 0.42743706703186035156 0.58553516864776611328 -1.0349130630493164063 -1.1638263463973999023 -0.58041924238204956055 0.3800455629825592041 0.36656394600868225098 -0.080494478344917297363 -0.66090816259384155273 -0.15125724673271179199 -0.20147085189819335938 -0.59070324897766113281 0.002133289119228720665 0.16736297309398651123 0.25911378860473632813 -0.54292327165603637695 -0.94327402114868164063 -0.5135218501091003418 -0.73109823465347290039 -1.0598576068878173828 -0.35279813408851623535 -0.54313200712203979492 -0.59480774402618408203 -0.43730688095092773438 -0.46952712535858154297 -0.62151110172271728516
-9999 -9999 -9999 -0.62342250347137451172 -1.3951886892318725586 -0.41160926222801208496 0.66641193628311157227 0.72290509939193725586 1.4881565570831298828 1.0010217428207397461 -0.33019152283668518066 0.46118858456611633301 0.37035369873046875 0.16284410655498504639 0.098449505865573883057 -0.54565095901489257813 -0.89740478992462158203 -0.34406226873397827148 0.71798163652420043945 0.86950927972793579102 0.57993042469024658203 -0.51490837335586547852 -0.48517668247222900391 -0.26022705435752868652 0.038567304611206054688 0.3749695122241973877 0.60154545307159423828 0.97566735744476318359 0.49096032977104187012 -0.41718173027038574219 -0.99754369258880615234 -0.46279245615005493164 -0.52418398857116699219 -1.2347940206527709961 -0.92918223142623901367 -0.20361101627349853516 -0.36871725320816040039 -0.42126816511154174805 -0.2590344846248626709 0.0092984428629279136658
-9999 -9999 -9999 -1.3237614631652832031 -1.3561012744903564453 -0.34554830193519592285 0.33095666766166687012 0.24340732395648956299 1.5363676548004150391 1.2655415534973144531 -0.066176451742649078369 0.90772861242294311523 0.88448596000671386719 0.35743638873100280762 -0.36457005143165588379 -0.92853718996047973633 -0.62543016672134399414 0.079043157398700714111 0.17111845314502716064 -0.41172304749488830566 -0.14324402809143066406 -0.23960550129413604736 -0.52580511569976806641 -0.40197169780731201172 0.71969455480575561523 1.0990365743637084961 0.9880759119987487793 1.1537988185882568359 0.050233870744705200195 -0.98370659351348876953 -1.1749712228775024414 -0.71539306640625 -0.96992826461791992188 -1.3155730962753295898 -0.76702028512954711914 -0.078124836087226867676 0.067384347319602966309 0.64709925651550292969 -0.53561264276504516602 -0.114607982337474823
-9999 -9999 -1.8801038265228271484 -1.1795444488525390625 -1.4070253372192382813 -1.0117498636245727539 0.37442201375961303711 0.85010552406311035156 1.0562977790832519531 0.76217871904373168945 -0.30266466736793518066 0.38222840428352355957 0.38061308860778808594 -0.00022406913922168314457 -1.0296611785888671875 -1.3257459402084350586 -0.91638708114624023438 -0.89566469192504882813 -0.63656669855117797852 -0.38165265321731567383 -0.22524480521678924561 -0.72714430093765258789 -0.71215534210205078125 -0.67987239360809326172 0.038602855056524276733 0.54118490219116210938 1.0045496225357055664 1.3700850009918212891 -0.35616642236709594727 -0.94826734066009521484 -1.1479777097702026367 -1.3889317512512207031 -1.07048797607421875 -0.70014292001724243164 -0.41621732711791992188 0.83680295944213867188 1.5455772876739501953 2.1740405559539794922 -0.43999001383781433105 0.16147635877132415771
-9999 -9999 -1.849445343017578125 -1.696322321891784668 -1.7998987436294555664 -1.0902912616729736328 0.16556860506534576416 0.57386153936386108398 0.47199934720993041992 0.2322539985179901123 -0.092938639223575592041 0.086243860423564910889 -0.16675879061222076416 -0.43683758378028869629 -1.2015725374221801758 -1.3032685518264770508 -0.78545838594436645508 -0.59281235933303833008 -0.51472675800323486328 -0.2560863196849822998 -0.092729210853576660156 -0.70340073108673095703 -0.57360512018203735352 -0.45782434940338134766 0.47400701045989990234 0.72477185726165771484 1.55225372314453125 1.3413746356964111328 0.25161963701248168945 -1.242789149284362793 -0.7610645294189453125 -0.96180003881454467773 0.26445421576499938965 0.95483309030532836914 0.82139188051223754883 1.33758544921875 2.6570191383361816406 3.0891311168670654297 0.38967600464820861816 0.21311458945274353027
-9999 -1.8428864479064941406 -1.7007055282592773438 -1.390529632568359375 -0.8142185211181640625 -0.26690870523452758789 -0.34594064950942993164 -0.57878005504608154297 0.11142823100090026855 0.44516411423683166504 -0.028053436428308486938 0.34585577249526977539 -0.33895453810691833496 -0.78356122970581054688 -1.4803264141082763672 -1.2255487442016601563 -0.88605237007141113281 -0.76551038026809692383 -0.57554167509078979492 0.42821270227432250977 0.090452454984188079834 -0.4832776188850402832 -0.14955660700798034668 -0.49853289127349853516 -0.61219418048858642578 0.36869570612907409668 0.51533544063568115234 -0.27009990811347961426 -1.2505068778991699219 -1.1447916030883789063 -0.74933981895446777344 -0.57019734382629394531 0.24553909897804260254 1.1488591432571411133 1.473069310188293457 2.0150368213653564453 1.150954127311706543 1.6355789899826049805 3.0202009677886962891 1.3058248758316040039
-9999 -1.8148405551910400391 -1.6131600141525268555 -1.0701279640197753906 -0.4126783907413482666 -0.0089463591575622558594 -0.88441056013107299805 -0.56214475631713867188 -0.21316908299922943115 -0.17609643936157226563 -0.6477031707763671875 -0.70151460170745849609 -0.77489775419235229492 -0.92618823051452636719 -1.410447239875793457 -0.98648411035537719727 -0.49364367127418518066 -0.37674403190612792969 -0.65648239850997924805 0.057232256978750228882 -0.27415919303894042969 0.036381885409355163574 -0.18764472007751464844 -0.73551428318023681641 -0.79995352029800415039 0.30253455042839050293 -1.0380021333694458008 -1.4538640975952148438 -1.2225748300552368164 0.45404928922653198242 0.21483010053634643555 0.15110385417938232422 -0.030192963778972625732 0.5069783329963684082 1.2048979997634887695 0.79781961441040039063 0.34500902891159057617 1.7491394281387329102 4.2740983963012695313 2.1627209186553955078
-9999 -1.6000972986221313477 -1.51055908203125 -1.345287322998046875 -0.95461356639862060547 -0.66097474098205566406 -1.1797525882720947266 -0.72433769702911376953 -0.49279043078422546387 -0.7687778472900390625 -1.2618736028671264648 -1.4027495384216308594 -1.5152117013931274414 -1.642504572868347168 -1.195765376091003418 -0.61675894260406494141 -0.32998985052108764648 -0.5188687443733215332 -0.65979313850402832031 -0.36816394329071044922 -0.44018781185150146484 -0.043129023164510726929 -0.92227888107299804688 -0.93471854925155639648 -1.148101806640625 -0.51233059167861938477 -1.426794886589050293 -1.5407710075378417969 -1.1090576648712158203 -0.015770222991704940796 1.2588411569595336914 0.34619641304016113281 0.11682811379432678223 -0.081400707364082336426 1.1419196128845214844 0.052160091698169708252 0.42966061830520629883 1.2558296918869018555 2.4035179615020751953 2.0218341350555419922
-9999 -1.1767791509628295898 -1.5624396800994873047 -1.0871995687484741211 -0.21487618982791900635 -0.4738572239875793457 -0.80951935052871704102 -1.1705384254455566406 -1.0524364709854125977 -1.4179931879043579102 -1.7531691789627075195 -1.4698233604431152344 -1.2546509504318237305 -0.7345040440559387207 -0.68713903427124023438 -0.66445612907409667969 -0.68568658828735351563 -0.81808197498321533203 -0.49627315998077392578 -0.31574359536170959473 -0.50535029172897338867 -0.63108986616134643555 -1.005584716796875 -1.0991408824920654297 -0.89185494184494018555 -0.79144775867462158203 -1.4732084274291992188 -1.1072704792022705078 -0.80468696355819702148 -0.81095105409622192383 -0.26953110098838806152 -0.64099764823913574219 -0.36954009532928466797 -0.34140241146087646484 0.76062542200088500977 0.27886337041854858398 0.3053753972053527832 1.5380811691284179688 1.8625355958938598633 1.3746129274368286133
-2.1958897113800048828 -1.5232856273651123047 -1.6463046073913574219 -0.9877898097038269043 -0.23478865623474121094 -0.62270110845565795898 -0.81265944242477416992 -1.2933886051177978516 -1.3406269550323486328 -1.2862260341644287109 -0.62912744283676147461 -0.4633522331714630127 0.048738785088062286377 -0.26244866847991943359 -0.69638746976852416992 -0.6025759577751159668 -0.41217291355133056641 -0.74358117580413818359 -0.62305533885955810547 -0.72806924581527709961 -0.99843245744705200195 -1.1488554477691650391 -1.3924745321273803711 -1.2395998239517211914 -0.90352475643157958984 -1.223847508430480957 -1.2697839736938476563 -0.87771075963973999023 -0.66773331165313720703 -0.62545663118362426758 -0.56240326166152954102 -0.67823249101638793945 -0.5239461064338684082 0.13463789224624633789 0.045229572802782058716 -0.71811693906784057617 0.38912335038185119629 1.3797910213470458984 1.3419252634048461914 0.39420068264007568359
-1.8385530710220336914 -1.6088945865631103516 -1.3603862524032592773 -0.83564805984497070313 -0.25765445828437805176 -0.14572614431381225586 -0.1602665334939956665 -0.93600291013717651367 -1.2145880460739135742 -1.0869287252426147461 -0.94270783662796020508 -0.91710650920867919922 -0.26230129599571228027 -0.49069163203239440918 -0.77935588359832763672 -0.7309023737907409668 -0.78797799348831176758 -0.98137831687927246094 -1.1598433256149291992 -0.99617469310760498047 -0.84446603059768676758 -0.73629838228225708008 -1.2102825641632080078 -1.4842208623886108398 -1.3081585168838500977 -1.1645586490631103516 -0.82173275947570800781 -0.39053976535797119141 -0.30857068300247192383 -0.082935221493244171143 -0.24390588700771331787 -0.61064863204956054688 -0.61471766233444213867 0.77257513999938964844 -0.17076379060745239258 -0.71199047565460205078 0.34227934479713439941 1.2905287742614746094 0.64102071523666381836 0.20955431461334228516
-1.3027502298355102539 -0.88997977972030639648 -0.7344296574592590332 -0.29148936271667480469 -0.19465279579162597656 0.06964798271656036377 -0.094436310231685638428 -0.91720092296600341797 -1.0942186117172241211 -0.64731538295745849609 -0.97435086965560913086 -0.92864638566970825195 -1.0939924716949462891 -0.71385663747787475586 -0.30405890941619873047 -0.45064046978950500488 -0.72817271947860717773 -1.2406818866729736328 -0.7337703704833984375 -0.28986823558807373047 -0.43011716008186340332 -1.0014814138412475586 -1.2046227455139160156 -1.3112332820892333984 -1.4584702253341674805 -0.79144775867462158203 -0.66539084911346435547 -0.50518548488616943359 -0.72190213203430175781 -0.36142021417617797852 0.097128950059413909912 -0.066402040421962738037 -1.0903158187866210938 -0.1013946235179901123 -0.556671142578125 -0.83364236354827880859 0.16748902201652526855 1.6060419082641601563 0.88632625341415405273 0.90228480100631713867
-0.78336280584335327148 -0.30603104829788208008 -0.26390433311462402344 0.16670624911785125732 -0.039453044533729553223 -0.75900387763977050781 0.1449076235294342041 -0.44300797581672668457 -1.2384021282196044922 -0.78943037986755371094 -0.68599426746368408203 -0.86180138587951660156 -1.3097033500671386719 -0.61658376455307006836 0.48189029097557067871 0.48687908053398132324 -0.12034785747528076172 -1.2220414876937866211 -0.24853397905826568604 0.88076281547546386719 0.50823169946670532227 -0.48781716823577880859 -0.52119183540344238281 -1.3621553182601928711 -1.2063822746276855469 -0.69099080562591552734 -0.70427978038787841797 -0.32231211662292480469 -0.53854012489318847656 -0.66266953945159912109 -0.28145685791969299316 0.43518847227096557617 0.13096062839031219482 -0.53933453559875488281 -0.66807979345321655273 -0.48565047979354858398 -0.49185577034950256348 0.92195612192153930664 0.41830366849899291992 1.0522294044494628906
