INPUT/RASTER/maxent_background_data/green.asc
ncols        113
nrows        135
xllcorner    473009.983799999987
yllcorner    4429001.174800000153
cellsize     100.000000000000
NODATA_value  -9999
[rows 36 to 53 of 135, columns 40 to 79 of 113]
-0.49124622344970703125 -0.74041521549224853516 -0.29258111119270324707 0.42351868748664855957 0.36690589785575866699 0.58989894390106201172 0.88517564535140991211 1.7152236700057983398 0.71483242511749267578 1.0437095165252685547 0.95826345682144165039 0.29272180795669555664 1.060525059700012207 1.3073179721832275391 0.14010824263095855713 -9999 -9999 -9999 -9999 -9999 -9999 -9999 -0.60720407962799072266 -0.2570184171199798584 -0.24409721791744232178 0.20564693212509155273 -9999 -9999 -9999 -9999 -9999 -9999 -9999 -9999 -9999 -9999 -9999 -9999 -9999 -9999
-0.48428079485893249512 -0.58227115869522094727 -0.46266704797744750977 -0.015981590375304222107 0.51251071691513061523 0.64660090208053588867 0.22692003846168518066 0.36938798427581787109 0.3567059636116027832 0.89164596796035766602 0.27266260981559753418 -0.15406771004199981689 0.72692823410034179688 0.41084957122802734375 0.95722341537475585938 1.2952338457107543945 0.50344133377075195313 -9999 -9999 -9999 -9999 0.9469394683837890625 -0.29671537876129150391 0.068677760660648345947 0.60158812999725341797 0.39761811494827270508 -9999 -9999 -9999 -9999 -9999 -9999 -9999 -9999 -9999 -9999 -9999 -9999 -9999 -9999
-0.15331661701202392578 -0.39503213763236999512 -0.41120076179504394531 0.053021717816591262817 0.98892396688461303711 0.50730544328689575195 -0.30101186037063598633 -0.19717110693454742432 0.89413583278656005859 0.61378473043441772461 -0.0030707393307238817215 -0.011537062004208564758 0.61626034975051879883 0.48725783824920654297 1.3534108400344848633 1.2786631584167480469 0.20675419270992279053 0.84173548221588134766 -9999 -9999 -9999 0.13652275502681732178 0.84968471527099609375 1.0537141561508178711 1.6523578166961669922 0.63028556108474731445 -9999 -9999 -9999 -9999 -9999 -9999 -9999 -9999 -9999 -9999 -9999 -9999 -9999 -0.20315919816493988037
0.43953475356101989746 -0.11292286217212677002 -0.52938413619995117188 -0.31123507022857666016 -0.25028440356254577637 -0.54751515388488769531 -0.082875110208988189697 1.0275375843048095703 0.91615289449691772461 0.33379685878753662109 0.39334875345230102539 -0.027366332709789276123 0.40011769533157348633 0.62219804525375366211 1.4073444604873657227 1.1713339090347290039 0.81634557247161865234 1.2533036470413208008 -0.64021486043930053711 -9999 -0.73748385906219482422 -0.34485861659049987793 1.8714272975921630859 2.0535056591033935547 1.1746504306793212891 2.5698001384735107422 -9999 -9999 -9999 -9999 -9999 -9999 -9999 -9999 -9999 -9999 -9999 -9999 -9999 -0.058825787156820297241
0.72697800397872924805 -0.13797536492347717285 -0.69221764802932739258 -0.71966499090194702148 -0.82781070470809936523 -0.69355243444442749023 0.16310395300388336182 1.6533209085464477539 0.49913060665130615234 -0.8610127568244934082 -0.8132502436637878418 -0.046350598335266113281 -0.4244632422924041748 -0.12955300509929656982 0.8507893681526184082 0.56320393085479736328 0.5331071019172668457 0.31318628787994384766 -0.055657863616943359375 1.3802105188369750977 -0.91324633359909057617 -0.18634872138500213623 1.823315739631652832 1.8957170248031616211 2.5902166366577148438 4.022129058837890625 -9999 -9999 -9999 -9999 -9999 -9999 -9999 -9999 -9999 -9999 -9999 -9999 -9999 0.019831251353025436401
0.20668050646781921387 -0.28922700881958007813 -0.11333201825618743896 -0.49135416746139526367 -0.29131937026977539063 0.14657723903656005859 0.16248084604740142822 0.092449784278869628906 -0.87565076351165771484 -0.62962967157363891602 -0.3947671353816986084 0.59949576854705810547 -0.72525817155838012695 -0.84184366464614868164 0.31769740581512451172 1.0093780755996704102 1.418172001838684082 1.5180013179779052734 0.55124908685684204102 1.3956668376922607422 -1.1458466053009033203 -0.32787424325942993164 1.5184369087219238281 2.3876221179962158203 2.7877576351165771484 2.58484649658203125 -9999 -9999 -9999 -9999 -9999 -9999 -9999 -9999 -9999 -9999 -9999 -9999 -9999 -0.064759582281112670898
0.15179225802421569824 0.18731552362442016602 0.77738744020462036133 0.10489135980606079102 -0.58561551570892333984 -0.43981611728668212891 -0.069238364696502685547 -0.91169047355651855469 -1.521329045295715332 -0.51613712310791015625 0.93916153907775878906 1.1202005147933959961 -0.25970801711082458496 -0.50161874294281005859 0.50669586658477783203 1.5613180398941040039 1.827841639518737793 2.8215880393981933594 1.7861396074295043945 1.286692500114440918 -0.97949928045272827148 -0.65427112579345703125 1.156361699104309082 1.9453204870223999023 2.0519349575042724609 3.5211644172668457031 -9999 -9999 -9999 -9999 -9999 -9999 -9999 -9999 -9999 -9999 -9999 -9999 -9999 1.2493833303451538086
0.33153453469276428223 0.44509366154670715332 0.29455494880676269531 -0.77113777399063110352 -1.0076816082000732422 -0.80293267965316772461 -0.25332045555114746094 -0.69685089588165283203 -1.0655121803283691406 0.44765913486480712891 1.6908653974533081055 0.39298808574676513672 -0.44945499300956726074 -1.041161656379699707 -0.81350815296173095703 0.91917473077774047852 1.7192635536193847656 1.6738991737365722656 1.9712456464767456055 1.8591123819351196289 -0.3780975639820098877 0.3545347750186920166 1.7443716526031494141 1.9652057886123657227 1.8793570995330810547 -9999 -9999 -9999 -9999 -9999 -9999 -9999 -9999 -9999 -9999 -9999 -9999 -9999 -9999 0.41256895661354064941
0.52048903703689575195 0.94083893299102783203 0.69034296274185180664 -0.48003858327865600586 -0.89510238170623779297 -1.0363383293151855469 -0.32533720135688781738 -0.55828195810317993164 -1.3192323446273803711 -0.29499793052673339844 0.58337175846099853516 -0.16881364583969116211 -0.83152610063552856445 -0.67288303375244140625 -0.35880818963050842285 0.22989921271800994873 1.039662480354309082 0.56662267446517944336 0.97612047195434570313 1.2137922048568725586 0.69847249984741210938 1.7190865278244018555 2.2876422405242919922 1.5516183376312255859 -9999 -9999 -9999 -9999 -9999 -9999 -9999 -9999 -9999 -9999 -9999 -9999 -9999 -9999 -9999 -0.10367182642221450806
0.45687398314476013184 0.57888329029083251953 0.61104857921600341797 -0.021627098321914672852 -0.83176523447036743164 -1.0329002141952514648 -0.775409698486328125 -0.34616947174072265625 -1.1271932125091552734 -0.4778499305248260498 0.50459641218185424805 0.34963905811309814453 -0.38398352265357971191 -0.76128041744232177734 0.30183580517768859863 0.41565671563148498535 0.097883276641368865967 -0.49279755353927612305 -0.24063001573085784912 0.32004442811012268066 1.0233309268951416016 1.556306004524230957 2.1302957534790039063 1.4418393373489379883 -0.26433610916137695313 -9999 -9999 -9999 -9999 -9999 -9999 -9999 -9999 -9999 -9999 -9999 -9999 -9999 -9999 -9999
0.57278400659561157227 0.59880024194717407227 -0.055906075984239578247 -0.25468108057975769043 -0.24816554784774780273 -9999 1.9238153696060180664 0.14520885050296783447 -0.68559741973876953125 -0.041377328336238861084 0.41748470067977905273 0.11706468462944030762 -0.51192080974578857422 -0.86141937971115112305 -0.022126752883195877075 -0.13747441768646240234 -0.54769808053970336914 -0.40910065174102783203 -1.0437787771224975586 -0.28731566667556762695 0.97529500722885131836 0.83496528863906860352 1.3357756137847900391 1.4849834442138671875 -0.25735452771186828613 -9999 -9999 -9999 -9999 -9999 -9999 -9999 -9999 -9999 -9999 -9999 -9999 -9999 -9999 -9999
0.028748750686645507813 -0.35151505470275878906 -0.84606450796127319336 -0.9326216578483581543 -0.50288695096969604492 -0.5926100611686706543 1.7338434457778930664 0.22805121541023254395 -0.65537512302398681641 -0.49644896388053894043 -0.42148730158805847168 -0.75558900833129882813 -0.61457157135009765625 -0.82966965436935424805 0.55610924959182739258 0.10648404806852340698 -0.35517680644989013672 -0.45687416195869445801 -1.1470248699188232422 -0.70738309621810913086 -0.59500944614410400391 0.088773801922798156738 0.71331346035003662109 1.4062410593032836914 -9999 -9999 -9999 -9999 -9999 -9999 -9999 -9999 -9999 -9999 -9999 -9999 -9999 -9999 -9999 -9999
-0.79674166440963745117 -0.46895182132720947266 -0.9648761749267578125 -0.95840716361999511719 -0.78359484672546386719 -1.318430781364440918 -1.2714542150497436523 -9999 -9999 -9999 0.92028588056564331055 -0.041304931044578552246 -0.68569433689117431641 -0.47870770096778869629 0.57667326927185058594 1.038798213005065918 0.15579400956630706787 -0.72812485694885253906 -0.90398687124252319336 -0.30433040857315063477 0.27207505702972412109 1.0866124629974365234 0.6014989018440246582 -9999 -9999 -9999 -9999 -9999 -9999 -9999 -9999 -9999 -9999 -9999 -9999 -9999 -9999 -0.907382965087890625 -0.025440758094191551208 0.14251084625720977783
-1.3316700458526611328 -0.40788480639457702637 -1.0451090335845947266 -1.1861200332641601563 -0.41850551962852478027 0.085746787488460540771 0.99019348621368408203 -9999 -9999 -0.21333973109722137451 0.058670457452535629272 0.49379470944404602051 -0.5023142695426940918 -0.17079158127307891846 0.51549249887466430664 0.13828155398368835449 -0.003905866062268614769 -0.31275406479835510254 -0.12510912120342254639 -0.1906045079231262207 -0.30037775635719299316 0.62430715560913085938 -9999 -9999 -9999 -9999 -9999 -9999 -9999 -9999 -9999 -9999 -9999 -9999 -9999 -9999 -9999 -0.97975462675094604492 -0.6832523345947265625 0.058035712689161300659
-1.4334332942962646484 -1.5312749147415161133 -1.1846327781677246094 -0.33289858698844909668 0.52676993608474731445 0.11366471648216247559 -0.826702117919921875 -9999 1.9954798221588134766 -0.096935227513313293457 -0.37550684809684753418 0.33948439359664916992 0.55911427736282348633 0.58588939905166625977 -0.023883620277047157288 -0.19309566915035247803 -0.21418261528015136719 0.071141123771667480469 0.33816254138946533203 -0.09174477308988571167 -0.30083993077278137207 -0.4428037106990814209 -9999 -9999 -9999 -9999 -9999 -9999 -9999 -9999 -9999 -9999 -9999 -9999 -9999 -9999 -9999 -0.67705935239791870117 -0.61377263069152832031 0.66014719009399414063
-0.94974046945571899414 -1.3298898935317993164 -1.1929070949554443359 -1.3619749546051025391 -1.1496666669845581055 -1.1683264970779418945 -1.4069955348968505859 -1.288875579833984375 1.0293875932693481445 -0.10939037799835205078 -0.45654517412185668945 -0.0975971221923828125 0.39298096299171447754 0.19513028860092163086 -0.28255957365036010742 -0.41189369559288024902 -0.49875590205192565918 0.78229218721389770508 1.3758074045181274414 0.41392764449119567871 -0.18735837936401367188 -0.68857657909393310547 -9999 -9999 -9999 -9999 -9999 -9999 -9999 -9999 -9999 -9999 -9999 -9999 -9999 -9999 -9999 -0.5739606022834777832 -0.25937059521675109863 -0.1105183139443397522
-0.4031810760498046875 -1.1188290119171142578 -1.4335715770721435547 -1.4545376300811767578 -1.3680620193481445313 -1.1939904689788818359 -1.0350267887115478516 -1.1459609270095825195 -0.338474273681640625 0.27314028143882751465 -0.18878687918186187744 -0.19869399070739746094 0.45835807919502258301 -0.15955550968647003174 -0.5284836888313293457 -0.71447390317916870117 -0.9081179499626159668 -0.12454676628112792969 0.39892899990081787109 0.25902974605560302734 -0.66700291633605957031 -0.50721704959869384766 -1.1352057456970214844 -9999 -9999 -9999 -9999 -9999 -9999 -9999 -9999 -9999 -9999 -9999 -9999 -9999 -0.37497359514236450195 -0.31909573078155517578 -0.71711373329162597656 -0.52583223581314086914
-1.1423057317733764648 -1.1831874847412109375 -1.0031549930572509766 -1.1276236772537231445 -1.2007218599319458008 -1.1590328216552734375 -1.0231043100357055664 -0.89545530080795288086 -0.35571071505546569824 0.044804900884628295898 0.63641846179962158203 1.0355198383331298828 0.75207704305648803711 0.055914927273988723755 -0.37913304567337036133 -0.61714607477188110352 -0.60996735095977783203 -0.019864412024617195129 0.59018206596374511719 0.4074967801570892334 -0.18227134644985198975 -0.41213282942771911621 0.28622114658355712891 1.1832486391067504883 -9999 -9999 -9999 -9999 -9999 -9999 -9999 -9999 -9999 -9999 -9999 -0.57696497440338134766 -0.64617061614990234375 -0.54989773035049438477 -0.29696035385131835938 -0.26876124739646911621
