INPUT/RASTER/maxent_background_data/green.asc
ncols        113
nrows        135
xllcorner    473009.983799999987
yllcorner    4429001.174800000153
cellsize     100.000000000000
NODATA_value  -9999
[rows 72 to 89 of 135, columns 40 to 79 of 113]
-0.4581559598445892334 -0.58800911903381347656 -0.68028932809829711914 -1.3564032316207885742 -1.051848292350769043 -0.90916246175765991211 -0.78412878513336181641 -0.28915008902549743652 1.0374834537506103516 1.8081722259521484375 0.48802834749221801758 -0.48393046855926513672 -0.29887622594833374023 -0.17851068079471588135 -0.19932292401790618896 0.057138532400131225586 -0.016474135220050811768 0.083031333982944488525 -0.19099040329456329346 -0.45940411090850830078 0.18199773132801055908 1.2332844734191894531 1.0027792453765869141 2.9523487091064453125 4.7362232208251953125 -9999 -9999 3.9104020595550537109 2.7494840621948242188 0.059800338000059127808 -0.4222571253776550293 -0.31558263301849365234 -0.29295277595520019531 0.53657168149948120117 -9999 -9999 -9999 2.0218625068664550781 1.0744307041168212891 -0.034026015549898147583
-0.053387768566608428955 0.085501812398433685303 -0.24401253461837768555 -0.90414977073669433594 0.60059851408004760742 -0.52933305501937866211 -0.70328891277313232422 1.2775177955627441406 1.5605281591415405273 0.1211052238941192627 -0.62740093469619750977 -0.8175525665283203125 -0.87645936012268066406 -0.71137642860412597656 -0.30183923244476318359 0.56088989973068237305 0.81223458051681518555 0.52550494670867919922 -0.17804011702537536621 -0.75623345375061035156 -0.099676534533500671387 0.50996077060699462891 1.0741140842437744141 2.4079444408416748047 2.1242923736572265625 1.6223229169845581055 2.4037339687347412109 2.7177803516387939453 1.7671204805374145508 -0.11077105253934860229 -0.23434524238109588623 0.91520917415618896484 1.3248058557510375977 0.21318376064300537109 0.77187317609786987305 1.922719120979309082 0.052417352795600891113 2.9939875602722167969 1.761993408203125 0.13854011893272399902
0.23540705442428588867 0.54672700166702270508 0.39807963371276855469 -0.11884502321481704712 0.4588280022144317627 -0.69505524635314941406 -0.85858947038650512695 0.92069959640502929688 -0.37832701206207275391 -0.9429327845573425293 -0.56804364919662475586 -0.74345123767852783203 -0.9742221832275390625 -0.13396908342838287354 0.25260213017463684082 0.91389769315719604492 0.90474879741668701172 0.55973094701766967773 -0.43489909172058105469 -0.63477748632431030273 0.015650447458028793335 -0.048022788017988204956 0.34264972805976867676 1.942286372184753418 1.9256639480590820313 1.7726715803146362305 1.942210078239440918 1.6872844696044921875 0.13358364999294281006 -0.16860033571720123291 0.23059472441673278809 1.0632677078247070313 1.2560927867889404297 0.47362047433853149414 0.44527593255043029785 0.21156004071235656738 -0.17985127866268157959 1.7144583463668823242 1.9995816946029663086 0.30646714568138122559
0.79718488454818725586 1.4068086147308349609 0.54726803302764892578 -0.65065652132034301758 -1.0476952791213989258 -0.80156493186950683594 0.010850408114492893219 0.40275752544403076172 -0.52076458930969238281 -0.059066887944936752319 0.37657836079597473145 -0.38420006632804870605 -0.37001517415046691895 0.53932207822799682617 0.80207085609436035156 0.48712405562400817871 0.58785116672515869141 0.063846692442893981934 -0.56075632572174072266 -0.11534032970666885376 1.1471403837203979492 0.15290273725986480713 -0.31184849143028259277 1.6091574430465698242 1.6277461051940917969 1.1494731903076171875 1.3536280393600463867 1.1430190801620483398 0.58927708864212036133 0.26965951919555664063 0.36979392170906066895 0.22155053913593292236 0.15014785528182983398 -0.1984186321496963501 -0.49594673514366149902 -0.47003582119941711426 -0.34781646728515625 1.1691529750823974609 2.3006217479705810547 0.94751411676406860352
0.035718698054552078247 0.54248350858688354492 -0.074843801558017730713 -0.89024740457534790039 -1.0993005037307739258 -0.35818961262702941895 0.63034892082214355469 1.8420853614807128906 1.5927942991256713867 1.0403023958206176758 0.38816800713539123535 0.42823469638824462891 0.38230401277542114258 0.88011640310287475586 0.32330542802810668945 0.1772028505802154541 0.042055834084749221802 -0.38563308119773864746 0.012292488478124141693 1.0909898281097412109 0.65711432695388793945 1.0891896486282348633 1.4900853633880615234 2.5466802120208740234 1.7746883630752563477 0.6666691899299621582 0.39219367504119873047 0.74873459339141845703 0.38594186305999755859 0.47504055500030517578 0.95477688312530517578 -0.054055482149124145508 -0.62356984615325927734 -0.99755406379699707031 -1.5680238008499145508 -1.1820776462554931641 -0.4795195460319519043 0.15067853033542633057 0.72446805238723754883 -0.16955763101577758789
0.050277177244424819946 0.79049026966094970703 0.33819290995597839355 -0.42290803790092468262 -0.64423340559005737305 -0.046177364885807037354 1.4458875656127929688 2.2091338634490966797 1.6239053010940551758 1.3713202476501464844 0.64175176620483398438 0.46304175257682800293 0.48748990893363952637 0.64518791437149047852 -0.020917370915412902832 -0.36083331704139709473 -0.66692662239074707031 -0.58929800987243652344 1.1712563037872314453 2.4830617904663085938 2.0805127620697021484 2.1789917945861816406 2.7556958198547363281 3.4884743690490722656 2.4147832393646240234 0.47739082574844360352 0.6379458308219909668 0.34986013174057006836 -0.058216247707605361938 0.302120208740234375 0.88350087404251098633 0.099612347781658172607 -0.58572477102279663086 -0.4827372431755065918 -1.1454477310180664063 -1.3759549856185913086 -0.94414728879928588867 -0.20105457305908203125 0.24526244401931762695 -0.91658294200897216797
1.2196290493011474609 1.7070211172103881836 1.2897479534149169922 0.4313793480396270752 -0.2131509929895401001 0.63270497322082519531 2.6523225307464599609 1.2402738332748413086 0.31500586867332458496 0.60580641031265258789 0.36726462841033935547 0.17063301801681518555 0.36881983280181884766 0.62496387958526611328 0.52893209457397460938 0.24165304005146026611 -0.77880322933197021484 -0.56896537542343139648 0.79947823286056518555 2.7724061012268066406 3.4839546680450439453 2.4230258464813232422 1.5130254030227661133 2.6855258941650390625 2.2503497600555419922 0.00099953357130289077759 -0.1567980349063873291 -0.33104151487350463867 -0.51602339744567871094 -0.56610703468322753906 0.38682353496551513672 -0.3337033390998840332 -0.91413378715515136719 -0.38292407989501953125 -0.8243777155876159668 -0.91437429189682006836 -0.062486898154020309448 -0.085817441344261169434 0.23607863485813140869 -0.74145650863647460938
1.3106300830841064453 0.90426337718963623047 0.74243944883346557617 0.98528420925140380859 1.3555762767791748047 1.5092434883117675781 2.8161816596984863281 1.7625596523284912109 0.31911426782608032227 -0.51498526334762573242 -0.26750597357749938965 0.081999063491821289063 1.0267457962036132813 1.275328516960144043 1.5840893983840942383 0.58595985174179077148 0.077930085361003875732 -0.64828497171401977539 -0.38307923078536987305 0.44898745417594909668 1.6615804433822631836 0.66111671924591064453 0.019826080650091171265 0.30549499392509460449 0.4418475031852722168 -0.61723983287811279297 -1.0160683393478393555 -0.89696460962295532227 -0.16735282540321350098 -0.2670586705207824707 0.5567989349365234375 0.31787320971488952637 -0.1418924480676651001 0.11799095571041107178 -1.0189131498336791992 -1.0693645477294921875 -0.69303858280181884766 -0.7806059718132019043 -0.51147216558456420898 -0.94853234291076660156
0.24610275030136108398 0.50247949361801147461 0.18824630975723266602 0.43593892455101013184 0.62787842750549316406 0.35722371935844421387 0.90544039011001586914 0.10306338965892791748 0.47226047515869140625 0.59039080142974853516 -0.13355022668838500977 -0.30635100603103637695 -0.32708954811096191406 -0.32050418853759765625 -0.62345802783966064453 -0.78974258899688720703 -0.12283319979906082153 -1.0171815156936645508 -0.95733869075775146484 -0.58370029926300048828 -0.028981642797589302063 0.014693154953420162201 0.085687972605228424072 -0.084520153701305389404 -0.26676392555236816406 -0.49338835477828979492 -0.79901558160781860352 -0.39745736122131347656 0.38193753361701965332 0.15354977548122406006 0.017409902065992355347 -0.54983115196228027344 -1.2186059951782226563 -0.38613080978393554688 -0.98644208908081054688 -1.3514705896377563477 -1.2884218692779541016 -0.86401003599166870117 -0.78340482711791992188 -0.55202883481979370117
0.22187630832195281982 0.66499441862106323242 0.48094722628593444824 0.51661461591720581055 0.79081022739410400391 -0.13137514889240264893 -0.61229497194290161133 -0.34420189261436462402 -0.97505021095275878906 -0.55683666467666625977 0.0808698311448097229 -0.15888261795043945313 -0.65345472097396850586 -0.34179088473320007324 -0.59848439693450927734 -0.34269517660140991211 -0.78467881679534912109 -1.155239105224609375 -1.0838158130645751953 -0.56109434366226196289 -0.3291308283805847168 0.059399578720331192017 0.073248334228992462158 -0.33671095967292785645 -0.50596630573272705078 -0.18536621332168579102 0.14084899425506591797 -0.12609678506851196289 0.11602853238582611084 -0.016738504171371459961 -0.65043288469314575195 -0.78823912143707275391 -0.54923516511917114258 -0.70984452962875366211 -1.1498198509216308594 -1.2698266506195068359 -1.3146022558212280273 -1.2343984842300415039 -1.0377099514007568359 -0.5891615748405456543
-0.26359084248542785645 0.75280225276947021484 0.78921234607696533203 0.71755373477935791016 1.5884699821472167969 0.57029801607131958008 -0.042478762567043304443 0.49765878915786743164 -0.42001289129257202148 -1.1451827287673950195 -0.97821944952011108398 -0.94056117534637451172 -0.066072382032871246338 -0.087329328060150146484 -0.53680068254470825195 -0.46192306280136108398 -0.63544517755508422852 -0.74179196357727050781 -0.7395884394645690918 -0.97348725795745849609 -0.62702220678329467773 -0.33775097131729125977 0.22658197581768035889 -0.12120237946510314941 -0.26291406154632568359 -0.19072021543979644775 0.033647686243057250977 -0.52533519268035888672 -0.38366419076919555664 0.147058144211769104 0.97083628177642822266 1.3038197755813598633 0.76182317733764648438 -0.67108350992202758789 -1.143465876579284668 -0.70614075660705566406 -1.0065510272979736328 -1.3386904001235961914 -0.65976923704147338867 0.31356960535049438477
0.45546421408653259277 0.70185762643814086914 1.5898803472518920898 1.6203043460845947266 0.73633050918579101563 0.58055222034454345703 0.75205892324447631836 0.53642559051513671875 -0.44604530930519104004 -1.3071391582489013672 -0.5079358220100402832 -0.82006376981735229492 -0.014786428771913051605 -0.099458061158657073975 -0.75194662809371948242 -0.23037838935852050781 -0.66679155826568603516 -0.51373130083084106445 -0.57413899898529052734 -1.1730127334594726563 -0.61043727397918701172 -0.17840209603309631348 -0.11679728329181671143 -0.1373768150806427002 0.038812283426523208618 0.057307239621877670288 -0.084147185087203979492 0.052332676947116851807 0.45469373464584350586 0.67816895246505737305 0.61711162328720092773 0.85782849788665771484 1.3724797964096069336 0.85956209897994995117 0.69650620222091674805 -0.019934222102165222168 -0.96027910709381103516 -0.34557738900184631348 -0.24081100523471832275 0.63629049062728881836
1.1085449457168579102 0.80610883235931396484 0.62324708700180053711 1.2223237752914428711 -0.0096147190779447555542 0.046657431870698928833 0.85257470607757568359 1.2416622638702392578 0.14778985083103179932 -0.14400418102741241455 -0.47416040301322937012 -0.71400594711303710938 -0.34048452973365783691 -0.23283916711807250977 -0.49499008059501647949 0.84619617462158203125 -0.2579498589038848877 0.093418061733245849609 0.03272465243935585022 -0.94508391618728637695 -0.56205165386199951172 0.022650128230452537537 0.35798320174217224121 -0.042571842670440673828 -0.1189497336745262146 0.37322622537612915039 0.52072107791900634766 0.42384317517280578613 -0.21395315229892730713 -0.12973915040493011475 -0.20710019767284393311 -0.077712446451187133789 1.1586893796920776367 2.1996178627014160156 2.1010353565216064453 -0.10236161202192306519 -0.74526888132095336914 0.53373473882675170898 -0.28676301240921020508 0.56835824251174926758
1.1336917877197265625 0.52017879486083984375 0.24811492860317230225 0.2004067152738571167 -0.42732089757919311523 -0.29812705516815185547 0.77593952417373657227 1.3410611152648925781 1.2893518209457397461 0.3788840174674987793 -0.33254760503768920898 -0.94342529773712158203 -0.46224626898765563965 -0.33080300688743591309 -0.25901442766189575195 1.2698690891265869141 0.89417654275894165039 0.64067620038986206055 0.71029162406921386719 0.28014838695526123047 -0.43526622653007507324 -0.30379518866539001465 -0.26266327500343322754 -0.19953817129135131836 -0.31355750560760498047 -0.24542230367660522461 -0.3208325505256652832 0.22571323812007904053 0.023270009085536003113 0.015685997903347015381 -0.24252779781818389893 0.061493858695030212402 0.55201637744903564453 1.8408210277557373047 1.7468202114105224609 0.93805170059204101563 0.065217025578022003174 -0.50938630104064941406 -0.90194755792617797852 0.45045992732048034668
0.77986699342727661133 0.050133679062128067017 0.35493552684783935547 0.47616270184516906738 -0.36459398269653320313 -0.24433378875255584717 0.22861938178539276123 0.37157922983169555664 0.67228561639785766602 -0.37661927938461303711 -0.50811940431594848633 -0.4312858283519744873 -0.27232927083969116211 -0.13881243765354156494 -0.23041652143001556396 1.4173109531402587891 1.8257112503051757813 1.0892342329025268555 0.75205761194229125977 0.74447232484817504883 0.40450340509414672852 -0.56758534908294677734 -0.80686008930206298828 -0.70533984899520874023 -0.45027524232864379883 -0.36046680808067321777 -0.43547049164772033691 0.0018876637332141399384 0.21601620316505432129 0.030205050483345985413 -0.0068598357029259204865 -0.18680636584758758545 -0.22967123985290527344 0.5584659576416015625 2.4719388484954833984 2.5758616924285888672 1.3391742706298828125 -0.16832563281059265137 -0.31778743863105773926 0.3674863278865814209
0.12180913984775543213 -0.31077808141708374023 0.96342873573303222656 0.38537755608558654785 -0.23429158329963684082 0.16300764679908752441 0.065427102148532867432 0.70517098903656005859 0.37462368607521057129 0.60806226730346679688 0.26896658539772033691 -0.00042509421473369002342 -0.14353619515895843506 -0.24451541900634765625 0.50774753093719482422 1.2655009031295776367 1.5312540531158447266 0.72569751739501953125 0.84385371208190917969 0.80840736627578735352 0.3726826012134552002 -0.71964108943939208984 -1.0720082521438598633 -0.70520800352096557617 -0.49008533358573913574 -1.0349045991897583008 -0.9983367919921875 -0.40944194793701171875 0.034308288246393203735 0.034245591610670089722 -0.17442813515663146973 -0.22121655941009521484 -0.35332429409027099609 0.62653070688247680664 1.8376008272171020508 2.4749653339385986328 2.0459725856781005859 0.94918954372406005859 0.39864394068717956543 0.29843196272850036621
1.2559467554092407227 0.10472265630960464478 0.78010421991348266602 0.3952045142650604248 0.8960329890251159668 0.42914414405822753906 -0.20581907033920288086 0.46056869626045227051 0.53256285190582275391 0.13641998171806335449 -0.54835027456283569336 -0.69545406103134155273 -0.12926277518272399902 -0.2990449368953704834 0.31525924801826477051 0.38130792975425720215 0.97494792938232421875 1.2649688720703125 1.2759160995483398438 1.2157028913497924805 0.15631563961505889893 -1.198206782341003418 -1.2850115299224853516 -0.6496785283088684082 -0.48163256049156188965 -0.79325956106185913086 -0.88983500003814697266 -1.0385463237762451172 -0.54986476898193359375 -0.010479579679667949677 0.016348540782928466797 -0.41327306628227233887 0.47546717524528503418 1.4420390129089355469 1.5942887067794799805 1.7214095592498779297 2.1142706871032714844 1.0880771875381469727 0.51229226589202880859 0.33472183346748352051
1.0656483173370361328 -0.14791609346866607666 0.44777160882949829102 0.60012274980545043945 1.3395433425903320313 0.78157472610473632813 0.32842931151390075684 -0.13808590173721313477 0.22018989920616149902 -0.38717469573020935059 -1.4541556835174560547 -0.87311697006225585938 -0.12837269902229309082 0.89216631650924682617 0.75427991151809692383 1.1505914926528930664 1.1364983320236206055 1.8572973012924194336 1.7986122369766235352 1.0705103874206542969 -0.20168997347354888916 -1.1067132949829101563 -0.54336857795715332031 0.79094791412353515625 0.015013114549219608307 -0.44690307974815368652 -0.48330023884773254395 -1.0405986309051513672 -0.70962667465209960938 -0.61281853914260864258 0.23135811090469360352 0.18571119010448455811 -0.040424559265375137329 0.54747295379638671875 0.79624891281127929688 0.79718679189682006836 0.46181815862655639648 0.67688977718353271484 0.43718710541725158691 0.46706160902976989746
