INPUT/RASTER/maxent_background_data/roads.asc
ncols        113
nrows        135
xllcorner    473009.983799999987
yllcorner    4429001.174800000153
cellsize     100.000000000000
NODATA_value  -9999
[rows 72 to 89 of 135, columns 0 to 39 of 113]
-9999 -9999 -9999 -9999 2.5033893585205078125 2.1166622638702392578 1.8211209774017333984 1.3345597982406616211 0.56255125999450683594 -0.15745338797569274902 -0.56179499626159667969 -0.27945557236671447754 -0.76711964607238769531 -0.84008705615997314453 -0.3106123507022857666 0.18422786891460418701 -0.15441970527172088623 -0.77975547313690185547 -0.7783520817756652832 -0.039752241224050521851 -0.1032308042049407959 -0.90103489160537719727 -0.63605481386184692383 0.098129644989967346191 0.56587880849838256836 0.216890677809715271 -0.14325125515460968018 -0.13834233582019805908 0.1172874942421913147 -0.60227167606353759766 -0.60425913333892822266 -0.6610457301139831543 -0.94965040683746337891 -0.73750376701354980469 -0.19093790650367736816 0.41824179887771606445 0.28135317564010620117 -0.50686824321746826172 -1.0610516071319580078 -0.31923362612724304199
-9999 -9999 -9999 3.0623230934143066406 2.5340554714202880859 2.1206576824188232422 1.8701639175415039063 1.2829496860504150391 0.48632049560546875 -0.29796618223190307617 -0.93670290708541870117 -1.0746822357177734375 -1.0704981088638305664 -0.86660104990005493164 -0.89365845918655395508 -0.60017174482345581055 -0.85426747798919677734 -0.92762619256973266602 -0.39257836341857910156 0.33257693052291870117 -0.1968428194522857666 -0.78036093711853027344 -0.70479756593704223633 -0.14291703701019287109 -0.16792239248752593994 -0.39928972721099853516 -0.90398079156875610352 -0.94018095731735229492 -0.43668454885482788086 0.0778158530592918396 0.076958484947681427002 -0.16382153332233428955 -0.4915421903133392334 -1.0061297416687011719 -0.67190247774124145508 -0.022537985816597938538 -0.33682572841644287109 -0.50280147790908813477 -1.0705137252807617188 -0.30740845203399658203
-9999 -9999 -9999 2.5437605381011962891 1.9268636703491210938 1.416346430778503418 1.0873101949691772461 1.0249776840209960938 0.78241163492202758789 0.17543880641460418701 -0.33265981078147888184 -0.35320112109184265137 -0.3246726691722869873 -0.70800107717514038086 -1.0821915864944458008 -1.00189208984375 -0.93547761440277099609 -0.33369660377502441406 0.19066621363162994385 0.48652032017707824707 -0.26026704907417297363 -1.0597091913223266602 -0.82455235719680786133 -0.92805939912796020508 -0.90881788730621337891 -1.0357719659805297852 -0.73189944028854370117 -0.59217411279678344727 -0.33978885412216186523 0.37282800674438476563 0.63116568326950073242 0.29035529494285583496 0.027219131588935852051 -0.53607130050659179688 -1.0878796577453613281 -0.45888176560401916504 -0.84784591197967529297 -1.0279608964920043945 -0.88513559103012084961 -0.12417083233594894409
-9999 -9999 2.889129638671875 2.1424992084503173828 1.4303086996078491211 0.79145592451095581055 0.3266296088695526123 0.2296018451452255249 0.42232060432434082031 0.6928641200065612793 0.44246742129325866699 0.44949960708618164063 0.35568323731422424316 -0.28810545802116394043 -0.47208008170127868652 -0.96175265312194824219 -0.45362767577171325684 0.18993002176284790039 0.42186644673347473145 -0.10361562669277191162 -0.64338773488998413086 -1.0700272321701049805 -0.70761132240295410156 -0.53449076414108276367 -0.71913838386535644531 -0.76315337419509887695 -0.080404818058013916016 0.17673760652542114258 0.3083826899528503418 0.57747423648834228516 -0.036638002842664718628 -0.47072246670722961426 -0.64914172887802124023 -1.0367218255996704102 -1.0279535055160522461 -0.93475008010864257813 -0.95674145221710205078 -0.30794242024421691895 -0.22317999601364135742 -0.056694265455007553101
-9999 -9999 2.6988203525543212891 1.9055812358856201172 1.11925506591796875 0.35097432136535644531 -0.34367260336875915527 -0.55492365360260009766 -0.36615830659866333008 0.062412384897470474243 0.68078303337097167969 1.2506451606750488281 0.84550023078918457031 0.41159921884536743164 -0.13464069366455078125 -0.91696953773498535156 -0.51542043685913085938 0.27104428410530090332 -0.032774332910776138306 -0.67513060569763183594 -1.0187335014343261719 -0.50203847885131835938 -0.74604046344757080078 -1.1001183986663818359 -0.79086309671401977539 -0.43929469585418701172 0.20069415867328643799 0.95223003625869750977 0.85995960235595703125 0.17993049323558807373 -0.48337391018867492676 -1.0708009004592895508 -0.87625300884246826172 -0.60001832246780395508 -0.4757060706615447998 -0.94744378328323364258 -0.65158325433731079102 0.026949595659971237183 -0.41156965494155883789 -0.63836246728897094727
-9999 -9999 -9999 1.872304081916809082 1.0740826129913330078 0.28124377131462097168 -0.48568624258041381836 -0.96730935573577880859 -1.0535737276077270508 -0.4108486473560333252 0.37088516354560852051 1.1673475503921508789 1.2877706289291381836 0.80136585235595703125 0.02494290471076965332 -0.73670762777328491211 -0.722270965576171875 0.056096557527780532837 -0.55284595489501953125 -1.0793399810791015625 -0.56539374589920043945 0.046399649232625961304 -0.54798674583435058594 -0.42331767082214355469 -0.23050406575202941895 0.26172178983688354492 0.69099754095077514648 0.59571319818496704102 0.28506037592887878418 -0.20548658072948455811 -0.93059957027435302734 -0.78090137243270874023 -0.097970388829708099365 0.15747745335102081299 0.16552381217479705811 -0.58974397182464599609 -0.87462222576141357422 -0.63803118467330932617 -1.0395427942276000977 -0.8495909571647644043
-9999 -9999 -9999 2.0490903854370117188 1.3096685409545898438 0.62724053859710693359 0.10142606496810913086 -0.18430016934871673584 -0.53488713502883911133 -0.24107758700847625732 0.45869958400726318359 1.1926672458648681641 0.60876667499542236328 0.21619735658168792725 -0.19732952117919921875 -0.75123047828674316406 -0.72864592075347900391 -0.29857146739959716797 -1.0765144824981689453 -0.84680938720703125 -0.045489180833101272583 0.56276845932006835938 0.2232443690299987793 0.31556469202041625977 0.51246398687362670898 0.61461758613586425781 0.016636431217193603516 -0.20518948137760162354 -0.3529351353645324707 -0.80161595344543457031 -1.0518867969512939453 -0.41964611411094665527 0.34926939010620117188 0.89006584882736206055 0.20542757213115692139 -0.59731650352478027344 -0.84698617458343505859 -0.92942076921463012695 -0.49821493029594421387 -0.24847541749477386475
-9999 -9999 -9999 -9999 1.6577513217926025391 0.99558806419372558594 0.46901923418045043945 0.245218619704246521 0.25904065370559692383 0.38600340485572814941 0.75288331508636474609 0.81015735864639282227 0.08001403510570526123 -0.50651627779006958008 -0.91173303127288818359 -0.9760195612907409668 -0.64302653074264526367 0.00075588730396702885628 -0.39902988076210021973 -0.31576433777809143066 0.22782401740550994873 0.93149173259735107422 1.017941594123840332 1.0771147012710571289 0.88276815414428710938 0.15739695727825164795 -0.44986298680305480957 -1.0029865503311157227 -0.93382251262664794922 -0.7619444727897644043 -0.47514709830284118652 -0.069864504039287567139 0.44458842277526855469 0.22997012734413146973 -0.0045560454018414020538 -0.27268505096435546875 -0.84540879726409912109 -0.43250986933708190918 0.17394754290580749512 -0.29836100339889526367
-9999 -9999 -9999 2.1508259773254394531 1.363679051399230957 0.59125632047653198242 -0.13129624724388122559 -0.55764907598495483398 -0.49080684781074523926 -0.36468371748924255371 0.21327534317970275879 0.5910008549690246582 -0.18286396563053131104 -0.94305062294006347656 -0.68793565034866333008 -0.69484466314315795898 -1.0647091865539550781 -0.68103063106536865234 -0.25953710079193115234 0.27250945568084716797 0.50130063295364379883 0.61730360984802246094 0.27824541926383972168 0.34385675191879272461 0.75812327861785888672 -0.042917080223560333252 -0.8332207798957824707 -0.78047031164169311523 -0.50917541980743408203 -0.19309027493000030518 0.31654605269432067871 -0.086766101419925689697 -0.24093601107597351074 -0.56330162286758422852 -0.61031949520111083984 -1.068785548210144043 -0.81864297389984130859 -0.64347022771835327148 0.15797032415866851807 0.1783844679594039917
-9999 -9999 2.4640462398529052734 2.0670588016510009766 1.3112444877624511719 0.51421850919723510742 -0.27161055803298950195 -0.96043622493743896484 -0.95053023099899291992 -0.86710321903228759766 -0.20921634137630462646 0.5332431793212890625 -0.18908068537712097168 -0.7957699894905090332 -0.32392680644989013672 -0.16039365530014038086 -0.45633289217948913574 -0.8660119175910949707 -0.86137497425079345703 -0.35527157783508300781 -0.27874952554702758789 -0.035273417830467224121 -0.48641189932823181152 -0.35236316919326782227 0.31764611601829528809 0.24029310047626495361 -0.37446540594100952148 -0.86372733116149902344 -0.60927599668502807617 0.19218480587005615234 0.25701752305030822754 -0.54426974058151245117 -1.0351436138153076172 -0.88625049591064453125 -0.99401777982711791992 -0.50352460145950317383 -0.58025777339935302734 -0.32366210222244262695 0.37684017419815063477 0.87650442123413085938
-9999 -9999 1.8461121320724487305 1.351782679557800293 1.0505056381225585938 0.80420285463333129883 0.17437586188316345215 -0.21780912578105926514 -0.89788639545440673828 -0.8719088435173034668 -0.29595923423767089844 0.48206660151481628418 0.30075886845588684082 0.0012835643719881772995 0.21630504727363586426 0.57059884071350097656 0.23547367751598358154 -0.24771587550640106201 -0.89052975177764892578 -1.0753133296966552734 -1.0570764541625976563 -0.70797622203826904297 -1.0109272003173828125 -0.54959762096405029297 0.22275392711162567139 0.75231409072875976563 0.26948317885398864746 -0.21783621609210968018 -0.12750627100467681885 0.44393062591552734375 0.44520664215087890625 -0.17910726368427276611 -0.40082314610481262207 -0.23875406384468078613 -0.64391940832138061523 -0.79424917697906494141 -0.2092828601598739624 -0.0070589282549917697906 0.18164473772048950195 0.16230152547359466553
-9999 -9999 1.337578892707824707 0.71070843935012817383 0.27742272615432739258 0.23783628642559051514 0.29150301218032836914 0.21453174948692321777 -0.22889782488346099854 -0.090267121791839599609 0.20418329536914825439 0.79170095920562744141 0.98718905448913574219 0.73327285051345825195 0.53718930482864379883 0.19036826491355895996 -0.29864370822906494141 -0.79330879449844360352 -1.0418037176132202148 -0.55921471118927001953 -0.46681457757949829102 -0.756908416748046875 -0.56312948465347290039 -0.14379712939262390137 0.55423474311828613281 1.2455327510833740234 0.8664944767951965332 0.56156820058822631836 0.61170119047164916992 0.73260271549224853516 0.090911723673343658447 -0.23484304547309875488 -0.49923995137214660645 -0.58299118280410766602 -0.51412421464920043945 -0.98515367507934570313 -1.0051742792129516602 -0.63448196649551391602 -0.59963297843933105469 -0.60088288784027099609
-9999 -9999 1.0180040597915649414 0.25213968753814697266 -0.42437049746513366699 -0.50883978605270385742 -0.43254363536834716797 0.21809342503547668457 0.56173735857009887695 0.64947831630706787109 0.90685546398162841797 0.88985902070999145508 0.29986706376075744629 -0.053522691130638122559 -0.19413705170154571533 -0.50229346752166748047 -0.92070597410202026367 -0.79912382364273071289 -0.31651610136032104492 -0.01362420152872800827 0.15931224822998046875 0.040248848497867584229 0.22156307101249694824 0.49015572667121887207 0.98949849605560302734 1.6054589748382568359 1.1291152238845825195 0.7167670130729675293 0.2131557762622833252 -0.014527144841849803925 -0.29280096292495727539 -1.0320801734924316406 -1.0647023916244506836 -0.89063799381256103516 -0.66883677244186401367 -1.0743783712387084961 -1.0134795904159545898 -0.91558468341827392578 -0.85078954696655273438 -1.0785616636276245117
-9999 1.6015346050262451172 0.97570562362670898438 0.18524782359600067139 -0.56795525550842285156 -0.9976145625114440918 -0.62748104333877563477 0.12921738624572753906 0.92154455184936523438 1.4205875396728515625 0.93771284818649291992 0.44154843688011169434 -0.21516229212284088135 -0.80405265092849731445 -0.97162193059921264648 -0.99327898025512695313 -0.62891805171966552734 -0.18824034929275512695 0.31649789214134216309 0.71444016695022583008 0.91049760580062866211 0.84010362625122070313 1.0077240467071533203 1.2207072973251342773 1.58313751220703125 0.98255228996276855469 0.48088541626930236816 0.014280445873737335205 -0.41699272394180297852 -0.81726479530334472656 -0.89981615543365478516 -0.96620929241180419922 -0.797504425048828125 -0.12741041183471679688 -0.13764399290084838867 -0.28034034371376037598 -0.75901621580123901367 -0.72080308198928833008 -0.77659195661544799805 -0.91339063644409179688
-9999 1.1572985649108886719 0.47084608674049377441 -0.040658123791217803955 -0.076518483459949493408 -0.22275364398956298828 -0.20319718122482299805 0.27998599410057067871 0.96332877874374389648 0.96052658557891845703 0.31118351221084594727 -0.13257366418838500977 -0.65615642070770263672 -0.87737852334976196289 -0.45231768488883972168 -0.25891181826591491699 0.057406131178140640259 0.46994459629058837891 0.94009310007095336914 0.99590533971786499023 1.046658635139465332 1.3702439069747924805 1.2577553987503051758 1.3160859346389770508 1.0267946720123291016 0.4616527259349822998 -0.14955973625183105469 -0.61560225486755371094 -1.026705622673034668 -0.84816116094589233398 -0.53563630580902099609 -0.5574359893798828125 -0.24300158023834228516 0.32079994678497314453 0.59520155191421508789 -0.20717711746692657471 -1.0019025802612304688 -1.0655144453048706055 -0.95068949460983276367 -0.76902288198471069336
1.7435098886489868164 0.94275248050689697266 0.14474324882030487061 -0.63669747114181518555 -0.78660833835601806641 -0.91676437854766845703 -0.82929146289825439453 -0.05723676830530166626 0.56560093164443969727 0.2242075800895690918 -0.089361608028411865234 -0.82414418458938598633 -1.0550218820571899414 -0.55546402931213378906 0.19437968730926513672 0.49279287457466125488 0.78680264949798583984 1.1356085538864135742 0.56024020910263061523 0.20322339236736297607 0.282958984375 0.74421346187591552734 0.45986679196357727051 0.54567807912826538086 0.38498333096504211426 -0.10864625871181488037 -0.66879415512084960938 -0.96496742963790893555 -0.48776999115943908691 -0.97987228631973266602 -0.95132350921630859375 -0.52728623151779174805 -0.14238353073596954346 0.39197900891304016113 0.4058990478515625 -0.391750335693359375 -1.0938836336135864258 -0.86442571878433227539 -0.29885903000831604004 -0.68312698602676391602
1.5823667049407958984 0.93564110994338989258 0.27929869294166564941 -0.35070013999938964844 -0.9221591949462890625 -0.72096574306488037109 -0.79012918472290039063 -0.03359543532133102417 0.047462597489356994629 -0.54690122604370117188 -0.3559246063232421875 -1.0540348291397094727 -0.92662906646728515625 -0.58607816696166992188 0.11446643620729446411 0.8871809840202331543 1.4674386978149414063 0.71003401279449462891 0.0075592091307044029236 -0.55948972702026367188 -0.39088714122772216797 0.14500321447849273682 -0.32778066396713256836 -0.17426474392414093018 -0.29120403528213500977 -0.73369771242141723633 -0.99595820903778076172 -0.76929879188537597656 -0.013496171683073043823 -0.28481474518775939941 -0.64217519760131835938 -1.0825660228729248047 -0.74238377809524536133 -0.024047508835792541504 0.013761834241449832916 -0.50748920440673828125 -1.1089743375778198242 -0.8556308746337890625 -0.86788535118103027344 -0.91110730171203613281
-9999 0.504428863525390625 -0.1975177079439163208 -0.5262940526008605957 -0.25852671265602111816 -0.51699537038803100586 -0.5880425572395324707 0.10156536102294921875 -0.066318027675151824951 -0.85743504762649536133 -0.98385751247406005859 -0.86246204376220703125 -0.61400818824768066406 -0.84490960836410522461 -0.043720662593841552734 0.75894856452941894531 1.3406020402908325195 0.54712474346160888672 -0.25199341773986816406 -1.0540382862091064453 -0.49978673458099365234 -0.33837544918060302734 -0.9730688929557800293 -0.76338738203048706055 -0.90184861421585083008 -0.83462893962860107422 -0.63050669431686401367 -0.91981172561645507813 -0.117415599524974823 0.48038029670715332031 0.008455905131995677948 -0.45221143960952758789 -1.0689455270767211914 -0.46894195675849914551 -0.39373546838760375977 -1.0966877937316894531 -0.60475075244903564453 -0.28511503338813781738 -0.73846405744552612305 -0.82057321071624755859
