INPUT/RASTER/maxent_background_data/roads.asc
ncols        113
nrows        135
xllcorner    473009.983799999987
yllcorner    4429001.174800000153
cellsize     100.000000000000
NODATA_value  -9999
[rows 54 to 71 of 135, columns 0 to 39 of 113]
-9999 -9999 -9999 -9999 -0.47963747382164001465 -0.43275600671768188477 -0.95789361000061035156 -0.19034884870052337646 0.43519291281700134277 -0.21424391865730285645 -0.89245432615280151367 -0.78249466419219970703 -0.59656536579132080078 -0.1485325545072555542 0.27471977472305297852 0.18216127157211303711 -0.28169479966163635254 -0.50497961044311523438 -0.97149598598480224609 -0.93833613395690917969 -0.92588281631469726563 -0.8871752619743347168 -0.53472131490707397461 -0.20921486616134643555 -0.60892570018768310547 -0.92824703454971313477 -0.36471739411354064941 0.33313399553298950195 0.75302958488464355469 -0.031699378043413162231 -0.73272705078125 -0.82201796770095825195 -0.84101653099060058594 -0.12348964065313339233 0.51487571001052856445 0.44321966171264648438 0.49286493659019470215 0.33128046989440917969 0.23224611580371856689 0.3076553046703338623
-9999 -9999 -9999 -0.44082343578338623047 -0.99527007341384887695 -0.7863413691520690918 -0.79393684864044189453 -0.10038168728351593018 -0.12031206488609313965 -0.68370777368545532227 -0.92220664024353027344 -0.2323411405086517334 -0.077096879482269287109 -0.15474399924278259277 -0.13600191473960876465 -0.16136907041072845459 -0.94086468219757080078 -1.0907846689224243164 -0.59075641632080078125 -0.45812308788299560547 -1.0603656768798828125 -0.71985137462615966797 -0.96236807107925415039 -0.3796329498291015625 -0.17631646990776062012 -0.78358167409896850586 -0.72272759675979614258 0.070046983659267425537 0.69231951236724853516 -0.031838800758123397827 -0.67816656827926635742 -0.96710574626922607422 -0.39845490455627441406 0.0078706452623009681702 -0.26953729987144470215 -0.35577806830406188965 -0.29365047812461853027 -0.39780876040458679199 -0.56132042407989501953 -0.40678375959396362305
-9999 -9999 -9999 -0.41182172298431396484 -0.93453228473663330078 -1.0786148309707641602 -0.4050274193286895752 0.19731186330318450928 -0.58341675996780395508 -0.98413920402526855469 -0.40847703814506530762 -0.56200164556503295898 -0.87991446256637573242 -0.9511006474494934082 -0.91335207223892211914 -0.706172943115234375 -1.0642980337142944336 -1.0311615467071533203 -0.86351245641708374023 -0.57705396413803100586 -0.5631421208381652832 -0.93590301275253295898 -1.0567423105239868164 -0.69164246320724487305 -0.2583433687686920166 -0.75114035606384277344 -0.7779629826545715332 0.0060594892129302024841 0.35373216867446899414 -0.38500699400901794434 -1.0637073516845703125 -0.43188741803169250488 0.16313928365707397461 -0.52666693925857543945 -1.0703651905059814453 -1.0160267353057861328 -1.0956968069076538086 -1.0813621282577514648 -0.89866185188293457031 -1.1013281345367431641
-9999 -9999 -9999 -0.37896296381950378418 -1.0596088171005249023 -0.70412111282348632813 0.00034803099697455763817 0.25034764409065246582 -0.50553494691848754883 -0.95534741878509521484 -0.57929235696792602539 -1.0854614973068237305 -0.561817169189453125 -0.47552707791328430176 -0.59063041210174560547 -0.73645222187042236328 -0.48360100388526916504 -0.39222514629364013672 -0.59889227151870727539 -0.92691189050674438477 -0.97786134481430053711 -1.0253806114196777344 -0.74307584762573242188 -0.79770839214324951172 -0.49802011251449584961 -0.48627150058746337891 -0.98710727691650390625 -0.25656631588935852051 0.021306624636054039001 -0.73125755786895751953 -0.78089278936386108398 -0.068994395434856414795 -0.39192211627960205078 -0.9423885345458984375 -0.64997243881225585938 -0.2885456085205078125 -0.33977979421615600586 -0.30053308606147766113 -0.15357035398483276367 -0.36710211634635925293
-9999 -9999 -9999 -0.24462743103504180908 -0.74081391096115112305 -0.31583756208419799805 0.39721131324768066406 0.46791109442710876465 -0.28858304023742675781 -0.93274176120758056641 -0.874652862548828125 -0.52360594272613525391 -0.010609446093440055847 0.32368260622024536133 0.16366353631019592285 0.06342878192663192749 0.23085236549377441406 0.40443462133407592773 0.012761122547090053558 -0.57300478219985961914 -0.68287891149520874023 -0.99903410673141479492 -1.0578910112380981445 -0.86312472820281982422 -0.94005578756332397461 -1.0479710102081298828 -0.95969641208648681641 -0.61287856101989746094 -0.5201269984245300293 -1.0474153757095336914 -0.76932179927825927734 -0.86540943384170532227 -1.0201522111892700195 -0.77812862396240234375 -0.24742202460765838623 -0.37336868047714233398 -0.85986322164535522461 -0.54496395587921142578 0.25235334038734436035 0.39940544962882995605
-9999 -9999 -9999 0.31492283940315246582 0.061624851077795028687 -0.074505664408206939697 -0.085825301706790924072 0.40829434990882873535 0.19005474448204040527 -0.16333863139152526855 -0.12900470197200775146 0.1280507892370223999 0.6030120849609375 1.0736756324768066406 0.94087058305740356445 0.86548823118209838867 0.53683656454086303711 0.29856485128402709961 -0.16976840794086456299 -0.93454033136367797852 -0.79816412925720214844 -0.50466495752334594727 -0.28625443577766418457 -0.12408580631017684937 -0.17787039279937744141 -0.43640881776809692383 -0.59173071384429931641 -0.82766473293304443359 -1.0077502727508544922 -0.92751592397689819336 -0.67150700092315673828 -0.57022750377655029297 -0.91301208734512329102 -0.15867157280445098877 0.27230864763259887695 -0.50798636674880981445 -1.0180332660675048828 -0.40600135922431945801 0.32354968786239624023 1.0979390144348144531
-9999 -9999 -9999 -9999 0.050297867506742477417 -0.67532688379287719727 -0.70264852046966552734 0.080226115882396697998 0.26247709989547729492 -0.44156050682067871094 -0.57312726974487304688 -0.023738889023661613464 0.014225068502128124237 0.42466938495635986328 1.0492756366729736328 0.65090399980545043945 -0.064712576568126678467 -0.50297844409942626953 -0.44545695185661315918 -1.0125021934509277344 -0.28686034679412841797 0.21536204218864440918 0.5128542780876159668 0.63612723350524902344 0.57290118932723999023 -0.040694758296012878418 -0.54472529888153076172 -0.91885906457901000977 -0.77669697999954223633 -0.55258733034133911133 -1.0643018484115600586 -0.46785497665405273438 -0.96348708868026733398 -0.18674902617931365967 0.56619930267333984375 -0.1198886483907699585 -0.92219346761703491211 -0.53843319416046142578 0.24969805777072906494 0.98213356733322143555
-9999 -9999 -9999 -9999 -9999 -0.54536467790603637695 -0.44165012240409851074 0.23465637862682342529 0.2139453887939453125 -0.56504058837890625 -0.86956995725631713867 -0.82103013992309570313 -0.71018618345260620117 -0.040148336440324783325 0.72770303487777709961 0.55162501335144042969 -0.24147367477416992188 -0.92320400476455688477 -0.86923784017562866211 -0.79671072959899902344 -0.0079515809193253517151 0.74300688505172729492 1.2839753627777099609 1.3429899215698242188 0.5410397648811340332 -0.25909620523452758789 -1.0074861049652099609 -0.71203100681304931641 -0.21762627363204956055 -0.13289974629878997803 -0.28898054361343383789 -0.87596070766448974609 -0.73258405923843383789 -0.033320508897304534912 0.73755085468292236328 -0.026486437767744064331 -0.79957360029220581055 -0.77340114116668701172 -0.14484629034996032715 0.45684334635734558105
-9999 -9999 -9999 -9999 -9999 -9999 0.24765607714653015137 0.64803224802017211914 0.35209950804710388184 -0.39195150136947631836 -0.82308524847030639648 -0.967960357666015625 -0.80447787046432495117 -0.075481750071048736572 0.70634824037551879883 0.81446897983551025391 0.19139739871025085449 -0.26156198978424072266 -0.58748382329940795898 -0.2527453005313873291 0.30250227451324462891 0.99464344978332519531 1.7423377037048339844 1.2295511960983276367 0.46258774399757385254 -0.33964335918426513672 -1.0920428037643432617 -0.31934726238250732422 0.41500750184059143066 0.54787600040435791016 -0.22231668233871459961 -0.9988129734992980957 -0.41997712850570678711 0.35885283350944519043 0.65868490934371948242 0.28470644354820251465 -0.49672621488571166992 -1.0598065853118896484 -0.56517398357391357422 0.23774720728397369385
-9999 -9999 -9999 -9999 -9999 -9999 -0.34520578384399414063 -0.045110486447811126709 0.14354392886161804199 -0.53504323959350585938 -1.0424606800079345703 -0.83042192459106445313 -0.13581703603267669678 0.32807764410972595215 0.98512858152389526367 1.3253105878829956055 0.8692836761474609375 0.37907069921493530273 0.21086680889129638672 0.42458042502403259277 0.88223373889923095703 1.4322069883346557617 1.4890389442443847656 0.77849507331848144531 0.16984570026397705078 -0.51562970876693725586 -1.0082862377166748047 -0.20616629719734191895 0.56434428691864013672 0.41665327548980712891 -0.38433241844177246094 -1.0838254690170288086 -0.30342072248458862305 -0.42703768610954284668 0.078637197613716125488 0.56574344635009765625 -0.031730130314826965332 -0.27807095646858215332 -0.14292615652084350586 0.4090823829174041748
-9999 -9999 -9999 -9999 -9999 -0.32348814606666564941 -1.0902557373046875 -0.4624761044979095459 0.062432110309600830078 -0.69421678781509399414 -0.82765537500381469727 -1.0127271413803100586 -0.43006792664527893066 0.1490370631217956543 0.62652772665023803711 0.93940997123718261719 1.2166954278945922852 1.1223150491714477539 1.0126531124114990234 0.98900401592254638672 0.91147899627685546875 1.1373186111450195313 1.2685934305191040039 0.47717317938804626465 -0.30081921815872192383 -0.94580513238906860352 -0.62230277061462402344 0.072837531566619873047 0.76813411712646484375 0.46085575222969055176 -0.30805391073226928711 -1.0989470481872558594 -0.50674235820770263672 -1.0497761964797973633 -0.33992373943328857422 0.35850071907043457031 0.29135304689407348633 0.054149284958839416504 -0.2711124122142791748 -0.38836264610290527344
-9999 -9999 -9999 -9999 0.14340475201606750488 -0.54897820949554443359 -1.0113568305969238281 -0.34731757640838623047 0.17482537031173706055 -0.16122394800186157227 -0.51256603002548217773 -0.98644912242889404297 -0.85565477609634399414 -0.44458168745040893555 -0.12075299769639968872 0.20026510953903198242 0.52980566024780273438 1.1138656139373779297 0.71697145700454711914 0.23885463178157806396 0.11509665846824645996 0.45927944779396057129 0.98332858085632324219 0.34508091211318969727 -0.44857221841812133789 -1.0443053245544433594 -0.28013351559638977051 0.46623617410659790039 1.1641161441802978516 0.44214335083961486816 -0.35937631130218505859 -1.0604386329650878906 -0.48190337419509887695 -0.88194453716278076172 -0.38043892383575439453 -0.36653596162796020508 -0.49736490845680236816 -0.57938253879547119141 -0.95522719621658325195 -1.0449365377426147461
-9999 -9999 -9999 -9999 -0.12487701326608657837 -0.9263064265251159668 -1.069095611572265625 -0.83448308706283569336 -0.47899109125137329102 0.17246252298355102539 -0.42294320464134216309 -0.81767469644546508789 -0.86748224496841430664 -1.0678657293319702148 -0.83400362730026245117 -0.57767337560653686523 -0.0036863035056740045547 0.54964590072631835938 0.20983643829822540283 -0.41703033447265625 -0.65804421901702880859 -0.032685752958059310913 0.36366406083106994629 -0.1037674248218536377 -0.73818266391754150391 -0.81811368465423583984 -0.15353912115097045898 0.5577265620231628418 1.2531282901763916016 0.66562950611114501953 0.0075035868212580680847 -0.75842118263244628906 -0.78862369060516357422 -0.43509888648986816406 -0.84564739465713500977 -1.0624548196792602539 -0.94644731283187866211 -0.95263552665710449219 -0.54000437259674072266 -0.24460084736347198486
-9999 -9999 -9999 -9999 0.092160657048225402832 -0.622852325439453125 -0.93065392971038818359 -0.65142434835433959961 -0.87647897005081176758 -0.23232570290565490723 -0.1662174612283706665 -0.10617345571517944336 -0.28785553574562072754 -0.50349640846252441406 -0.87610954046249389648 -1.0891585350036621094 -0.57981353998184204102 0.084003165364265441895 -0.15132403373718261719 -0.88283187150955200195 -0.68675971031188964844 -0.44285091757774353027 -0.36799678206443786621 -0.72965788841247558594 -1.00946044921875 -0.98231935501098632813 -0.54010128974914550781 0.23984774947166442871 0.9830080866813659668 0.29342737793922424316 -0.26690375804901123047 -0.53111422061920166016 -1.0079250335693359375 -0.96317070722579956055 -0.70499479770660400391 -0.30446124076843261719 -0.16487173736095428467 -0.16661244630813598633 0.12500686943531036377 0.47811239957809448242
-9999 -9999 -9999 -9999 0.34261161088943481445 -0.39996841549873352051 -0.95766204595565795898 -0.77206778526306152344 -0.91233146190643310547 -0.95830130577087402344 -0.9430338740348815918 -0.90062600374221801758 -0.67079222202301025391 -0.38587024807929992676 -0.59263795614242553711 -0.56451123952865600586 -0.97015702724456787109 -0.3267650902271270752 -0.83244591951370239258 -0.8396174311637878418 -0.79290568828582763672 -1.1088622808456420898 -1.0541596412658691406 -0.9853407740592956543 -0.51444411277770996094 -1.0445599555969238281 -0.50193327665328979492 0.042891275137662887573 0.57319277524948120117 -0.12388396263122558594 -0.7971642613410949707 -0.892635345458984375 -1.0288419723510742188 -0.48034122586250305176 -0.16685312986373901367 0.41689831018447875977 0.63182163238525390625 0.6338017582893371582 0.72782224416732788086 0.43643164634704589844
-9999 -9999 -9999 -9999 0.72108900547027587891 0.170879364013671875 -0.39042207598686218262 -0.68779873847961425781 -0.94223582744598388672 -0.80350786447525024414 -0.61663728952407836914 -0.61023056507110595703 -0.774829864501953125 -1.0345298051834106445 -0.94884729385375976563 -1.035677790641784668 -1.0315376520156860352 -0.5794467926025390625 -0.99668484926223754883 -1.0601838827133178711 -0.64699250459671020508 -0.58415317535400390625 -0.30300730466842651367 -0.21951805055141448975 -0.048805695027112960815 -0.78137612342834472656 -1.011447906494140625 -0.44042962789535522461 0.29190817475318908691 -0.43694362044334411621 -1.0164182186126708984 -0.45034196972846984863 -1.0104017257690429688 -0.33715856075286865234 0.43835687637329101563 0.96863251924514770508 1.2498614788055419922 0.74652850627899169922 0.12284813821315765381 -0.34733363986015319824
-9999 -9999 -9999 -9999 1.3059276342391967773 0.73731285333633422852 0.32574957609176635742 0.052809201180934906006 -0.30026826262474060059 -0.72326558828353881836 -1.0835839509963989258 -0.73845851421356201172 -0.28589859604835510254 -0.40292662382125854492 -0.26743912696838378906 -0.47795546054840087891 -0.64898592233657836914 -1.0026686191558837891 -0.90926539897918701172 -0.5849030613899230957 -0.042445637285709381104 0.16159938275814056396 0.4888744652271270752 0.5527019500732421875 0.27798116207122802734 -0.2723750770092010498 -0.4544747471809387207 -0.19200472533702850342 0.13314402103424072266 -0.6697368621826171875 -0.77102839946746826172 -0.65309917926788330078 -0.93042224645614624023 -0.15693961083889007568 0.64138025045394897461 1.4425777196884155273 0.76987087726593017578 0.11439831554889678955 -0.30516597628593444824 -0.97988831996917724609
-9999 -9999 -9999 -9999 1.8709323406219482422 1.395302891731262207 1.0560529232025146484 0.8040606379508972168 0.32763952016830444336 -0.0054493108764290809631 -0.47468391060829162598 -0.80116277933120727539 -0.92987602949142456055 -0.36786249279975891113 0.27794182300567626953 0.2062864154577255249 -0.18712317943572998047 -0.81551265716552734375 -1.0706800222396850586 -0.27844887971878051758 0.20802564918994903564 -0.2379484027624130249 -0.079734772443771362305 0.48572394251823425293 0.83577293157577514648 0.4850412905216217041 0.34014314413070678711 0.47692975401878356934 0.17734025418758392334 -0.5236721038818359375 -0.95159071683883666992 -0.77962946891784667969 -0.6769034266471862793 -0.17388685047626495361 0.3562297821044921875 0.93940824270248413086 0.39631754159927368164 -0.2918872535228729248 -1.0201539993286132813 -1.0188887119293212891
