INPUT/RASTER/maxent_background_data/roads.asc
ncols        113
nrows        135
xllcorner    473009.983799999987
yllcorner    4429001.174800000153
cellsize     100.000000000000
NODATA_value  -9999
[rows 90 to 107 of 135, columns 0 to 39 of 113]
-9999 0.41018697619438171387 -0.37594372034072875977 -0.91516345739364624023 -0.4580097198486328125 0.16434325277805328369 0.13256856799125671387 0.54672914743423461914 -0.008088308386504650116 -0.67807906866073608398 -0.96423780918121337891 -0.90654802322387695313 -0.30770793557167053223 -0.42709764838218688965 0.14104668796062469482 0.87745940685272216797 1.1759448051452636719 0.47120112180709838867 -0.294902801513671875 -1.0892626047134399414 -0.34763881564140319824 -0.23927715420722961426 -0.60917913913726806641 -1.0901781320571899414 -0.60864776372909545898 -0.21597629785537719727 -0.40088182687759399414 -0.43629610538482666016 0.14975488185882568359 0.84840804338455200195 0.57176679372787475586 -0.061832468956708908081 -0.63333779573440551758 -0.98348587751388549805 -0.8613631129264831543 -0.74138540029525756836 -0.10243383049964904785 0.37682804465293884277 0.021510737016797065735 -0.039295502007007598877
-9999 -9999 -9999 -0.11936330050230026245 0.067250430583953857422 0.63373351097106933594 0.64354497194290161133 -0.0073573775589466094971 -0.4612216651439666748 -1.0413781404495239258 -0.54429519176483154297 -0.56776028871536254883 -0.065114431083202362061 0.34135666489601135254 0.68153685331344604492 1.2389187812805175781 0.59857380390167236328 0.05862835422158241272 -0.5436814427375793457 -0.9619624018669128418 -0.17966973781585693359 0.37335911393165588379 -0.40890702605247497559 -1.0501903295516967773 -0.25263556838035583496 0.42096841335296630859 0.32373076677322387695 0.30642583966255187988 0.40884640812873840332 0.37561574578285217285 0.082552820444107055664 -0.31167078018188476563 -0.79981780052185058594 -0.83272153139114379883 -0.92028796672821044922 -0.36118751764297485352 0.36034998297691345215 1.0199880599975585938 0.80909764766693115234 0.7589333653450012207
-9999 -9999 -9999 -9999 0.79051458835601806641 1.0966800451278686523 0.30513146519660949707 -0.46169149875640869141 -1.106253504753112793 -1.1073603630065917969 -0.94140279293060302734 -0.73733824491500854492 -0.3105666041374206543 0.19563668966293334961 0.8017247319221496582 0.85026007890701293945 0.1573136448860168457 -0.53402704000473022461 -1.0294680595397949219 -0.66814303398132324219 0.069535717368125915527 0.3789501488208770752 -0.36109948158264160156 -1.087429046630859375 -0.30716493725776672363 0.48933365941047668457 0.86517071723937988281 0.18353381752967834473 -0.34551164507865905762 -0.41734898090362548828 -0.52214384078979492188 -1.0523658990859985352 -0.79281687736511230469 -0.72609293460845947266 -0.27758941054344177246 0.18837626278400421143 0.76751661300659179688 1.4283040761947631836 1.60526275634765625 1.5599679946899414063
-9999 -9999 -9999 -9999 -9999 -9999 -9999 -0.54763710498809814453 -0.92662894725799560547 -0.94385921955108642578 -0.93747878074645996094 -0.80593317747116088867 -0.92891573905944824219 -0.26911333203315734863 0.51898032426834106445 0.57723164558410644531 -0.21078902482986450195 -0.94458943605422973633 -0.87158232927322387695 -0.34867697954177856445 0.39998787641525268555 0.27034324407577514648 -0.51339668035507202148 -0.81574380397796630859 -0.10178737342357635498 0.65078812837600708008 0.57324510812759399414 -0.20479203760623931885 -0.92268705368041992188 -1.0533761978149414063 -1.0451838970184326172 -0.66199785470962524414 -0.19445498287677764893 0.064622819423675537109 0.37056365609169006348 0.4453551173210144043 0.4700444638729095459 0.85376662015914916992 1.4398381710052490234 1.6966673135757446289
-9999 -9999 -9999 -9999 -9999 -9999 -9999 -1.0218399763107299805 -0.94407999515533447266 -0.44111704826354980469 -0.43631210923194885254 -0.17296932637691497803 -0.54184621572494506836 -0.11655651777982711792 0.60310804843902587891 0.37580049037933349609 -0.35335323214530944824 -0.98169666528701782227 -0.68251383304595947266 -0.33439096808433532715 0.40728542208671569824 0.58199858665466308594 0.034067295491695404053 -0.092092365026473999023 0.31911289691925048828 0.97165644168853759766 0.44363388419151306152 -0.32216843962669372559 -1.0797592401504516602 -0.31700101494789123535 -0.27858451008796691895 0.02401692606508731842 0.4725252985954284668 0.86485421657562255859 0.24306146800518035889 -0.31620836257934570313 -0.26911762356758117676 0.32625606656074523926 0.98568189144134521484 0.89530599117279052734
-9999 -9999 -9999 -9999 -9999 -9999 -9999 -0.65593659877777099609 -0.85722041130065917969 -0.27923363447189331055 0.31750386953353881836 0.46874591708183288574 0.26092627644538879395 0.48606956005096435547 0.61721318960189819336 0.30501949787139892578 -0.48250871896743774414 -0.97118395566940307617 -0.21124979853630065918 0.26895195245742797852 0.78904628753662109375 1.1493796110153198242 0.77348119020462036133 0.69934850931167602539 0.95951414108276367188 1.1634354591369628906 0.37558412551879882813 -0.42070618271827697754 -1.0330768823623657227 -0.25817739963531494141 0.51741766929626464844 0.72320902347564697266 0.77436566352844238281 0.41487702727317810059 0.031633019447326660156 -0.75749766826629638672 -0.69698470830917358398 0.10592252761125564575 0.19991128146648406982 0.096005827188491821289
-9999 -9999 -9999 -9999 -9999 -9999 -9999 0.061911907047033309937 -0.054901853203773498535 0.21940679848194122314 0.80847328901290893555 1.2008032798767089844 1.063808441162109375 0.41566750407218933105 -0.11507780849933624268 -0.43352988362312316895 -0.73078083992004394531 -1.0192112922668457031 -0.82027637958526611328 -0.074248008430004119873 0.72003644704818725586 1.5195533037185668945 1.5498433113098144531 1.4977922439575195313 1.6848416328430175781 1.0954538583755493164 0.29824912548065185547 -0.48438870906829833984 -0.82633948326110839844 -0.13723957538604736328 0.64271211624145507813 0.86272990703582763672 0.21407684683799743652 -0.33860239386558532715 -0.47162830829620361328 -0.88119417428970336914 -0.66152906417846679688 -0.16688528656959533691 -0.56310659646987915039 -0.69411498308181762695
-9999 -9999 -9999 -9999 -9999 -9999 -9999 -9999 0.74793523550033569336 0.91986006498336791992 1.3486183881759643555 1.7289021015167236328 0.92668521404266357422 0.12537761032581329346 -0.67013216018676757813 -1.0675030946731567383 -1.0049726963043212891 -0.71187728643417358398 -0.47946205735206604004 0.068651892244815826416 0.80483537912368774414 1.5793483257293701172 2.3310880661010742188 2.2983345985412597656 2.0546007156372070313 1.3073340654373168945 0.61066836118698120117 0.058108150959014892578 -0.085443541407585144043 0.30912733078002929688 0.71912872791290283203 0.33842375874519348145 -0.26726818084716796875 -0.83318990468978881836 -0.9854869842529296875 -0.69331574440002441406 -0.21706332266330718994 -0.61626303195953369141 -1.0046733617782592773 -0.83494144678115844727
-9999 -9999 -9999 -9999 -9999 -9999 -9999 -9999 -9999 -9999 -9999 -9999 1.0413076877593994141 0.30595231056213378906 -0.29242011904716491699 -0.47405302524566650391 -0.998912811279296875 -0.20892775058746337891 0.27287125587463378906 0.22622860968112945557 0.6045945286750793457 1.2093002796173095703 1.9076200723648071289 2.0831584930419921875 1.9275118112564086914 1.7374777793884277344 1.1753282546997070313 0.79347139596939086914 0.70860069990158081055 0.80180817842483520508 0.12682929635047912598 -0.38544964790344238281 -0.65563350915908813477 -0.85768210887908935547 -0.35045933723449707031 0.026874616742134094238 0.11023828387260437012 -0.69262254238128662109 -0.74560689926147460938 -0.14445221424102783203
-9999 -9999 -9999 -9999 -9999 -9999 -9999 -9999 -9999 -9999 -9999 -9999 -9999 0.14910592138767242432 -0.29633462429046630859 -0.34384298324584960938 -0.96348410844802856445 -0.69295454025268554688 -0.42304342985153198242 -0.52170675992965698242 0.11289161443710327148 0.87287229299545288086 1.657128453254699707 1.3340026140213012695 1.127041935920715332 1.1964241266250610352 1.5204509496688842773 1.5147539377212524414 0.86173009872436523438 0.18294328451156616211 -0.31498819589614868164 -0.99024623632431030273 -0.92425054311752319336 -0.71816074848175048828 -0.035213507711887359619 0.73779457807540893555 -0.055478781461715698242 -0.84304523468017578125 -0.61611074209213256836 0.12711733579635620117
-9999 -9999 -9999 -9999 -9999 -9999 -9999 -9999 -9999 -9999 -9999 -9999 0.66504091024398803711 -0.13788075745105743408 -0.94080138206481933594 -0.54079532623291015625 -0.42356777191162109375 -0.69051516056060791016 -0.97838079929351806641 -0.74332320690155029297 0.02885178104043006897 0.82268011569976806641 1.1899709701538085938 0.63312095403671264648 0.3292884528636932373 0.43469732999801635742 0.88582408428192138672 0.92992842197418212891 0.39214953780174255371 -0.14553795754909515381 -0.93348979949951171875 -0.78584247827529907227 -0.16646157205104827881 0.015091625042259693146 0.41578572988510131836 0.66367363929748535156 0.0048130098730325698853 -0.68147718906402587891 -0.75776696205139160156 0.038372267037630081177
-9999 -9999 -9999 -9999 -9999 -9999 -9999 -9999 -9999 -9999 -9999 -9999 -9999 0.14303071796894073486 -0.35674318671226501465 -9999 -0.010887925513088703156 -0.77269786596298217773 -0.73478436470031738281 -0.16124612092971801758 0.36593550443649291992 1.0516529083251953125 0.7975101470947265625 0.069199904799461364746 -0.45588275790214538574 -0.24950228631496429443 0.35754007101058959961 0.45829725265502929688 -0.20525956153869628906 -0.73035752773284912109 -0.99866622686386108398 -0.35293018817901611328 0.34802350401878356934 0.80163526535034179688 0.97014558315277099609 0.20300763845443725586 -0.47083163261413574219 -0.95630353689193725586 -0.57255536317825317383 0.17271307110786437988
-9999 -9999 -9999 -9999 -9999 -9999 -9999 -9999 -9999 -9999 -9999 -9999 -9999 -9999 -9999 -9999 -0.19271384179592132568 -0.98999881744384765625 -1.0432966947555541992 -0.33773291110992431641 0.45897072553634643555 1.2592263221740722656 0.69859528541564941406 -0.097946129739284515381 -0.88730704784393310547 -0.77769190073013305664 -0.060965176671743392944 0.12114895880222320557 -0.64327085018157958984 -0.90306740999221801758 -0.41210806369781494141 0.11552815884351730347 0.7298138737678527832 1.4422334432601928711 0.93602067232131958008 0.14840340614318847656 -0.59096938371658325195 -0.66672945022583007813 -0.15179406106472015381 0.50220751762390136719
-9999 -9999 -9999 -9999 -9999 -9999 -9999 -9999 -9999 -9999 -9999 -9999 -9999 -9999 -9999 -9999 -9999 -0.32795292139053344727 -0.62036353349685668945 -0.17361903190612792969 0.56261670589447021484 1.3401014804840087891 0.63151913881301879883 -0.13939169049263000488 -0.8836949467658996582 -0.8787301182746887207 -0.17906039953231811523 -0.45672842860221862793 -0.85388380289077758789 -0.88860327005386352539 -0.55601042509078979492 -0.046323638409376144409 0.61155402660369873047 1.3513680696487426758 1.1984691619873046875 0.54042547941207885742 0.075083009898662567139 0.058602258563041687012 0.45557004213333129883 0.98349130153656005859
-9999 -9999 -9999 -9999 -9999 -9999 -9999 -9999 -9999 -9999 -9999 -9999 -9999 -9999 -9999 -9999 -9999 0.40986207127571105957 0.18255810439586639404 0.4105262458324432373 0.94831788539886474609 1.2621483802795410156 0.62144452333450317383 -0.14796990156173706055 -0.77831482887268066406 -0.79137670993804931641 -0.064781799912452697754 -0.70186954736709594727 -0.96582508087158203125 -0.90042746067047119141 -1.0583263635635375977 -0.40542227029800415039 0.39190438389778137207 1.1930078268051147461 1.675154566764831543 1.1591880321502685547 0.84621757268905639648 0.8362452387809753418 1.1258116960525512695 1.5888981819152832031
-9999 -9999 -9999 -9999 -9999 -9999 -9999 -9999 -9999 -9999 -9999 -9999 -9999 -9999 -9999 -9999 -9999 -9999 0.98547995090484619141 0.49535238742828369141 0.30515083670616149902 0.53601831197738647461 0.69561606645584106445 -0.087865807116031646729 -0.76846534013748168945 -0.4470920562744140625 -0.35461723804473876953 -0.96018785238265991211 -0.70958590507507324219 -0.57382398843765258789 -0.92772156000137329102 -0.25019186735153198242 0.49508014321327209473 1.2756067514419555664 2.0612180233001708984 1.8669400215148925781 1.6355721950531005859 1.6284657716751098633 1.8472325801849365234 2.0913116931915283203
-9999 -9999 -9999 -9999 -9999 -9999 -9999 -9999 -9999 -9999 -9999 -9999 -9999 -9999 -9999 -9999 -9999 -9999 0.56362056732177734375 -0.13686265051364898682 -0.49699428677558898926 -0.13034056127071380615 0.043757833540439605713 0.26284098625183105469 -0.002653614850714802742 -0.17473740875720977783 -0.8402735590934753418 -0.76370000839233398438 -0.13229414820671081543 -0.3270136713981628418 -0.52256107330322265625 0.052572011947631835938 0.79895782470703125 1.5443264245986938477 2.2763974666595458984 2.6134054660797119141 2.4310162067413330078 2.4255046844482421875 2.3390510082244873047 1.6180328130722045898
-9999 -9999 -9999 -9999 -9999 -9999 -9999 -9999 -9999 -9999 -9999 -9999 -9999 -9999 -9999 -9999 -9999 -9999 -9999 -0.33679333329200744629 -1.0516114234924316406 -0.91019278764724731445 -0.73249304294586181641 -0.47496441006660461426 -0.27767547965049743652 -0.67043483257293701172 -0.93688368797302246094 -0.35609129071235656738 0.35621801018714904785 0.34878459572792053223 0.25313562154769897461 0.58391565084457397461 1.1626935005187988281 1.8477416038513183594 2.5804984569549560547 3.0642240047454833984 2.93708038330078125 2.9044864177703857422 2.1109232902526855469 1.3234837055206298828
