INPUT/RASTER/maxent_background_data/roads.asc
ncols        113
nrows        135
xllcorner    473009.983799999987
yllcorner    4429001.174800000153
cellsize     100.000000000000
NODATA_value  -9999
[rows 90 to 107 of 135, columns 40 to 79 of 113]
0.2659810483455657959 0.51291471719741821289 0.046273455023765563965 -0.42035523056983947754 -0.53536444902420043945 -0.94334530830383300781 -0.17190398275852203369 0.091014027595520019531 -0.66618877649307250977 -1.0231968164443969727 -0.45246192812919616699 0.31746393442153930664 0.95245325565338134766 0.46268981695175170898 -0.14528343081474304199 -0.88903814554214477539 -0.60327714681625366211 -0.096533574163913726807 -0.87025529146194458008 -0.56965917348861694336 0.15948241949081420898 0.80084556341171264648 1.5020974874496459961 2.2448475360870361328 3.0096156597137451172 2.8793604373931884766 2.1328008174896240234 1.4181100130081176758 0.75748008489608764648 0.20119145512580871582 -0.52267462015151977539 -0.93510526418685913086 -0.14647550880908966064 0.35854923725128173828 0.43030744791030883789 0.64611464738845825195 0.016340432688593864441 -0.45326685905456542969 -0.25885435938835144043 0.34456917643547058105
0.96965825557708740234 1.1341964006423950195 0.43622276186943054199 -0.099061511456966400146 -0.75222629308700561523 -0.7376435399055480957 -0.49133586883544921875 -0.24459826946258544922 -0.95894932746887207031 -0.56977957487106323242 0.094263032078742980957 0.65429317951202392578 0.45757266879081726074 -0.18261599540710449219 -0.6675726771354675293 -0.96811157464981079102 -0.30924433469772338867 -0.30414968729019165039 -0.97124058008193969727 -0.97050082683563232422 -0.29221048951148986816 0.47243389487266540527 1.2557910680770874023 2.047149658203125 2.7558722496032714844 2.4770767688751220703 1.8874372243881225586 1.1048616170883178711 0.34122216701507568359 -0.36819231510162353516 -0.90189665555953979492 -0.73170751333236694336 0.044964861124753952026 0.8224512934684753418 1.2270369529724121094 1.1435017585754394531 0.60837876796722412109 0.3371944427490234375 -0.03454677388072013855 0.091688849031925201416
1.7176735401153564453 0.94104188680648803711 0.14025853574275970459 -0.65311485528945922852 -0.99563193321228027344 -0.41197568178176879883 -1.0191049575805664063 -0.34878697991371154785 -0.6363570094108581543 -0.75293070077896118164 0.0047069108113646507263 0.59857332706451416016 0.13152901828289031982 -0.59630286693572998047 -1.0364179611206054688 -0.53756624460220336914 0.084074832499027252197 -0.70092886686325073242 -0.79618859291076660156 -1.1135582923889160156 -0.35020375251770019531 0.43208810687065124512 1.1873311996459960938 1.9376946687698364258 2.038494110107421875 1.7080875635147094727 1.5357335805892944336 0.97939383983612060547 0.21574318408966064453 -0.58269160985946655273 -0.83249962329864501953 -0.23709268867969512939 0.35488650202751159668 1.0580830574035644531 1.8070343732833862305 1.2776104211807250977 0.60391724109649658203 -0.10232822597026824951 -0.79384154081344604492 -0.66251808404922485352
1.4008578062057495117 0.73060828447341918945 0.21575801074504852295 -0.29889780282974243164 -0.37021946907043457031 -0.21322268247604370117 -0.91245663166046142578 -1.1038559675216674805 -0.74983018636703491211 -1.0736243724822998047 -0.32939329743385314941 -0.00022791743685957044363 -0.50740224123001098633 -0.96053034067153930664 -0.82222294807434082031 -0.033377602696418762207 -0.082055844366550445557 -0.83162075281143188477 -0.63049358129501342773 -0.89023178815841674805 -0.60016292333602905273 0.17393553256988525391 0.90675783157348632813 1.645829319953918457 1.302103877067565918 0.96226733922958374023 0.74142682552337646484 0.55013620853424072266 -0.14263132214546203613 -0.77005177736282348633 -0.70493727922439575195 0.048538658767938613892 0.83242994546890258789 1.4751000404357910156 1.7999818325042724609 1.0056992769241333008 0.22174304723739624023 -0.51061213016510009766 -1.0783134698867797852 -0.80121141672134399414
0.72277283668518066406 0.35300821065902709961 -0.3926099240779876709 -0.69797754287719726563 -0.10404853522777557373 0.20822645723819732666 -0.23682621121406555176 -0.42959779500961303711 -0.90068399906158447266 -0.88551026582717895508 -0.17934972047805786133 -0.26244521141052246094 -1.0315765142440795898 -0.60959315299987792969 -0.25205859541893005371 0.27647346258163452148 -0.29758584499359130859 -1.0414923429489135742 -0.44315963983535766602 -0.66126215457916259766 -0.88794738054275512695 -0.11951810121536254883 0.6669864654541015625 0.99457752704620361328 0.57659161090850830078 0.24540324509143829346 -0.05156818777322769165 -0.050368264317512512207 -0.46391203999519348145 -1.0054465532302856445 -0.34819769859313964844 0.32616958022117614746 1.0665371417999267578 1.8222267627716064453 1.8101726770401000977 1.0196771621704101563 0.24378174543380737305 -0.46349659562110900879 -0.59275716543197631836 -0.23788279294967651367
0.02952023036777973175 -0.37000483274459838867 -0.36917668581008911133 -1.002674102783203125 -0.65088468790054321289 -0.054465942084789276123 0.55049711465835571289 0.22249701619148254395 -0.22645246982574462891 -0.22939799726009368896 0.23751762509346008301 0.10283254832029342651 -0.24363106489181518555 0.033478360623121261597 0.48796343803405761719 0.63796067237854003906 -0.053260259330272674561 -0.43078336119651794434 -0.1004905402660369873 -0.36671802401542663574 -1.0746145248413085938 -0.36538743972778320313 0.34216785430908203125 0.39800396561622619629 -0.12590682506561279297 -0.46960523724555969238 -0.83088767528533935547 -0.83596980571746826172 -0.97014218568801879883 -0.67751348018646240234 -0.0037166874390095472336 0.7201945185661315918 1.4200559854507446289 2.121551513671875 1.9308800697326660156 1.3146243095397949219 0.67141485214233398438 0.21432812511920928955 0.16114595532417297363 -0.18190638720989227295
-0.63392156362533569336 -1.0530452728271484375 -0.66387993097305297852 -0.46629455685615539551 -1.0556579828262329102 -0.36493793129920959473 0.43741434812545776367 0.84403371810913085938 0.54837995767593383789 0.54563754796981811523 0.8531856536865234375 0.76276493072509765625 0.55857169628143310547 0.71848136186599731445 0.8127193450927734375 0.47583395242691040039 -0.10023277252912521362 -0.65154433250427246094 -0.76182222366333007813 -0.064341358840465545654 -0.76354044675827026367 -0.75322502851486206055 -0.069363534450531005859 -0.10266458988189697266 -0.73743134737014770508 -1.0140570402145385742 -0.68759989738464355469 -0.60027271509170532227 -0.72587949037551879883 -0.75649678707122802734 0.045944988727569580078 0.84877824783325195313 1.6516630649566650391 1.6587135791778564453 1.304650425910949707 0.79804837703704833984 0.34962505102157592773 0.16937071084976196289 0.33911818265914916992 0.38718971610069274902
-0.91546630859375 -0.48251447081565856934 -0.08696114271879196167 0.023615196347236633301 -0.3559665679931640625 -0.047867465764284133911 0.61343431472778320313 1.3598276376724243164 1.3397523164749145508 1.3381005525588989258 1.5610865354537963867 1.5036826133728027344 1.087494969367980957 0.4875952601432800293 0.051478188484907150269 -0.16521601378917694092 -0.65882200002670288086 -0.9998791813850402832 -0.52413088083267211914 -0.4234956204891204834 -0.37231922149658203125 -1.1048257350921630859 -0.32960292696952819824 -0.35776937007904052734 -1.0774000883102416992 -0.36625602841377258301 0.0016431492986157536507 -0.51662445068359375 -1.038817286491394043 -0.65097409486770629883 0.096967458724975585938 0.88735091686248779297 1.4626872539520263672 1.0166106224060058594 0.56956237554550170898 0.19918513298034667969 -0.33257251977920532227 -0.63350844383239746094 -0.43091759085655212402 -0.20869277417659759521
-0.13302654027938842773 0.12857699394226074219 0.60022974014282226563 0.66235488653182983398 0.44613862037658691406 0.6173598170280456543 1.0876268148422241211 1.7116577625274658203 2.1367840766906738281 2.1356933116912841797 2.3096039295196533203 1.5456387996673583984 0.75815480947494506836 -0.0070390803739428520203 -0.6307544708251953125 -0.92600470781326293945 -1.0181946754455566406 -0.87538927793502807617 -0.93646693229675292969 -1.0138474702835083008 -0.94885522127151489258 -0.84920543432235717773 -0.67619276046752929688 -0.84528613090515136719 -1.0622923374176025391 -0.26862704753875732422 0.044395774602890014648 -0.7501494288444519043 -0.80378937721252441406 -0.76690846681594848633 -0.076818153262138366699 0.70789867639541625977 0.78861916065216064453 0.35025098919868469238 -0.11617536842823028564 -0.45630121231079101563 -0.83543187379837036133 -0.80781084299087524414 -1.0225881338119506836 -0.95881772041320800781
0.65556675195693969727 0.84203559160232543945 1.2512552738189697266 1.3314911127090454102 1.248797297477722168 1.365315556526184082 1.7140622138977050781 2.2231271266937255859 2.8310155868530273438 2.9341719150543212891 2.3321270942687988281 1.5351163148880004883 0.74318945407867431641 -0.032486911863088607788 -0.69181805849075317383 -0.52977579832077026367 -0.89509606361389160156 -0.12058147788047790527 -0.16724242269992828369 -0.26369124650955200195 -0.65660959482192993164 -0.96734970808029174805 -0.85472428798675537109 -0.44546809792518615723 -0.99979585409164428711 -0.23596902191638946533 0.23956094682216644287 -0.38516816496849060059 -0.62977951765060424805 -0.57138764858245849609 0.0044791530817747116089 0.75547754764556884766 0.19204157590866088867 -0.32450404763221740723 -0.76818549633026123047 -0.9996922612190246582 -0.89791065454483032227 -0.96581739187240600586 -0.56343263387680053711 -0.94445931911468505859
0.83815562725067138672 1.3798209428787231445 0.84273028373718261719 0.536815643310546875 0.58769881725311279297 0.94485706090927124023 1.5043256282806396484 2.1394722461700439453 2.508251190185546875 2.8069629669189453125 2.0526421070098876953 1.3291671276092529297 0.67028337717056274414 0.17196522653102874756 0.062886647880077362061 -0.58338665962219238281 -0.86925745010375976563 -0.083594888448715209961 0.61877858638763427734 0.47752675414085388184 0.052776370197534561157 -0.20095452666282653809 -0.15679001808166503906 -0.74291318655014038086 -0.83887732028961181641 -0.076234363019466400146 0.70908170938491821289 0.30555489659309387207 0.16719701886177062988 0.20929993689060211182 0.53237587213516235352 0.72677940130233764648 -0.076128631830215454102 -0.87894451618194580078 -0.79229170083999633789 -0.46959227323532104492 -0.58836168050765991211 -0.57172852754592895508 -0.9863631129264831543 -0.92578929662704467773
0.94038546085357666016 0.94735217094421386719 0.25005224347114562988 -0.24270570278167724609 -0.16435582935810089111 0.37672474980354309082 1.0161308050155639648 1.4186294078826904297 1.8253617286682128906 2.3383171558380126953 1.8413797616958618164 1.0488085746765136719 0.26818832755088806152 -0.45989695191383361816 -0.69366765022277832031 -0.37101772427558898926 -1.0877088308334350586 -0.38507944345474243164 0.40711575746536254883 1.1233564615249633789 0.82632863521575927734 0.52830970287322998047 -0.095580950379371643066 -0.78205287456512451172 -0.65311312675476074219 -0.040325250476598739624 0.62256950139999389648 1.0626752376556396484 0.96830469369888305664 1.0066123008728027344 1.22216033935546875 0.89704495668411254883 0.20197445154190063477 -0.27366852760314941406 -0.13272105157375335693 0.25843590497970581055 -0.012103775516152381897 -0.77880638837814331055 -1.0582698583602905273 -0.4428596198558807373
1.2225023508071899414 0.77428835630416870117 -0.028508076444268226624 -0.83060628175735473633 -0.7168261408805847168 -0.1141509711742401123 0.3480606377124786377 0.71469783782958984375 1.2028206586837768555 1.8239501714706420898 1.818070530891418457 1.0204997062683105469 0.22929322719573974609 -0.52937853336334228516 -1.0437446832656860352 -0.75849360227584838867 -0.98378884792327880859 -0.33503136038780212402 0.21018867194652557373 0.93234360218048095703 0.47085648775100708008 0.03502022475004196167 -0.55015033483505249023 -1.0052605867385864258 -1.063498377799987793 -0.35533866286277770996 0.4470519721508026123 1.249802708625793457 1.7704191207885742188 1.5614886283874511719 1.0320569276809692383 0.70006316900253295898 0.69204163551330566406 0.51215642690658569336 0.58948373794555664063 0.57764440774917602539 -0.20813892781734466553 -0.94285702705383300781 -0.45546418428421020508 -0.30368629097938537598
1.6033718585968017578 0.92751008272171020508 0.21992099285125732422 -0.4074548184871673584 -0.99887812137603759766 -0.60615116357803344727 -0.37648600339889526367 0.067336678504943847656 0.71823352575302124023 1.2380864620208740234 1.3283431529998779297 1.2654999494552612305 0.59108060598373413086 0.012023697607219219208 -0.38369023799896240234 -0.90313875675201416016 -1.1147592067718505859 -0.7920093536376953125 0.0029301815666258335114 0.37708261609077453613 -0.12600807845592498779 -0.66064846515655517578 -1.0404658317565917969 -0.61887460947036743164 -0.27601471543312072754 0.017341878265142440796 0.65887123346328735352 1.3948857784271240234 1.8179367780685424805 1.0865234136581420898 0.42699265480041503906 -0.064846858382225036621 -0.07874619215726852417 0.41126647591590881348 0.81120342016220092773 0.30192571878433227539 -0.34915208816528320313 -1.0820829868316650391 -0.29655817151069641113 -0.62162852287292480469
2.0060288906097412109 1.346943974494934082 0.70153164863586425781 0.093767702579498291016 -0.51858490705490112305 -0.82606017589569091797 -1.0673143863677978516 -0.37631556391716003418 0.29317304491996765137 0.43521666526794433594 0.56498038768768310547 0.9865468144416809082 0.93233418464660644531 0.15809088945388793945 -0.58188730478286743164 -0.91773903369903564453 -0.31658539175987243652 -0.17709566652774810791 0.27921772003173828125 0.044546958059072494507 -0.73753583431243896484 -0.98697733879089355469 -0.47770431637763977051 -0.091536387801170349121 0.47934675216674804688 0.6943753361701965332 1.1521512269973754883 1.7649358510971069336 1.355652928352355957 0.78145819902420043945 0.039170213043689727783 -0.70415365695953369141 -0.70239943265914916992 0.077978797256946563721 0.098308518528938293457 -0.12435124069452285767 -0.76270318031311035156 -0.75880515575408935547 -0.11349526792764663696 -0.13042221963405609131
1.5509179830551147461 1.1700994968414306641 1.0351896286010742188 0.61082935333251953125 0.15687565505504608154 -0.079492434859275817871 -0.82432013750076293945 -0.84077215194702148438 -0.34561645984649658203 -0.36754205822944641113 -0.14253227412700653076 0.41480818390846252441 0.80257683992385864258 0.01184764225035905838 -0.78032267093658447266 -0.65609401464462280273 -0.91642910242080688477 -0.79812318086624145508 -0.25319638848304748535 0.20694506168365478516 -0.37768915295600891113 -0.32560521364212036133 0.1336965709924697876 0.58974307775497436523 1.0429044961929321289 1.4451093673706054688 1.7869608402252197266 1.7368470430374145508 0.96776509284973144531 0.2384347766637802124 -0.3338025212287902832 -0.8097947239875793457 -0.61942625045776367188 0.18180608749389648438 -0.41875413060188293457 -0.91717660427093505859 -1.0224562883377075195 -0.82845956087112426758 -0.15009610354900360107 0.53258317708969116211
0.95798540115356445313 0.43842327594757080078 0.23237635195255279541 0.44744524359703063965 0.81447708606719970703 0.27510556578636169434 -0.27372527122497558594 -0.86387026309967041016 -1.0870069265365600586 -1.0640920400619506836 -0.72052973508834838867 -0.13560821115970611572 0.41328981518745422363 -0.12271760404109954834 -0.91857343912124633789 -0.87542700767517089844 -0.56064051389694213867 -0.92259949445724487305 -0.82340586185455322266 -0.37661829590797424316 0.2784608006477355957 0.40493485331535339355 0.77392518520355224609 1.2667331695556640625 1.6819612979888916016 2.1780765056610107422 2.4539687633514404297 1.6514711380004882813 0.84931904077529907227 0.048225630074739456177 -0.74495750665664672852 -0.92804533243179321289 -0.92412734031677246094 -0.4427299797534942627 -0.8582165837287902832 -0.93907982110977172852 -0.68367207050323486328 -0.97795003652572631836 -0.449665069580078125 0.3315442204475402832
0.5508486628532409668 -0.17012621462345123291 -0.5701198577880859375 -0.27137956023216247559 0.13671745359897613525 0.33202645182609558105 0.26842600107192993164 -0.13449490070343017578 -0.29252898693084716797 -0.41148421168327331543 -0.97076636552810668945 -0.71686768531799316406 -0.10278435051441192627 -0.43253162503242492676 -0.90588968992233276367 -1.111782073974609375 -0.38052698969841003418 -0.30822429060935974121 -0.87336677312850952148 -0.59502887725830078125 0.089424505829811096191 0.75474077463150024414 1.4377037286758422852 1.8954638242721557617 2.3846480846405029297 2.7965664863586425781 2.5654077529907226563 1.7937690019607543945 1.0450059175491333008 0.35440108180046081543 -0.14534015953540802002 -0.19213256239891052246 -0.67344182729721069336 -1.0682234764099121094 -0.90031355619430541992 -0.37230941653251647949 -0.39137893915176391602 -0.87816351652145385742 -0.59766119718551635742 0.20174278318881988525
