INPUT/RASTER/maxent_background_data/soc.asc
ncols        113
nrows        135
xllcorner    473009.983799999987
yllcorner    4429001.174800000153
cellsize     100.000000000000
NODATA_value  -9999
[rows 68 to 84 of 135, columns 39 to 77 of 113]
0.039381507784128189087 -0.046990793198347091675 -0.085174955427646636963 -0.033803552389144897461 0.017567422240972518921 0.17846474051475524902 0.35871458053588867188 0.42983457446098327637 0.29814162850379943848 0.166448250412940979 0.045201960951089859009 -0.074198901653289794922 -0.17625078558921813965 -0.24606031179428100586 -0.3158702552318572998 -0.38408559560775756836 -0.45201933383941650391 -0.52458143234252929688 -0.60574555397033691406 -0.68690925836563110352 -0.58761894702911376953 -0.45644301176071166992 -0.30901619791984558105 -0.13138903677463531494 0.04623812064528465271 0.053336150944232940674 0.030302595347166061401 0.00080296641681343317032 -0.079561308026313781738 -0.52313935756683349609 -0.85179227590560913086 -0.85179227590560913086 -0.49336111545562744141 -0.49336111545562744141 -0.49336111545562744141 -0.36324101686477661133 -0.34234473109245300293 -0.31072449684143066406 -0.23622381687164306641
0.056872345507144927979 -0.03375783190131187439 -0.064048364758491516113 0.017801571637392044067 0.09965108335018157959 0.24574474990367889404 0.40319004654884338379 0.46985134482383728027 0.36779475212097167969 0.26573774218559265137 0.10919915139675140381 -0.056966144591569900513 -0.18545019626617431641 -0.24390594661235809326 -0.30236127972602844238 -0.40804120898246765137 -0.52206557989120483398 -0.5988509058952331543 -0.6064288020133972168 -0.61400663852691650391 -0.50904244184494018555 -0.38419282436370849609 -0.25669240951538085938 -0.12426495552062988281 0.0081624919548630714417 0.042920693755149841309 0.060420930385589599609 0.061295151710510253906 0.012827569618821144104 -0.11656915396451950073 -0.19540803134441375732 -0.24021208286285400391 -0.32576870918273925781 -0.48706254363059997559 -0.64835679531097412109 -0.51200479269027709961 -0.4187374114990234375 -0.38247942924499511719 -0.38510850071907043457
0.066010646522045135498 -0.013866946101188659668 -0.019610913470387458801 0.1124191582202911377 0.24444922804832458496 0.3523865044116973877 0.45606720447540283203 0.51159775257110595703 0.47764286398887634277 0.44368794560432434082 0.26082271337509155273 0.051645390689373016357 -0.09853353351354598999 -0.13906775414943695068 -0.17960153520107269287 -0.33132764697074890137 -0.50270110368728637695 -0.57790035009384155273 -0.47436454892158508301 -0.37082913517951965332 -0.27050262689590454102 -0.17074310779571533203 -0.10720439255237579346 -0.11098071932792663574 -0.11475747078657150269 -0.06999101489782333374 -0.016647277399897575378 0.00021203378855716437101 -0.060765117406845092773 -0.14257104694843292236 -0.19540803134441375732 -0.24021208286285400391 -0.32576870918273925781 -0.48706254363059997559 -0.64835679531097412109 -0.61895328760147094727 -0.51096689701080322266 -0.47078391909599304199 -0.58531290292739868164
0.067461706697940826416 0.0068772239610552787781 0.026750164106488227844 0.19615083932876586914 0.36555153131484985352 0.45155295729637145996 0.52281779050827026367 0.56645876169204711914 0.55876129865646362305 0.5510641932487487793 0.36244091391563415527 0.14184914529323577881 -0.010079508647322654724 -0.034400038421154022217 -0.05872014164924621582 -0.2415084540843963623 -0.45229750871658325195 -0.53217679262161254883 -0.36876535415649414063 -0.20535431802272796631 -0.10502182692289352417 -0.015835439786314964294 0.003337610047310590744 -0.10760774463415145874 -0.21855309605598449707 -0.16812728345394134521 -0.08918841928243637085 -0.057271651923656463623 -0.11274411529302597046 -0.16821658611297607422 -0.217525482177734375 -0.26574525237083435059 -0.35083356499671936035 -0.50444227457046508789 -0.65805059671401977539 -0.69014936685562133789 -0.72230201959609985352 -0.84863257408142089844 -0.83670449256896972656
0.044335003942251205444 0.030346605926752090454 0.079260699450969696045 0.24507732689380645752 0.41089397668838500977 0.52681761980056762695 0.63392597436904907227 0.6632525324821472168 0.5480257868766784668 0.43279907107353210449 0.30418127775192260742 0.17319719493389129639 0.083289980888366699219 0.069722458720207214355 0.056154936552047729492 -0.10978817194700241089 -0.30265524983406066895 -0.4072468876838684082 -0.34778061509132385254 -0.28831434249877929688 -0.17312948405742645264 -0.048100020736455917358 -0.010638821870088577271 -0.13592123985290527344 -0.26120406389236450195 -0.21902310848236083984 -0.14725278317928314209 -0.12250454723834991455 -0.18514595925807952881 -0.24778695404529571533 -0.31035658717155456543 -0.37291383743286132813 -0.4560388028621673584 -0.57738804817199707031 -0.69873774051666259766 -0.74891579151153564453 -0.8089306950569152832 -0.86860293149948120117 -0.85829257965087890625
0.021208727732300758362 0.053815986961126327515 0.13177123665809631348 0.29400339722633361816 0.45623597502708435059 0.60208225250244140625 0.74503368139266967773 0.76004672050476074219 0.53729033470153808594 0.31453433632850646973 0.24592164158821105957 0.20454524457454681396 0.17665946483612060547 0.17384496331214904785 0.17103044688701629639 0.021932119503617286682 -0.15301342308521270752 -0.28231656551361083984 -0.32679545879364013672 -0.37127435207366943359 -0.24123756587505340576 -0.080364599823951721191 -0.024615254253149032593 -0.16423515975475311279 -0.30385506153106689453 -0.26991936564445495605 -0.20531757175922393799 -0.18773786723613739014 -0.25754782557487487793 -0.32735776901245117188 -0.40318813920021057129 -0.48008245229721069336 -0.56124359369277954102 -0.65033429861068725586 -0.73942452669143676758 -0.79111081361770629883 -0.83997362852096557617 -0.87347310781478881836 -0.87153321504592895508
-0.088571853935718536377 -0.049060124903917312622 0.0099126435816287994385 0.10505364835262298584 0.2001946568489074707 0.34169074892997741699 0.49137789011001586914 0.52962100505828857422 0.36074885725975036621 0.19187715649604797363 0.15578626096248626709 0.14315661787986755371 0.13587144017219543457 0.13851761817932128906 0.14116378128528594971 0.026106247678399085999 -0.10974886268377304077 -0.21852660179138183594 -0.27698236703872680664 -0.33543768525123596191 -0.24000485241413116455 -0.11738013476133346558 -0.060965944081544876099 -0.12760074436664581299 -0.19423556327819824219 -0.23638875782489776611 -0.2742156982421875 -0.32203680276870727539 -0.38843062520027160645 -0.45482489466667175293 -0.50634628534317016602 -0.55523985624313354492 -0.61431598663330078125 -0.69231700897216796875 -0.77031797170639038086 -0.8043651580810546875 -0.83064603805541992188 -0.82088732719421386719 -0.74414986371994018555
-0.22907580435276031494 -0.19673261046409606934 -0.17376869916915893555 -0.16823537647724151611 -0.16270248591899871826 -0.037708066403865814209 0.10839500278234481812 0.18317937850952148438 0.12542095780372619629 0.067662954330444335938 0.054348811507225036621 0.048888131976127624512 0.047517407685518264771 0.053748048841953277588 0.059978265315294265747 -0.014941563829779624939 -0.1042010188102722168 -0.17641401290893554688 -0.21694822609424591064 -0.25748202204704284668 -0.21418711543083190918 -0.15608045458793640137 -0.10524871200323104858 -0.067938774824142456055 -0.030628411099314689636 -0.1729243844747543335 -0.34695553779602050781 -0.48082292079925537109 -0.54004824161529541016 -0.59927350282669067383 -0.61316573619842529297 -0.61904734373092651367 -0.6489054560661315918 -0.7233219146728515625 -0.79773843288421630859 -0.80992496013641357422 -0.81111580133438110352 -0.74868035316467285156 -0.5679976344108581543
-0.33465278148651123047 -0.30606240034103393555 -0.30822274088859558105 -0.36753222346305847168 -0.42684209346771240234 -0.32406470179557800293 -0.19264777004718780518 -0.094813607633113861084 -0.059391830116510391235 -0.023969629779458045959 -0.012119358405470848083 -0.0044333888217806816101 -0.0010817795991897583008 -0.005784458015114068985 -0.010487136431038379669 -0.047450121492147445679 -0.090113066136837005615 -0.12247548997402191162 -0.13569435477256774902 -0.14891278743743896484 -0.15779727697372436523 -0.16591608524322509766 -0.13522177934646606445 -0.032395225018262863159 0.070431321859359741211 -0.14003896713256835938 -0.40586763620376586914 -0.59511816501617431641 -0.64205098152160644531 -0.68898373842239379883 -0.68915212154388427734 -0.68105721473693847656 -0.68473994731903076172 -0.71031200885772705078 -0.73588365316390991211 -0.72013866901397705078 -0.69709360599517822266 -0.59777289628982543945 -0.35669800639152526855
-0.32856056094169616699 -0.29280167818069458008 -0.2852853238582611084 -0.33025774359703063965 -0.3752301335334777832 -0.31294551491737365723 -0.23170872032642364502 -0.15396070480346679688 -0.082695424556732177734 -0.011430578306317329407 0.033217094838619232178 0.073161661624908447266 0.077424235641956329346 0.015372468158602714539 -0.04667930305004119873 -0.052654858678579330444 -0.048721715807914733887 -0.03072625771164894104 0.013403974473476409912 0.057534206658601760864 -0.0036604334600269794464 -0.083465389907360076904 -0.11944135278463363647 -0.073963895440101623535 -0.028486013412475585938 -0.20492319762706756592 -0.42057129740715026855 -0.56716531515121459961 -0.58542352914810180664 -0.60368180274963378906 -0.66655820608139038086 -0.7373180389404296875 -0.7245572209358215332 -0.55657637119293212891 -0.38859513401985168457 -0.32550975680351257324 -0.28095823526382446289 -0.1952422410249710083 -0.033021625131368637085
-0.32246837019920349121 -0.27954092621803283691 -0.26234835386276245117 -0.29298326373100280762 -0.32361817359924316406 -0.30182588100433349609 -0.27076965570449829102 -0.21310737729072570801 -0.10599945485591888428 0.0011089011095464229584 0.07855354994535446167 0.15075671672821044922 0.15592983365058898926 0.036528967320919036865 -0.082871466875076293945 -0.057859592139720916748 -0.0073303687386214733124 0.061022974550724029541 0.16250187158584594727 0.26398119330406188965 0.15047641098499298096 -0.0010142688406631350517 -0.10366135835647583008 -0.11553256958723068237 -0.12740378081798553467 -0.26980742812156677246 -0.4352754056453704834 -0.53921204805374145508 -0.52879613637924194336 -0.51837980747222900391 -0.64396393299102783203 -0.79357880353927612305 -0.7643744349479675293 -0.40284076333045959473 -0.041307069361209869385 0.069119565188884735107 0.13517668843269348145 0.20728883147239685059 0.29065433144569396973
-0.34984567761421203613 -0.32356476783752441406 -0.29921945929527282715 -0.27847144007682800293 -0.25772342085838317871 -0.18990461528301239014 -0.11376788467168807983 -0.042954675853252410889 0.01796693168580532074 0.078888535499572753906 0.14532935619354248047 0.21274566650390625 0.22344098985195159912 0.12872086465358734131 0.034001160413026809692 0.097821027040481567383 0.18965400755405426025 0.27530121803283691406 0.34945321083068847656 0.42360520362854003906 0.33502686023712158203 0.21769446134567260742 0.11534219980239868164 0.040829572826623916626 -0.03368262946605682373 -0.20806202292442321777 -0.40008690953254699707 -0.51588749885559082031 -0.49002787470817565918 -0.46416786313056945801 -0.58023720979690551758 -0.72138464450836181641 -0.67450612783432006836 -0.27818688750267028809 0.11813236027956008911 0.24531233310699462891 0.32493698596954345703 0.39957523345947265625 0.46494698524475097656
-0.38908994197845458984 -0.38789910078048706055 -0.35729578137397766113 -0.27203014492988586426 -0.18676450848579406738 -0.042243674397468566895 0.11274731159210205078 0.20849719643592834473 0.19414816796779632568 0.17979915440082550049 0.21970696747303009033 0.26920172572135925293 0.28705364465713500977 0.2460985332727432251 0.20514345169067382813 0.31054353713989257813 0.4418036341667175293 0.5330225825309753418 0.54982548952102661133 0.56662887334823608398 0.53036022186279296875 0.48471397161483764648 0.40639895200729370117 0.26736870408058166504 0.12833844125270843506 -0.1014202609658241272 -0.34720978140830993652 -0.49420416355133056641 -0.45759153366088867188 -0.42097848653793334961 -0.501926422119140625 -0.60364633798599243164 -0.53865700960159301758 -0.16384376585483551025 0.21096944808959960938 0.3440583348274230957 0.43443599343299865723 0.51731908321380615234 0.58627492189407348633
-0.39960065484046936035 -0.4072742462158203125 -0.36882644891738891602 -0.24466267228126525879 -0.12049844861030578613 0.077282376587390899658 0.28807142376899719238 0.40033835172653198242 0.32950633764266967773 0.25867390632629394531 0.27922451496124267578 0.31592130661010742188 0.34037771821022033691 0.34208598732948303223 0.3437938392162322998 0.47822096943855285645 0.6360995173454284668 0.72336614131927490234 0.67940425872802734375 0.63544279336929321289 0.63500481843948364258 0.64225798845291137695 0.59040331840515136719 0.4287001490592956543 0.26699694991111755371 0.0041088564321398735046 -0.27665847539901733398 -0.44532081484794616699 -0.40564075112342834473 -0.36596065759658813477 -0.41294088959693908691 -0.47523364424705505371 -0.39631614089012145996 -0.054964322596788406372 0.28638750314712524414 0.41850987076759338379 0.51366239786148071289 0.58746063709259033203 0.62157231569290161133
-0.31824338436126708984 -0.28290578722953796387 -0.2315403670072555542 -0.15038819611072540283 -0.069236010313034057617 0.10685592889785766602 0.29972341656684875488 0.40159243345260620117 0.33434447646141052246 0.26709651947021484375 0.2912311851978302002 0.331512451171875 0.3608074188232421875 0.36968377232551574707 0.37856015563011169434 0.50188004970550537109 0.6454207301139831543 0.69828760623931884766 0.58263957500457763672 0.46699154376983642578 0.44969725608825683594 0.4497814178466796875 0.43213805556297302246 0.3815485835075378418 0.3309586942195892334 0.10607827454805374146 -0.14959856867790222168 -0.30947211384773254395 -0.29129764437675476074 -0.27312356233596801758 -0.2898260653018951416 -0.31269127130508422852 -0.23321831226348876953 0.036447353661060333252 0.30611258745193481445 0.41528642177581787109 0.49610191583633422852 0.50540560483932495117 0.38180750608444213867
-0.23688654601573944092 -0.1585369110107421875 -0.094254292547702789307 -0.056113716214895248413 -0.017973138019442558289 0.13642947375774383545 0.31137502193450927734 0.40284609794616699219 0.33918261528015136719 0.27551913261413574219 0.30323827266693115234 0.34710401296615600586 0.38123667240142822266 0.39728200435638427734 0.4133269190788269043 0.5255387425422668457 0.65474230051040649414 0.67320907115936279297 0.48587489128112792969 0.29854071140289306641 0.2643896639347076416 0.25730490684509277344 0.27387279272079467773 0.33439660072326660156 0.39492082595825195313 0.20804768800735473633 -0.022539084777235984802 -0.17362342774868011475 -0.17695495486259460449 -0.18028648197650909424 -0.16671125590801239014 -0.15014934539794921875 -0.070120483636856079102 0.12785902619361877441 0.3258381187915802002 0.41206300258636474609 0.47854101657867431641 0.42335054278373718262 0.14204269647598266602
-0.24403968453407287598 -0.14120116829872131348 -0.058455225080251693726 -0.013049980625510215759 0.032355263829231262207 0.15237952768802642822 0.28558847308158874512 0.35210365056991577148 0.29467037320137023926 0.23723711073398590088 0.24195261299610137939 0.25764885544776916504 0.27134668827056884766 0.28132975101470947266 0.29131278395652770996 0.35220062732696533203 0.42208322882652282715 0.43892586231231689453 0.35719558596611022949 0.27546527981758117676 0.21285077929496765137 0.15361352264881134033 0.15570507943630218506 0.27177399396896362305 0.38784331083297729492 0.28910160064697265625 0.15240430831909179688 0.067800112068653106689 0.080008447170257568359 0.092216782271862030029 0.078666351735591888428 0.060564499348402023315 0.086497165262699127197 0.19426737725734710693 0.30203759670257568359 0.34679082036018371582 0.3804085850715637207 0.33106976747512817383 0.12755736708641052246
