INPUT/RASTER/maxent_background_data/soc.asc
ncols        113
nrows        135
xllcorner    473009.983799999987
yllcorner    4429001.174800000153
cellsize     100.000000000000
NODATA_value  -9999
[rows 102 to 118 of 135, columns 39 to 77 of 113]
0.015656610950827598572 0.061049893498420715332 0.072078071534633636475 0.019239807501435279846 -0.033598456531763076782 -0.098897151648998260498 -0.1663980633020401001 -0.20720830559730529785 -0.198416098952293396 -0.18962389230728149414 -0.28061640262603759766 -0.38924032449722290039 -0.47257977724075317383 -0.50892835855484008789 -0.54527646303176879883 -0.53913295269012451172 -0.52548128366470336914 -0.49305006861686706543 -0.42571792006492614746 -0.35838580131530761719 -0.29539784789085388184 -0.23317772150039672852 -0.15639451146125793457 -0.052545472979545593262 0.051303561776876449585 0.12824872136116027832 0.20044034719467163086 0.23817841708660125732 0.21188555657863616943 0.1855926811695098877 0.055099118500947952271 -0.093806497752666473389 -0.18106754124164581299 -0.15376415848731994629 -0.12646076083183288574 -0.16783715784549713135 -0.22134923934936523438 -0.28288999199867248535 -0.3593514561653137207
-0.026988811790943145752 -0.031775664538145065308 -0.080958947539329528809 -0.21265232563018798828 -0.34434527158737182617 -0.40016254782676696777 -0.44257295131683349609 -0.46205493807792663574 -0.43892568349838256836 -0.41579598188400268555 -0.42543762922286987305 -0.44086980819702148438 -0.44857200980186462402 -0.4419085383415222168 -0.43524506688117980957 -0.43787327408790588379 -0.4421431124210357666 -0.42512571811676025391 -0.3685461580753326416 -0.31196701526641845703 -0.21404099464416503906 -0.10880926251411437988 -0.027885679155588150024 0.0078612565994262695313 0.043608620762825012207 0.073774382472038269043 0.10295397788286209106 0.095172300934791564941 0.018699293956160545349 -0.057774137705564498901 -0.11965072154998779297 -0.17894865572452545166 -0.22048911452293395996 -0.22902880609035491943 -0.23756848275661468506 -0.30260396003723144531 -0.37762165069580078125 -0.4443671107292175293 -0.49573853611946105957
-0.039482571184635162354 -0.0044816718436777591705 -0.042423136532306671143 -0.21592530608177185059 -0.38942748308181762695 -0.48192232847213745117 -0.56010317802429199219 -0.59782630205154418945 -0.56035953760147094727 -0.52289277315139770508 -0.50740247964859008789 -0.49579578638076782227 -0.47735124826431274414 -0.44619888067245483398 -0.41504651308059692383 -0.41573530435562133789 -0.42204970121383666992 -0.39068368077278137207 -0.28928855061531066895 -0.18789382278919219971 -0.12539255619049072266 -0.069763273000717163086 -0.023622674867510795593 0.0048835207708179950714 0.033389717340469360352 0.041656792163848876953 0.046347506344318389893 0.032860312610864639282 -0.014409168623387813568 -0.061679076403379440308 -0.16670143604278564453 -0.28192815184593200684 -0.34830233454704284668 -0.32388609647750854492 -0.29946941137313842773 -0.3553448021411895752 -0.42540729045867919922 -0.48107928037643432617 -0.51000636816024780273
-0.041286133229732513428 0.065400913357734680176 0.064035743474960327148 -0.1381409764289855957 -0.34031769633293151855 -0.48585546016693115234 -0.62138581275939941406 -0.69137907028198242188 -0.6395753026008605957 -0.58777105808258056641 -0.56708198785781860352 -0.55189079046249389648 -0.52484631538391113281 -0.47577244043350219727 -0.42669853568077087402 -0.42164975404739379883 -0.42438009381294250488 -0.36811289191246032715 -0.20220054686069488525 -0.036287777125835418701 -0.034158196300268173218 -0.060968078672885894775 -0.06341085582971572876 -0.02056760154664516449 0.022275654599070549011 0.017465300858020782471 0.0042349048890173435211 -0.00084121921099722385406 0.0092379637062549591064 0.019317146390676498413 -0.16847594082355499268 -0.39123234152793884277 -0.50745505094528198242 -0.4256897270679473877 -0.34392440319061279297 -0.37900391221046447754 -0.43472889065742492676 -0.47355568408966064453 -0.48097717761993408203
-0.11601582169532775879 0.041862316429615020752 0.069424211978912353516 -0.14520139992237091064 -0.3598270118236541748 -0.53347402811050415039 -0.69987988471984863281 -0.78612697124481201172 -0.72340142726898193359 -0.66067582368850708008 -0.62876927852630615234 -0.60230809450149536133 -0.56734305620193481445 -0.51657283306121826172 -0.46580305695533752441 -0.45019611716270446777 -0.44080272316932678223 -0.36035555601119995117 -0.14785909652709960938 0.06463778764009475708 0.016765838488936424255 -0.07711169123649597168 -0.12172859907150268555 -0.074795387685298919678 -0.02786260657012462616 -0.041483540087938308716 -0.065803639590740203857 -0.066392011940479278564 -0.02287535741925239563 0.020641723647713661194 -0.21650043129920959473 -0.50323349237442016602 -0.64905500411987304688 -0.53299802541732788086 -0.4169406592845916748 -0.43613806366920471191 -0.47923386096954345703 -0.49903970956802368164 -0.47556135058403015137
-0.42390581965446472168 -0.28036475181579589844 -0.24833089113235473633 -0.42352938652038574219 -0.59872788190841674805 -0.7207629084587097168 -0.83340418338775634766 -0.88469564914703369141 -0.82197004556655883789 -0.75924450159072875977 -0.69687694311141967773 -0.63457262516021728516 -0.59385854005813598633 -0.59326887130737304688 -0.59267967939376831055 -0.55110073089599609375 -0.50227981805801391602 -0.39996042847633361816 -0.19821655750274658203 0.0035268964711576700211 -0.061189837753772735596 -0.17298890650272369385 -0.23928914964199066162 -0.22103092074394226074 -0.20277224481105804443 -0.21156060695648193359 -0.22512812912464141846 -0.23377250134944915771 -0.2332674562931060791 -0.23276197910308837891 -0.41239523887634277344 -0.62385767698287963867 -0.73453426361083984375 -0.65790486335754394531 -0.58127504587173461914 -0.60030025243759155273 -0.63622796535491943359 -0.63005584478378295898 -0.54564434289932250977
-0.73179578781127929688 -0.60259222984313964844 -0.56608641147613525391 -0.70185738801956176758 -0.83762872219085693359 -0.90805184841156005859 -0.96692842245101928711 -0.98326432704925537109 -0.92053872346878051758 -0.85781317949295043945 -0.76498460769653320313 -0.66683721542358398438 -0.6203740239143371582 -0.66996496915817260742 -0.71955585479736328125 -0.65200579166412353516 -0.56375730037689208984 -0.43956533074378967285 -0.24857443571090698242 -0.057583570480346679688 -0.13914550840854644775 -0.26886653900146484375 -0.3568497002124786377 -0.36726602911949157715 -0.37768191099166870117 -0.38163810968399047852 -0.38445261120796203613 -0.40115299820899963379 -0.44365954399108886719 -0.48616567254066467285 -0.60828959941864013672 -0.74448186159133911133 -0.82001399993896484375 -0.78281170129776000977 -0.74560904502868652344 -0.76446288824081420898 -0.79322159290313720703 -0.76107239723205566406 -0.61572730541229248047
-0.87482714653015136719 -0.79171413183212280273 -0.76582765579223632813 -0.84629446268081665039 -0.92676126956939697266 -0.96567648649215698242 -0.99724972248077392578 -1.0013879537582397461 -0.95453935861587524414 -0.90769034624099731445 -0.83176082372665405273 -0.75069284439086914063 -0.70048922300338745117 -0.70764577388763427734 -0.71480274200439453125 -0.66359287500381469727 -0.60207009315490722656 -0.48698177933692932129 -0.27234420180320739746 -0.057706627994775772095 -0.11047054082155227661 -0.2104825824499130249 -0.29658740758895874023 -0.3568471372127532959 -0.41710689663887023926 -0.42165789008140563965 -0.41636556386947631836 -0.43173363804817199707 -0.48549824953079223633 -0.53926330804824829102 -0.64183646440505981445 -0.75303435325622558594 -0.822406768798828125 -0.81404739618301391602 -0.8056876063346862793 -0.80479031801223754883 -0.80521160364151000977 -0.76849859952926635742 -0.66277289390563964844
-0.95940738916397094727 -0.93364351987838745117 -0.92372626066207885742 -0.94325995445251464844 -0.96279323101043701172 -0.97732812166213989258 -0.99097979068756103516 -0.99099004268646240234 -0.96564704179763793945 -0.94030398130416870117 -0.8980649113655090332 -0.85284000635147094727 -0.79960733652114868164 -0.73149371147155761719 -0.66338008642196655273 -0.643512725830078125 -0.63217043876647949219 -0.53716832399368286133 -0.28668767213821411133 -0.036206591874361038208 -0.043989129364490509033 -0.097405076026916503906 -0.1732781827449798584 -0.2908865809440612793 -0.40849500894546508789 -0.41556566953659057617 -0.4031048119068145752 -0.41381210088729858398 -0.46757671236991882324 -0.5213413238525390625 -0.61782270669937133789 -0.72185206413269042969 -0.79534095525741577148 -0.81207162141799926758 -0.82880234718322753906 -0.80121183395385742188 -0.76579004526138305664 -0.73210561275482177734 -0.70165055990219116211
-1.0038965940475463867 -1.0209639072418212891 -1.0253448486328125 -1.0061483383178710938 -0.98695176839828491211 -0.98479485511779785156 -0.98564898967742919922 -0.98396551609039306641 -0.97756654024124145508 -0.97116750478744506836 -0.94554209709167480469 -0.91651886701583862305 -0.85794430971145629883 -0.74444854259490966797 -0.63095313310623168945 -0.64328795671463012695 -0.67785602807998657227 -0.59926754236221313477 -0.31038179993629455566 -0.021496087312698364258 0.012458823621273040771 0.0013691165950149297714 -0.065255440771579742432 -0.23508895933628082275 -0.40492290258407592773 -0.41954922676086425781 -0.40675124526023864746 -0.41843488812446594238 -0.4756152033805847168 -0.53279596567153930664 -0.61934387683868408203 -0.71108067035675048828 -0.78326380252838134766 -0.81910687685012817383 -0.854949951171875 -0.8092028498649597168 -0.74903923273086547852 -0.71753525733947753906 -0.73929375410079956055
-0.92020332813262939453 -0.93368667364120483398 -0.94702219963073730469 -0.96008467674255371094 -0.97314667701721191406 -0.97887998819351196289 -0.98331862688064575195 -0.98772734403610229492 -0.9920813441276550293 -0.99643534421920776367 -0.93282526731491088867 -0.85720598697662353516 -0.78589159250259399414 -0.72257632017135620117 -0.65926152467727661133 -0.70654594898223876953 -0.77337259054183959961 -0.69945687055587768555 -0.36397507786750793457 -0.028493275865912437439 0.036827638745307922363 0.054412048310041427612 -0.0061083389446139335632 -0.21178536117076873779 -0.41746196150779724121 -0.45574739575386047363 -0.46445542573928833008 -0.4951369166374206543 -0.56665468215942382813 -0.63817250728607177734 -0.70250427722930908203 -0.76556658744812011719 -0.81910687685012817383 -0.854949951171875 -0.89079302549362182617 -0.85418421030044555664 -0.80477362871170043945 -0.77273720502853393555 -0.77298974990844726563
-0.83651012182235717773 -0.84640896320343017578 -0.86869990825653076172 -0.91402095556259155273 -0.95934206247329711914 -0.97296553850173950195 -0.9809882044792175293 -0.99148911237716674805 -1.0065960884094238281 -1.0217031240463256836 -0.92010849714279174805 -0.79789310693740844727 -0.71383881568908691406 -0.70070409774780273438 -0.68756943941116333008 -0.76980394124984741211 -0.86888921260833740234 -0.79964584112167358398 -0.41756793856620788574 -0.035490039736032485962 0.061196021735668182373 0.10745541006326675415 0.053038332611322402954 -0.1884813457727432251 -0.43000143766403198242 -0.49194553494453430176 -0.522159576416015625 -0.57183891534805297852 -0.65769380331039428711 -0.74354910850524902344 -0.78566509485244750977 -0.82005286216735839844 -0.854949951171875 -0.89079302549362182617 -0.92663609981536865234 -0.89916563034057617188 -0.86050760746002197266 -0.82793879508972167969 -0.8066857457160949707
-0.87665247917175292969 -0.90413576364517211914 -0.93155664205551147461 -0.95886003971099853516 -0.9861634373664855957 -0.97539079189300537109 -0.95789015293121337891 -0.95000463724136352539 -0.95998811721801757813 -0.96997112035751342773 -0.90671527385711669922 -0.83051830530166625977 -0.77079522609710693359 -0.74168783426284790039 -0.71258044242858886719 -0.79959195852279663086 -0.90712118148803710938 -0.84095215797424316406 -0.45197018980979919434 -0.062988273799419403076 -0.0038621111307293176651 -0.0030199361499398946762 -0.067104294896125793457 -0.25185298919677734375 -0.43660211563110351563 -0.52179038524627685547 -0.58938705921173095703 -0.6572780609130859375 -0.72571682929992675781 -0.79415565729141235352 -0.81378549337387084961 -0.82479101419448852539 -0.8491141200065612793 -0.89818799495697021484 -0.94726145267486572266 -0.93991136550903320313 -0.92259097099304199219 -0.8769314885139465332 -0.7786038517951965332
-0.96070039272308349609 -1.0132741928100585938 -1.0444684028625488281 -1.0359282493591308594 -1.0273885726928710938 -0.98077285289764404297 -0.92742955684661865234 -0.89247822761535644531 -0.89170825481414794922 -0.89093869924545288086 -0.89308196306228637695 -0.89574009180068969727 -0.87349188327789306641 -0.80495691299438476563 -0.73642241954803466797 -0.81751352548599243164 -0.92504274845123291016 -0.86138141155242919922 -0.47956800460815429688 -0.097754597663879394531 -0.10062679648399353027 -0.17147076129913330078 -0.25081467628479003906 -0.34595569968223571777 -0.44109669327735900879 -0.54938262701034545898 -0.65999084711074829102 -0.74581539630889892578 -0.78557962179183959961 -0.82534390687942504883 -0.82239139080047607422 -0.8118909001350402832 -0.82850152254104614258 -0.89549696445465087891 -0.9624919891357421875 -0.97915560007095336914 -0.98692530393600463867 -0.92372244596481323242 -0.72861808538436889648
-0.99692755937576293945 -1.0660517215728759766 -1.1038321256637573242 -1.0833605527877807617 -1.0628885030746459961 -0.99853503704071044922 -0.92642754316329956055 -0.87252795696258544922 -0.85246527194976806641 -0.83240306377410888672 -0.88197088241577148438 -0.94384276866912841797 -0.95227479934692382813 -0.86139208078384399414 -0.77050894498825073242 -0.83155274391174316406 -0.91944062709808349609 -0.86254614591598510742 -0.53657740354537963867 -0.21060904860496520996 -0.22545543313026428223 -0.30052223801612854004 -0.36052477359771728516 -0.39253082871437072754 -0.42453691363334655762 -0.55771809816360473633 -0.70877635478973388672 -0.81295955181121826172 -0.83002692461013793945 -0.84709429740905761719 -0.8318920135498046875 -0.81098759174346923828 -0.82411587238311767578 -0.90049272775650024414 -0.97687005996704101563 -1.0068303346633911133 -1.028588414192199707 -0.95406806468963623047 -0.70061612129211425781
-0.88026005029678344727 -0.93863165378570556641 -0.99199116230010986328 -1.0360372066497802734 -1.0800828933715820313 -1.0558781623840332031 -1.0196142196655273438 -0.97271686792373657227 -0.90605854988098144531 -0.83939981460571289063 -0.87892478704452514648 -0.93721216917037963867 -0.95459920167922973633 -0.89597553014755249023 -0.83735144138336181641 -0.83317899703979492188 -0.83862769603729248047 -0.80211591720581054688 -0.68762201070785522461 -0.57312762737274169922 -0.44001054763793945313 -0.30360296368598937988 -0.23363661766052246094 -0.28714871406555175781 -0.34066081047058105469 -0.50448584556579589844 -0.68780273199081420898 -0.81170547008514404297 -0.82518881559371948242 -0.83867174386978149414 -0.84425371885299682617 -0.84843939542770385742 -0.87161099910736083984 -0.93006628751754760742 -0.98852205276489257813 -0.99751424789428710938 -0.99776721000671386719 -0.93183481693267822266 -0.74290049076080322266
-0.76359254121780395508 -0.81121110916137695313 -0.88015025854110717773 -0.98871392011642456055 -1.0972771644592285156 -1.1132216453552246094 -1.1128003597259521484 -1.0729057788848876953 -0.95965141057968139648 -0.84639698266983032227 -0.87587869167327880859 -0.93058162927627563477 -0.95692402124404907227 -0.93055897951126098633 -0.904193878173828125 -0.83480525016784667969 -0.75781524181365966797 -0.74168610572814941406 -0.83866614103317260742 -0.93564665317535400391 -0.65456610918045043945 -0.30668410658836364746 -0.10674847662448883057 -0.18176658451557159424 -0.25678426027297973633 -0.45125365257263183594 -0.66682952642440795898 -0.81045180559158325195 -0.82035064697265625 -0.8302491307258605957 -0.85661548376083374023 -0.8858916163444519043 -0.91910606622695922852 -0.9596398472785949707 -1.0001740455627441406 -0.9881985783576965332 -0.96694552898406982422 -0.90960156917572021484 -0.78518527746200561523
