INPUT/RASTER/maxent_background_data/soc.asc
ncols        113
nrows        135
xllcorner    473009.983799999987
yllcorner    4429001.174800000153
cellsize     100.000000000000
NODATA_value  -9999
[rows 0 to 16 of 135, columns 0 to 38 of 113]
-9999.0 -9999 -9999 -9999 -9999 -9999 -9999 -9999 -9999 -9999 -9999 -9999 -9999 -9999 -9999 -9999 -9999 -9999 -9999 -5.0185537338256835938 -5.0185537338256835938 -4.1219954490661621094 -1.559212803840637207 1.003569483757019043 1.4950147867202758789 1.6204659938812255859 0.76158320903778076172 -1.9266502857208251953 -4.6148834228515625 -2.6426084041595458984 0.15315419435501098633 1.9739876985549926758 1.9829481840133666992 1.9919087886810302734 -0.39030596613883972168 -3.1950294971466064453 -5.0185537338256835938 -5.0185537338256835938 -5.0185537338256835938
-9999 -9999 -9999 -9999 -9999 -9999 -9999 -9999 -9999 -9999 -9999 -9999 -9999 -9999 -9999 -9999 -9999 -9999 -9999 -4.4592041969299316406 -4.4592041969299316406 -3.6394243240356445313 -1.296112060546875 1.0472002029418945313 1.4868203401565551758 1.5900682210922241211 0.82131224870681762695 -1.5680314302444458008 -3.9573755264282226563 -2.1797115802764892578 0.33424106240272521973 1.9694627523422241211 1.9715914726257324219 1.9737201929092407227 -0.17583376169204711914 -2.7055785655975341797 -4.3605260848999023438 -4.4175434112548828125 -4.7503314018249511719
-9999 -9999 -9999 -9999 -9999 -9999 -9999 -9999 -9999 -9999 -9999 -9999 -9999 -9999 -9999 -9999 -9999 -9999 -9999 -2.1114802360534667969 -2.1114802360534667969 -1.6139601469039916992 -0.19181585311889648438 1.230328679084777832 1.4524261951446533203 1.4624818563461303711 1.0720108747482299805 -0.062824197113513946533 -1.1976592540740966797 -0.23682330548763275146 1.09430694580078125 1.9504704475402832031 1.923924565315246582 1.8973791599273681641 0.72435832023620605469 -0.65123885869979858398 -1.8046023845672607422 -2.8222725391387939453 -4.62168121337890625
-9999 -9999 -9999 -9999 -9999 -9999 -9999 -9999 -9999 -9999 -9999 -9999 -9999 -9999 -9999 -9999 -9999 -9999 -9999 0.23624368011951446533 0.23624368011951446533 0.4115041196346282959 0.91248041391372680664 1.4134566783905029297 1.4180320501327514648 1.3348951339721679688 1.3227094411849975586 1.4423832893371582031 1.5620571374893188477 1.7060648202896118164 1.8543722629547119141 1.9314781427383422852 1.8762581348419189453 1.8210377693176269531 1.6245503425598144531 1.4031014442443847656 0.46093609929084777832 -1.9573639631271362305 -4.6003289222717285156
-9999 -9999 -9999 -9999 -9999 -9999 -9999 -9999 -9999 -9999 -9999 -9999 -9999 -9999 -9999 -9999 -5.0185537338256835938 -5.0185537338256835938 -5.0185537338256835938 -1.2966192960739135742 0.28687801957130432129 0.91547477245330810547 1.138291478157043457 1.3611080646514892578 1.2829451560974121094 1.1516008377075195313 1.2192436456680297852 1.6566982269287109375 2.0941524505615234375 2.0430071353912353516 1.905527949333190918 1.802532196044921875 1.7636215686798095703 1.7247110605239868164 1.8076441287994384766 1.9121063947677612305 1.2885737419128417969 -0.68791252374649047852 -2.6643989086151123047
-9999 -9999 -9999 -9999 -9999 -9999 -9999 -9999 -9999 -9999 -9999 -9999 -9999 -9999 -9999 -9999 -5.0185537338256835938 -5.0185537338256835938 -5.0185537338256835938 -2.5343282222747802734 -0.32692408561706542969 0.8799979090690612793 1.0526343584060668945 1.2252708673477172852 1.1121579408645629883 0.94855463504791259766 0.9902083277702331543 1.4133259057998657227 1.8364430665969848633 1.8105591535568237305 1.7053389549255371094 1.6346017122268676758 1.6279501914978027344 1.621298670768737793 1.7364903688430786133 1.8732116222381591797 1.6631318330764770508 0.80853480100631713867 -0.046061877161264419556
-9999 -9999 -9999 -9999 -9999 -9999 -9999 -9999 -9999 -9999 -9999 -9999 -9999 -9999 -9999 -9999 -4.4613389968872070313 -4.4613389968872070313 -4.4613389968872070313 -2.6686241626739501953 -0.55914646387100219727 0.85310471057891845703 0.96958291530609130859 1.0860612392425537109 0.9574216008186340332 0.78547048568725585938 0.81847381591796875 1.2323774099349975586 1.646281123161315918 1.6377201080322265625 1.554510951042175293 1.5081750154495239258 1.5303664207458496094 1.552557826042175293 1.6653858423233032227 1.7942291498184204102 1.8848695755004882813 1.904510498046875 1.9241518974304199219
-9999 -9999 -9999 -9999 -9999 -9999 -9999 -9999 -9999 -9999 -9999 -9999 -9999 -9999 -9999 -9999 -2.1225759983062744141 -2.1225759983062744141 -2.1225759983062744141 -1.1157511472702026367 0.068974711000919342041 0.85365462303161621094 0.89486223459243774414 0.93607026338577270508 0.8540032505989074707 0.75015425682067871094 0.82994252443313598633 1.25101470947265625 1.6720873117446899414 1.6554638147354125977 1.5615020990371704102 1.5144445896148681641 1.5545575618743896484 1.594670414924621582 1.5944384336471557617 1.587078094482421875 1.6180039644241333008 1.7200844287872314453 1.8221650123596191406
-9999 -9999 -9999 -9999 -9999 -9999 -9999 -9999 -9999 -9999 -9999 -9999 -9999 -9999 -9999 -9999 0.21618701517581939697 0.21618701517581939697 0.21618701517581939697 0.4371223151683807373 0.69709593057632446289 0.85420453548431396484 0.8201414942741394043 0.78607892990112304688 0.75058495998382568359 0.71483755111694335938 0.84141123294830322266 1.2696518898010253906 1.6978930234909057617 1.6732081174850463867 1.5684933662414550781 1.5207145214080810547 1.5787490606307983398 1.6367830038070678711 1.5234910249710083008 1.3799269199371337891 1.3511387109756469727 1.5356583595275878906 1.7201780080795288086
-9999 -9999 -9999 -9999 -9999 -9999 -9999 -9999 -9999 -9999 -9999 -9999 -9999 -9999 -9999 -9999 0.99373638629913330078 0.99373638629913330078 0.99373638629913330078 1.0112153291702270508 1.031782984733581543 1.0217179059982299805 0.95472246408462524414 0.88772743940353393555 0.91640752553939819336 0.96199268102645874023 1.0884108543395996094 1.3650527000427246094 1.6416946649551391602 1.528887629508972168 1.3472670316696166992 1.2992647886276245117 1.4995888471603393555 1.6999124288558959961 1.6271623373031616211 1.5061616897583007813 1.4597870111465454102 1.5521014928817749023 1.6444159746170043945
-9999 -9999 -9999 -9999 -9999 -9999 -9999 -9999 -9999 -9999 -9999 -9999 -9999 -9999 -9999 -9999 1.2177557945251464844 1.2177557945251464844 1.2177557945251464844 1.2382807731628417969 1.2624329328536987305 1.2484283447265625 1.1635113954544067383 1.0785948038101196289 1.1776895523071289063 1.3092986345291137695 1.4189177751541137695 1.4876697063446044922 1.5564217567443847656 1.3271069526672363281 1.0451257228851318359 0.99707734584808349609 1.383785247802734375 1.7704931497573852539 1.792744755744934082 1.750598907470703125 1.7015737295150756836 1.63976287841796875 1.5779521465301513672
-9999 -9999 -9999 -9999 -9999 -9999 -9999 -9999 -9999 -9999 -9999 -9999 -9999 -9999 -9999 -9999 1.4460451602935791016 1.4460451602935791016 1.4460451602935791016 1.4594558477401733398 1.4752366542816162109 1.4540010690689086914 1.3639721870422363281 1.2739431858062744141 1.4054613113403320313 1.5761255025863647461 1.647072911262512207 1.5326998233795166016 1.4183268547058105469 1.1226707696914672852 0.79498219490051269531 0.74836391210556030273 1.2241035699844360352 1.6998431682586669922 1.8162671327590942383 1.8692011833190917969 1.8445059061050415039 1.6755380630493164063 1.5065702199935913086
-9999 -9999 -9999 -9999 -9999 -9999 -9999 -9999 -9999 -9999 -9999 -9999 -9999 -9999 -9999 -9999 1.6879856586456298828 1.6879856586456298828 1.6879856586456298828 1.6617978811264038086 1.6309822797775268555 1.591991424560546875 1.5378054380416870117 1.4836199283599853516 1.526091456413269043 1.5856419801712036133 1.5479832887649536133 1.3296655416488647461 1.1113473176956176758 0.90974152088165283203 0.71108859777450561523 0.67062014341354370117 0.92413282394409179688 1.1776454448699951172 1.3855884075164794922 1.5854791402816772461 1.6713767051696777344 1.545420527458190918 1.4194642305374145508
-9999 -9999 -9999 -9999 -9999 -9999 -9999 -9999 -9999 -9999 -9999 -9999 -9999 -9999 -9999 -9999 1.9299266338348388672 1.9299266338348388672 1.9299266338348388672 1.864139556884765625 1.7867282629013061523 1.7299816608428955078 1.7116388082504272461 1.6932963132858276367 1.6467216014862060547 1.5951583385467529297 1.4488937854766845703 1.1266309022903442383 0.80436789989471435547 0.69681262969970703125 0.62719494104385375977 0.59287685155868530273 0.62416207790374755859 0.65544736385345458984 0.9549096226692199707 1.3017570972442626953 1.4982476234436035156 1.4153029918670654297 1.3323587179183959961
-9999 -9999 -9999 -9999 -9999 -9999 -9999 -9999 -9999 -9999 -9999 -9999 -9999 -9999 1.5228137969970703125 1.5228137969970703125 1.6546840667724609375 1.8193982839584350586 1.8871492147445678711 1.8493555784225463867 1.7967933416366577148 1.758559107780456543 1.7469524145126342773 1.7353452444076538086 1.665065765380859375 1.5844186544418334961 1.4041726589202880859 1.0388255119323730469 0.67347872257232666016 0.57466393709182739258 0.52294385433197021484 0.49750170111656188965 0.52089589834213256836 0.54429006576538085938 0.85276883840560913086 1.2116212844848632813 1.4318888187408447266 1.3946022987365722656 1.3573158979415893555
-9999 -9999 -9999 -9999 -9999 -9999 -9999 -9999 -9999 -9999 -9999 -9999 -9999 -9999 1.5228137969970703125 1.5228137969970703125 1.5677177906036376953 1.6715152263641357422 1.7495392560958862305 1.7575887441635131836 1.7552075386047363281 1.7483445405960083008 1.7331533432006835938 1.7179621458053588867 1.6471441984176635742 1.5664970874786376953 1.3787275552749633789 0.99187475442886352539 0.60502153635025024414 0.4847011566162109375 0.4114755094051361084 0.39587539434432983398 0.48737168312072753906 0.57886749505996704102 0.86711233854293823242 1.1901212930679321289 1.4033859968185424805 1.4126956462860107422 1.4220049381256103516
-9999 -9999 -9999 -9999 -9999 -9999 -9999 -9999 -9999 -9999 -9999 -5.0185537338256835938 -5.0185537338256835938 -5.0185537338256835938 0.38605985045433044434 1.1786025762557983398 1.416041254997253418 1.5014026165008544922 1.5867639780044555664 1.642380833625793457 1.6927412748336791992 1.7177207469940185547 1.695528864860534668 1.6733375787734985352 1.6014685630798339844 1.5208213329315185547 1.353909611701965332 1.0266782045364379883 0.6994463801383972168 0.55528748035430908203 0.44347643852233886719 0.41705453395843505859 0.54932558536529541016 0.68159621953964233398 0.92373073101043701172 1.1852775812149047852 1.3712983131408691406 1.4169560670852661133 1.4626138210296630859
