INPUT/RASTER/maxent_background_data/soc.asc
ncols        113
nrows        135
xllcorner    473009.983799999987
yllcorner    4429001.174800000153
cellsize     100.000000000000
NODATA_value  -9999
[rows 85 to 101 of 135, columns 39 to 77 of 113]
-0.28257378935813903809 -0.16181416809558868408 -0.058638531714677810669 0.011856782250106334686 0.082352094352245330811 0.16349871456623077393 0.24652753770351409912 0.28292521834373474121 0.23266048729419708252 0.18239617347717285156 0.1546808779239654541 0.13095000386238098145 0.11525161564350128174 0.11448165029287338257 0.11371211707592010498 0.10901755839586257935 0.10362908989191055298 0.13046845793724060059 0.21720094978809356689 0.3039334416389465332 0.2087398916482925415 0.081400960683822631836 0.05175434798002243042 0.20366632938385009766 0.3555787503719329834 0.36274001002311706543 0.34432494640350341797 0.34665450453758239746 0.38753738999366760254 0.42842027544975280762 0.36739227175712585449 0.28835725784301757813 0.24081774055957794189 0.2518113255500793457 0.2628053128719329834 0.25951907038688659668 0.25370973348617553711 0.235163077712059021 0.1929445117712020874
-0.30492368340492248535 -0.17734377086162567139 -0.063645437359809875488 0.024254402145743370056 0.11215423792600631714 0.16342949867248535156 0.20823356509208679199 0.22168913483619689941 0.17688508331775665283 0.13208144903182983398 0.088370807468891143799 0.044853724539279937744 0.011633312329649925232 -0.0024512221571058034897 -0.016535757109522819519 -0.06252253800630569458 -0.11414645612239837646 -0.080839306116104125977 0.11030794680118560791 0.30145564675331115723 0.1974493563175201416 0.041291035711765289307 -0.0014248880324885249138 0.16668924689292907715 0.33480295538902282715 0.41879186034202575684 0.48791602253913879395 0.55480206012725830078 0.61752724647521972656 0.68025285005569458008 0.57725322246551513672 0.44497063755989074707 0.33821651339530944824 0.27890706062316894531 0.21959716081619262695 0.18748767673969268799 0.16018427908420562744 0.16646364331245422363 0.23515495657920837402
-0.27552747726440429688 -0.17662209272384643555 -0.084075123071670532227 -0.0033438166137784719467 0.077387489378452301025 0.12758642435073852539 0.17239049077033996582 0.18584606051445007324 0.14104199409484863281 0.096238367259502410889 0.089080952107906341553 0.088575474917888641357 0.075796291232109069824 0.040205739438533782959 0.0046151867136359214783 -0.0050021028146147727966 -0.010029516182839870453 0.018462153151631355286 0.1092491447925567627 0.20003570616245269775 0.16320346295833587646 0.10382136702537536621 0.10772502422332763672 0.22924306988716125488 0.35076111555099487305 0.41861453652381896973 0.47698569297790527344 0.53688055276870727539 0.59960573911666870117 0.6623312830924987793 0.53496289253234863281 0.37400576472282409668 0.25362470746040344238 0.20865230262279510498 0.16367988288402557373 0.16418407857418060303 0.1727237701416015625 0.18475179374217987061 0.20326296985149383545
-0.24613165855407714844 -0.17590084671974182129 -0.10450438410043716431 -0.030941609293222427368 0.042621169239282608032 0.091743350028991699219 0.13654741644859313965 0.15000298619270324707 0.10519892722368240356 0.060395292937755584717 0.089791096746921539307 0.13229721784591674805 0.13995884358882904053 0.0828626975417137146 0.025766130536794662476 0.052518755197525024414 0.09408699721097946167 0.11776404082775115967 0.1081899106502532959 0.098616197705268859863 0.12895758450031280518 0.16635212302207946777 0.21687494218349456787 0.29179689288139343262 0.36671885848045349121 0.41843721270561218262 0.46605536341667175293 0.51895898580551147461 0.58168417215347290039 0.64440977573394775391 0.49267253279685974121 0.30304086208343505859 0.16903246939182281494 0.13839711248874664307 0.1077621951699256897 0.14088006317615509033 0.18526281416416168213 0.20303992927074432373 0.17137056589126586914
-0.22455172240734100342 -0.12213452160358428955 -0.047130942344665527344 -0.023074898868799209595 0.00098114344291388988495 0.067406155169010162354 0.14131759107112884521 0.1662918776273727417 0.10031892359256744385 0.03434597700834274292 0.058886986225843429565 0.099420778453350067139 0.10383076220750808716 0.041105594485998153687 -0.021619999781250953674 0.005656903143972158432 0.048837285488843917847 0.076406449079513549805 0.074963085353374481201 0.073519296944141387939 0.11536527425050735474 0.16486003994941711426 0.21528030931949615479 0.26742124557495117188 0.31956261396408081055 0.34298029541969299316 0.36132314801216125488 0.40907800197601318359 0.51149523258209228516 0.61391240358352661133 0.48874238133430480957 0.32335901260375976563 0.20642828941345214844 0.17954619228839874268 0.15266367793083190918 0.20556218922138214111 0.27255719900131225586 0.28933233022689819336 0.21277515590190887451
-0.20574271678924560547 -0.049560900777578353882 0.037827905267477035522 -0.0026336719747632741928 -0.043095249682664871216 0.047148235142230987549 0.16048723459243774414 0.20106416940689086914 0.10641667991876602173 0.01176961604505777359 0.016773955896496772766 0.039386637508869171143 0.032144613564014434814 -0.030580982565879821777 -0.093306154012680053711 -0.078213229775428771973 -0.049370758235454559326 -0.014821924269199371338 0.030330369248986244202 0.075483091175556182861 0.10909532010555267334 0.14066898822784423828 0.17442178726196289063 0.21222524344921112061 0.25002911686897277832 0.24083313345909118652 0.22333246469497680664 0.26659274101257324219 0.42277500033378601074 0.57895684242248535156 0.4984130859375 0.37604132294654846191 0.28707543015480041504 0.26019331812858581543 0.23331080377101898193 0.30143940448760986328 0.3863563835620880127 0.39973631501197814941 0.28016710281372070313
-0.14239628612995147705 0.049617078155279159546 0.14490079879760742188 0.060417085886001586914 -0.024067049846053123474 0.058237943798303604126 0.17001350224018096924 0.20133550465106964111 0.083137437701225280762 -0.035060618072748184204 -0.051000416278839111328 -0.048871263861656188965 -0.066741958260536193848 -0.12178158015012741089 -0.17682120203971862793 -0.17638708651065826416 -0.16615152359008789063 -0.12919194996356964111 -0.042567130178213119507 0.044057268649339675903 0.077375955879688262939 0.10127518326044082642 0.12562049925327301025 0.15079516172409057617 0.17596940696239471436 0.14457648992538452148 0.10318855941295623779 0.14942829310894012451 0.35852101445198059082 0.56761372089385986328 0.52866518497467041016 0.44588932394981384277 0.3832645416259765625 0.35808989405632019043 0.3329156339168548584 0.41072562336921691895 0.50673186779022216797 0.51914614439010620117 0.3762066960334777832
0.063346542418003082275 0.23385389149188995361 0.32267922163009643555 0.25970110297203063965 0.19672298431396484375 0.16955204308032989502 0.1487083137035369873 0.09129855036735534668 -0.034068468958139419556 -0.15943506360054016113 -0.20081956684589385986 -0.22736495733261108398 -0.25259345769882202148 -0.27537450194358825684 -0.29815551638603210449 -0.32029220461845397949 -0.34231522679328918457 -0.31755161285400390625 -0.20583672821521759033 -0.09412183612585067749 -0.035713080316781997681 0.013276216574013233185 0.051426619291305541992 0.069432333111763000488 0.087438046932220458984 0.067153207957744598389 0.04010233655571937561 0.11321860551834106445 0.37249144911766052246 0.63176476955413818359 0.62472015619277954102 0.57061839103698730469 0.52914458513259887695 0.51113885641098022461 0.49313315749168395996 0.56288117170333862305 0.64813482761383056641 0.66735100746154785156 0.56383913755416870117
0.2690893709659576416 0.41809111833572387695 0.50045764446258544922 0.45898553729057312012 0.41751301288604736328 0.28086656332015991211 0.12740312516689300537 -0.018738828599452972412 -0.15127436816692352295 -0.28380948305130004883 -0.35063913464546203613 -0.40585908293724060059 -0.4384454190731048584 -0.42896741628646850586 -0.41948941349983215332 -0.46419692039489746094 -0.51847851276397705078 -0.5059108734130859375 -0.36910590529441833496 -0.23230093717575073242 -0.1488021165132522583 -0.074722327291965484619 -0.022767255082726478577 -0.011930499225854873657 -0.001093316241167485714 -0.010270504280924797058 -0.022983888164162635803 0.077008917927742004395 0.38646233081817626953 0.69591534137725830078 0.72077465057373046875 0.69534790515899658203 0.67502504587173461914 0.66418784856796264648 0.65335065126419067383 0.71503669023513793945 0.78953778743743896484 0.81555593013763427734 0.75147110223770141602
0.43924504518508911133 0.54821765422821044922 0.57783138751983642578 0.45995846390724182129 0.34208557009696960449 0.15771971642971038818 -0.038395136594772338867 -0.1768207848072052002 -0.20803381502628326416 -0.23924642801284790039 -0.35795679688453674316 -0.49212756752967834473 -0.57216495275497436523 -0.55159723758697509766 -0.53102952241897583008 -0.55875980854034423828 -0.59502375125885009766 -0.56011301279067993164 -0.39292564988136291504 -0.2257378697395324707 -0.14558851718902587891 -0.08081836998462677002 -0.046681012958288192749 -0.069473579525947570801 -0.092266567051410675049 -0.022348089143633842468 0.063951574265956878662 0.19866241514682769775 0.42334371805191040039 0.64802503585815429688 0.69576752185821533203 0.71224564313888549805 0.71334421634674072266 0.68586051464080810547 0.65837681293487548828 0.63871282339096069336 0.62043106555938720703 0.61750715970993041992 0.6431261897087097168
0.59678310155868530273 0.65915960073471069336 0.61960643529891967773 0.39061981439590454102 0.16163320839405059814 -0.048555929213762283325 -0.25542336702346801758 -0.35193723440170288086 -0.24336159229278564453 -0.13478636741638183594 -0.31475034356117248535 -0.54569733142852783203 -0.68740111589431762695 -0.6632493138313293457 -0.63909715414047241211 -0.63582843542098999023 -0.63624930381774902344 -0.56674915552139282227 -0.36730277538299560547 -0.16785681247711181641 -0.10113953053951263428 -0.057875402271747589111 -0.052767232060432434082 -0.11857183277606964111 -0.18437600135803222656 -0.011257528327405452728 0.20407737791538238525 0.37628659605979919434 0.46834859251976013184 0.56041014194488525391 0.62783718109130859375 0.69091141223907470703 0.71352750062942504883 0.66095376014709472656 0.60837954282760620117 0.48138159513473510742 0.34123271703720092773 0.29669398069381713867 0.42984268069267272949
0.67840099334716796875 0.70784509181976318359 0.62354379892349243164 0.32784977555274963379 0.032156150788068771362 -0.18702772259712219238 -0.39269277453422546387 -0.45684891939163208008 -0.25801569223403930664 -0.059182461351156234741 -0.28243663907051086426 -0.58027136325836181641 -0.76420867443084716797 -0.7364724278450012207 -0.70873618125915527344 -0.68970841169357299805 -0.67222017049789428711 -0.58337515592575073242 -0.36191770434379577637 -0.14046026766300201416 -0.085085652768611907959 -0.059057693928480148315 -0.070045284926891326904 -0.14982631802558898926 -0.22960777580738067627 0.012607091106474399567 0.31171685457229614258 0.49946677684783935547 0.48025825619697570801 0.46104973554611206055 0.54120719432830810547 0.6389217376708984375 0.67767202854156494141 0.60684001445770263672 0.5360075831413269043 0.33390736579895019531 0.10861291736364364624 0.029901804402470588684 0.22361147403717041016
0.51728445291519165039 0.55748158693313598633 0.50650370121002197266 0.28608027100563049316 0.065656863152980804443 -0.10871697217226028442 -0.2749544680118560791 -0.33730107545852661133 -0.20656993985176086426 -0.075838387012481689453 -0.28495034575462341309 -0.55411052703857421875 -0.71815097332000732422 -0.68683022260665893555 -0.65550953149795532227 -0.66945093870162963867 -0.69138979911804199219 -0.63194102048873901367 -0.42123615741729736328 -0.21053171157836914063 -0.15981790423393249512 -0.13737399876117706299 -0.1231061592698097229 -0.12403208017349243164 -0.12495843321084976196 0.077313572168350219727 0.31549018621444702148 0.44857648015022277832 0.3863563835620880127 0.32413625717163085938 0.39478838443756103516 0.48891887068748474121 0.52659285068511962891 0.4593448936939239502 0.39209693670272827148 0.21794955432415008545 0.024914128705859184265 -0.064171850681304931641 0.039930138736963272095
0.35616797208786010742 0.40711805224418640137 0.38946399092674255371 0.24431121349334716797 0.099157996475696563721 -0.030406223610043525696 -0.15721617639064788818 -0.21775323152542114258 -0.15512377023696899414 -0.092494308948516845703 -0.28746405243873596191 -0.52794969081878662109 -0.67209321260452270508 -0.63718849420547485352 -0.60228329896926879883 -0.64919340610504150391 -0.71055942773818969727 -0.68050646781921386719 -0.48055502772331237793 -0.28060317039489746094 -0.23455014824867248535 -0.21569073200225830078 -0.17616660892963409424 -0.098237849771976470947 -0.020309522747993469238 0.14202047884464263916 0.31926351785659790039 0.39768621325492858887 0.29245406389236450195 0.18722233176231384277 0.24836997687816619873 0.33891597390174865723 0.37551364302635192871 0.31184971332550048828 0.24818624556064605713 0.10199216753244400024 -0.05878465995192527771 -0.15824507176876068115 -0.14375120401382446289
0.24148985743522644043 0.31113103032112121582 0.3301105201244354248 0.25493603944778442383 0.17976112663745880127 0.073972642421722412109 -0.037225235253572463989 -0.099401772022247314453 -0.070474699139595031738 -0.041547629982233047485 -0.23295040428638458252 -0.46328467130661010742 -0.61345976591110229492 -0.61466252803802490234 -0.61586534976959228516 -0.64998221397399902344 -0.68991482257843017578 -0.6589457392692565918 -0.49620810151100158691 -0.33347049355506896973 -0.29605200886726379395 -0.28077664971351623535 -0.22710517048835754395 -0.10207528620958328247 0.022954607382416725159 0.16980798542499542236 0.32051759958267211914 0.3934873044490814209 0.3219814598560333252 0.25047561526298522949 0.22818811237812042236 0.21459665894508361816 0.19770231842994689941 0.17466875910758972168 0.15163519978523254395 0.050200745463371276855 -0.065086662769317626953 -0.15335994958877563477 -0.1914278864860534668
0.14327584207057952881 0.23442345857620239258 0.29120939970016479492 0.28413701057434082031 0.27706417441368103027 0.18759407103061676025 0.083565153181552886963 0.018525389954447746277 0.025946443900465965271 0.033367924392223358154 -0.15821816027164459229 -0.38496792316436767578 -0.55036795139312744141 -0.60175091028213500977 -0.65313380956649780273 -0.65823304653167724609 -0.65515357255935668945 -0.61252099275588989258 -0.4963798820972442627 -0.38023832440376281738 -0.35286271572113037109 -0.34117183089256286621 -0.27729085087776184082 -0.11641832441091537476 0.044454641640186309814 0.18450610339641571045 0.32087820768356323242 0.40584346652030944824 0.39527079463005065918 0.38469809293746948242 0.25276330113410949707 0.099384032189846038818 0.010413419455289840698 0.041144479066133499146 0.071875534951686859131 0.021159591153264045715 -0.043947253376245498657 -0.11338845640420913696 -0.1908839493989944458
0.058301605284214019775 0.15387545526027679443 0.22511552274227142334 0.25113192200660705566 0.27714878320693969727 0.20236824452877044678 0.1097772642970085144 0.047638326883316040039 0.042093474417924880981 0.036548621952533721924 -0.13579519093036651611 -0.33761128783226013184 -0.49658796191215515137 -0.57594811916351318359 -0.65530782938003540039 -0.64039266109466552734 -0.60881942510604858398 -0.56097441911697387695 -0.48288926482200622559 -0.40480411052703857422 -0.37675470113754272461 -0.35754618048667907715 -0.28490290045738220215 -0.11295220255851745605 0.058998934924602508545 0.18272347748279571533 0.29792669415473937988 0.38118454813957214355 0.40507179498672485352 0.42895948886871337891 0.22984896600246429443 -0.0086643463000655174255 -0.14164555072784423828 -0.078499078750610351563 -0.01535260956734418869 -0.033070761710405349731 -0.065076835453510284424 -0.12141241133213043213 -0.22296394407749176025
