Phytophthora/models/20240503_1134_59/Phytophthora_PA1_RUN5_MAXENT_outputs/Phytophthora_PA1_RUN5.asc
ncols         113
nrows         135
xllcorner     473009.9838
yllcorner     4429001.1748
cellsize      100.0
NODATA_value  -9999
[rows 26 to 51 of 135, columns 0 to 57 of 113]
-9999 -9999 -9999 -9999 -9999 -9999 -9999 -9999 -9999 -9999 2.14097E-3 3.88123E-3 1.2891E-2 1.00274E-2 1.02479E-2 8.6512E-3 3.02949E-2 4.95467E-2 8.98163E-2 7.47169E-2 3.96412E-2 1.83785E-2 1.8225E-2 1.4019E-2 2.2488E-2 3.01685E-2 3.67098E-2 3.22485E-2 2.15996E-2 6.33811E-3 5.13708E-4 1.16257E-3 5.53078E-3 6.351E-2 4.17119E-2 2.88593E-2 3.7779E-2 1.9922E-2 9.04925E-3 4.76302E-3 7.51221E-3 1.47872E-2 2.92987E-2 -9999 -9999 -9999 -9999 -9999 -9999 -9999 -9999 -9999 -9999 -9999 -9999 -9999 -9999 -9999
-9999 -9999 -9999 -9999 -9999 -9999 -9999 -9999 -9999 -9999 1.64253E-4 9.57147E-4 2.74451E-3 2.34408E-3 3.00389E-3 4.00096E-3 1.56942E-2 3.92619E-2 1.15685E-1 1.28071E-1 3.14957E-2 2.60814E-2 2.50595E-2 3.35103E-2 3.83228E-2 3.24743E-2 6.03665E-2 7.25661E-2 4.19599E-2 6.14288E-3 1.68707E-3 2.86124E-3 1.80212E-2 4.35876E-2 3.16932E-2 1.00494E-2 3.04133E-2 2.81759E-2 1.42307E-2 6.2848E-3 8.06679E-3 2.23188E-2 3.73112E-2 3.08072E-2 3.14398E-2 3.91463E-2 4.47014E-2 -9999 -9999 -9999 -9999 -9999 -9999 -9999 -9999 -9999 -9999 -9999
-9999 -9999 -9999 -9999 -9999 -9999 -9999 -9999 9.24675E-15 6.55594E-8 1.84521E-4 9.98518E-4 3.82253E-4 2.91323E-4 9.41778E-4 2.48783E-3 6.43946E-3 2.66057E-2 4.4327E-2 8.39075E-2 2.90614E-2 4.5665E-2 6.58474E-2 7.56328E-2 7.41227E-2 1.06917E-1 9.70514E-2 9.37745E-2 6.24078E-2 7.34878E-3 3.13127E-3 2.71772E-3 5.83641E-3 1.0232E-2 3.4883E-3 2.65054E-3 4.9641E-3 3.29588E-2 4.32285E-2 1.75067E-2 1.13651E-2 2.52833E-3 6.93542E-3 1.78578E-2 2.07255E-2 2.92145E-2 5.64375E-2 -9999 -9999 -9999 -9999 -9999 -9999 -9999 -9999 -9999 -9999 -9999
-9999 -9999 -9999 -9999 -9999 -9999 7.6343E-10 3.27826E-10 2.2793E-9 1.47582E-5 2.73826E-3 1.61345E-3 1.86038E-3 1.09342E-3 1.3429E-3 2.56823E-3 1.08667E-2 1.26655E-2 2.12745E-2 4.11487E-2 4.98019E-2 7.18971E-2 1.67651E-1 2.50257E-1 3.18453E-1 1.31002E-1 1.07587E-1 4.93019E-2 1.99843E-2 1.22496E-2 9.68529E-3 3.76418E-3 5.01627E-3 5.95783E-3 1.69338E-3 8.76327E-4 1.16275E-3 4.08258E-3 2.20557E-2 2.77005E-2 1.51543E-2 3.2852E-3 7.36768E-3 2.54556E-2 1.73513E-2 2.50009E-2 5.13764E-2 -9999 -9999 -9999 -9999 -9999 -9999 -9999 -9999 -9999 -9999 -9999
-9999 -9999 -9999 -9999 -9999 -9999 1.62689E-6 1.59573E-5 1.32038E-4 1.47907E-3 4.75852E-3 2.89773E-3 4.3766E-3 8.5961E-3 1.03684E-2 1.10672E-2 1.80316E-2 1.38522E-2 1.65403E-2 1.72557E-2 4.0144E-2 6.12914E-2 2.06517E-1 2.94669E-1 2.35062E-1 1.68673E-1 1.14003E-1 4.13051E-2 1.63271E-2 1.3017E-2 2.42907E-2 9.63083E-3 8.03195E-3 6.26618E-3 3.39606E-3 1.52332E-3 7.57909E-3 1.19965E-2 2.46506E-2 3.65167E-2 2.30781E-2 8.30171E-3 1.74113E-2 3.1069E-2 1.46668E-2 4.26425E-2 1.06079E-1 8.80069E-2 -9999 -9999 -9999 -9999 -9999 -9999 -9999 -9999 -9999 -9999
-9999 -9999 -9999 -9999 -9999 -9999 5.9905E-7 6.38123E-5 5.99618E-4 1.36391E-3 2.14899E-4 6.03684E-4 7.43997E-3 2.60298E-2 4.65662E-2 4.01932E-2 3.29381E-2 1.48964E-2 8.64411E-3 1.29212E-2 3.92476E-2 7.18569E-2 1.13073E-1 2.62339E-1 2.52738E-1 8.51764E-2 2.81561E-2 8.68671E-2 7.79185E-2 3.61356E-2 2.61152E-2 2.56055E-2 2.38479E-2 7.12364E-3 6.28483E-3 6.46461E-3 1.05529E-2 4.35231E-2 5.78264E-2 3.68613E-2 3.10292E-2 2.26013E-2 8.31463E-3 2.13123E-2 1.9708E-2 3.61706E-2 1.15442E-1 1.16545E-1 1.62774E-1 -9999 -9999 -9999 -9999 -9999 -9999 -9999 -9999 -9999
-9999 -9999 -9999 -9999 -9999 2.89822E-6 9.12202E-6 8.57269E-5 1.22126E-3 6.19359E-4 2.10982E-4 8.8099E-4 7.09873E-3 2.82042E-2 4.49383E-2 2.98826E-2 3.45137E-2 1.29089E-2 6.48721E-3 9.75016E-3 2.6435E-2 1.07075E-1 2.3114E-1 3.22779E-1 1.0286E-1 2.28943E-2 5.06354E-3 1.46199E-2 1.85134E-2 1.38799E-2 1.17832E-2 2.0322E-2 1.23516E-2 4.13671E-3 7.97064E-3 1.03469E-2 1.35914E-2 4.06011E-2 7.14798E-2 1.02293E-2 1.05176E-2 8.56991E-3 3.47458E-3 2.25955E-2 6.42984E-2 2.75176E-2 5.16988E-2 9.22863E-2 1.28684E-1 1.79206E-1 1.91353E-1 -9999 -9999 -9999 -9999 -9999 -9999 -9999
-9999 -9999 -9999 -9999 2.4813E-9 2.40865E-6 5.99917E-6 8.20543E-5 4.972E-4 6.5507E-4 3.40285E-4 2.09101E-3 9.61245E-3 3.19055E-2 4.05424E-2 2.88328E-2 1.59537E-2 1.04859E-2 8.37544E-3 9.7699E-3 1.96356E-2 7.87435E-2 1.63948E-1 1.84376E-1 1.27494E-1 3.55098E-2 5.99497E-3 4.56962E-3 1.17531E-3 2.71284E-3 1.0801E-2 1.88391E-2 1.75211E-2 1.07545E-2 1.30304E-2 1.52901E-2 1.54421E-2 4.19851E-2 2.16947E-2 9.23992E-3 8.71348E-3 6.97189E-3 8.53274E-3 2.51397E-2 1.11498E-1 4.23282E-2 1.66292E-2 8.4269E-2 1.04939E-1 1.04757E-1 1.2156E-1 1.82979E-1 1.47672E-1 -9999 -9999 -9999 -9999 -9999
-9999 -9999 -9999 -9999 1.91974E-9 1.11979E-5 2.02757E-5 7.33052E-5 3.41814E-4 6.06311E-4 4.76033E-4 1.32334E-3 9.81236E-3 5.52455E-2 1.77257E-2 1.72203E-2 9.43209E-3 6.39527E-3 9.60745E-3 1.26785E-2 1.86402E-2 2.93416E-2 6.65131E-2 1.1238E-1 1.58272E-1 5.16099E-2 8.56872E-3 1.08164E-2 1.0891E-3 1.67742E-3 1.40013E-2 1.86717E-2 1.03931E-2 8.24288E-3 1.98284E-2 1.9805E-2 2.60511E-2 4.26979E-2 2.15207E-2 1.99576E-2 2.90408E-2 2.87046E-2 1.77821E-2 2.87874E-2 1.14555E-1 6.55722E-2 7.01845E-2 3.01175E-2 3.79915E-2 6.56678E-2 2.05851E-2 6.60091E-2 1.60864E-1 -9999 -9999 -9999 -9999 -9999
-9999 -9999 -9999 -9999 -9999 -9999 -9999 -9999 6.35925E-4 3.82164E-4 3.93644E-3 6.95766E-3 1.01859E-2 1.85235E-2 1.22646E-2 9.6661E-3 1.02325E-2 8.1746E-3 6.89926E-3 7.60417E-3 7.92877E-3 1.18009E-2 2.79473E-2 6.14446E-2 5.38393E-2 3.99093E-2 8.6864E-3 7.37826E-3 7.31322E-4 1.23519E-3 1.60077E-2 1.47237E-2 5.06473E-3 3.95461E-3 6.74274E-3 6.02759E-3 1.0584E-2 1.13705E-2 8.33709E-3 1.30636E-2 1.93444E-2 1.4891E-2 5.16542E-3 1.32186E-2 5.3391E-2 9.9381E-2 8.7229E-2 1.13561E-1 2.14695E-2 3.59034E-2 2.80441E-2 4.16943E-2 9.33277E-2 2.42633E-1 -9999 -9999 -9999 -9999
-9999 -9999 -9999 -9999 -9999 -9999 -9999 -9999 -9999 -9999 2.71371E-3 5.45749E-3 5.40875E-3 3.60231E-3 7.05095E-3 1.11936E-2 1.43916E-2 1.46932E-2 1.17299E-2 5.45378E-3 1.11642E-2 1.29526E-2 1.82699E-2 3.0749E-2 5.01261E-2 6.64824E-2 1.95747E-2 1.25908E-2 1.31345E-3 1.68267E-3 1.38682E-2 2.40977E-2 4.17516E-3 3.40058E-3 1.31018E-2 7.45417E-3 1.39534E-2 2.45396E-2 1.69072E-2 2.05669E-2 1.38731E-2 1.73036E-2 3.12763E-2 7.89706E-2 3.29461E-2 7.78122E-2 1.24827E-1 6.25769E-2 7.94628E-2 1.31608E-1 4.92366E-2 7.95812E-2 2.11845E-1 2.57256E-1 -9999 -9999 -9999 -9999
-9999 -9999 -9999 -9999 -9999 -9999 -9999 -9999 -9999 -9999 -9999 5.95467E-3 3.28576E-3 3.33851E-3 5.62758E-3 8.91135E-3 7.53325E-3 8.95386E-3 7.11294E-3 4.68542E-3 1.24422E-2 9.47728E-3 3.93854E-2 6.03909E-2 1.21469E-1 1.22958E-1 4.78067E-2 2.81233E-2 6.12161E-3 6.43288E-3 8.17068E-3 6.02119E-3 5.26046E-3 9.00111E-3 4.77412E-2 3.39606E-2 2.46219E-2 2.82889E-2 2.50062E-2 4.04251E-2 3.97532E-2 3.99482E-2 5.86041E-2 7.82512E-2 3.7792E-2 6.43211E-2 1.33376E-1 1.82034E-1 7.97857E-2 7.91121E-2 8.76606E-2 8.55365E-2 3.09285E-1 2.87357E-1 2.90661E-1 -9999 -9999 -9999
-9999 -9999 -9999 -9999 -9999 -9999 -9999 -9999 -9999 -9999 -9999 -9999 2.64835E-3 5.2659E-3 3.76168E-3 2.44192E-3 1.46818E-3 1.19786E-3 3.20864E-3 9.57316E-3 1.55772E-2 4.34508E-2 1.25417E-1 1.05775E-1 7.41534E-2 7.65082E-2 4.7429E-2 6.34437E-2 2.05586E-2 8.00931E-3 1.487E-3 2.06636E-3 8.64671E-3 3.08131E-2 5.41646E-2 4.5262E-2 3.3732E-2 2.30316E-2 1.08365E-2 3.50351E-2 5.12425E-2 5.33625E-2 6.59437E-2 4.59464E-2 1.54496E-1 6.87739E-2 1.56154E-1 1.61295E-1 2.80825E-1 2.22043E-1 1.82776E-1 1.79041E-1 2.52223E-1 3.05638E-1 2.96278E-1 1.61549E-1 8.87116E-2 -9999
-9999 -9999 -9999 -9999 -9999 -9999 -9999 -9999 -9999 -9999 -9999 -9999 -9999 -9999 7.95483E-4 1.2314E-3 1.86607E-3 1.68345E-3 5.09013E-3 1.55314E-2 1.33837E-2 2.05703E-2 5.75747E-2 5.6945E-2 5.15869E-2 6.88409E-2 6.11284E-2 3.56535E-2 5.11061E-3 8.92866E-3 5.17372E-3 1.48348E-3 6.56755E-3 1.97565E-2 3.28553E-2 8.97721E-2 8.67036E-2 5.35406E-2 3.21281E-2 3.0516E-2 8.19166E-2 4.32122E-2 4.71687E-3 5.90366E-2 1.15675E-1 9.34896E-2 1.71984E-1 3.23096E-1 2.78557E-1 2.39635E-1 3.07745E-1 1.96186E-1 2.53442E-1 2.95263E-1 3.23413E-1 2.24759E-1 1.92859E-1 -9999
-9999 -9999 -9999 -9999 -9999 -9999 -9999 -9999 -9999 -9999 -9999 -9999 -9999 -9999 -9999 9.18016E-5 5.41939E-4 9.1956E-3 2.34307E-2 3.54944E-2 1.99468E-2 2.08861E-3 4.63563E-3 1.11092E-2 9.53528E-3 3.98125E-3 2.40892E-3 8.49649E-3 7.81785E-3 1.83989E-3 4.11528E-3 6.02424E-4 9.41894E-4 6.81833E-3 9.7329E-3 4.12678E-2 5.22394E-2 3.08954E-2 1.59465E-2 2.45058E-2 2.72186E-2 3.31914E-3 3.65582E-3 1.89975E-2 3.41798E-2 4.88198E-2 9.61151E-2 2.02768E-1 2.93767E-1 1.41497E-1 1.64853E-1 3.13309E-1 2.32652E-1 1.93186E-1 4.44705E-1 8.47992E-2 2.58051E-1 6.5583E-2
-9999 -9999 -9999 -9999 -9999 -9999 -9999 -9999 -9999 -9999 -9999 -9999 -9999 -9999 -9999 -9999 1.38576E-3 3.44046E-3 2.25324E-2 2.59401E-2 4.41591E-3 8.63182E-4 1.32437E-3 1.7365E-3 6.98778E-4 5.05943E-4 4.16219E-4 5.78487E-4 1.67849E-3 3.18941E-4 2.26062E-3 2.76467E-3 5.24183E-4 1.86152E-3 1.06807E-2 1.94119E-2 2.6462E-2 3.01261E-2 4.90908E-2 4.41995E-2 3.96104E-2 4.20263E-3 9.01639E-3 6.56279E-3 2.29862E-2 5.27885E-2 6.50691E-2 1.40843E-1 1.02644E-1 1.53533E-1 1.8881E-1 3.10294E-1 1.46874E-1 8.96655E-2 1.40888E-1 6.54704E-2 6.51921E-2 2.65501E-2
-9999 -9999 -9999 -9999 -9999 -9999 -9999 -9999 -9999 -9999 -9999 -9999 -9999 -9999 -9999 -9999 8.38686E-3 2.37557E-2 4.50473E-2 1.69022E-2 1.48371E-3 5.80175E-4 9.79379E-4 3.28694E-3 1.70658E-3 1.26374E-3 7.0024E-4 1.11085E-3 1.45777E-3 8.83242E-4 2.58668E-3 5.04203E-3 1.2554E-3 1.19891E-3 1.35535E-2 4.80917E-2 6.4492E-2 6.02164E-2 1.10214E-1 1.07847E-1 8.69697E-2 7.30756E-3 2.21298E-2 5.09691E-2 4.03773E-2 6.7429E-2 5.736E-2 9.5316E-2 7.55355E-2 1.29737E-1 2.73303E-1 2.49863E-1 1.4345E-1 2.33932E-1 2.7473E-1 1.99757E-1 1.20891E-1 1.00536E-1
-9999 -9999 -9999 -9999 -9999 -9999 -9999 -9999 -9999 -9999 -9999 -9999 -9999 -9999 -9999 -9999 1.08472E-2 5.00821E-2 1.89701E-2 8.98847E-3 2.23434E-3 2.05269E-3 2.69346E-3 7.69111E-4 1.23579E-3 1.38646E-3 1.64493E-3 2.09752E-3 2.40427E-3 3.69858E-3 3.22894E-3 4.75419E-3 5.49813E-3 2.71628E-3 8.83085E-3 4.22917E-2 9.17596E-2 8.62473E-2 1.29463E-1 1.28465E-1 8.43652E-2 6.15067E-2 7.58518E-2 6.08034E-2 5.54131E-2 7.31513E-2 6.51842E-2 1.33718E-1 2.03048E-1 2.03567E-1 3.4256E-1 2.01763E-1 1.55173E-1 1.96143E-1 1.38902E-1 3.23738E-1 1.4553E-1 1.19222E-1
-9999 -9999 -9999 -9999 -9999 -9999 -9999 -9999 -9999 -9999 -9999 -9999 -9999 -9999 -9999 -9999 1.93724E-2 4.2919E-2 4.16905E-2 2.03994E-2 2.57425E-2 5.98451E-3 5.65352E-3 1.26835E-3 4.2857E-4 2.20624E-4 9.58436E-4 1.36014E-3 1.08501E-3 2.3951E-3 4.61661E-3 6.74985E-3 1.51894E-2 1.07921E-2 1.26732E-2 2.85872E-2 7.87147E-2 1.30548E-1 1.40078E-1 8.64548E-2 8.09316E-2 1.23152E-1 1.78855E-1 6.80014E-2 3.72202E-2 8.29824E-2 9.44213E-2 1.01267E-1 8.4789E-2 8.34748E-2 4.20895E-1 1.74526E-1 1.21219E-1 2.04539E-1 1.91494E-1 1.77841E-1 1.21805E-1 7.81726E-2
-9999 -9999 -9999 -9999 -9999 -9999 -9999 -9999 -9999 -9999 5.68735E-2 2.50455E-1 9.4071E-4 4.67604E-10 5.11906E-4 6.3005E-2 3.28733E-2 3.30431E-2 2.78075E-2 1.20136E-2 3.94205E-2 1.82678E-2 1.52527E-2 3.54492E-3 1.0397E-3 8.14699E-5 2.53875E-4 4.02063E-4 4.73405E-4 3.49909E-4 3.50825E-3 7.11509E-3 1.28034E-2 1.44141E-2 9.6685E-3 2.16194E-2 4.18339E-2 5.77873E-2 1.3738E-1 9.00525E-2 5.31449E-2 1.13676E-1 1.5131E-1 3.0521E-2 5.53058E-2 -9999 -9999 7.22126E-2 1.54818E-2 3.20623E-2 3.53189E-1 3.68919E-1 1.61384E-1 9.17555E-2 2.40401E-1 1.86919E-1 8.62399E-2 3.6779E-2
-9999 -9999 -9999 -9999 -9999 -9999 -9999 1.77236E-9 2.19123E-9 8.65354E-5 7.34997E-2 2.34237E-1 4.28457E-3 1.53021E-7 7.70717E-4 7.58789E-2 3.12014E-2 2.58024E-2 6.34274E-3 1.15662E-2 3.72548E-2 4.42781E-2 2.29846E-2 6.9205E-3 3.46421E-3 7.77203E-5 1.67274E-4 2.68969E-4 1.11905E-4 1.39492E-4 2.577E-3 7.09275E-3 6.17167E-3 9.61017E-3 8.4583E-3 2.43453E-2 4.4377E-2 4.8865E-2 8.67774E-2 7.0425E-2 6.73733E-2 1.25894E-1 6.04175E-2 2.85817E-2 5.07373E-2 -9999 -9999 1.05481E-1 3.67644E-2 3.94873E-2 2.12723E-1 3.17101E-1 4.14342E-2 7.45865E-2 1.07904E-1 4.45783E-2 4.7251E-2 5.32889E-2
-9999 -9999 -9999 -9999 -9999 1.01153E-4 4.51269E-4 2.27397E-3 8.46383E-3 7.29642E-2 1.19886E-1 2.09873E-1 1.25834E-1 1.5626E-2 9.84257E-2 8.24794E-2 3.0391E-2 1.26993E-2 1.52088E-3 9.45384E-3 2.53909E-2 2.82378E-2 2.46722E-2 1.34338E-2 3.35991E-3 2.80368E-4 1.05059E-3 1.90873E-3 3.18998E-4 1.92141E-4 2.13795E-3 4.04496E-3 5.95194E-3 2.07904E-2 1.64564E-2 3.90219E-2 5.19221E-2 4.98992E-2 5.9616E-2 3.81774E-2 4.61112E-2 6.21065E-2 2.35173E-2 2.24205E-2 5.19986E-2 -9999 -9999 1.77454E-1 7.02324E-2 -9999 -9999 3.33831E-2 1.41675E-2 1.57493E-2 5.40255E-2 3.96678E-2 5.44008E-2 5.72977E-2
-9999 -9999 -9999 -9999 -9999 3.34509E-2 1.03422E-1 1.36606E-1 1.48943E-1 1.05361E-1 6.31476E-2 1.24181E-1 1.46879E-1 2.38681E-1 1.2833E-1 5.81841E-2 4.23766E-2 7.56794E-3 1.05825E-3 8.13083E-3 1.74009E-2 1.70651E-2 1.1655E-2 1.99565E-2 5.22651E-3 7.95929E-4 1.8897E-3 2.90363E-3 6.16323E-4 5.90502E-4 2.0328E-3 4.06187E-3 2.11209E-3 3.5865E-3 1.61937E-2 3.35131E-2 4.0582E-2 3.8259E-2 3.11566E-2 2.61953E-2 2.16189E-2 7.38785E-2 1.83613E-2 3.18998E-2 6.59584E-2 2.53916E-2 -9999 -9999 -9999 -9999 -9999 1.29586E-1 2.18047E-2 5.40845E-2 1.45478E-1 1.72581E-1 8.24448E-2 6.36128E-2
-9999 -9999 -9999 -9999 -9999 3.37545E-2 1.52385E-1 2.07854E-1 1.43615E-1 1.20798E-1 1.01496E-1 6.74706E-2 6.9781E-2 6.63135E-2 4.3226E-2 5.84466E-2 3.98658E-2 1.73751E-2 3.55591E-3 1.04722E-2 4.23694E-3 2.06876E-3 6.85716E-3 1.41354E-2 6.3626E-3 3.12792E-3 1.01429E-2 1.23399E-2 5.40748E-3 4.92967E-3 5.33608E-3 4.49285E-3 7.04643E-3 5.49586E-3 4.0544E-3 4.24833E-2 4.80565E-2 3.65637E-2 6.37225E-2 1.89413E-2 1.32471E-2 7.30922E-2 6.40772E-2 8.51538E-2 1.60479E-1 7.45292E-2 -9999 -9999 -9999 -9999 1.49934E-1 1.33102E-1 9.74941E-2 8.75846E-2 2.40684E-1 1.30317E-1 1.53605E-1 1.29962E-1
-9999 -9999 -9999 -9999 -9999 4.96209E-2 1.42271E-1 2.85318E-1 2.96752E-1 1.82439E-1 7.46673E-2 3.34618E-2 2.43336E-2 3.03338E-2 2.72131E-2 3.3455E-2 4.36835E-2 9.70299E-3 4.63419E-3 1.07624E-2 4.59063E-3 2.96196E-3 8.61045E-3 1.09631E-2 8.04997E-3 4.94063E-3 1.52751E-2 9.44639E-3 6.8988E-3 1.2523E-2 1.28835E-2 9.1877E-3 1.14348E-2 1.25656E-2 1.14503E-2 4.6871E-2 9.59611E-2 4.37245E-2 1.28097E-1 1.21005E-2 1.60248E-2 2.07333E-2 7.26267E-2 2.60415E-1 2.42805E-1 1.47405E-1 9.84512E-2 -9999 -9999 1.52702E-1 1.19809E-1 1.27448E-1 1.45699E-1 2.33028E-1 1.37871E-1 7.39388E-2 1.21972E-1 1.21651E-1
-9999 -9999 -9999 -9999 -9999 8.74747E-2 1.99745E-1 3.89184E-1 3.54545E-1 1.47933E-1 3.24206E-2 8.61653E-3 7.9495E-3 1.28677E-2 3.33363E-2 3.80563E-2 2.28694E-2 4.33213E-3 3.06399E-3 4.72302E-3 2.03899E-3 1.23796E-3 5.472E-3 8.50644E-3 3.55132E-3 2.44869E-3 3.21156E-3 3.89505E-3 1.55849E-3 5.00934E-3 9.96213E-3 1.45966E-2 2.62212E-2 1.10224E-2 3.2421E-2 7.34172E-2 1.23447E-1 5.26551E-2 1.98194E-2 6.77211E-2 3.15687E-2 2.77447E-2 8.21491E-2 1.16502E-1 2.73745E-2 2.20622E-2 8.37453E-2 -9999 3.65322E-1 1.04329E-1 4.08182E-2 1.17818E-1 1.64828E-1 2.53535E-1 3.54635E-2 1.55775E-1 8.56362E-2 2.9905E-1
