Phytophthora/models/20240503_1134_59/Phytophthora_PA1_RUN5_MAXENT_outputs/Phytophthora_PA1_RUN5.asc
ncols         113
nrows         135
xllcorner     473009.9838
yllcorner     4429001.1748
cellsize      100.0
NODATA_value  -9999
[rows 78 to 103 of 135, columns 0 to 57 of 113]
-9999 -9999 -9999 5.04979E-2 1.63046E-1 7.35714E-1 8.79247E-1 9.13429E-1 9.35683E-1 9.14925E-1 7.02479E-1 5.35823E-1 6.13233E-1 7.18986E-1 7.15086E-1 6.01916E-1 5.43571E-1 5.82252E-1 8.04582E-1 7.82311E-1 6.05606E-1 2.90713E-1 3.78148E-1 3.91538E-1 3.75928E-1 3.55553E-1 4.29788E-1 3.14421E-1 3.55575E-1 2.66562E-1 2.59843E-1 1.66907E-1 5.7242E-2 3.68918E-2 8.04449E-2 3.14473E-1 3.89124E-1 4.3571E-1 4.26369E-1 4.91925E-1 6.48888E-1 5.49466E-1 5.64433E-1 6.53722E-1 4.86825E-1 5.38989E-1 2.81175E-1 4.40906E-1 5.11034E-1 4.6807E-1 4.30411E-1 4.17873E-1 4.19745E-1 4.39284E-1 4.52955E-1 4.76258E-1 2.37867E-1 1.58048E-1
-9999 -9999 -9999 -9999 2.05874E-1 6.63411E-1 8.13075E-1 8.32153E-1 8.69596E-1 8.5143E-1 6.76054E-1 7.76229E-1 8.51253E-1 8.29496E-1 7.34928E-1 4.91418E-1 4.58303E-1 4.81133E-1 5.89189E-1 4.88645E-1 4.35912E-1 2.56515E-1 1.79497E-1 1.9249E-1 3.55082E-1 4.32186E-1 5.09099E-1 4.92704E-1 4.85646E-1 2.25362E-1 1.72526E-1 1.68399E-1 9.49547E-2 7.92596E-2 1.59643E-1 3.24011E-1 4.71846E-1 5.08042E-1 2.25959E-1 4.53836E-1 6.97019E-1 6.42577E-1 6.31008E-1 6.80102E-1 7.00836E-1 5.64177E-1 2.37049E-1 4.64448E-1 6.4948E-1 3.82509E-1 4.03312E-1 4.69835E-1 5.77872E-1 5.61832E-1 2.7025E-1 2.15551E-1 1.61797E-1 6.2248E-2
-9999 -9999 -9999 3.01595E-2 1.44353E-1 5.31014E-1 8.80705E-1 9.18432E-1 8.98993E-1 8.89183E-1 7.16132E-1 7.41541E-1 8.22051E-1 8.22297E-1 5.84421E-1 3.82876E-1 4.81739E-1 4.57239E-1 5.15118E-1 4.22133E-1 3.51548E-1 1.76327E-1 1.85108E-1 1.83531E-1 2.842E-1 4.84522E-1 4.77562E-1 4.6892E-1 1.18331E-1 1.83077E-1 1.161E-1 6.85318E-2 1.50386E-1 2.88928E-1 3.78656E-1 4.03421E-1 6.35999E-1 5.01178E-1 2.87133E-1 4.30677E-1 4.98648E-1 4.33816E-1 4.66295E-1 5.72984E-1 6.23159E-1 4.26879E-1 2.12936E-1 2.52081E-1 5.04865E-1 5.86437E-1 4.29681E-1 3.71936E-1 3.49484E-1 3.46411E-1 1.55504E-1 2.41852E-2 5.23125E-2 3.19446E-2
-9999 -9999 3.03426E-2 1.7473E-2 8.22624E-2 5.73383E-1 8.68257E-1 9.04458E-1 8.69766E-1 8.83267E-1 7.39349E-1 6.73705E-1 7.36337E-1 7.45604E-1 4.06076E-1 2.95184E-1 4.91309E-1 6.17191E-1 6.32608E-1 5.3751E-1 4.59388E-1 2.19054E-1 2.56728E-1 1.61387E-1 2.96202E-1 4.12185E-1 4.51641E-1 4.88543E-1 2.53558E-1 7.28386E-2 1.85882E-1 1.0432E-1 5.37571E-1 4.92689E-1 2.29795E-1 2.87241E-1 5.82254E-1 4.17501E-1 3.87784E-1 3.0958E-1 3.32446E-1 3.9136E-1 5.54951E-1 5.89579E-1 5.55087E-1 1.80009E-1 3.43597E-2 1.06152E-1 1.67587E-1 3.03405E-1 4.12449E-1 2.766E-1 1.726E-1 1.93589E-1 5.85309E-2 8.47663E-3 7.75676E-3 6.69458E-3
-9999 -9999 4.12647E-3 1.71858E-1 2.966E-1 5.22483E-1 6.85728E-1 5.61528E-1 8.66008E-1 9.08001E-1 7.6073E-1 7.01518E-1 6.18164E-1 5.09438E-1 2.12906E-1 2.84623E-1 3.89317E-1 4.75888E-1 5.63492E-1 6.69024E-1 5.38253E-1 3.4966E-1 4.4583E-1 3.0558E-1 2.48078E-1 2.20979E-1 3.25706E-1 1.8109E-1 1.26485E-1 1.64189E-1 2.29971E-1 3.65162E-1 4.47648E-1 3.0693E-1 3.25073E-1 5.8912E-1 5.53389E-1 3.2438E-1 3.91894E-1 5.26162E-1 2.67853E-1 4.64246E-1 6.13192E-1 6.18897E-1 5.00251E-1 2.73104E-1 9.66261E-2 2.29508E-1 2.61321E-1 2.07477E-1 1.89154E-1 1.10723E-1 1.63953E-1 1.18102E-1 1.7689E-2 6.64863E-3 1.54355E-2 5.45356E-2
-9999 -9999 5.48309E-4 2.63633E-1 5.66552E-1 5.60194E-1 4.40204E-1 5.96782E-1 6.84825E-1 4.13621E-1 5.92005E-1 4.80055E-1 3.82492E-1 2.21394E-1 2.61394E-1 3.87446E-1 5.1299E-1 5.70367E-1 4.3776E-1 4.44787E-1 3.91901E-1 4.80811E-1 4.26512E-1 3.19932E-1 2.16877E-1 1.70001E-1 2.64664E-2 6.07822E-2 8.86312E-2 4.04153E-1 5.16229E-1 5.59033E-1 5.45711E-1 4.31995E-1 4.5748E-1 7.16006E-1 6.60917E-1 6.66482E-1 4.38132E-1 5.34322E-1 4.40426E-1 4.48864E-1 4.95117E-1 4.95314E-1 4.54786E-1 3.10168E-1 3.46752E-1 3.82974E-1 3.62854E-1 1.77769E-1 1.6664E-1 8.83952E-2 6.55941E-2 2.17463E-2 7.83164E-3 3.72662E-2 5.06584E-2 4.69181E-2
-9999 -9999 8.97862E-3 4.26704E-1 6.14353E-1 6.36386E-1 4.503E-1 5.47819E-1 4.02799E-1 1.94825E-1 1.93527E-1 1.73993E-1 1.94554E-1 2.79149E-1 4.51909E-1 5.57536E-1 6.05006E-1 4.60245E-1 2.78679E-1 3.1589E-1 1.69368E-1 2.32869E-1 2.2288E-1 2.25184E-1 1.15691E-1 7.61753E-2 3.98187E-2 2.936E-2 1.55327E-1 4.29785E-1 6.70983E-1 7.22991E-1 6.39968E-1 3.67337E-1 5.71254E-1 6.18525E-1 5.98518E-1 6.86331E-1 5.42983E-1 5.88112E-1 4.42712E-1 5.11162E-1 4.06523E-1 4.18906E-1 2.37836E-1 2.85114E-1 5.30535E-1 5.66459E-1 5.20822E-1 4.11722E-1 2.19408E-1 1.16E-1 3.53454E-2 1.40896E-2 5.72757E-2 1.52116E-1 4.97611E-2 2.34413E-1
-9999 5.72717E-3 4.04666E-2 4.52049E-1 7.31153E-1 7.19657E-1 4.47828E-1 2.8967E-1 1.91517E-1 8.59143E-2 2.18732E-1 4.24503E-1 5.78355E-1 7.25175E-1 6.61991E-1 5.87994E-1 4.16024E-1 2.61201E-1 2.50181E-1 2.41674E-1 1.00352E-1 1.23392E-1 1.41886E-1 1.15031E-1 5.56057E-2 5.17148E-2 3.21322E-2 1.49542E-1 3.15893E-1 3.99438E-1 5.39162E-1 3.45034E-1 2.4735E-1 3.55296E-1 6.11252E-1 5.08419E-1 1.76677E-1 4.61551E-1 4.66829E-1 5.2812E-1 6.33617E-1 5.96816E-1 4.53686E-1 3.59696E-1 2.22817E-1 2.27329E-1 4.58297E-1 6.30031E-1 5.58066E-1 5.62781E-1 3.14067E-1 1.45014E-1 9.225E-2 1.03937E-2 5.65079E-2 2.52291E-1 1.68629E-1 4.06264E-1
-9999 3.00997E-2 1.20611E-1 4.83275E-1 5.84864E-1 5.32555E-1 3.04062E-1 2.52559E-1 1.32739E-1 2.66049E-1 4.20986E-1 5.60618E-1 5.56665E-1 6.92872E-1 5.16654E-1 4.37681E-1 3.58126E-1 2.33775E-1 2.10395E-1 1.99984E-1 1.41057E-1 1.16014E-1 7.7757E-2 4.87858E-2 5.2521E-2 5.00033E-2 2.11936E-1 4.23231E-1 4.86263E-1 4.58211E-1 3.33694E-1 1.12611E-1 2.33776E-1 3.62914E-1 3.11259E-1 3.50401E-1 3.87291E-1 3.80746E-1 3.09706E-1 5.20252E-1 7.42116E-1 4.80864E-1 4.72437E-1 5.64801E-1 3.1499E-1 3.62543E-1 5.66504E-1 5.85675E-1 5.37785E-1 2.92745E-1 2.52619E-1 1.94063E-1 1.29909E-1 1.96211E-2 4.64185E-2 3.7265E-1 2.4895E-1 3.48702E-1
2.86297E-2 1.29748E-1 1.83395E-1 2.20851E-1 7.23963E-1 6.66935E-1 5.84785E-1 5.05761E-1 2.8984E-1 3.77004E-1 4.74365E-1 5.0393E-1 4.77779E-1 6.01839E-1 3.66138E-1 2.86872E-1 2.36532E-1 1.47786E-1 1.98447E-1 2.5751E-1 2.47441E-1 1.20399E-1 4.98282E-2 3.10972E-2 6.27811E-2 2.22983E-1 4.31818E-1 3.79053E-1 2.29663E-1 3.66066E-1 1.32985E-1 1.17966E-1 3.02351E-1 3.86198E-1 2.99151E-1 3.84353E-1 6.89128E-1 4.42384E-1 3.37895E-1 6.37662E-1 6.09782E-1 2.91714E-1 5.13512E-1 6.22534E-1 5.25487E-1 6.20073E-1 5.4773E-1 3.64004E-1 1.47018E-1 4.94438E-1 3.20549E-1 1.76274E-1 7.61342E-2 5.58924E-2 2.14587E-1 4.58348E-1 3.1895E-1 5.06202E-1
7.99089E-2 1.82601E-1 1.93367E-1 4.23758E-1 7.62122E-1 6.08783E-1 6.42486E-1 3.69808E-1 3.47242E-1 5.39692E-1 4.80638E-1 6.22831E-1 4.26277E-1 6.39135E-1 5.55495E-1 3.09602E-1 1.47503E-1 8.11014E-2 2.29385E-1 3.49071E-1 2.23378E-1 8.54716E-2 1.45752E-1 1.60911E-1 1.5825E-1 4.06223E-1 4.4993E-1 2.15979E-1 6.22411E-2 9.0022E-2 2.44868E-1 3.71996E-1 2.99678E-1 2.82442E-1 3.21009E-1 3.17175E-1 2.75789E-1 2.53289E-1 4.77928E-1 8.06296E-1 7.26326E-1 5.46338E-1 6.4225E-1 6.37241E-1 7.84355E-1 6.23588E-1 2.16229E-1 9.41762E-2 1.97109E-1 5.21716E-1 2.63244E-1 1.54385E-1 5.95368E-2 1.05168E-1 3.35989E-1 3.98713E-1 4.07896E-1 3.95734E-1
-9999 2.01961E-1 3.8909E-1 7.58262E-1 7.03087E-1 3.30731E-1 7.16631E-1 5.42051E-1 4.517E-1 6.16468E-1 6.71142E-1 4.10708E-1 1.13683E-1 7.07739E-1 6.4795E-1 5.20557E-1 2.87699E-1 1.29918E-1 3.07991E-1 5.31124E-1 4.98741E-1 3.23301E-1 4.04898E-1 1.74989E-1 1.72023E-1 3.26415E-1 2.1757E-1 3.75035E-1 3.75253E-1 2.53291E-1 2.88304E-1 5.90391E-1 5.94686E-1 3.68868E-1 3.82857E-1 4.91801E-1 2.13695E-1 2.18155E-1 5.3597E-1 7.89314E-1 6.33882E-1 3.35396E-1 6.03812E-1 7.73445E-1 7.36732E-1 7.0652E-1 2.19575E-1 7.72026E-2 6.09717E-1 4.6164E-1 2.04727E-1 1.40739E-1 4.25579E-2 3.15154E-1 4.67094E-1 5.06891E-1 4.56451E-1 3.76155E-1
-9999 4.21303E-1 6.90749E-1 8.46061E-1 8.05826E-1 4.38818E-1 6.37793E-1 4.53276E-1 4.82841E-1 5.98828E-1 5.8418E-1 4.84335E-1 4.27123E-1 7.30622E-1 7.62079E-1 4.35954E-1 2.06819E-1 1.85253E-1 1.90498E-1 2.80801E-1 4.147E-1 3.8009E-1 2.30068E-1 2.10938E-1 2.63828E-1 3.01467E-1 4.20336E-1 6.0494E-1 4.94887E-1 2.20524E-1 1.92949E-1 5.19914E-1 6.07849E-1 3.18499E-1 4.53871E-1 4.89805E-1 3.16528E-1 2.91889E-1 5.63476E-1 6.20699E-1 4.57085E-1 1.3184E-1 3.33715E-1 5.84941E-1 6.95206E-1 6.8519E-1 1.7656E-1 1.60984E-1 5.72523E-1 5.9437E-1 4.37248E-1 2.1352E-1 1.34036E-1 4.48079E-1 5.78091E-1 5.60835E-1 4.65773E-1 4.39433E-1
-9999 -9999 -9999 5.5471E-1 3.82269E-1 4.66358E-1 6.98423E-1 5.30873E-1 4.31499E-1 5.80392E-1 5.33428E-1 3.14632E-1 2.28783E-1 4.52069E-1 6.51137E-1 4.27376E-1 3.3161E-1 2.19293E-1 1.63862E-1 2.44819E-1 1.1648E-1 1.09323E-1 1.69404E-1 3.0446E-1 8.45197E-2 1.05585E-1 4.28855E-1 4.80329E-1 3.78633E-1 3.08841E-1 2.59803E-1 1.04403E-1 2.99063E-1 3.52997E-1 4.65721E-1 3.96033E-1 2.78404E-1 2.51086E-1 4.49013E-1 3.63623E-1 1.66134E-1 1.18547E-1 2.00621E-1 4.3311E-1 7.01019E-1 3.592E-1 5.33333E-2 4.58783E-1 5.93549E-1 4.66518E-1 4.38421E-1 3.3875E-1 4.53002E-1 5.88006E-1 6.55353E-1 6.07813E-1 3.93036E-1 4.71801E-1
-9999 -9999 -9999 -9999 2.63156E-1 2.37519E-1 6.61332E-1 6.26151E-1 6.44448E-1 5.65384E-1 4.70559E-1 3.02036E-1 1.58772E-1 3.84227E-1 2.18702E-1 3.83033E-1 4.40491E-1 3.23274E-1 3.2665E-1 3.52197E-1 1.05689E-1 3.56456E-2 6.47132E-2 2.99448E-1 2.82596E-1 3.10385E-1 1.88542E-1 2.98869E-1 3.43303E-1 2.17455E-1 2.42465E-1 2.26698E-1 3.57519E-1 3.17922E-1 2.90517E-1 2.83933E-1 8.0102E-2 4.66732E-2 1.55746E-2 1.09461E-2 3.27104E-2 9.85773E-2 1.04356E-1 3.27877E-1 4.44066E-1 1.34962E-1 3.25541E-1 4.7452E-1 5.96482E-1 5.40483E-1 4.6606E-1 4.00783E-1 4.46132E-1 4.05992E-1 6.01402E-1 5.20781E-1 3.62318E-1 5.17659E-1
-9999 -9999 -9999 -9999 -9999 -9999 -9999 5.01472E-1 7.72444E-1 8.10236E-1 6.88511E-1 5.36331E-1 5.12563E-1 3.68473E-1 1.71606E-1 2.95817E-1 4.71291E-1 4.69782E-1 2.77001E-1 5.10713E-1 2.35112E-1 3.46468E-2 8.43541E-2 2.72138E-1 3.72753E-1 1.72349E-1 1.92199E-1 3.2214E-1 2.72975E-1 1.01597E-1 8.41676E-2 3.01237E-1 1.8675E-1 1.4063E-1 1.2319E-1 1.72247E-1 1.48148E-1 5.45094E-2 2.57027E-2 2.88887E-2 2.02911E-2 2.27146E-2 5.54976E-2 2.85477E-1 2.62703E-1 1.57745E-1 6.23095E-1 6.04812E-1 5.56451E-1 5.25693E-1 5.02042E-1 5.43521E-1 5.21532E-1 4.94666E-1 5.35469E-1 3.89654E-1 3.59684E-1 5.31698E-1
-9999 -9999 -9999 -9999 -9999 -9999 -9999 5.86495E-1 8.61897E-1 8.05573E-1 5.36012E-1 4.23299E-1 2.76579E-1 2.12899E-1 2.68861E-1 4.45627E-1 7.05296E-1 4.67869E-1 4.15523E-1 5.05743E-1 2.42419E-1 4.06283E-2 4.88018E-2 1.68863E-1 1.35227E-1 2.146E-1 1.95021E-1 1.44041E-1 8.37344E-2 4.49543E-2 1.5085E-1 1.01319E-1 4.86141E-2 5.67484E-2 1.30187E-1 9.69477E-2 1.11604E-1 9.57733E-2 3.44093E-2 2.33741E-2 3.63253E-2 1.08744E-1 2.56853E-1 6.2336E-1 1.81816E-1 4.88773E-1 5.07982E-1 5.10253E-1 4.23918E-1 4.58418E-1 4.33421E-1 5.14419E-1 6.40873E-1 2.75411E-1 3.61492E-1 2.09453E-1 3.84679E-1 5.26082E-1
-9999 -9999 -9999 -9999 -9999 -9999 -9999 3.50894E-1 7.73522E-1 5.5257E-1 2.70528E-1 2.17658E-1 4.12891E-2 5.95009E-2 3.23286E-1 5.69592E-1 7.15091E-1 5.31666E-1 5.8578E-1 3.83849E-1 2.31223E-1 3.64287E-2 5.00111E-2 2.27756E-2 9.72661E-2 1.72055E-1 1.77695E-1 1.14854E-1 2.97218E-1 2.32793E-1 8.30339E-2 4.62344E-2 2.7704E-2 2.61759E-2 8.74559E-2 1.34418E-1 9.65168E-2 3.44452E-2 3.2172E-2 6.39767E-2 1.29545E-1 2.00349E-1 4.1E-1 5.40104E-1 3.37432E-1 5.71797E-1 3.43084E-1 4.28753E-1 2.92198E-1 2.28489E-1 4.06242E-1 3.88291E-1 4.4252E-1 3.74165E-1 8.61351E-2 7.62895E-2 1.23652E-1 1.86665E-1
-9999 -9999 -9999 -9999 -9999 -9999 -9999 2.72889E-1 5.12921E-1 3.24339E-1 1.61937E-1 1.045E-1 2.6634E-2 4.70749E-2 2.16292E-1 7.04285E-1 7.90228E-1 7.80717E-1 6.74951E-1 5.46095E-1 1.3252E-1 1.41379E-2 5.50887E-3 1.23466E-2 4.21948E-2 1.22245E-1 1.32206E-1 7.08134E-2 1.93388E-1 2.16794E-1 6.0546E-2 3.1728E-2 6.09375E-2 1.55876E-1 9.55104E-2 9.75785E-2 1.31608E-1 1.01247E-1 1.89784E-1 2.52092E-1 7.6119E-2 9.02287E-2 1.29257E-1 2.39494E-1 3.14877E-1 5.39423E-1 4.23744E-1 2.45825E-1 1.03356E-1 2.03691E-1 2.19788E-1 1.7938E-1 2.39062E-1 2.07501E-1 9.38569E-2 1.63943E-1 1.15853E-1 3.70919E-1
-9999 -9999 -9999 -9999 -9999 -9999 -9999 -9999 1.85637E-1 1.37908E-1 6.55616E-2 4.54048E-2 9.75279E-2 1.46711E-1 5.07815E-1 8.11823E-1 7.56097E-1 6.98639E-1 6.66806E-1 4.60091E-1 1.1026E-1 1.3419E-2 1.19074E-2 2.43051E-2 4.53501E-2 1.06862E-1 1.14313E-1 1.02603E-1 2.19653E-1 1.52893E-1 4.80878E-2 1.10607E-1 2.80798E-2 3.53459E-1 4.85334E-1 2.81539E-1 1.42118E-1 2.59227E-1 3.28794E-1 2.02313E-1 6.90007E-2 2.39611E-1 2.70258E-1 5.32451E-1 3.0403E-1 3.64612E-1 2.4098E-1 4.21228E-2 2.44249E-1 2.64528E-1 1.81825E-1 1.0141E-1 7.19044E-2 2.01036E-1 3.14302E-1 2.98622E-1 4.07759E-1 3.79964E-1
-9999 -9999 -9999 -9999 -9999 -9999 -9999 -9999 -9999 -9999 -9999 -9999 1.26345E-1 1.54966E-1 4.35279E-1 6.06686E-1 6.82402E-1 5.8162E-1 5.34134E-1 3.53916E-1 9.31302E-2 2.56105E-2 2.4541E-2 7.092E-2 9.261E-2 4.70444E-2 2.38841E-2 1.04516E-1 1.75107E-1 1.03917E-1 6.66271E-2 1.10791E-1 7.1144E-2 5.37639E-1 4.40899E-1 1.66894E-1 1.33485E-1 1.11574E-1 2.02553E-1 1.65339E-1 1.18196E-1 1.19322E-1 1.47326E-1 3.1238E-1 1.35444E-1 1.72404E-1 6.16423E-2 3.42301E-2 1.33638E-1 9.84153E-2 3.14398E-2 5.54148E-2 1.11264E-1 2.12613E-1 6.17232E-1 5.67918E-1 5.01472E-1 2.74598E-1
-9999 -9999 -9999 -9999 -9999 -9999 -9999 -9999 -9999 -9999 -9999 -9999 -9999 2.59436E-1 5.50905E-1 5.71234E-1 7.89954E-1 7.76203E-1 7.24553E-1 5.19511E-1 1.69433E-1 2.43361E-2 1.8446E-2 5.17413E-2 9.65147E-2 2.25216E-2 3.32612E-2 2.27141E-2 3.55132E-2 9.2984E-2 8.19878E-2 1.92049E-1 3.69932E-1 4.09835E-1 4.05884E-1 1.92442E-1 6.60397E-2 1.32538E-1 5.4389E-1 3.60635E-1 3.38443E-2 2.17223E-2 9.26153E-2 6.2145E-2 1.28924E-1 2.69818E-1 1.62686E-1 7.6934E-2 5.24182E-2 4.74223E-2 9.53663E-2 6.21644E-2 1.33963E-1 5.28726E-1 5.77528E-1 5.10071E-1 4.62402E-1 4.31002E-1
-9999 -9999 -9999 -9999 -9999 -9999 -9999 -9999 -9999 -9999 -9999 -9999 1.73464E-1 3.51188E-1 3.70991E-1 6.19246E-1 7.53075E-1 7.27765E-1 7.02403E-1 6.13794E-1 1.89847E-1 2.27252E-2 9.45757E-3 3.86043E-2 4.26329E-2 1.02909E-1 4.86131E-2 2.34978E-2 8.0565E-2 1.94604E-1 3.06392E-1 3.16443E-1 2.91477E-1 2.75503E-1 1.34589E-1 4.09677E-2 1.28275E-1 5.01244E-1 6.33858E-1 3.35826E-1 7.57866E-2 1.09749E-1 6.65546E-2 4.14815E-1 4.16162E-1 1.06941E-1 1.64944E-1 3.84222E-2 5.28869E-2 5.67462E-2 9.95381E-2 9.46552E-2 2.22124E-1 4.22579E-1 5.03087E-1 5.73946E-1 4.21295E-1 2.69978E-1
-9999 -9999 -9999 -9999 -9999 -9999 -9999 -9999 -9999 -9999 -9999 -9999 -9999 3.89113E-2 4.28957E-2 -9999 6.25923E-1 7.03424E-1 6.22416E-1 3.67622E-1 1.59125E-1 6.97358E-2 4.4144E-2 1.12927E-1 1.51884E-1 8.74192E-2 5.0904E-2 8.2299E-2 8.95593E-2 6.27512E-2 2.13627E-1 1.14117E-1 8.15289E-2 1.54711E-1 1.32358E-1 9.29165E-2 2.11304E-1 6.75425E-1 5.75987E-1 1.41201E-1 1.11849E-1 1.62831E-1 1.68662E-1 6.09044E-1 3.75561E-1 3.66568E-1 6.24773E-2 1.55489E-1 4.405E-2 4.99479E-2 1.3426E-1 2.41179E-1 3.09193E-1 4.81892E-1 5.39228E-1 5.50052E-1 6.1487E-1 4.16398E-1
-9999 -9999 -9999 -9999 -9999 -9999 -9999 -9999 -9999 -9999 -9999 -9999 -9999 -9999 -9999 -9999 4.59812E-1 6.13405E-1 4.70846E-1 3.1822E-1 2.33187E-1 1.05644E-1 2.14354E-1 2.21468E-1 3.46721E-1 2.44177E-1 1.26261E-1 1.21208E-1 1.27796E-1 5.19488E-1 4.11129E-1 2.97415E-1 3.66317E-1 2.9793E-1 3.32905E-1 3.94597E-1 3.4748E-1 6.04148E-1 4.46476E-1 1.012E-1 8.16916E-2 2.16773E-1 5.30831E-1 5.91524E-1 6.46155E-1 4.53205E-1 4.54273E-1 3.47142E-1 1.60507E-1 9.34572E-2 1.33119E-1 3.49059E-1 4.31407E-1 5.80451E-1 6.7722E-1 6.05571E-1 6.94946E-1 5.18858E-1
-9999 -9999 -9999 -9999 -9999 -9999 -9999 -9999 -9999 -9999 -9999 -9999 -9999 -9999 -9999 -9999 -9999 6.24254E-1 4.28389E-1 3.42121E-1 2.99063E-1 1.41788E-1 4.8438E-2 1.83915E-1 2.97188E-1 3.40383E-1 1.91851E-1 3.84411E-1 4.38507E-1 5.80476E-1 3.09057E-1 6.16403E-1 5.56176E-1 2.75602E-1 2.08717E-1 4.1632E-1 4.68159E-1 6.29155E-1 2.55282E-1 6.04974E-2 3.14068E-2 1.43907E-1 6.30385E-1 6.71867E-1 7.77729E-1 6.74393E-1 4.76752E-1 2.91989E-1 1.87066E-1 1.29702E-1 1.642E-1 1.78131E-1 4.18819E-1 5.26266E-1 4.1791E-1 5.71805E-1 6.17686E-1 6.03559E-1
