Phytophthora/models/20240503_1134_59/Phytophthora_PA1_RUN5_MAXENT_outputs/Phytophthora_PA1_RUN5.asc
ncols         113
nrows         135
xllcorner     473009.9838
yllcorner     4429001.1748
cellsize      100.0
NODATA_value  -9999
[rows 104 to 129 of 135, columns 0 to 57 of 113]
-9999 -9999 -9999 -9999 -9999 -9999 -9999 -9999 -9999 -9999 -9999 -9999 -9999 -9999 -9999 -9999 -9999 6.02391E-1 6.13308E-1 2.65903E-1 2.27358E-1 2.30516E-1 3.45722E-1 3.02654E-1 1.86185E-1 3.58866E-1 3.74856E-1 6.06297E-1 4.90961E-1 4.2745E-1 6.41724E-1 5.83728E-1 3.59979E-1 2.67331E-1 1.23752E-1 2.09741E-1 2.63603E-1 3.55641E-1 1.49022E-1 5.7156E-2 1.77885E-2 6.62518E-2 4.88315E-1 6.13875E-1 7.31784E-1 3.96103E-1 3.44662E-1 3.53904E-1 2.59532E-1 2.02244E-1 1.68041E-1 1.05707E-1 2.92496E-1 5.27496E-1 6.21461E-1 7.22616E-1 7.21016E-1 5.79229E-1
-9999 -9999 -9999 -9999 -9999 -9999 -9999 -9999 -9999 -9999 -9999 -9999 -9999 -9999 -9999 -9999 -9999 -9999 5.25916E-1 4.57269E-1 4.50931E-1 4.08642E-1 4.91406E-1 4.56978E-1 4.95262E-1 4.67941E-1 4.56182E-1 5.86632E-1 2.68995E-1 3.29085E-1 5.87103E-1 6.12179E-1 3.17401E-1 3.40292E-1 4.68282E-2 1.48189E-2 9.59532E-2 8.32603E-2 4.69038E-2 5.9321E-2 4.18405E-2 7.04507E-2 2.70955E-1 4.28403E-1 4.43326E-1 2.62723E-1 3.56922E-1 4.81689E-1 3.26795E-1 3.35802E-1 4.82022E-1 3.90006E-1 2.68629E-1 5.35805E-1 6.42124E-1 5.32491E-1 3.80219E-1 5.59219E-1
-9999 -9999 -9999 -9999 -9999 -9999 -9999 -9999 -9999 -9999 -9999 -9999 -9999 -9999 -9999 -9999 -9999 -9999 5.34292E-1 4.84687E-1 5.08691E-1 5.85874E-1 6.30275E-1 5.89804E-1 5.16258E-1 5.1155E-1 6.4211E-1 4.09777E-1 1.8007E-1 4.4694E-1 5.95284E-1 5.23851E-1 2.5599E-1 1.07411E-1 3.02864E-2 2.04218E-2 2.59913E-2 3.49244E-2 3.35192E-2 1.13241E-1 9.12514E-2 2.43922E-1 4.08876E-1 4.26199E-1 4.0087E-1 4.66959E-1 4.09878E-1 6.43541E-1 5.82167E-1 5.67989E-1 4.73414E-1 3.56236E-1 7.83976E-2 4.02307E-1 6.50651E-1 6.63285E-1 4.85525E-1 5.68464E-1
-9999 -9999 -9999 -9999 -9999 -9999 -9999 -9999 -9999 -9999 -9999 -9999 -9999 -9999 -9999 -9999 -9999 -9999 -9999 3.09718E-1 4.48759E-1 6.14263E-1 7.54291E-1 7.3196E-1 7.54933E-1 5.69827E-1 5.0017E-1 1.85801E-1 3.17382E-1 3.00749E-1 1.61448E-1 2.29116E-1 1.75821E-1 6.23577E-2 5.21702E-2 2.14346E-2 1.5341E-2 2.25934E-2 6.36444E-2 2.13066E-1 3.5357E-1 5.86771E-1 7.04173E-1 6.60249E-1 5.03342E-1 4.04553E-1 3.10484E-1 5.72474E-1 4.68187E-1 5.90966E-1 6.4356E-1 2.91004E-1 2.25495E-1 6.08965E-1 6.56076E-1 7.41897E-1 6.13419E-1 4.3024E-1
-9999 -9999 -9999 -9999 -9999 -9999 -9999 -9999 -9999 -9999 -9999 -9999 -9999 -9999 -9999 -9999 -9999 -9999 -9999 -9999 5.62655E-1 5.88178E-1 6.83825E-1 8.14305E-1 6.2382E-1 4.24589E-1 4.02468E-1 2.59705E-1 1.95644E-1 1.81167E-1 1.26579E-1 6.22537E-2 4.88178E-2 8.93651E-2 7.67346E-2 8.87831E-2 1.01735E-1 1.73104E-1 1.04304E-1 2.55028E-1 4.70431E-1 6.48554E-1 7.66166E-1 7.82106E-1 6.72172E-1 5.89454E-1 3.42396E-1 1.73921E-1 2.54169E-1 5.58658E-1 5.73688E-1 4.73793E-1 5.68961E-1 8.14874E-1 7.24805E-1 7.24743E-1 5.76331E-1 2.54141E-1
-9999 -9999 -9999 -9999 -9999 -9999 -9999 -9999 -9999 -9999 -9999 -9999 -9999 -9999 -9999 -9999 -9999 -9999 -9999 -9999 -9999 3.41135E-1 4.6261E-1 4.48023E-1 2.85252E-1 3.86273E-1 5.27748E-1 3.85814E-1 1.00259E-1 5.17958E-2 6.53467E-2 3.32704E-2 1.93702E-2 5.26549E-2 1.27188E-1 2.01639E-1 5.93685E-2 1.65751E-1 2.75774E-1 3.46956E-1 5.03102E-1 5.63445E-1 6.51552E-1 7.36886E-1 7.65184E-1 6.73413E-1 6.03764E-1 2.27417E-1 2.2327E-1 4.72844E-1 4.89353E-1 4.88366E-1 6.48415E-1 7.32626E-1 7.59153E-1 7.26222E-1 6.81456E-1 4.70736E-1
-9999 -9999 -9999 -9999 -9999 -9999 -9999 -9999 -9999 -9999 -9999 -9999 -9999 -9999 -9999 -9999 -9999 -9999 -9999 -9999 -9999 3.64692E-1 6.11763E-1 7.05225E-1 4.37821E-1 5.80347E-1 3.60364E-1 2.46294E-1 2.00427E-1 8.83916E-2 3.06975E-2 1.37022E-2 1.99686E-2 4.07851E-2 2.37148E-1 3.28561E-1 2.44067E-1 2.30365E-1 1.17778E-1 9.82521E-2 1.0445E-1 4.85976E-1 4.49574E-1 5.16615E-1 6.53261E-1 5.57551E-1 4.819E-1 2.16021E-1 1.9258E-1 3.27595E-1 3.65385E-1 5.29467E-1 6.06736E-1 5.08383E-1 7.988E-1 7.65869E-1 7.65939E-1 7.58883E-1
-9999 -9999 -9999 -9999 -9999 -9999 -9999 -9999 -9999 -9999 -9999 -9999 -9999 -9999 -9999 -9999 -9999 -9999 -9999 -9999 -9999 1.54914E-1 4.17891E-1 3.44648E-1 5.07226E-1 6.30677E-1 3.7847E-1 1.77359E-1 1.19584E-1 2.47591E-2 9.23291E-3 5.51235E-3 1.12443E-2 1.38393E-1 3.15971E-1 5.35907E-1 3.26787E-1 2.2508E-1 4.83842E-1 4.98238E-1 4.68612E-1 1.54812E-1 1.52886E-1 1.47268E-1 2.29858E-1 2.95038E-1 1.35594E-1 9.30661E-2 9.1785E-2 1.63847E-1 3.75334E-1 4.3217E-1 1.13086E-1 1.66652E-1 5.70637E-1 6.4453E-1 7.90892E-1 7.69491E-1
-9999 -9999 -9999 -9999 -9999 -9999 -9999 -9999 -9999 -9999 -9999 -9999 -9999 -9999 -9999 -9999 -9999 -9999 -9999 -9999 1.4093E-1 2.72809E-1 1.68247E-1 4.37904E-1 7.11119E-1 5.43777E-1 3.75918E-1 2.1133E-1 8.2189E-2 3.19909E-2 1.79511E-2 5.46084E-3 1.28339E-2 1.58895E-1 1.64056E-1 4.30902E-1 4.26744E-1 2.84488E-1 6.92953E-1 6.93735E-1 6.00554E-1 4.46205E-1 2.22388E-1 2.66128E-1 2.45797E-1 3.63085E-1 2.62842E-1 5.42343E-2 3.34696E-2 6.12711E-2 1.45726E-1 8.18052E-2 3.57082E-2 1.57907E-1 5.38176E-1 7.54754E-1 7.8742E-1 6.45093E-1
-9999 -9999 -9999 -9999 -9999 -9999 -9999 -9999 -9999 -9999 -9999 -9999 -9999 -9999 -9999 -9999 -9999 -9999 -9999 -9999 2.06051E-1 2.75082E-1 1.85675E-1 4.00603E-1 4.9623E-1 3.0151E-1 1.69713E-1 1.01492E-1 7.85596E-2 4.10001E-2 1.93205E-2 1.85815E-2 3.35095E-2 2.74874E-1 5.18078E-1 6.89912E-1 7.74952E-1 5.33497E-1 6.59179E-1 7.56547E-1 6.44055E-1 4.58021E-1 2.74303E-1 1.93921E-1 2.37085E-1 1.58092E-1 1.82791E-1 5.28034E-2 2.62453E-2 3.2508E-2 4.16325E-2 7.17596E-2 4.2382E-2 4.95397E-1 6.66741E-1 6.45134E-1 8.299E-1 6.52879E-1
-9999 -9999 -9999 -9999 -9999 -9999 -9999 -9999 -9999 -9999 -9999 -9999 -9999 -9999 -9999 -9999 -9999 -9999 -9999 -9999 1.78402E-1 1.34433E-1 8.26804E-2 1.07704E-1 2.99822E-1 2.07617E-1 1.39097E-1 3.29728E-2 3.32384E-2 2.68964E-2 8.84683E-2 2.29653E-1 2.25016E-1 3.63262E-1 6.0594E-1 7.73769E-1 7.99443E-1 6.69323E-1 5.98165E-1 6.83996E-1 5.89736E-1 4.29755E-1 3.89394E-1 2.63809E-1 2.27388E-1 2.0806E-1 1.28903E-1 5.12999E-2 5.19027E-2 6.05657E-2 5.62823E-2 1.46098E-1 1.36143E-1 5.03245E-1 7.03682E-1 7.1788E-1 8.14906E-1 6.71739E-1
-9999 -9999 -9999 -9999 -9999 -9999 -9999 -9999 -9999 -9999 -9999 -9999 -9999 -9999 -9999 -9999 -9999 -9999 -9999 -9999 1.99675E-2 1.60655E-2 2.50516E-2 9.7537E-2 2.93831E-1 1.61808E-1 3.38587E-2 1.14307E-2 1.37962E-2 6.87797E-2 2.9421E-1 3.72658E-1 6.30506E-1 6.60436E-1 7.17594E-1 8.29413E-1 7.68324E-1 6.44067E-1 7.25383E-1 7.0261E-1 5.56463E-1 5.64701E-1 5.72751E-1 3.7843E-1 2.59968E-1 3.84654E-1 3.08397E-1 1.32836E-1 1.62512E-1 1.64254E-1 3.05978E-1 3.68268E-1 3.1285E-1 1.80734E-1 5.54457E-1 7.08916E-1 7.03836E-1 5.18995E-1
-9999 -9999 -9999 -9999 -9999 -9999 -9999 -9999 -9999 -9999 -9999 -9999 -9999 -9999 -9999 -9999 -9999 -9999 -9999 -9999 1.58547E-3 6.8027E-3 5.15743E-2 9.67122E-2 1.50071E-1 8.76924E-2 2.24905E-2 1.12843E-2 1.09326E-1 1.93003E-1 3.75845E-1 5.5575E-1 6.28268E-1 7.65715E-1 7.8097E-1 7.50432E-1 7.68538E-1 8.34274E-1 8.10197E-1 7.55665E-1 1.64958E-1 1.87392E-1 2.2735E-1 5.54717E-1 2.8499E-1 5.01307E-1 2.48968E-1 3.69238E-1 3.48565E-1 2.37309E-1 3.28509E-1 5.42379E-1 6.02315E-1 4.20394E-1 5.92169E-1 7.37702E-1 8.66809E-1 7.9213E-1
-9999 -9999 -9999 -9999 -9999 -9999 -9999 -9999 -9999 -9999 -9999 -9999 -9999 -9999 -9999 -9999 -9999 -9999 -9999 -9999 -9999 1.25105E-2 1.16393E-1 1.73705E-1 1.46995E-1 8.08871E-2 1.48431E-1 4.59888E-2 1.48809E-1 2.9604E-1 4.55701E-1 4.84662E-1 6.47889E-1 6.96787E-1 6.52868E-1 6.91259E-1 8.67052E-1 8.06189E-1 8.08506E-1 6.60984E-1 2.43971E-1 5.98996E-1 5.20321E-1 2.5472E-1 5.04256E-1 5.45089E-1 4.68756E-1 4.53725E-1 3.86359E-1 2.37377E-1 2.77187E-1 3.47815E-1 6.26167E-1 6.91537E-1 5.91106E-1 4.25832E-1 7.065E-1 6.76626E-1
-9999 -9999 -9999 -9999 -9999 -9999 -9999 -9999 -9999 -9999 -9999 -9999 -9999 -9999 -9999 -9999 -9999 -9999 -9999 -9999 -9999 5.64926E-3 3.41397E-2 3.12711E-1 2.18156E-1 2.19321E-1 1.28762E-1 1.25032E-1 1.60462E-1 3.12274E-1 3.42604E-1 4.13971E-1 5.3028E-1 5.58213E-1 2.54651E-1 3.63879E-1 3.7091E-1 5.06253E-1 8.25507E-1 6.04628E-1 4.29219E-1 6.8311E-1 7.16435E-1 2.99236E-1 2.32212E-1 1.73454E-1 3.33411E-1 5.0958E-1 3.55667E-1 1.45936E-1 2.15284E-1 3.6436E-1 5.16159E-1 7.10491E-1 4.11291E-1 5.70919E-1 7.18173E-1 7.81217E-1
-9999 -9999 -9999 -9999 -9999 -9999 -9999 -9999 -9999 -9999 -9999 -9999 -9999 -9999 -9999 -9999 -9999 -9999 -9999 -9999 -9999 -9999 7.75648E-2 3.26309E-1 3.64264E-1 3.89944E-1 3.40821E-1 1.53651E-1 1.5E-1 1.72956E-1 2.86408E-1 1.54393E-1 1.11971E-1 1.67875E-1 2.32156E-1 2.97256E-1 6.79041E-1 4.73217E-1 8.2646E-1 7.83259E-1 4.79109E-1 3.33202E-1 5.05185E-1 5.58492E-1 4.10746E-1 3.02833E-1 2.50441E-1 4.45846E-1 3.07138E-1 1.24946E-1 1.46824E-1 2.56554E-1 3.73215E-1 6.12885E-1 5.74046E-1 8.191E-1 8.10216E-1 7.45157E-1
-9999 -9999 -9999 -9999 -9999 -9999 -9999 -9999 -9999 -9999 -9999 -9999 -9999 -9999 -9999 -9999 -9999 -9999 -9999 -9999 -9999 -9999 4.70088E-2 1.74457E-1 4.26085E-1 4.31023E-1 3.24182E-1 1.8024E-1 1.9982E-1 4.43267E-1 3.74448E-1 2.70678E-1 1.48672E-1 2.5249E-1 4.63581E-1 2.82984E-1 5.80505E-1 4.82985E-1 6.14994E-1 7.62664E-1 7.30317E-1 6.27197E-1 5.17387E-1 5.80434E-1 6.62032E-1 6.41288E-1 2.60733E-1 3.01282E-1 2.30418E-1 1.28915E-1 2.97358E-1 1.63932E-1 4.08353E-1 3.44245E-1 6.79091E-1 8.93929E-1 8.53882E-1 7.81107E-1
-9999 -9999 -9999 -9999 -9999 -9999 -9999 -9999 -9999 -9999 -9999 -9999 -9999 -9999 -9999 -9999 -9999 -9999 -9999 -9999 -9999 -9999 -9999 4.89957E-2 2.05669E-1 5.49783E-1 3.28547E-1 3.45382E-1 5.03817E-1 5.56811E-1 3.54424E-1 5.07248E-1 3.75169E-1 3.49127E-1 1.99769E-1 1.31467E-1 6.25923E-1 7.14179E-1 7.8722E-1 8.17817E-1 7.81237E-1 6.2974E-1 5.1829E-1 4.54461E-1 4.29896E-1 3.04007E-1 1.12294E-1 1.63944E-1 5.32686E-2 1.9804E-1 1.37867E-1 4.76077E-1 6.38935E-1 6.70179E-1 7.65554E-1 7.07336E-1 4.96164E-1 4.88702E-1
-9999 -9999 -9999 -9999 -9999 -9999 -9999 -9999 -9999 -9999 -9999 -9999 -9999 -9999 -9999 -9999 -9999 -9999 -9999 -9999 -9999 -9999 -9999 1.47298E-1 5.12487E-1 6.2445E-1 3.99077E-1 5.13821E-1 4.67158E-1 7.1152E-1 7.03694E-1 5.27406E-1 4.22308E-1 2.12436E-1 1.51812E-1 1.69739E-1 4.91984E-1 6.98621E-1 7.31645E-1 7.21606E-1 7.74693E-1 7.61906E-1 6.35891E-1 5.21212E-1 3.75104E-1 2.24579E-1 6.81848E-2 4.6508E-2 2.36468E-2 7.45782E-2 1.86776E-1 5.87787E-1 7.43603E-1 7.51204E-1 7.7721E-1 6.10647E-1 1.13726E-1 6.62261E-2
-9999 -9999 -9999 -9999 -9999 -9999 -9999 -9999 -9999 -9999 -9999 -9999 -9999 -9999 -9999 -9999 -9999 -9999 -9999 -9999 -9999 -9999 -9999 2.69999E-1 4.9756E-1 5.28847E-1 5.17359E-1 3.28072E-1 7.29211E-1 6.34638E-1 4.85722E-1 2.94596E-1 1.77995E-1 1.7243E-1 1.07162E-1 1.43637E-1 3.74106E-1 5.80111E-1 5.75148E-1 6.37485E-1 7.17642E-1 8.34611E-1 8.172E-1 6.87528E-1 5.32836E-1 4.91728E-1 2.23838E-1 2.93182E-1 1.17949E-1 1.26919E-1 1.22492E-1 3.22326E-1 1.8887E-1 5.55434E-1 5.96318E-1 5.43697E-1 3.66598E-1 2.96113E-1
-9999 -9999 -9999 -9999 -9999 -9999 -9999 -9999 -9999 -9999 -9999 -9999 -9999 -9999 -9999 -9999 -9999 -9999 -9999 -9999 -9999 -9999 -9999 -9999 -9999 2.17997E-1 4.44451E-1 5.09462E-1 7.04118E-1 4.42751E-1 1.90552E-1 1.00759E-1 1.1113E-1 7.84516E-2 7.37539E-2 1.27792E-1 2.43266E-1 2.86139E-1 3.54226E-1 5.64259E-1 6.75898E-1 7.90763E-1 7.57215E-1 5.46106E-1 5.33204E-1 5.86789E-1 4.9758E-1 4.3854E-1 2.21298E-1 1.58106E-1 2.88903E-1 1.31634E-1 1.38971E-1 4.48034E-1 5.02488E-1 4.37946E-1 3.93397E-1 4.55533E-1
-9999 -9999 -9999 -9999 -9999 -9999 -9999 -9999 -9999 -9999 -9999 -9999 -9999 -9999 -9999 -9999 -9999 -9999 -9999 -9999 -9999 -9999 -9999 -9999 -9999 -9999 3.80675E-1 4.62212E-1 6.06253E-1 3.88389E-1 1.62103E-1 7.88733E-2 5.49971E-2 3.74479E-2 3.75313E-2 3.62174E-2 1.02997E-1 9.04481E-2 7.99822E-2 1.53538E-1 3.55515E-1 5.19778E-1 4.61254E-1 4.21395E-1 4.3892E-1 3.44756E-1 3.34317E-1 3.57497E-1 2.38544E-1 1.46496E-1 3.08869E-1 1.40108E-1 2.82312E-1 4.81973E-1 4.47182E-1 4.95343E-1 4.08773E-1 4.49164E-1
-9999 -9999 -9999 -9999 -9999 -9999 -9999 -9999 -9999 -9999 -9999 -9999 -9999 -9999 -9999 -9999 -9999 -9999 -9999 -9999 -9999 -9999 -9999 -9999 -9999 -9999 -9999 4.16038E-1 6.92478E-1 4.33733E-1 2.01968E-1 1.32345E-1 7.89185E-2 2.46102E-2 1.97501E-2 1.24878E-2 4.06836E-2 3.35566E-2 3.4202E-2 3.50152E-2 1.73084E-1 2.51026E-1 4.51975E-1 5.36738E-1 3.86042E-1 2.4826E-1 1.96917E-1 2.80055E-1 2.61383E-1 2.20992E-1 1.76444E-1 6.00845E-2 1.51945E-1 3.00331E-1 1.58615E-1 1.14648E-1 3.12801E-1 1.92694E-1
-9999 -9999 -9999 -9999 -9999 -9999 -9999 -9999 -9999 -9999 -9999 -9999 -9999 -9999 -9999 -9999 -9999 -9999 -9999 -9999 -9999 -9999 -9999 -9999 -9999 -9999 -9999 1.13885E-1 1.55382E-1 1.29111E-1 1.23178E-1 6.44318E-2 7.06586E-2 3.57209E-2 6.32177E-3 1.66671E-3 3.01486E-3 3.12054E-3 3.2913E-3 1.06542E-2 5.08466E-2 7.41348E-2 2.76042E-1 2.07885E-1 1.35673E-1 2.21332E-1 2.43588E-1 3.30894E-1 4.74466E-1 4.04098E-1 1.6948E-1 2.48308E-1 2.19159E-1 3.9264E-1 2.61762E-1 1.59763E-1 9.54702E-2 1.92162E-1
-9999 -9999 -9999 -9999 -9999 -9999 -9999 -9999 -9999 -9999 -9999 -9999 -9999 -9999 -9999 -9999 -9999 -9999 -9999 -9999 -9999 -9999 -9999 -9999 -9999 -9999 -9999 -9999 -9999 -9999 -9999 2.41357E-2 1.50125E-2 7.54785E-3 2.15762E-3 9.84697E-4 3.56514E-3 4.03062E-3 3.49179E-3 4.05616E-3 9.88157E-3 2.14379E-2 7.3313E-2 6.91216E-2 3.91227E-2 9.77909E-2 3.46857E-1 2.71797E-1 3.17292E-1 2.32063E-1 3.66673E-1 2.56927E-1 1.0245E-1 2.06866E-1 3.44885E-1 3.56423E-1 1.21615E-1 2.95002E-1
-9999 -9999 -9999 -9999 -9999 -9999 -9999 -9999 -9999 -9999 -9999 -9999 -9999 -9999 -9999 -9999 -9999 -9999 -9999 -9999 -9999 -9999 -9999 -9999 -9999 -9999 -9999 -9999 -9999 -9999 -9999 -9999 -9999 5.8962E-3 1.35303E-3 6.98409E-4 5.52458E-4 1.84051E-3 1.70032E-3 3.46362E-3 9.58747E-3 1.82623E-2 6.4197E-2 8.39827E-2 4.89451E-2 1.23817E-1 3.57783E-1 3.01759E-1 2.7275E-1 1.88138E-1 1.56491E-1 8.54774E-2 2.28729E-1 2.09396E-1 2.66055E-1 3.40334E-1 -9999 -9999
