Phytophthora/models/20240503_1134_59/Phytophthora_PA1_RUN5_MAXENT_outputs/Phytophthora_PA1_RUN5.asc
ncols         113
nrows         135
xllcorner     473009.9838
yllcorner     4429001.1748
cellsize      100.0
NODATA_value  -9999
[rows 52 to 77 of 135, columns 0 to 57 of 113]
-9999 -9999 -9999 -9999 -9999 1.14326E-1 3.0236E-1 3.86939E-1 2.55445E-1 8.51028E-2 2.93072E-2 9.21959E-3 1.0068E-2 2.39206E-2 3.61059E-2 2.94851E-2 1.23149E-2 1.24323E-2 1.30721E-2 7.51383E-3 3.92461E-3 1.92258E-3 2.17794E-3 2.54716E-3 2.82402E-3 2.27022E-3 2.53441E-3 7.47977E-4 4.74484E-4 1.36846E-3 7.29694E-3 2.19897E-2 2.98228E-2 2.42422E-2 3.27069E-2 3.89681E-2 2.85341E-2 1.22676E-2 4.27163E-2 9.52878E-2 5.36487E-2 3.72607E-2 4.52651E-2 4.43235E-2 1.36549E-2 2.74352E-2 3.29309E-2 2.81961E-2 1.13802E-1 1.91447E-1 1.851E-1 2.30819E-1 2.59547E-1 2.22098E-1 4.8095E-2 1.04022E-1 7.84168E-2 1.75909E-1
-9999 -9999 -9999 -9999 -9999 1.5853E-1 6.68196E-1 3.19821E-1 2.04335E-1 8.99488E-2 8.79146E-2 2.55735E-2 4.20082E-2 2.95899E-2 2.37684E-2 1.66044E-2 1.49732E-2 2.45572E-2 2.53622E-2 1.91774E-2 1.27893E-2 8.34517E-3 1.03145E-2 3.76102E-3 4.33828E-3 5.93656E-3 2.46098E-3 3.6934E-4 1.74887E-4 7.17605E-4 5.26065E-3 2.78944E-2 4.03136E-2 1.97158E-2 1.967E-2 2.45814E-2 1.04989E-2 7.82429E-3 1.27731E-2 3.10455E-2 3.06386E-2 3.51178E-2 2.53063E-2 8.15617E-3 1.07467E-2 2.48641E-2 1.03419E-2 2.27447E-2 1.23353E-1 2.43468E-1 3.9544E-1 3.1915E-1 3.75904E-1 1.53853E-1 8.44818E-2 1.37296E-1 9.52363E-2 1.59519E-1
-9999 -9999 -9999 -9999 2.62235E-3 2.12247E-1 5.3095E-1 2.38701E-1 1.74453E-1 1.83621E-1 9.74503E-2 1.08626E-1 7.21506E-2 2.43539E-2 2.41773E-2 2.90727E-2 5.55246E-2 9.32301E-2 1.0673E-1 1.04729E-1 4.27158E-2 2.8542E-2 1.68117E-2 1.26263E-2 1.34136E-2 1.76992E-2 5.19591E-3 1.18734E-3 3.11516E-4 1.25568E-3 2.0345E-3 1.2462E-2 2.5734E-2 7.28229E-3 9.49306E-3 2.28969E-2 2.11058E-2 1.46304E-2 1.69253E-2 1.63689E-2 1.91821E-2 5.06643E-2 5.69276E-2 2.31498E-2 1.40319E-2 1.84684E-2 1.7087E-2 1.51539E-2 8.5594E-2 1.14256E-1 2.35807E-1 3.25681E-1 1.08268E-1 2.81528E-2 9.09309E-2 1.55207E-1 2.00891E-1 2.47119E-1
-9999 -9999 -9999 4.43774E-2 2.08215E-1 4.36361E-1 4.335E-1 2.46199E-1 3.3452E-1 1.87535E-1 8.08717E-2 2.00071E-1 1.00416E-1 5.70716E-2 5.44655E-2 7.23659E-2 2.92233E-1 3.45405E-1 3.37722E-1 2.18866E-1 1.45859E-1 5.19291E-2 4.94833E-2 2.27088E-2 1.28302E-2 1.43244E-2 8.91703E-3 2.20989E-3 5.93127E-4 1.75969E-3 6.42259E-3 1.82368E-2 1.42882E-2 5.2262E-3 9.35823E-3 3.49899E-2 3.88317E-2 3.94858E-2 2.45123E-2 4.50591E-2 7.81692E-2 1.41748E-1 1.16465E-1 5.94076E-2 6.41288E-2 5.7605E-2 4.33505E-2 1.18132E-2 2.12323E-2 1.00132E-1 1.49625E-1 1.79439E-1 5.57963E-2 9.35273E-2 1.00604E-1 7.9093E-2 1.09571E-1 1.50869E-1
-9999 -9999 -9999 4.09883E-2 2.81027E-1 6.07067E-1 4.46144E-1 1.56246E-1 3.02839E-1 8.3341E-2 3.95564E-1 3.38996E-1 3.45531E-1 3.257E-1 2.07089E-1 2.44567E-1 4.45728E-1 5.12271E-1 5.69183E-1 3.44873E-1 1.98684E-1 1.29026E-1 1.03937E-1 5.83503E-2 1.97076E-2 1.38661E-2 1.26972E-2 6.16256E-3 1.3996E-3 2.31918E-3 2.63357E-2 3.90247E-2 9.29754E-3 3.66141E-3 6.75256E-3 2.18342E-2 5.13593E-2 6.71939E-2 1.33731E-2 2.62271E-2 6.90937E-2 1.01176E-1 4.61778E-2 3.96752E-2 6.29264E-2 2.26402E-2 2.87293E-2 7.22417E-3 4.54822E-2 7.79136E-2 1.05949E-1 2.35714E-1 1.7127E-1 1.32705E-1 1.27258E-1 1.13938E-1 2.68785E-1 2.66878E-1
-9999 -9999 -9999 1.35108E-1 5.6786E-1 4.88338E-1 3.67345E-1 1.56797E-1 8.07887E-2 2.82036E-1 5.79644E-1 5.28032E-1 6.10289E-1 3.55631E-1 2.4284E-1 2.76535E-1 3.41414E-1 3.66262E-1 5.20298E-1 3.03653E-1 1.75214E-1 2.07703E-1 2.4537E-1 1.76997E-1 4.66353E-2 2.531E-2 2.93845E-2 2.56195E-2 9.27813E-3 1.86134E-2 6.08274E-2 4.43537E-2 2.89565E-2 4.14317E-3 3.92651E-3 9.18269E-3 4.5156E-2 3.8858E-2 5.79566E-3 1.5662E-2 4.8405E-2 5.26676E-2 2.73446E-2 2.0594E-2 4.99097E-3 1.95862E-3 1.17212E-2 1.81968E-2 4.24699E-2 3.47672E-2 5.1734E-2 8.1605E-2 1.05944E-1 5.8481E-2 4.77358E-2 1.35542E-1 1.70947E-1 1.01738E-1
-9999 -9999 -9999 7.74052E-2 3.42431E-1 3.18941E-1 1.48804E-1 3.07489E-2 1.65956E-1 4.50097E-1 4.4201E-1 3.8933E-1 3.62417E-1 1.21489E-1 1.00871E-1 8.78734E-2 1.12619E-1 2.10095E-1 3.19254E-1 3.77832E-1 2.98386E-1 2.65535E-1 2.67026E-1 1.70277E-1 3.41221E-2 3.22924E-2 6.27571E-2 1.12326E-1 8.59195E-2 3.14143E-2 3.18062E-2 3.03249E-2 1.40886E-2 6.51605E-4 1.87698E-3 2.878E-2 1.13245E-1 4.25883E-2 9.97392E-3 1.44889E-2 3.09527E-2 2.09017E-2 2.63867E-2 1.43985E-2 3.45775E-3 3.43941E-3 5.29017E-3 3.68982E-2 1.70775E-1 1.76107E-1 1.99568E-1 1.58031E-1 7.62451E-2 3.9115E-2 1.35448E-2 1.05792E-1 1.04461E-1 1.08332E-1
-9999 -9999 -9999 3.10683E-2 4.04795E-2 1.84902E-1 9.53192E-2 6.13544E-2 1.56733E-1 2.26184E-1 1.98042E-1 1.24605E-1 3.48632E-1 1.95828E-1 1.08593E-1 2.20148E-2 2.81485E-2 8.00671E-2 1.21871E-1 3.66205E-1 2.60714E-1 1.85053E-1 9.95514E-2 1.76323E-2 9.75053E-3 4.28767E-2 8.16083E-2 6.30042E-2 3.21207E-2 2.36993E-2 2.32562E-2 1.39321E-2 4.73972E-3 1.84037E-3 3.74183E-3 2.06824E-2 3.25692E-2 6.07256E-2 3.24211E-2 2.11147E-2 2.82751E-2 2.45465E-2 4.91197E-2 1.74144E-2 2.51258E-2 9.98682E-3 1.71291E-2 1.18761E-1 2.21567E-1 2.50775E-1 1.25919E-1 5.22416E-2 2.84037E-2 2.50601E-2 9.22765E-3 3.7444E-2 1.33615E-1 1.92394E-1
-9999 -9999 -9999 -9999 3.27613E-2 2.30146E-1 1.40834E-1 1.03767E-1 1.33847E-1 2.21287E-1 1.99156E-1 1.19029E-1 3.42436E-1 1.86701E-1 6.57758E-2 3.40717E-2 5.52101E-2 1.67233E-1 2.32743E-1 2.5102E-1 1.62524E-1 6.328E-2 1.16616E-2 3.42565E-3 1.72666E-2 2.60699E-2 1.88335E-2 9.50565E-3 2.53019E-2 5.15036E-2 5.23179E-2 1.42395E-2 1.42407E-2 4.81365E-3 8.35082E-3 1.24943E-2 2.56407E-2 9.70252E-2 7.86842E-2 7.63734E-2 1.11673E-1 1.03315E-1 1.17129E-1 6.11415E-2 5.19326E-2 2.34251E-2 1.70171E-2 4.54066E-2 1.09137E-1 2.38944E-1 6.92462E-2 2.17679E-2 1.70657E-2 1.91368E-2 1.73823E-2 2.11426E-2 1.03836E-1 1.42815E-1
-9999 -9999 -9999 -9999 -9999 5.23509E-1 1.68698E-1 6.26638E-2 1.3176E-1 2.47314E-1 2.75412E-1 2.67941E-1 3.78179E-1 7.00232E-2 4.95442E-2 4.74662E-2 1.01098E-1 2.03059E-1 2.90437E-1 2.4282E-1 1.47275E-1 8.07429E-3 1.74603E-3 8.1328E-3 2.4945E-2 6.01662E-2 4.80032E-2 2.10869E-2 5.16348E-2 3.04225E-2 2.43635E-2 1.54756E-2 4.63146E-2 4.23154E-3 3.41263E-3 1.2413E-2 3.14234E-2 7.41354E-2 1.03727E-1 1.04789E-1 1.11465E-1 1.37032E-1 2.10569E-1 1.17482E-1 1.21934E-1 4.50442E-2 2.46587E-2 7.60291E-2 1.61669E-1 1.34116E-1 4.64015E-2 2.02709E-2 3.37364E-2 4.55509E-2 7.51182E-2 3.35954E-2 7.21313E-2 1.0877E-1
-9999 -9999 -9999 -9999 -9999 -9999 2.58038E-2 2.53628E-2 1.3267E-1 2.27185E-1 3.41226E-1 4.77498E-1 5.83841E-1 1.12562E-1 6.95385E-2 3.68813E-2 3.33146E-2 1.95601E-1 1.95289E-1 1.19503E-1 4.91343E-2 6.99034E-3 8.4208E-3 1.77209E-2 3.30033E-2 6.51103E-2 4.92932E-2 3.09319E-2 2.38149E-2 8.21675E-3 1.58013E-2 2.65734E-2 2.51606E-2 1.46241E-2 3.06756E-2 4.96791E-2 8.20673E-2 1.24709E-1 7.97272E-2 6.59273E-2 1.86593E-1 1.28425E-1 3.16243E-1 1.62748E-1 2.04639E-1 1.07104E-1 6.72516E-2 9.26185E-2 9.99105E-2 6.85514E-2 5.01108E-2 4.75278E-2 6.20082E-2 7.14213E-2 7.43641E-2 5.1666E-2 1.33287E-1 1.77458E-1
-9999 -9999 -9999 -9999 -9999 -9999 2.35305E-2 6.74858E-2 1.1826E-1 1.95515E-1 5.34992E-1 4.82867E-1 4.70634E-1 1.00923E-1 6.07881E-2 4.68417E-2 5.28612E-2 6.68854E-2 5.22317E-2 3.6886E-2 3.49355E-2 2.29514E-2 1.21789E-2 1.48392E-2 1.97733E-2 3.31656E-2 5.70188E-2 2.69913E-2 1.33168E-2 1.06109E-2 2.34701E-2 6.91649E-2 2.68915E-2 2.58001E-2 1.10351E-1 5.63919E-2 4.52036E-2 4.09564E-2 2.86844E-2 4.89132E-2 1.28861E-1 1.19094E-1 3.17368E-1 1.81081E-1 2.32111E-1 2.40033E-1 9.53414E-2 4.99383E-2 7.15731E-2 8.07198E-2 1.37886E-1 1.49878E-1 1.26028E-1 7.63927E-2 9.91569E-2 1.05581E-1 1.25533E-1 1.11045E-1
-9999 -9999 -9999 -9999 -9999 3.33134E-2 5.01545E-2 4.974E-2 2.54967E-2 1.16964E-1 4.49905E-1 5.27394E-1 4.0455E-1 8.17916E-2 3.48104E-2 3.38494E-2 3.07038E-2 2.03611E-2 1.33742E-2 2.49592E-2 4.3927E-2 3.57809E-2 1.9799E-2 2.38531E-2 2.9484E-2 6.27285E-2 5.77602E-2 2.7087E-2 1.19833E-2 3.53303E-3 1.55594E-2 7.3704E-2 8.64931E-2 5.34197E-2 2.51034E-1 1.80329E-1 6.21583E-2 4.90149E-2 6.70221E-2 1.35004E-1 2.65358E-1 1.43156E-1 1.60143E-1 1.69507E-1 1.95654E-1 2.10346E-1 1.72363E-1 1.21625E-1 8.88831E-2 1.29433E-1 1.34765E-1 1.49426E-1 1.01281E-1 6.08944E-2 7.33178E-2 1.10676E-1 1.31537E-1 1.76721E-1
-9999 -9999 -9999 -9999 2.62252E-5 2.46202E-2 1.05612E-1 6.18794E-2 4.50634E-2 5.89691E-2 1.12726E-1 2.83551E-1 1.80628E-1 1.00108E-1 5.70294E-2 3.06222E-2 4.26171E-2 3.40148E-2 2.61158E-2 5.68727E-2 1.15046E-1 8.23497E-2 3.70108E-2 3.12099E-2 5.73724E-2 1.3896E-1 1.23127E-1 1.90053E-2 6.90939E-3 2.24346E-2 3.63773E-2 1.10972E-1 9.96636E-2 8.30112E-2 1.39564E-1 2.01826E-1 1.67026E-1 1.23225E-1 1.85461E-1 3.47745E-1 4.86668E-1 1.9107E-1 2.45674E-1 3.588E-1 2.29463E-1 1.29189E-1 1.34513E-1 1.54966E-1 1.48046E-1 1.40903E-1 9.95123E-2 1.10544E-1 1.81047E-1 2.93971E-1 1.99788E-1 1.7494E-1 3.24642E-1 2.22699E-1
-9999 -9999 -9999 -9999 1.02869E-5 8.31062E-2 2.69248E-1 8.73817E-2 2.44093E-2 7.43249E-3 4.58782E-2 1.22165E-1 1.50897E-1 1.58517E-1 7.57835E-2 9.48609E-2 1.19025E-1 8.72719E-2 5.93408E-2 1.13144E-1 2.42645E-1 1.30939E-1 6.03362E-2 6.2866E-2 1.31398E-1 1.40326E-1 1.16532E-1 2.19348E-2 1.94092E-2 3.05099E-2 6.3534E-2 7.46519E-2 1.41298E-1 9.94894E-2 2.17976E-1 2.27119E-1 2.23687E-1 1.77131E-1 2.37062E-1 2.77672E-1 4.18344E-1 4.13467E-1 5.21063E-1 4.67084E-1 1.78596E-1 6.04194E-2 6.5074E-2 1.67852E-1 3.02195E-1 3.38807E-1 2.73968E-1 1.14214E-1 2.64509E-1 3.05636E-1 3.53099E-1 3.66265E-1 2.96551E-1 2.43288E-1
-9999 -9999 -9999 -9999 4.25074E-5 7.34E-2 3.12732E-1 2.39007E-1 1.38781E-1 1.03576E-2 5.90744E-2 5.96925E-2 1.16525E-1 2.11324E-1 6.46058E-2 3.23017E-2 3.62788E-2 8.19876E-2 1.94378E-1 2.54211E-1 2.84175E-1 1.78973E-1 1.1397E-1 1.81594E-1 2.11288E-1 1.48978E-1 9.51794E-2 3.06523E-2 5.37064E-2 4.70306E-2 7.28141E-2 1.40407E-1 1.10177E-1 2.70035E-1 1.94864E-1 1.09773E-1 7.29349E-2 6.66969E-2 1.05997E-1 1.52348E-1 2.66757E-1 3.08091E-1 4.15147E-1 4.55354E-1 1.23792E-1 3.42921E-2 4.28839E-2 1.92077E-1 2.46933E-1 3.63585E-1 4.62483E-1 2.28367E-1 3.05087E-1 3.59696E-1 3.93874E-1 4.42538E-1 5.64354E-1 1.8164E-1
-9999 -9999 -9999 -9999 2.5892E-5 4.18936E-2 4.24608E-1 4.28007E-1 1.08158E-1 1.10764E-1 1.51257E-1 1.15733E-1 1.28519E-1 5.13503E-2 4.40304E-2 4.12265E-2 7.38281E-2 1.40634E-1 2.30217E-1 4.04598E-1 4.69116E-1 3.37778E-1 3.83086E-1 4.36225E-1 1.61986E-1 1.94913E-1 1.09863E-1 6.14711E-2 4.54385E-2 1.03835E-1 1.81958E-1 2.5481E-1 1.91182E-1 1.95699E-1 1.34592E-1 3.70991E-2 3.04088E-2 3.82835E-2 5.42064E-2 1.53179E-1 2.23879E-1 3.58647E-1 1.83431E-1 2.27578E-1 1.04884E-1 3.42073E-2 4.66599E-2 1.0777E-1 2.15187E-1 2.85045E-1 5.03494E-1 5.79837E-1 5.23191E-1 3.41987E-1 3.77479E-1 5.14175E-1 3.89433E-1 2.09562E-1
-9999 -9999 -9999 -9999 7.64291E-7 6.71736E-2 4.85889E-1 2.59727E-1 8.43872E-2 2.60583E-1 1.71644E-1 1.3023E-1 1.06338E-1 8.33131E-2 1.09729E-1 1.86976E-1 1.31862E-1 1.99897E-1 2.83847E-1 5.16706E-1 3.68343E-1 3.11811E-1 3.59689E-1 2.02307E-1 2.30426E-1 2.53743E-1 3.17374E-1 1.62726E-1 5.8588E-2 2.42254E-1 2.94026E-1 1.55267E-1 8.69695E-2 2.61701E-2 6.26776E-2 3.03681E-2 2.89625E-2 4.62413E-2 8.92601E-2 1.94949E-1 2.1594E-1 2.40199E-1 7.60341E-2 1.25533E-1 5.92026E-2 3.16367E-2 5.12777E-2 1.12098E-1 2.18192E-1 4.60564E-1 7.15385E-1 5.14128E-1 6.42793E-1 4.23855E-1 1.10743E-1 3.1139E-1 3.98414E-1 4.86637E-1
-9999 -9999 -9999 -9999 3.5733E-7 6.44457E-2 4.24612E-1 1.38989E-1 1.11672E-1 2.75191E-1 2.7533E-1 2.77962E-1 1.17337E-1 8.35645E-2 9.86549E-2 1.83926E-1 2.7858E-1 3.64661E-1 3.78312E-1 3.63912E-1 1.98586E-1 1.86332E-1 1.30773E-1 1.08645E-1 1.48099E-1 2.06108E-1 2.23392E-1 1.37837E-1 3.05288E-2 3.75143E-1 4.85341E-1 2.30704E-1 8.40512E-2 4.73676E-2 1.85593E-2 8.80569E-3 9.17285E-3 7.64488E-2 1.71925E-1 3.22936E-1 2.98158E-1 1.70415E-1 1.15093E-1 6.98716E-2 3.53809E-2 5.08861E-2 9.28807E-2 1.44768E-1 4.48869E-1 4.28259E-1 6.12468E-1 2.7774E-1 3.72662E-1 2.23001E-1 1.7718E-1 2.29628E-1 3.74759E-1 6.88728E-1
-9999 -9999 -9999 -9999 5.89073E-6 6.88763E-2 2.44113E-1 1.25135E-1 1.64129E-1 1.36087E-1 1.72868E-1 4.63577E-1 4.60131E-1 1.90915E-1 1.25989E-1 1.79405E-1 2.96415E-1 3.94956E-1 5.15193E-1 3.26808E-1 1.8495E-1 2.96656E-1 2.3984E-1 1.44989E-1 9.53889E-2 1.46921E-1 1.37262E-1 1.06207E-1 3.64889E-2 9.82364E-2 3.10731E-1 2.26995E-1 2.04646E-1 3.37221E-2 1.36545E-2 2.78972E-2 4.52377E-2 5.57675E-2 3.28924E-1 4.07012E-1 3.09007E-1 1.94749E-1 1.25486E-1 3.72852E-2 3.07063E-2 8.18399E-2 1.93146E-1 2.11274E-1 3.09424E-1 3.79983E-1 3.91818E-1 3.12667E-1 2.54405E-1 1.58529E-1 1.78326E-1 2.63798E-1 4.69719E-1 5.77253E-1
-9999 -9999 -9999 -9999 2.17496E-3 5.50921E-2 1.01076E-1 7.89273E-2 4.69745E-2 8.91101E-2 1.75178E-1 2.78858E-1 5.70107E-1 4.95109E-1 3.70297E-1 2.56072E-1 2.82219E-1 3.68141E-1 3.23425E-1 1.95067E-1 2.88257E-1 4.43689E-1 3.71686E-1 2.13177E-1 1.56447E-1 1.87293E-1 1.9341E-1 1.77029E-1 7.12798E-2 1.91271E-1 1.2452E-1 1.35616E-1 2.59535E-1 8.49059E-2 7.8203E-2 5.22819E-2 6.87475E-2 9.82699E-2 3.45043E-1 4.63072E-1 2.53938E-1 1.70668E-1 7.79969E-2 1.98419E-2 2.81369E-2 4.50188E-2 8.82296E-2 1.89109E-1 5.15707E-1 4.45479E-1 3.83797E-1 2.00611E-1 9.5596E-2 1.12552E-1 2.51068E-1 4.75986E-1 5.99569E-1 5.57107E-1
-9999 -9999 -9999 2.64073E-3 3.65962E-2 7.09988E-2 8.49748E-2 9.00086E-2 4.49761E-2 1.02018E-1 2.32061E-1 2.64229E-1 3.9076E-1 6.85091E-1 6.53621E-1 4.46792E-1 4.87889E-1 4.6596E-1 2.34804E-1 9.71375E-2 2.43226E-1 3.09074E-1 2.99838E-1 3.33338E-1 2.90934E-1 1.56978E-1 2.07865E-1 2.60592E-1 1.4956E-1 1.1217E-1 7.41417E-2 1.34423E-1 1.40811E-1 1.60498E-1 1.33415E-1 7.1429E-2 1.62304E-1 2.39674E-1 3.62321E-1 5.62727E-1 2.66499E-1 1.79089E-1 6.54861E-2 1.75479E-2 5.98915E-2 2.92227E-2 3.86271E-2 2.47848E-1 4.25907E-1 4.68362E-1 1.76708E-1 5.54968E-2 5.83653E-2 9.56062E-2 3.2922E-1 6.05056E-1 6.78545E-1 6.78716E-1
-9999 -9999 -9999 1.24499E-2 8.11316E-2 3.19168E-1 2.9872E-1 1.19944E-1 1.37719E-1 2.13411E-1 4.11154E-1 4.48506E-1 5.88219E-1 7.38179E-1 7.79323E-1 6.19656E-1 6.46551E-1 5.12154E-1 2.84484E-1 1.33376E-1 3.27441E-1 3.54149E-1 4.10972E-1 5.7615E-1 4.1801E-1 2.55654E-1 2.82662E-1 2.01908E-1 2.11614E-1 9.13946E-2 5.829E-2 3.80971E-2 1.37768E-1 1.26723E-1 1.82578E-1 1.35413E-1 1.85066E-1 4.11945E-1 5.07808E-1 4.10653E-1 4.34276E-1 4.26443E-1 2.26933E-1 8.96213E-2 1.01835E-1 2.67658E-2 3.08591E-2 2.44855E-1 2.19632E-1 1.39139E-1 1.04514E-1 7.06076E-2 6.43466E-2 9.44521E-2 2.40387E-1 4.53568E-1 5.71085E-1 5.87712E-1
-9999 -9999 6.18547E-3 2.43874E-2 3.95129E-1 7.45273E-1 7.29116E-1 5.25866E-1 5.96857E-1 5.14918E-1 6.15608E-1 6.70099E-1 6.53359E-1 7.52709E-1 7.96406E-1 7.38315E-1 6.14744E-1 4.58165E-1 3.24769E-1 2.38505E-1 3.7923E-1 5.85515E-1 6.68948E-1 6.38016E-1 5.49046E-1 3.35362E-1 2.0278E-1 1.94632E-1 1.3788E-1 8.78464E-2 9.79008E-2 1.5351E-1 2.28658E-1 1.79098E-1 2.43721E-1 2.93402E-1 2.62276E-1 3.00442E-1 5.65771E-1 4.9848E-1 7.13153E-1 6.41491E-1 3.91134E-1 1.84335E-1 1.15573E-1 7.74533E-2 1.11147E-1 2.27305E-1 1.73476E-1 1.83818E-1 1.15601E-1 1.06251E-1 5.35803E-2 4.45589E-2 1.08314E-1 3.21733E-1 4.94562E-1 4.20338E-1
-9999 -9999 1.53772E-2 3.14045E-1 6.08435E-1 8.11515E-1 8.5762E-1 8.64575E-1 8.28526E-1 8.30237E-1 7.0413E-1 5.48952E-1 5.39735E-1 7.48174E-1 7.54986E-1 7.66786E-1 6.32841E-1 3.73726E-1 4.45863E-1 5.29729E-1 6.68766E-1 5.91536E-1 5.77652E-1 6.60999E-1 5.87101E-1 3.55835E-1 1.50271E-1 1.19216E-1 1.63275E-1 9.87559E-2 1.6313E-1 2.80803E-1 1.7062E-1 1.28313E-1 3.00957E-1 3.75833E-1 3.06982E-1 2.9841E-1 3.89025E-1 4.75354E-1 6.3779E-1 6.42715E-1 3.91239E-1 3.11628E-1 2.23385E-1 2.21059E-1 3.61812E-1 4.64613E-1 4.29682E-1 3.38877E-1 2.0687E-1 1.6508E-1 1.60518E-1 1.10256E-1 8.85496E-2 3.66606E-1 4.96008E-1 4.41721E-1
-9999 -9999 -9999 4.44865E-1 2.68028E-1 7.37755E-1 8.82372E-1 9.2195E-1 9.15613E-1 9.18303E-1 8.06492E-1 4.10288E-1 2.73821E-1 6.87856E-1 7.52473E-1 8.25431E-1 5.48663E-1 3.97503E-1 5.72898E-1 7.69104E-1 6.70325E-1 4.50956E-1 4.58773E-1 5.46621E-1 5.17828E-1 3.10767E-1 1.98984E-1 1.15901E-1 3.21808E-1 1.22715E-1 2.41075E-1 2.56797E-1 7.44353E-2 6.95964E-2 1.41757E-1 2.57069E-1 3.64713E-1 4.22083E-1 5.20999E-1 4.49776E-1 6.42164E-1 5.83469E-1 5.0407E-1 5.17057E-1 3.50766E-1 3.32357E-1 3.46105E-1 4.22313E-1 3.80376E-1 4.47273E-1 3.40415E-1 3.09101E-1 2.99943E-1 3.60662E-1 3.34827E-1 3.63499E-1 3.36299E-1 2.69698E-1
