Phytophthora/models/20240503_1210_48/Phytophthora_PA3_RUN7_MAXENT_outputs/Phytophthora_PA3_RUN7.asc
ncols         113
nrows         135
xllcorner     473009.9838
yllcorner     4429001.1748
cellsize      100.0
NODATA_value  -9999
[rows 104 to 129 of 135, columns 0 to 57 of 113]
-9999 -9999 -9999 -9999 -9999 -9999 -9999 -9999 -9999 -9999 -9999 -9999 -9999 -9999 -9999 -9999 -9999 5.94432E-1 5.91255E-1 3.21014E-1 3.8496E-1 4.8492E-1 4.4436E-1 3.08478E-1 1.44413E-1 2.98243E-1 3.12189E-1 5.10577E-1 4.22279E-1 3.17769E-1 6.75175E-1 6.91794E-1 4.05729E-1 3.21549E-1 2.17249E-1 1.98077E-1 2.72032E-1 3.79796E-1 2.14752E-1 5.6313E-2 2.25013E-2 1.30378E-1 6.20036E-1 7.7251E-1 7.49998E-1 4.0168E-1 4.88871E-1 3.813E-1 3.23574E-1 2.65598E-1 1.77462E-1 1.07007E-1 1.89717E-1 2.54963E-1 4.12209E-1 4.8254E-1 4.51609E-1 3.4462E-1
-9999 -9999 -9999 -9999 -9999 -9999 -9999 -9999 -9999 -9999 -9999 -9999 -9999 -9999 -9999 -9999 -9999 -9999 5.9603E-1 5.10315E-1 5.12617E-1 7.24045E-1 7.16857E-1 4.25173E-1 4.6355E-1 4.50351E-1 5.0171E-1 5.74344E-1 2.81733E-1 2.5979E-1 5.27546E-1 7.7547E-1 6.44211E-1 3.94729E-1 6.14526E-2 1.78507E-2 9.24765E-2 7.56379E-2 3.16489E-2 6.44913E-2 6.33286E-2 1.11219E-1 3.6974E-1 5.69687E-1 4.28751E-1 2.28756E-1 3.9172E-1 3.59865E-1 1.66252E-1 1.59684E-1 3.11073E-1 1.59209E-1 1.08621E-1 2.2919E-1 3.49667E-1 2.63E-1 1.08797E-1 2.80111E-1
-9999 -9999 -9999 -9999 -9999 -9999 -9999 -9999 -9999 -9999 -9999 -9999 -9999 -9999 -9999 -9999 -9999 -9999 5.61E-1 5.48107E-1 6.58121E-1 8.43058E-1 8.31636E-1 6.74053E-1 4.74577E-1 5.47609E-1 6.39587E-1 4.10204E-1 2.3839E-1 3.66923E-1 6.41366E-1 7.15741E-1 3.02659E-1 1.03014E-1 3.85867E-2 3.59169E-2 2.85608E-2 3.54832E-2 3.69636E-2 1.38868E-1 3.23873E-2 2.11535E-1 4.9158E-1 5.96978E-1 4.36191E-1 4.53659E-1 3.71435E-1 6.4299E-1 4.97029E-1 4.57558E-1 2.90333E-1 2.17056E-1 3.32529E-2 2.22355E-1 3.43586E-1 4.034E-1 2.06023E-1 3.21728E-1
-9999 -9999 -9999 -9999 -9999 -9999 -9999 -9999 -9999 -9999 -9999 -9999 -9999 -9999 -9999 -9999 -9999 -9999 -9999 3.76008E-1 5.33376E-1 7.21918E-1 8.72873E-1 8.33678E-1 7.56068E-1 5.19378E-1 5.16808E-1 2.52463E-1 3.20787E-1 3.99297E-1 3.77031E-1 4.24177E-1 1.37729E-1 8.62043E-2 9.23486E-2 5.04846E-2 4.92281E-2 5.01591E-2 6.49258E-2 2.37155E-1 2.37468E-1 5.70069E-1 7.69829E-1 7.56638E-1 6.2963E-1 5.40384E-1 3.1063E-1 4.9396E-1 5.73038E-1 5.6922E-1 5.4432E-1 1.58394E-1 9.4E-2 4.13568E-1 5.83324E-1 6.0816E-1 4.89265E-1 3.42973E-1
-9999 -9999 -9999 -9999 -9999 -9999 -9999 -9999 -9999 -9999 -9999 -9999 -9999 -9999 -9999 -9999 -9999 -9999 -9999 -9999 6.64943E-1 6.247E-1 7.6579E-1 8.30632E-1 6.27693E-1 4.69427E-1 4.05033E-1 2.85929E-1 2.11258E-1 2.20954E-1 1.72982E-1 5.86195E-2 4.4199E-2 1.51686E-1 2.3755E-1 1.80101E-1 1.40887E-1 2.68891E-1 1.31492E-1 2.13087E-1 3.24696E-1 7.07997E-1 8.41732E-1 8.3053E-1 7.54978E-1 6.10523E-1 3.60207E-1 1.78762E-1 1.88114E-1 4.59557E-1 4.79772E-1 3.28774E-1 3.85087E-1 6.40433E-1 4.86513E-1 6.18663E-1 5.05321E-1 2.66986E-1
-9999 -9999 -9999 -9999 -9999 -9999 -9999 -9999 -9999 -9999 -9999 -9999 -9999 -9999 -9999 -9999 -9999 -9999 -9999 -9999 -9999 4.36406E-1 5.48663E-1 5.46606E-1 4.37217E-1 4.12322E-1 5.90249E-1 4.41831E-1 1.13589E-1 5.76946E-2 1.01077E-1 7.40571E-2 1.80112E-2 1.02498E-1 3.58933E-1 3.7653E-1 7.82297E-2 1.61322E-1 2.33768E-1 4.33954E-1 5.24932E-1 7.15991E-1 7.97947E-1 7.52621E-1 8.425E-1 8.41178E-1 7.31698E-1 2.74799E-1 2.27333E-1 4.93493E-1 4.06475E-1 3.64247E-1 5.35861E-1 6.3661E-1 5.70265E-1 5.14419E-1 5.64556E-1 4.39151E-1
-9999 -9999 -9999 -9999 -9999 -9999 -9999 -9999 -9999 -9999 -9999 -9999 -9999 -9999 -9999 -9999 -9999 -9999 -9999 -9999 -9999 6.71812E-1 8.0008E-1 8.19488E-1 6.19422E-1 5.87197E-1 5.26045E-1 5.06231E-1 2.92292E-1 1.40875E-1 9.27484E-2 4.89453E-2 3.02738E-2 7.23795E-2 3.85465E-1 5.04255E-1 2.57762E-1 2.72392E-1 2.01828E-1 1.63537E-1 1.80956E-1 5.58181E-1 5.64659E-1 5.51436E-1 7.28E-1 7.75288E-1 5.95749E-1 2.97843E-1 3.47021E-1 3.89423E-1 2.97961E-1 5.6863E-1 3.30832E-1 2.47254E-1 5.50711E-1 6.10301E-1 6.23299E-1 6.60698E-1
-9999 -9999 -9999 -9999 -9999 -9999 -9999 -9999 -9999 -9999 -9999 -9999 -9999 -9999 -9999 -9999 -9999 -9999 -9999 -9999 -9999 2.55897E-1 5.46041E-1 5.27892E-1 6.32272E-1 6.34118E-1 5.73993E-1 3.61515E-1 3.62453E-1 5.30097E-2 3.46368E-2 3.87974E-2 6.19277E-2 1.36855E-1 3.71699E-1 5.08472E-1 1.62105E-1 1.03138E-1 6.40267E-1 5.57348E-1 5.61854E-1 1.01214E-1 1.5461E-1 1.85715E-1 2.49444E-1 3.70517E-1 1.85858E-1 1.35672E-1 2.78583E-1 3.98646E-1 4.82802E-1 4.23967E-1 7.69616E-2 1.5122E-1 3.14907E-1 3.50466E-1 6.64536E-1 6.72446E-1
-9999 -9999 -9999 -9999 -9999 -9999 -9999 -9999 -9999 -9999 -9999 -9999 -9999 -9999 -9999 -9999 -9999 -9999 -9999 -9999 3.10007E-1 4.15002E-1 2.95789E-1 5.63499E-1 7.26292E-1 6.65557E-1 5.67952E-1 2.83514E-1 1.82482E-1 7.86023E-2 3.55743E-2 3.35124E-2 6.21786E-2 1.77909E-1 1.27791E-1 2.85904E-1 3.65194E-1 2.88624E-1 4.74325E-1 7.40032E-1 6.40933E-1 2.44469E-1 2.42939E-1 2.87383E-1 2.87595E-1 5.53254E-1 2.63461E-1 1.02771E-1 6.34171E-2 1.4423E-1 2.48406E-1 1.14065E-1 3.38055E-2 1.16607E-1 2.691E-1 6.17062E-1 6.73292E-1 4.13825E-1
-9999 -9999 -9999 -9999 -9999 -9999 -9999 -9999 -9999 -9999 -9999 -9999 -9999 -9999 -9999 -9999 -9999 -9999 -9999 -9999 4.33944E-1 3.76226E-1 2.80409E-1 5.09254E-1 4.73981E-1 4.39178E-1 1.57519E-1 1.71461E-1 1.33763E-1 4.02037E-2 2.57751E-2 1.81307E-2 3.97239E-2 2.32728E-1 5.9048E-1 7.40508E-1 8.31105E-1 5.45076E-1 6.57799E-1 6.7312E-1 3.83476E-1 3.6803E-1 3.85566E-1 3.0327E-1 3.72026E-1 2.85331E-1 3.30075E-1 9.8434E-2 7.25071E-2 9.15092E-2 6.78282E-2 7.3369E-2 3.79333E-2 3.37884E-1 6.35915E-1 5.43506E-1 7.57977E-1 5.527E-1
-9999 -9999 -9999 -9999 -9999 -9999 -9999 -9999 -9999 -9999 -9999 -9999 -9999 -9999 -9999 -9999 -9999 -9999 -9999 -9999 3.2294E-1 2.04599E-1 1.4331E-1 1.30405E-1 2.45036E-1 3.67202E-1 2.00045E-1 8.67961E-2 3.41774E-2 2.68673E-2 7.4731E-2 2.4443E-1 1.866E-1 2.89312E-1 5.97353E-1 7.92513E-1 8.72002E-1 8.02213E-1 6.12622E-1 6.7987E-1 3.91135E-1 5.09508E-1 4.85799E-1 3.38464E-1 3.09141E-1 3.79212E-1 2.14808E-1 1.06731E-1 1.96275E-1 1.94813E-1 1.0757E-1 1.22659E-1 1.15084E-1 3.56066E-1 6.8372E-1 7.48777E-1 7.31594E-1 5.73149E-1
-9999 -9999 -9999 -9999 -9999 -9999 -9999 -9999 -9999 -9999 -9999 -9999 -9999 -9999 -9999 -9999 -9999 -9999 -9999 -9999 5.31103E-2 4.54537E-2 6.35505E-2 1.32385E-1 3.02558E-1 3.08539E-1 8.01301E-2 1.18512E-2 1.65221E-2 6.84411E-2 2.501E-1 5.20777E-1 7.06636E-1 7.24586E-1 7.03615E-1 8.36877E-1 8.43145E-1 8.02209E-1 7.6835E-1 7.37751E-1 4.78104E-1 6.41919E-1 6.77015E-1 5.93851E-1 4.00702E-1 4.84823E-1 3.2007E-1 1.71927E-1 3.32709E-1 3.7147E-1 3.83151E-1 3.5773E-1 3.61004E-1 1.23033E-1 4.36861E-1 7.31304E-1 5.45414E-1 3.13275E-1
-9999 -9999 -9999 -9999 -9999 -9999 -9999 -9999 -9999 -9999 -9999 -9999 -9999 -9999 -9999 -9999 -9999 -9999 -9999 -9999 7.58936E-3 2.8129E-2 1.41827E-1 1.91443E-1 2.13768E-1 2.01447E-1 3.52233E-2 2.24531E-2 1.825E-1 2.08625E-1 2.81249E-1 6.93996E-1 7.94976E-1 8.06675E-1 8.22093E-1 7.39576E-1 7.99318E-1 8.48097E-1 7.02878E-1 7.80703E-1 1.92272E-1 1.54522E-1 3.4042E-1 7.1475E-1 4.00708E-1 5.70465E-1 1.73348E-1 3.42513E-1 4.46141E-1 4.75053E-1 2.57371E-1 4.62508E-1 6.25677E-1 2.20394E-1 3.24887E-1 5.33206E-1 8.51022E-1 7.05111E-1
-9999 -9999 -9999 -9999 -9999 -9999 -9999 -9999 -9999 -9999 -9999 -9999 -9999 -9999 -9999 -9999 -9999 -9999 -9999 -9999 -9999 3.06253E-2 2.08834E-1 2.77337E-1 2.93888E-1 1.76081E-1 2.5155E-1 6.5943E-2 2.85885E-1 3.32785E-1 3.57966E-1 6.26251E-1 7.88909E-1 7.8568E-1 4.33968E-1 5.35679E-1 7.50876E-1 5.98968E-1 7.62524E-1 4.97087E-1 2.70464E-1 3.76134E-1 5.44629E-1 3.55012E-1 7.37127E-1 6.25481E-1 3.31155E-1 4.01014E-1 5.59142E-1 5.23956E-1 2.99834E-1 4.30651E-1 6.43599E-1 4.5758E-1 4.37303E-1 2.81253E-1 4.90313E-1 4.26246E-1
-9999 -9999 -9999 -9999 -9999 -9999 -9999 -9999 -9999 -9999 -9999 -9999 -9999 -9999 -9999 -9999 -9999 -9999 -9999 -9999 -9999 2.79006E-2 8.12403E-2 4.35341E-1 4.27313E-1 4.29065E-1 2.42215E-1 3.32337E-1 3.43051E-1 4.08796E-1 4.08172E-1 2.79258E-1 4.78279E-1 7.45284E-1 3.48339E-1 3.1433E-1 2.63724E-1 2.91924E-1 6.26172E-1 5.52308E-1 4.02006E-1 6.56132E-1 6.09955E-1 4.16486E-1 3.80506E-1 1.89183E-1 3.25713E-1 5.90013E-1 6.07086E-1 4.79732E-1 5.21818E-1 6.11064E-1 7.10419E-1 5.62967E-1 3.62488E-1 3.95664E-1 7.92929E-1 7.61455E-1
-9999 -9999 -9999 -9999 -9999 -9999 -9999 -9999 -9999 -9999 -9999 -9999 -9999 -9999 -9999 -9999 -9999 -9999 -9999 -9999 -9999 -9999 1.0736E-1 3.7967E-1 4.29423E-1 3.42147E-1 3.43286E-1 2.56718E-1 1.95393E-1 2.29343E-1 4.20841E-1 1.53695E-1 7.70468E-2 1.89533E-1 2.72412E-1 2.61715E-1 5.57848E-1 2.63696E-1 6.80785E-1 7.26949E-1 2.45492E-1 3.36469E-1 4.95135E-1 4.59469E-1 5.41404E-1 3.32319E-1 3.56548E-1 5.84773E-1 5.96921E-1 3.98995E-1 3.66258E-1 4.41269E-1 6.96555E-1 5.53117E-1 5.29363E-1 8.30845E-1 7.92036E-1 7.50258E-1
-9999 -9999 -9999 -9999 -9999 -9999 -9999 -9999 -9999 -9999 -9999 -9999 -9999 -9999 -9999 -9999 -9999 -9999 -9999 -9999 -9999 -9999 9.55872E-2 2.03061E-1 4.03216E-1 5.24897E-1 4.88079E-1 2.22489E-1 3.27504E-1 4.60321E-1 2.7318E-1 2.07805E-1 1.04107E-1 2.26229E-1 4.51072E-1 2.04285E-1 4.12473E-1 2.15541E-1 4.67245E-1 8.24354E-1 7.98681E-1 5.42403E-1 4.64474E-1 6.99034E-1 7.74256E-1 5.19818E-1 3.51489E-1 4.76239E-1 4.97356E-1 2.47662E-1 5.58478E-1 2.5863E-1 5.67982E-1 4.78278E-1 6.24803E-1 7.73597E-1 7.6069E-1 7.26321E-1
-9999 -9999 -9999 -9999 -9999 -9999 -9999 -9999 -9999 -9999 -9999 -9999 -9999 -9999 -9999 -9999 -9999 -9999 -9999 -9999 -9999 -9999 -9999 4.44448E-2 1.38323E-1 4.89523E-1 5.60082E-1 4.68814E-1 4.13502E-1 4.44533E-1 2.66507E-1 4.21274E-1 3.14511E-1 3.18623E-1 2.38707E-1 4.63432E-2 5.79295E-1 7.21709E-1 7.39442E-1 8.80143E-1 8.75077E-1 8.04761E-1 6.68257E-1 3.24474E-1 4.28633E-1 2.40335E-1 1.56651E-1 3.19528E-1 6.31741E-2 3.54047E-1 2.57475E-1 5.243E-1 4.95453E-1 5.48562E-1 6.13093E-1 3.84246E-1 2.44762E-1 4.11127E-1
-9999 -9999 -9999 -9999 -9999 -9999 -9999 -9999 -9999 -9999 -9999 -9999 -9999 -9999 -9999 -9999 -9999 -9999 -9999 -9999 -9999 -9999 -9999 1.33745E-1 3.72077E-1 7.17652E-1 6.24727E-1 4.65732E-1 4.22207E-1 6.44241E-1 6.70225E-1 5.45439E-1 3.99806E-1 2.46087E-1 2.19982E-1 2.19502E-1 6.18282E-1 7.22198E-1 7.62852E-1 8.01161E-1 8.4555E-1 8.52106E-1 7.71545E-1 6.91361E-1 5.85421E-1 2.30575E-1 1.41068E-1 1.53507E-1 6.37499E-2 1.71181E-1 1.73406E-1 7.11467E-1 8.11669E-1 7.45014E-1 6.38196E-1 3.67416E-1 6.17553E-2 6.80994E-2
-9999 -9999 -9999 -9999 -9999 -9999 -9999 -9999 -9999 -9999 -9999 -9999 -9999 -9999 -9999 -9999 -9999 -9999 -9999 -9999 -9999 -9999 -9999 2.24198E-1 4.02264E-1 5.97237E-1 5.12143E-1 2.87725E-1 6.85799E-1 6.52394E-1 5.43543E-1 3.66259E-1 2.35057E-1 2.37992E-1 1.49397E-1 3.23981E-1 4.93631E-1 5.55516E-1 6.95354E-1 6.61647E-1 7.31556E-1 8.2676E-1 8.47063E-1 8.27272E-1 7.39535E-1 5.60689E-1 2.9828E-1 4.50628E-1 2.32752E-1 2.20305E-1 1.2837E-1 3.66739E-1 2.0057E-1 5.14692E-1 5.16465E-1 3.76132E-1 2.3964E-1 2.39709E-1
-9999 -9999 -9999 -9999 -9999 -9999 -9999 -9999 -9999 -9999 -9999 -9999 -9999 -9999 -9999 -9999 -9999 -9999 -9999 -9999 -9999 -9999 -9999 -9999 -9999 3.40208E-1 4.95028E-1 4.28782E-1 7.91639E-1 6.26165E-1 4.01476E-1 2.70661E-1 1.73474E-1 1.51262E-1 2.27702E-1 2.73655E-1 3.72544E-1 3.80239E-1 4.81232E-1 5.00452E-1 6.84391E-1 7.49935E-1 8.1093E-1 7.64149E-1 7.64973E-1 6.94774E-1 6.77766E-1 5.34945E-1 3.4422E-1 2.19761E-1 4.54672E-1 2.45807E-1 2.42266E-1 5.98291E-1 6.84786E-1 6.12583E-1 5.35018E-1 5.38559E-1
-9999 -9999 -9999 -9999 -9999 -9999 -9999 -9999 -9999 -9999 -9999 -9999 -9999 -9999 -9999 -9999 -9999 -9999 -9999 -9999 -9999 -9999 -9999 -9999 -9999 -9999 3.25567E-1 3.70803E-1 5.05043E-1 5.74865E-1 4.64609E-1 3.00783E-1 2.09973E-1 6.25319E-2 9.72539E-2 1.42856E-1 2.43784E-1 1.76058E-1 2.62082E-1 3.32236E-1 4.7001E-1 5.31404E-1 5.7151E-1 6.04178E-1 5.90065E-1 6.00027E-1 6.57994E-1 6.60797E-1 3.79665E-1 3.18684E-1 4.6943E-1 2.81546E-1 5.16531E-1 7.76144E-1 6.40961E-1 7.59624E-1 7.52792E-1 6.92544E-1
-9999 -9999 -9999 -9999 -9999 -9999 -9999 -9999 -9999 -9999 -9999 -9999 -9999 -9999 -9999 -9999 -9999 -9999 -9999 -9999 -9999 -9999 -9999 -9999 -9999 -9999 -9999 4.20805E-1 7.00049E-1 5.36597E-1 3.59854E-1 2.37353E-1 1.36598E-1 9.95201E-2 4.92669E-2 6.62181E-2 1.08894E-1 6.94764E-2 4.84717E-2 7.81026E-2 2.19793E-1 3.21513E-1 3.31041E-1 3.65432E-1 3.28967E-1 4.38399E-1 4.65629E-1 5.00319E-1 4.14523E-1 4.13972E-1 2.74927E-1 1.12185E-1 2.8654E-1 5.25574E-1 2.52998E-1 1.89471E-1 6.18102E-1 5.79872E-1
-9999 -9999 -9999 -9999 -9999 -9999 -9999 -9999 -9999 -9999 -9999 -9999 -9999 -9999 -9999 -9999 -9999 -9999 -9999 -9999 -9999 -9999 -9999 -9999 -9999 -9999 -9999 1.95403E-1 2.0735E-1 1.17267E-1 1.33422E-1 6.07762E-2 1.35972E-1 7.51205E-2 1.53996E-2 1.01674E-2 1.26297E-2 7.19941E-3 5.56729E-3 1.73491E-2 9.92194E-2 1.21537E-1 2.21726E-1 1.10362E-1 9.46008E-2 2.04699E-1 2.90801E-1 3.52265E-1 6.36748E-1 6.35413E-1 3.54701E-1 4.83202E-1 4.64004E-1 7.07797E-1 5.57769E-1 3.12958E-1 2.08224E-1 6.10244E-1
-9999 -9999 -9999 -9999 -9999 -9999 -9999 -9999 -9999 -9999 -9999 -9999 -9999 -9999 -9999 -9999 -9999 -9999 -9999 -9999 -9999 -9999 -9999 -9999 -9999 -9999 -9999 -9999 -9999 -9999 -9999 3.17288E-2 3.29706E-2 2.2426E-2 1.0325E-2 6.39598E-3 2.72054E-2 2.31736E-2 6.90724E-3 6.68943E-3 1.08815E-2 1.77113E-2 4.11094E-2 4.88675E-2 1.73246E-2 4.76184E-2 1.37906E-1 2.01733E-1 4.57395E-1 4.99092E-1 7.07318E-1 6.26902E-1 3.50641E-1 6.60963E-1 8.07942E-1 7.44826E-1 3.15617E-1 5.3071E-1
-9999 -9999 -9999 -9999 -9999 -9999 -9999 -9999 -9999 -9999 -9999 -9999 -9999 -9999 -9999 -9999 -9999 -9999 -9999 -9999 -9999 -9999 -9999 -9999 -9999 -9999 -9999 -9999 -9999 -9999 -9999 -9999 -9999 3.44287E-2 1.03291E-2 4.78531E-3 1.03013E-2 1.70053E-2 9.09481E-3 9.15737E-3 2.04857E-2 1.80821E-2 5.20237E-2 7.87184E-2 2.4198E-2 4.21066E-2 2.60827E-1 4.62243E-1 5.47823E-1 3.37938E-1 3.36779E-1 3.09514E-1 6.3753E-1 7.27E-1 7.85705E-1 7.96511E-1 -9999 -9999
