Phytophthora/models/20240503_1210_48/Phytophthora_PA3_RUN7_MAXENT_outputs/Phytophthora_PA3_RUN7.asc
ncols         113
nrows         135
xllcorner     473009.9838
yllcorner     4429001.1748
cellsize      100.0
NODATA_value  -9999
[rows 52 to 77 of 135, columns 0 to 57 of 113]
-9999 -9999 -9999 -9999 -9999 3.11745E-3 1.63489E-2 3.11859E-2 2.68946E-2 1.12201E-2 7.58343E-3 5.24435E-3 3.67598E-3 8.78078E-3 1.33191E-2 1.08997E-2 6.02874E-3 5.44995E-3 7.60863E-3 6.94769E-3 4.81944E-3 2.16969E-3 1.12176E-3 5.96333E-4 2.76593E-3 1.30312E-3 2.96368E-3 3.83368E-3 2.86744E-3 5.63532E-3 2.13836E-2 5.00397E-2 4.24776E-2 4.10536E-2 5.88156E-2 4.3619E-2 2.52234E-2 1.06587E-2 2.65894E-2 4.33825E-2 8.3766E-2 4.50576E-2 3.70457E-2 3.71172E-2 1.52507E-2 3.48575E-2 2.48831E-2 2.29744E-2 1.24546E-1 2.39317E-1 2.79269E-1 3.9603E-1 4.21543E-1 4.38252E-1 1.05824E-1 1.96207E-1 1.10484E-1 2.57993E-1
-9999 -9999 -9999 -9999 -9999 4.56399E-3 8.04771E-2 2.90203E-2 1.72712E-2 8.66883E-3 1.80443E-2 4.84814E-3 1.83812E-2 1.03459E-2 8.8068E-3 6.44713E-3 5.4556E-3 1.62678E-2 1.91915E-2 1.08319E-2 9.54813E-3 6.76441E-3 1.12142E-2 3.53955E-3 3.10979E-3 5.85524E-3 6.61199E-3 2.30029E-3 2.04564E-3 4.80659E-3 1.29134E-2 5.57397E-2 8.9056E-2 4.1763E-2 4.21718E-2 3.58395E-2 1.47453E-2 9.40721E-3 1.15884E-2 3.63513E-2 4.2053E-2 2.97819E-2 2.10536E-2 9.79735E-3 1.48981E-2 3.32218E-2 9.50004E-3 2.05001E-2 1.38462E-1 4.47639E-1 6.22912E-1 5.76812E-1 4.5108E-1 2.24809E-1 1.41711E-1 2.70632E-1 2.25013E-1 1.4444E-1
-9999 -9999 -9999 -9999 2.19988E-4 7.05749E-3 8.63092E-2 2.97924E-2 1.84948E-2 2.06833E-2 2.43653E-2 3.3309E-2 1.87935E-2 8.00114E-3 8.78773E-3 1.01575E-2 2.20888E-2 4.86264E-2 5.81032E-2 3.85049E-2 1.49771E-2 1.36514E-2 1.78142E-2 1.65062E-2 8.60372E-3 2.38326E-2 1.38398E-2 5.76541E-3 4.58003E-3 6.28709E-3 4.02962E-3 1.12193E-2 3.87092E-2 2.26934E-2 3.03471E-2 3.88378E-2 2.81124E-2 1.48709E-2 2.20491E-2 1.13225E-2 2.36831E-2 5.30243E-2 5.16631E-2 2.51187E-2 2.17558E-2 2.38364E-2 2.03544E-2 2.56904E-2 1.93737E-1 3.43882E-1 5.73547E-1 3.9644E-1 1.63116E-1 6.72537E-2 1.53825E-1 3.94817E-1 5.0306E-1 5.02218E-1
-9999 -9999 -9999 6.21037E-3 1.48314E-2 4.73173E-2 1.10305E-1 4.51451E-2 5.40178E-2 4.354E-2 1.57469E-2 5.05433E-2 2.26374E-2 1.36484E-2 1.80582E-2 2.84049E-2 1.22738E-1 1.614E-1 1.35135E-1 8.82149E-2 5.44356E-2 2.68241E-2 3.81908E-2 2.52193E-2 7.13925E-3 1.95231E-2 2.17079E-2 1.23237E-2 6.82964E-3 3.91656E-3 7.31684E-3 1.60197E-2 1.68727E-2 1.58312E-2 1.2548E-2 4.8866E-2 3.65728E-2 4.49514E-2 3.41617E-2 6.40883E-2 8.77158E-2 1.51243E-1 1.1372E-1 7.51664E-2 8.71902E-2 7.27764E-2 6.95818E-2 3.40407E-2 5.06511E-2 3.69397E-1 5.3501E-1 3.56797E-1 1.11012E-1 1.6059E-1 2.78501E-1 3.14411E-1 3.44999E-1 2.47274E-1
-9999 -9999 -9999 5.31906E-2 1.05607E-1 2.59026E-1 1.70115E-1 2.77815E-2 7.56834E-2 1.84669E-2 1.27178E-1 7.4556E-2 8.29733E-2 8.18404E-2 6.38649E-2 1.07847E-1 2.33748E-1 2.5706E-1 2.52393E-1 1.32409E-1 9.57913E-2 6.90326E-2 6.12964E-2 4.02923E-2 1.30563E-2 1.93526E-2 2.85797E-2 2.84318E-2 8.19786E-3 3.83714E-3 2.12628E-2 3.31834E-2 1.5662E-2 1.38188E-2 1.54756E-2 3.76365E-2 3.90579E-2 8.38749E-2 2.38639E-2 3.77064E-2 8.20296E-2 1.22253E-1 6.69836E-2 7.24893E-2 1.01069E-1 3.45529E-2 6.75332E-2 2.58676E-2 1.12159E-1 2.75973E-1 3.64637E-1 3.78942E-1 2.83285E-1 2.4555E-1 3.94968E-1 3.56621E-1 4.04639E-1 3.9233E-1
-9999 -9999 -9999 4.6719E-2 1.73313E-1 1.98825E-1 9.79543E-2 3.5973E-2 1.43937E-2 8.8469E-2 1.65301E-1 1.34544E-1 2.23208E-1 1.07447E-1 7.34287E-2 1.02741E-1 1.93255E-1 2.1951E-1 2.3044E-1 1.01787E-1 6.47661E-2 8.07626E-2 1.0952E-1 9.04291E-2 1.96647E-2 3.56096E-2 5.63464E-2 7.8339E-2 3.2612E-2 3.14115E-2 8.55065E-2 7.41956E-2 8.76955E-2 2.15813E-2 1.28124E-2 6.75663E-3 5.07237E-2 8.23875E-2 1.49395E-2 2.37077E-2 7.0091E-2 8.69738E-2 7.47811E-2 5.34147E-2 1.17061E-2 6.8086E-3 4.34346E-2 7.11624E-2 1.55378E-1 1.03471E-1 1.02592E-1 1.33516E-1 1.73799E-1 1.00297E-1 1.1005E-1 2.88486E-1 4.23288E-1 2.279E-1
-9999 -9999 -9999 1.33173E-2 4.93064E-2 6.49931E-2 2.77691E-2 1.10681E-2 3.15822E-2 8.00709E-2 1.0692E-1 9.11211E-2 1.18978E-1 6.34371E-2 4.78332E-2 3.85991E-2 7.29238E-2 1.54283E-1 1.23942E-1 1.37155E-1 1.08516E-1 9.89852E-2 1.12494E-1 1.08364E-1 2.75294E-2 4.69532E-2 1.00635E-1 1.94881E-1 1.45698E-1 4.02243E-2 5.56463E-2 7.76228E-2 6.45597E-2 7.72223E-3 1.02978E-2 6.11263E-2 2.2224E-1 9.16018E-2 2.4341E-2 2.78909E-2 5.77736E-2 6.52096E-2 7.75217E-2 4.45628E-2 1.55516E-2 1.59911E-2 2.6285E-2 1.649E-1 5.17711E-1 4.60189E-1 3.48211E-1 2.50956E-1 1.51938E-1 4.32251E-2 2.31753E-2 2.52654E-1 2.74836E-1 1.67669E-1
-9999 -9999 -9999 2.61979E-2 1.01301E-2 3.05198E-2 2.21163E-2 2.13238E-2 3.31793E-2 4.63879E-2 4.50861E-2 2.05883E-2 1.40126E-1 1.33995E-1 7.02348E-2 2.44612E-2 2.48821E-2 4.50714E-2 5.69108E-2 1.70848E-1 1.04707E-1 8.29098E-2 5.29724E-2 2.06792E-2 1.62815E-2 4.24229E-2 6.52305E-2 4.78587E-2 3.32791E-2 3.09195E-2 6.3118E-2 5.23227E-2 2.30064E-2 1.5134E-2 2.10464E-2 6.23979E-2 4.18573E-2 8.58693E-2 6.79263E-2 4.90419E-2 6.35161E-2 8.13942E-2 1.11849E-1 5.32586E-2 1.27139E-1 5.14457E-2 7.24237E-2 4.00517E-1 5.7551E-1 5.56132E-1 2.59439E-1 1.29392E-1 6.33003E-2 2.61734E-2 1.29423E-2 5.03764E-2 1.88038E-1 2.372E-1
-9999 -9999 -9999 -9999 1.58467E-2 6.54349E-2 4.18172E-2 2.79195E-2 3.0939E-2 5.78567E-2 4.86141E-2 2.16806E-2 1.08454E-1 1.29269E-1 5.47381E-2 3.66019E-2 3.92244E-2 7.40401E-2 1.44329E-1 1.7295E-1 7.20267E-2 3.7835E-2 9.08548E-3 9.05851E-3 2.00691E-2 1.25814E-2 1.04754E-2 8.14948E-3 2.00051E-2 7.51627E-2 1.47484E-1 5.63887E-2 5.53624E-2 2.11229E-2 3.40895E-2 4.71121E-2 7.40283E-2 1.85171E-1 1.31552E-1 1.41381E-1 2.0929E-1 1.93972E-1 2.67467E-1 2.34929E-1 2.33463E-1 9.20043E-2 6.38473E-2 1.6346E-1 2.68976E-1 4.29744E-1 1.39241E-1 7.47481E-2 4.50653E-2 2.88047E-2 2.01042E-2 2.90868E-2 1.46939E-1 2.22929E-1
-9999 -9999 -9999 -9999 -9999 1.97805E-1 7.29014E-2 2.12216E-2 2.1124E-2 6.43116E-2 6.77795E-2 5.6945E-2 8.69609E-2 6.14419E-2 3.99963E-2 3.02917E-2 4.35999E-2 1.12944E-1 2.14991E-1 1.92625E-1 8.73498E-2 7.86963E-3 5.08766E-3 1.41985E-2 1.95373E-2 3.33248E-2 2.19018E-2 1.15159E-2 3.18096E-2 5.1147E-2 6.94676E-2 5.52166E-2 1.07823E-1 1.34602E-2 7.70786E-3 2.60612E-2 7.63941E-2 1.45207E-1 1.41934E-1 1.90527E-1 2.19265E-1 2.49301E-1 4.11096E-1 3.77837E-1 3.7424E-1 1.13257E-1 7.63989E-2 1.99683E-1 2.40017E-1 2.10896E-1 8.87243E-2 5.82997E-2 6.75127E-2 7.10805E-2 9.60386E-2 3.93977E-2 9.85492E-2 1.69321E-1
-9999 -9999 -9999 -9999 -9999 -9999 1.47919E-2 1.31451E-2 2.4641E-2 5.36619E-2 7.46095E-2 2.2009E-1 3.23275E-1 8.15003E-2 2.82786E-2 1.01938E-2 1.5612E-2 1.06288E-1 1.57042E-1 9.81132E-2 1.72531E-2 9.53692E-3 1.12447E-2 1.97258E-2 3.25082E-2 4.50004E-2 2.52467E-2 1.72746E-2 1.96674E-2 1.61755E-2 3.30138E-2 5.47697E-2 3.97457E-2 3.19834E-2 5.76878E-2 8.90868E-2 1.27894E-1 1.59969E-1 1.3587E-1 1.30821E-1 3.16368E-1 1.84385E-1 5.63802E-1 4.13989E-1 4.27148E-1 1.76608E-1 1.43722E-1 1.41122E-1 1.22961E-1 7.66272E-2 5.23847E-2 6.7075E-2 9.13737E-2 1.17173E-1 1.10363E-1 6.09532E-2 1.658E-1 2.49406E-1
-9999 -9999 -9999 -9999 -9999 -9999 2.34929E-2 1.69776E-2 1.93957E-2 3.22653E-2 2.38989E-1 1.63063E-1 2.29529E-1 4.43558E-2 2.00642E-2 2.01684E-2 3.14965E-2 4.24388E-2 4.53516E-2 1.64966E-2 2.01437E-2 1.03477E-2 8.14986E-3 1.73498E-2 2.24875E-2 3.30765E-2 4.19095E-2 2.24046E-2 9.55033E-3 1.27579E-2 3.05896E-2 7.63737E-2 3.1231E-2 4.35211E-2 1.62047E-1 8.33696E-2 6.31848E-2 6.2807E-2 4.9026E-2 7.86989E-2 2.10946E-1 1.81484E-1 5.76979E-1 3.92053E-1 3.76681E-1 2.68138E-1 1.06601E-1 3.10954E-2 6.27815E-2 7.65424E-2 9.80291E-2 1.66884E-1 1.86837E-1 1.51004E-1 1.32967E-1 1.40512E-1 1.47794E-1 1.64762E-1
-9999 -9999 -9999 -9999 -9999 3.68559E-3 2.311E-2 1.04592E-2 8.74242E-3 2.38439E-2 2.69573E-1 2.70019E-1 1.72723E-1 2.63551E-2 1.91518E-2 2.01307E-2 1.90701E-2 1.45332E-2 1.01253E-2 2.12772E-2 1.78308E-2 1.83971E-2 1.58331E-2 2.20257E-2 2.70667E-2 4.82206E-2 4.74191E-2 1.83997E-2 8.19711E-3 1.0463E-3 7.96308E-3 4.4468E-2 7.19202E-2 5.36191E-2 2.15216E-1 2.05039E-1 8.07249E-2 7.46967E-2 8.75105E-2 1.89565E-1 3.33638E-1 2.59415E-1 3.38177E-1 2.87722E-1 2.72445E-1 2.37006E-1 1.56263E-1 8.24183E-2 7.73968E-2 1.60868E-1 1.26866E-1 1.93126E-1 1.49286E-1 1.21162E-1 8.35449E-2 1.68802E-1 1.80483E-1 2.248E-1
-9999 -9999 -9999 -9999 4.60212E-6 6.76621E-4 3.30853E-2 1.0867E-2 1.97087E-2 2.71156E-2 3.75172E-2 1.47872E-1 8.32955E-2 5.92829E-2 3.5647E-2 9.80936E-3 2.89193E-2 2.64864E-2 1.00132E-2 3.26243E-2 6.15281E-2 4.61788E-2 2.33905E-2 2.22086E-2 4.17817E-2 8.06882E-2 7.98731E-2 9.12116E-3 3.3773E-3 5.24182E-3 1.51043E-2 6.30687E-2 7.27142E-2 4.76037E-2 9.02295E-2 1.33661E-1 1.74924E-1 1.66716E-1 2.28664E-1 4.53514E-1 6.60917E-1 3.62622E-1 4.1373E-1 4.64691E-1 2.80447E-1 1.30425E-1 1.06099E-1 1.42472E-1 1.34705E-1 1.8873E-1 1.34804E-1 1.91483E-1 2.60359E-1 3.90615E-1 2.44326E-1 2.01829E-1 3.55156E-1 2.71903E-1
-9999 -9999 -9999 -9999 6.10715E-6 1.91937E-3 6.20094E-2 2.65317E-2 1.50607E-2 6.89371E-3 4.14729E-2 1.22389E-1 1.13181E-1 9.99572E-2 3.35932E-2 5.12112E-2 2.36963E-2 2.14884E-2 5.47124E-2 7.65287E-2 1.40342E-1 6.92032E-2 3.53515E-2 4.07398E-2 7.0341E-2 7.79863E-2 6.25272E-2 9.53015E-3 9.18821E-3 9.97097E-3 2.97304E-2 3.36603E-2 6.62179E-2 4.75978E-2 1.37822E-1 1.88511E-1 2.21937E-1 1.5988E-1 3.10536E-1 4.1552E-1 5.63975E-1 5.87024E-1 6.47398E-1 5.47123E-1 1.88329E-1 4.61619E-2 5.94951E-2 1.88844E-1 3.65976E-1 4.17686E-1 4.17682E-1 2.33451E-1 3.84473E-1 3.91052E-1 4.23906E-1 3.64546E-1 3.1818E-1 2.22953E-1
-9999 -9999 -9999 -9999 7.44983E-6 1.89756E-3 8.63537E-2 1.09557E-1 6.86229E-2 1.04664E-2 8.39517E-2 8.86422E-2 1.25567E-1 1.69442E-1 3.43917E-2 2.11267E-2 2.11859E-2 3.04668E-2 1.05783E-1 1.46084E-1 1.7369E-1 1.22065E-1 8.04404E-2 9.66401E-2 9.59297E-2 9.30423E-2 5.34024E-2 1.31857E-2 2.18343E-2 1.03498E-2 1.63897E-2 7.23967E-2 4.96121E-2 1.50894E-1 1.48744E-1 1.20767E-1 9.54543E-2 1.08719E-1 1.9032E-1 2.6393E-1 3.87616E-1 4.43753E-1 5.25045E-1 5.25672E-1 1.10415E-1 3.13745E-2 5.42513E-2 2.263E-1 3.30472E-1 4.54994E-1 5.89455E-1 3.92281E-1 4.66794E-1 4.60829E-1 5.06856E-1 4.96381E-1 5.35869E-1 1.60683E-1
-9999 -9999 -9999 -9999 9.93228E-6 1.30132E-3 9.32444E-2 1.14269E-1 3.56145E-2 4.85939E-2 1.63914E-1 1.27502E-1 1.28531E-1 4.20051E-2 3.01857E-2 2.32771E-2 3.47943E-2 5.31746E-2 9.34822E-2 2.29727E-1 3.68434E-1 3.01522E-1 2.48143E-1 1.60446E-1 5.89917E-2 1.38889E-1 6.95837E-2 2.69919E-2 1.69282E-2 4.74331E-2 9.53607E-2 1.21819E-1 1.01502E-1 1.43722E-1 1.33722E-1 3.66237E-2 4.56434E-2 6.92007E-2 1.2763E-1 2.90746E-1 3.80375E-1 4.78395E-1 1.86144E-1 2.27326E-1 1.0047E-1 3.44517E-2 6.92078E-2 1.41663E-1 2.8136E-1 4.12915E-1 6.24415E-1 7.16659E-1 6.79837E-1 5.43263E-1 5.5803E-1 6.04309E-1 3.81696E-1 1.63957E-1
-9999 -9999 -9999 -9999 3.48102E-6 1.99458E-3 8.77689E-2 5.85739E-2 2.63364E-2 1.15753E-1 1.17006E-1 9.50808E-2 7.96871E-2 7.62001E-2 8.31898E-2 9.49859E-2 5.91578E-2 9.89086E-2 1.50661E-1 3.79405E-1 3.31987E-1 2.48754E-1 1.43951E-1 6.28067E-2 1.11576E-1 1.97839E-1 2.14934E-1 7.73918E-2 2.37066E-2 1.07184E-1 9.43871E-2 7.81398E-2 4.95839E-2 2.25198E-2 7.57951E-2 5.50699E-2 4.16895E-2 9.18316E-2 2.11189E-1 3.58228E-1 3.20348E-1 2.85947E-1 8.59184E-2 1.33189E-1 6.09201E-2 5.06561E-2 9.31396E-2 1.82003E-1 3.4962E-1 6.4869E-1 7.82716E-1 5.28004E-1 7.16554E-1 5.79333E-1 2.145E-1 3.87347E-1 3.9413E-1 4.50527E-1
-9999 -9999 -9999 -9999 3.83954E-6 2.08861E-3 8.60031E-2 3.14918E-2 3.55233E-2 1.37763E-1 2.08588E-1 1.96427E-1 9.02039E-2 6.47294E-2 5.38718E-2 7.4092E-2 1.0187E-1 1.94951E-1 2.2693E-1 2.99139E-1 1.82493E-1 1.13841E-1 5.02857E-2 3.98121E-2 9.48636E-2 1.79237E-1 1.59014E-1 8.06105E-2 1.5483E-2 1.76158E-1 3.31985E-1 1.46041E-1 5.70359E-2 4.26969E-2 2.11829E-2 1.17821E-2 1.34296E-2 1.16126E-1 3.31805E-1 5.0275E-1 3.75909E-1 1.89147E-1 1.45916E-1 1.02638E-1 5.57627E-2 9.90121E-2 1.88904E-1 2.79864E-1 6.94771E-1 7.4279E-1 7.18883E-1 3.40039E-1 4.2075E-1 2.73238E-1 1.94644E-1 2.8702E-1 4.4974E-1 6.51178E-1
-9999 -9999 -9999 -9999 9.09784E-6 2.13829E-3 4.82445E-2 3.02788E-2 1.02402E-1 1.35183E-1 1.38985E-1 3.94099E-1 4.01456E-1 1.22211E-1 5.76998E-2 6.54238E-2 1.04153E-1 1.79155E-1 2.95577E-1 2.57367E-1 1.55164E-1 1.65974E-1 1.10464E-1 9.3354E-2 9.44819E-2 1.45254E-1 1.17608E-1 6.6801E-2 1.94044E-2 3.31956E-2 2.1462E-1 1.99961E-1 1.92838E-1 3.60809E-2 1.78583E-2 3.29636E-2 6.88794E-2 7.20809E-2 4.40116E-1 6.0546E-1 3.86377E-1 1.95488E-1 1.69275E-1 6.07761E-2 6.83317E-2 1.9785E-1 3.82524E-1 4.06228E-1 6.09913E-1 7.46283E-1 6.10695E-1 3.98058E-1 3.02688E-1 1.67482E-1 1.12569E-1 2.41715E-1 4.75392E-1 5.5757E-1
-9999 -9999 -9999 -9999 2.0179E-4 2.94413E-3 3.40682E-2 2.89618E-2 2.1339E-2 7.67876E-2 1.14619E-1 1.92615E-1 3.84745E-1 2.35253E-1 1.65639E-1 9.29897E-2 9.61527E-2 1.46201E-1 1.61265E-1 1.20071E-1 1.60387E-1 2.2598E-1 2.75687E-1 1.94521E-1 1.61411E-1 1.72979E-1 1.96521E-1 1.41627E-1 3.6157E-2 8.83532E-2 5.11872E-2 1.58282E-1 2.88433E-1 9.19124E-2 9.09477E-2 4.86178E-2 1.00083E-1 1.13919E-1 3.36687E-1 6.77132E-1 3.43732E-1 1.98778E-1 1.21614E-1 4.35689E-2 8.13424E-2 1.56199E-1 1.96267E-1 3.23672E-1 7.18772E-1 7.23306E-1 6.22646E-1 3.18821E-1 1.80371E-1 2.16529E-1 3.75002E-1 5.65392E-1 5.96061E-1 5.45297E-1
-9999 -9999 -9999 7.1462E-4 8.49716E-3 8.12208E-3 3.17914E-2 2.73084E-2 3.78213E-2 7.73134E-2 1.579E-1 1.34456E-1 1.56445E-1 3.46532E-1 3.27558E-1 2.17901E-1 2.10444E-1 2.21232E-1 1.25675E-1 5.82867E-2 1.13647E-1 2.15846E-1 2.94882E-1 3.34173E-1 2.63534E-1 1.8531E-1 2.34622E-1 1.70304E-1 7.2592E-2 9.1115E-2 1.01895E-1 1.65041E-1 1.71667E-1 2.04684E-1 1.37411E-1 4.05071E-2 1.68957E-1 2.83636E-1 3.93084E-1 6.66343E-1 3.3806E-1 2.52945E-1 1.29197E-1 5.03947E-2 1.96687E-1 1.38366E-1 1.41593E-1 5.04877E-1 5.63729E-1 4.85141E-1 3.57341E-1 1.14663E-1 1.05669E-1 1.70042E-1 3.58819E-1 6.48919E-1 7.2071E-1 6.79985E-1
-9999 -9999 -9999 5.15099E-3 3.79904E-2 8.38894E-2 6.09342E-2 2.752E-2 5.73174E-2 1.1572E-1 2.06633E-1 1.80376E-1 2.63642E-1 4.09944E-1 4.86125E-1 3.98123E-1 3.69782E-1 3.01903E-1 1.8167E-1 8.86556E-2 2.15769E-1 3.21377E-1 3.92213E-1 5.33474E-1 4.23569E-1 2.87591E-1 2.77234E-1 1.36261E-1 1.14336E-1 1.0412E-1 9.16538E-2 4.35754E-2 1.57486E-1 1.78951E-1 2.18547E-1 1.42768E-1 2.11927E-1 4.45145E-1 5.09723E-1 5.43976E-1 5.19448E-1 5.10997E-1 3.93289E-1 1.92703E-1 2.56951E-1 1.10795E-1 1.17581E-1 4.91836E-1 3.14168E-1 1.30123E-1 2.56687E-1 2.10449E-1 6.0305E-2 9.25331E-2 3.09072E-1 5.67433E-1 6.25207E-1 6.03696E-1
-9999 -9999 3.63843E-3 3.22377E-3 8.67105E-2 2.97172E-1 3.48602E-1 1.52296E-1 2.98306E-1 2.46473E-1 2.63823E-1 3.08493E-1 3.20971E-1 4.70287E-1 5.7975E-1 5.67324E-1 4.11581E-1 2.85298E-1 2.54987E-1 1.77674E-1 2.94717E-1 4.93227E-1 6.25945E-1 6.61344E-1 5.72857E-1 3.43117E-1 1.73718E-1 1.29209E-1 9.39255E-2 1.11892E-1 1.36202E-1 1.89146E-1 2.747E-1 1.48921E-1 3.27391E-1 3.45236E-1 3.41997E-1 4.1231E-1 6.17978E-1 6.23554E-1 7.40949E-1 7.60456E-1 5.88095E-1 2.96423E-1 2.04298E-1 1.97479E-1 2.8722E-1 4.33122E-1 2.66166E-1 2.06501E-1 1.12008E-1 1.46809E-1 5.5747E-2 7.27107E-2 1.48807E-1 4.30338E-1 5.0205E-1 4.35522E-1
-9999 -9999 8.11841E-3 7.89779E-2 2.25329E-1 4.50457E-1 5.48022E-1 5.85966E-1 5.58312E-1 5.67975E-1 4.3694E-1 3.0357E-1 2.62729E-1 4.96765E-1 5.83943E-1 6.61897E-1 4.50609E-1 2.44424E-1 3.121E-1 4.20442E-1 5.45845E-1 5.39059E-1 5.8841E-1 6.75812E-1 5.85302E-1 3.03535E-1 9.99964E-2 1.67319E-1 1.3306E-1 7.80747E-2 2.05692E-1 3.67248E-1 2.04747E-1 5.49995E-2 3.96264E-1 5.29563E-1 4.49835E-1 4.16165E-1 4.82326E-1 5.94862E-1 7.19077E-1 7.98345E-1 5.88472E-1 4.23205E-1 3.26119E-1 3.80366E-1 5.24828E-1 6.32535E-1 6.47749E-1 3.07274E-1 2.89562E-1 2.17421E-1 1.82283E-1 1.39927E-1 1.10635E-1 3.34649E-1 4.08647E-1 3.6608E-1
-9999 -9999 -9999 1.53009E-1 1.13646E-1 3.50736E-1 6.54825E-1 7.98062E-1 8.0102E-1 8.08418E-1 5.87251E-1 1.63574E-1 1.21235E-1 4.92476E-1 5.79484E-1 7.01074E-1 3.66811E-1 2.48514E-1 4.29274E-1 6.89175E-1 6.39474E-1 4.46767E-1 4.6388E-1 5.59661E-1 4.65557E-1 2.81587E-1 2.96867E-1 2.29408E-1 3.21027E-1 1.02715E-1 2.49474E-1 2.99873E-1 8.04408E-2 5.63412E-2 2.21129E-1 3.57678E-1 4.6465E-1 5.07032E-1 6.21345E-1 6.04212E-1 7.22573E-1 7.62104E-1 6.85171E-1 6.00883E-1 4.42816E-1 4.51419E-1 5.57336E-1 6.2488E-1 4.81189E-1 6.02146E-1 4.56097E-1 3.82385E-1 3.73506E-1 4.03325E-1 3.38268E-1 3.22028E-1 2.64684E-1 2.31192E-1
