Phytophthora/models/20240503_1210_48/Phytophthora_PA3_RUN7_MAXENT_outputs/Phytophthora_PA3_RUN7.asc
ncols         113
nrows         135
xllcorner     473009.9838
yllcorner     4429001.1748
cellsize      100.0
NODATA_value  -9999
[rows 78 to 103 of 135, columns 0 to 57 of 113]
-9999 -9999 -9999 1.28652E-2 3.15586E-2 3.27869E-1 7.12404E-1 8.42823E-1 8.99903E-1 8.58216E-1 4.81869E-1 3.09902E-1 3.61461E-1 5.10444E-1 5.26271E-1 4.12283E-1 3.57925E-1 3.81831E-1 7.69558E-1 7.8077E-1 6.26369E-1 3.02154E-1 3.49516E-1 4.08038E-1 4.44662E-1 4.64703E-1 5.56961E-1 3.03442E-1 2.62012E-1 3.4458E-1 2.37225E-1 1.99602E-1 6.97498E-2 6.85509E-2 1.45808E-1 3.80484E-1 4.30585E-1 4.78821E-1 5.50192E-1 5.91738E-1 7.95235E-1 7.42844E-1 7.29023E-1 7.17997E-1 5.36288E-1 5.77951E-1 5.05145E-1 3.43812E-1 6.12745E-1 6.08919E-1 5.45E-1 4.85243E-1 4.74697E-1 4.68037E-1 4.12512E-1 5.18863E-1 2.3148E-1 2.1851E-1
-9999 -9999 -9999 -9999 9.19522E-2 3.59772E-1 6.70435E-1 7.34557E-1 8.35685E-1 7.79274E-1 4.99711E-1 5.5917E-1 6.68999E-1 6.61178E-1 5.47963E-1 2.99311E-1 3.98567E-1 4.95275E-1 5.96068E-1 4.97174E-1 4.58319E-1 2.5376E-1 2.13117E-1 2.34343E-1 5.15433E-1 6.21568E-1 6.67471E-1 4.81438E-1 4.89466E-1 2.09062E-1 1.88727E-1 1.66355E-1 9.57395E-2 7.46482E-2 2.08511E-1 3.4326E-1 4.36838E-1 5.71857E-1 3.43629E-1 5.87587E-1 8.16989E-1 7.66045E-1 7.37279E-1 7.32212E-1 7.32014E-1 5.88779E-1 2.46062E-1 4.46433E-1 5.9483E-1 4.71117E-1 5.05038E-1 5.5636E-1 6.31963E-1 5.63105E-1 2.45712E-1 2.44303E-1 3.44424E-1 1.40477E-1
-9999 -9999 -9999 7.06687E-3 5.86398E-2 3.13641E-1 7.70619E-1 8.62677E-1 8.52278E-1 8.03838E-1 5.03956E-1 5.00701E-1 6.63812E-1 6.63509E-1 3.72046E-1 1.7261E-1 4.53992E-1 4.5704E-1 4.5337E-1 4.19024E-1 3.67212E-1 2.00306E-1 2.5266E-1 2.50599E-1 3.43914E-1 5.72065E-1 6.76677E-1 6.7772E-1 1.04728E-1 2.3724E-1 9.14631E-2 4.37269E-2 8.01559E-2 3.16906E-1 3.55663E-1 3.87172E-1 5.74746E-1 5.59136E-1 3.72007E-1 5.83987E-1 6.2511E-1 5.24012E-1 5.98648E-1 6.05464E-1 6.29706E-1 3.63041E-1 1.81066E-1 3.25534E-1 5.14442E-1 5.65969E-1 4.22307E-1 4.03855E-1 3.48918E-1 3.01255E-1 1.40189E-1 3.81127E-2 1.71354E-1 6.53553E-2
-9999 -9999 4.15921E-3 3.19761E-3 3.32994E-2 3.22026E-1 7.24881E-1 8.34099E-1 5.96694E-1 7.34124E-1 4.72025E-1 4.27877E-1 5.54082E-1 5.76501E-1 2.00045E-1 2.87198E-1 4.86315E-1 5.85332E-1 5.88101E-1 5.38733E-1 4.87227E-1 2.66679E-1 3.71324E-1 2.37254E-1 3.27167E-1 5.10913E-1 6.11594E-1 6.64078E-1 2.27158E-1 8.89928E-2 1.63266E-1 8.13076E-2 4.53477E-1 4.29933E-1 2.58701E-1 2.82486E-1 5.87941E-1 4.87343E-1 4.86795E-1 4.79289E-1 4.92291E-1 4.15381E-1 6.16451E-1 6.04965E-1 5.72978E-1 2.15792E-1 4.891E-2 1.83226E-1 2.09912E-1 3.36138E-1 4.37507E-1 2.98709E-1 1.94261E-1 2.06932E-1 7.16133E-2 1.73899E-2 1.39665E-2 8.51237E-3
-9999 -9999 7.40238E-4 2.41312E-2 6.64727E-2 2.11124E-1 4.37264E-1 2.14904E-1 7.16201E-1 7.57954E-1 4.65204E-1 4.79076E-1 4.18768E-1 3.6033E-1 1.42306E-1 2.15182E-1 3.45363E-1 4.39211E-1 5.28194E-1 7.33187E-1 6.13624E-1 4.36437E-1 5.75384E-1 3.87847E-1 2.69955E-1 4.3089E-1 4.90018E-1 1.60813E-1 1.94612E-1 1.76446E-1 2.64325E-1 3.91778E-1 4.65369E-1 3.35936E-1 3.62351E-1 6.18916E-1 5.04792E-1 3.20911E-1 5.1239E-1 6.98463E-1 4.10945E-1 4.72941E-1 6.55271E-1 5.75967E-1 5.39571E-1 3.43224E-1 1.34465E-1 3.56788E-1 3.55632E-1 2.68952E-1 2.35987E-1 1.54191E-1 2.40759E-1 1.75745E-1 3.38636E-2 1.33205E-2 2.19767E-2 1.36845E-1
-9999 -9999 8.08797E-5 4.25233E-2 2.8636E-1 2.53852E-1 1.12504E-1 3.32484E-1 3.37033E-1 1.53991E-1 2.3877E-1 2.61643E-1 2.31796E-1 1.45769E-1 2.0991E-1 3.21838E-1 4.98768E-1 5.693E-1 5.19563E-1 5.6471E-1 4.82788E-1 6.03566E-1 5.73903E-1 4.27882E-1 3.0693E-1 3.57755E-1 3.4732E-2 9.33797E-2 1.61166E-1 4.74253E-1 5.7477E-1 6.22476E-1 5.62641E-1 4.48039E-1 4.72973E-1 7.40971E-1 6.62429E-1 7.17273E-1 5.33508E-1 7.57021E-1 5.1835E-1 5.62248E-1 5.80982E-1 5.06198E-1 5.20788E-1 2.90914E-1 4.14855E-1 4.11733E-1 3.40731E-1 1.8551E-1 2.46254E-1 1.31351E-1 1.29546E-1 5.0904E-2 1.709E-2 5.92669E-2 1.25309E-1 8.48267E-2
-9999 -9999 6.12456E-4 7.64183E-2 2.92752E-1 2.52962E-1 9.74196E-2 1.94404E-1 1.07287E-1 5.73168E-2 5.48393E-2 5.06634E-2 9.09932E-2 2.57797E-1 3.84772E-1 5.46816E-1 6.36643E-1 5.58402E-1 4.15581E-1 4.47841E-1 2.03598E-1 2.85061E-1 3.66489E-1 2.98561E-1 1.244E-1 1.11409E-1 6.41584E-2 4.82077E-2 2.65093E-1 5.67474E-1 7.70089E-1 7.71821E-1 6.67121E-1 3.91221E-1 6.09594E-1 6.79125E-1 6.35481E-1 7.32725E-1 8.09656E-1 8.06764E-1 2.67732E-1 5.5225E-1 4.42107E-1 4.86997E-1 1.42493E-1 3.7284E-1 5.82771E-1 5.92193E-1 4.89036E-1 4.14117E-1 3.13922E-1 1.60001E-1 6.78596E-2 3.56565E-2 1.0156E-1 3.53259E-1 1.59483E-1 4.39815E-1
-9999 1.05248E-4 1.62672E-3 8.20779E-2 3.26594E-1 2.9709E-1 6.51973E-2 8.70979E-2 5.073E-2 3.04873E-2 9.06262E-2 2.02945E-1 3.24787E-1 5.4664E-1 5.85823E-1 5.76331E-1 5.10059E-1 4.24336E-1 4.3267E-1 3.76997E-1 1.49546E-1 1.57795E-1 2.14044E-1 1.52803E-1 1.09303E-1 1.35161E-1 5.08377E-2 2.28352E-1 3.76683E-1 4.923E-1 6.52382E-1 4.02962E-1 2.96667E-1 4.17701E-1 7.2005E-1 5.68452E-1 2.31589E-1 5.70289E-1 5.24985E-1 6.42947E-1 7.09727E-1 6.83328E-1 4.2211E-1 3.96043E-1 2.73403E-1 2.90163E-1 6.01729E-1 7.13568E-1 6.30383E-1 6.18097E-1 4.10402E-1 2.2354E-1 1.64149E-1 2.54055E-2 6.73886E-2 4.14193E-1 2.53788E-1 5.6865E-1
-9999 4.86993E-3 1.64872E-2 8.29014E-2 1.62674E-1 1.28708E-1 6.45314E-2 4.80323E-2 3.80767E-2 5.38407E-2 1.11694E-1 2.87112E-1 3.50391E-1 5.75464E-1 5.08842E-1 4.75664E-1 4.80747E-1 3.78115E-1 3.30263E-1 2.78224E-1 1.57971E-1 1.09441E-1 1.06332E-1 1.00806E-1 1.25084E-1 1.09899E-1 1.81777E-1 2.89541E-1 4.59699E-1 4.40482E-1 3.2956E-1 1.46511E-1 2.75384E-1 5.2677E-1 5.1656E-1 4.24116E-1 4.50369E-1 4.97921E-1 3.72494E-1 4.44639E-1 7.1003E-1 5.06803E-1 5.15899E-1 6.13154E-1 3.82005E-1 4.31449E-1 6.2662E-1 6.37581E-1 5.92909E-1 4.24022E-1 3.70891E-1 2.95662E-1 1.98531E-1 3.84845E-2 4.60649E-2 3.81708E-1 3.76363E-1 5.0806E-1
5.02662E-3 2.00862E-2 1.48449E-2 3.22524E-2 2.14662E-1 2.17132E-1 2.12047E-1 1.10671E-1 7.14918E-2 1.59203E-1 3.23961E-1 3.48981E-1 4.0767E-1 5.76317E-1 3.52456E-1 2.41934E-1 3.29626E-1 2.59769E-1 2.30457E-1 2.69529E-1 2.60316E-1 1.87499E-1 8.94907E-2 4.88831E-2 1.26907E-1 2.16155E-1 3.06024E-1 2.74817E-1 1.7435E-1 3.10428E-1 1.52309E-1 1.35957E-1 4.0955E-1 5.97337E-1 4.88558E-1 5.14419E-1 7.40627E-1 5.50397E-1 4.01198E-1 5.75434E-1 6.62457E-1 1.99109E-1 6.82987E-1 7.05942E-1 5.83115E-1 5.92222E-1 4.81449E-1 3.14694E-1 1.79591E-1 6.49931E-1 4.89726E-1 2.98073E-1 1.46391E-1 6.53142E-2 1.67964E-1 4.54698E-1 3.4687E-1 5.27559E-1
8.25065E-3 1.90832E-2 2.58518E-2 7.64863E-2 2.19946E-1 9.50962E-2 2.46208E-1 1.28921E-1 1.34052E-1 3.4826E-1 3.85064E-1 5.64617E-1 4.36767E-1 6.13195E-1 5.57704E-1 2.4922E-1 2.64452E-1 2.13628E-1 3.13955E-1 4.06915E-1 2.92859E-1 1.2869E-1 2.26519E-1 1.57169E-1 1.11807E-1 3.17604E-1 4.0698E-1 2.0275E-1 6.43738E-2 9.87684E-2 2.60467E-1 3.53684E-1 3.98566E-1 5.01499E-1 4.20735E-1 3.46203E-1 3.0876E-1 3.65716E-1 5.33872E-1 7.78355E-1 7.7279E-1 3.21841E-1 6.93689E-1 6.62033E-1 8.30392E-1 6.24469E-1 1.91925E-1 1.45617E-1 2.96607E-1 6.70088E-1 4.07692E-1 2.31408E-1 8.45824E-2 1.01488E-1 3.73053E-1 4.74706E-1 3.14942E-1 3.40898E-1
-9999 3.38371E-2 7.55549E-2 2.8084E-1 2.24204E-1 6.45822E-2 3.29113E-1 2.53782E-1 2.06953E-1 4.46529E-1 5.22905E-1 2.98964E-1 9.58562E-2 6.09788E-1 7.50404E-1 6.38922E-1 3.59593E-1 2.15312E-1 3.83856E-1 3.72484E-1 5.70852E-1 3.43584E-1 4.62364E-1 1.88244E-1 1.56904E-1 3.80577E-1 2.0401E-1 3.28302E-1 3.37405E-1 2.35577E-1 2.99602E-1 6.36191E-1 7.08652E-1 5.04867E-1 4.11736E-1 5.34047E-1 2.44718E-1 3.10986E-1 5.20568E-1 8.07021E-1 6.99459E-1 3.14951E-1 5.73944E-1 7.55328E-1 8.0935E-1 7.28391E-1 2.39576E-1 1.10051E-1 6.90693E-1 6.13355E-1 2.81066E-1 1.92914E-1 4.60908E-2 2.89776E-1 5.46052E-1 6.0323E-1 4.91224E-1 3.30819E-1
-9999 9.79006E-2 2.40858E-1 3.95004E-1 3.68465E-1 1.22086E-1 2.25007E-1 2.27187E-1 3.42038E-1 5.0466E-1 5.14268E-1 3.5822E-1 2.58987E-1 6.09063E-1 7.16603E-1 5.3128E-1 3.05662E-1 2.81097E-1 3.12645E-1 3.1188E-1 4.75217E-1 4.38795E-1 2.6531E-1 1.48633E-1 2.94826E-1 3.7775E-1 4.27859E-1 6.3855E-1 6.49989E-1 2.66525E-1 2.24438E-1 6.31311E-1 7.28163E-1 3.55602E-1 5.65003E-1 5.42735E-1 3.75058E-1 3.40841E-1 5.80882E-1 7.08412E-1 5.43175E-1 1.00965E-1 3.23833E-1 5.4719E-1 7.78893E-1 7.06186E-1 2.18384E-1 1.75982E-1 7.02175E-1 7.72156E-1 4.96856E-1 1.99158E-1 1.03963E-1 3.96953E-1 6.04164E-1 6.64201E-1 4.79739E-1 3.90741E-1
-9999 -9999 -9999 1.08105E-1 9.43006E-2 1.31396E-1 4.23006E-1 3.91278E-1 1.695E-1 2.72682E-1 3.12359E-1 1.52286E-1 1.18631E-1 2.31799E-1 5.11936E-1 4.04364E-1 3.65062E-1 3.32809E-1 1.4061E-1 4.56905E-1 1.45996E-1 1.50437E-1 1.7836E-1 2.20547E-1 9.91211E-2 1.22831E-1 5.3389E-1 5.78172E-1 4.32142E-1 3.40876E-1 3.05054E-1 1.26154E-1 3.77919E-1 4.98152E-1 5.92953E-1 5.06492E-1 3.75835E-1 3.44752E-1 5.03785E-1 2.74182E-1 1.35681E-1 1.27316E-1 2.48671E-1 4.17389E-1 7.59463E-1 3.71431E-1 7.7927E-2 4.65299E-1 7.22693E-1 6.35958E-1 5.73319E-1 3.59591E-1 4.65375E-1 5.68524E-1 6.03284E-1 6.74915E-1 3.02484E-1 4.68684E-1
-9999 -9999 -9999 -9999 8.31307E-2 6.37562E-2 5.26847E-1 5.91507E-1 3.4917E-1 2.73482E-1 2.60372E-1 1.53036E-1 6.98746E-2 2.4969E-1 2.661E-1 3.60738E-1 3.96428E-1 3.45122E-1 4.54804E-1 5.24016E-1 1.49402E-1 8.03499E-2 6.27012E-2 2.61598E-1 3.13466E-1 4.83195E-1 3.63536E-1 3.95693E-1 3.73575E-1 2.13608E-1 2.88327E-1 2.5603E-1 4.98351E-1 5.07303E-1 4.31863E-1 3.33443E-1 1.0164E-1 6.55613E-2 2.34432E-2 1.29722E-2 2.12725E-2 9.25628E-2 1.72633E-1 3.29698E-1 4.49926E-1 1.6729E-1 3.02708E-1 5.22904E-1 6.42092E-1 5.19962E-1 5.43044E-1 3.92537E-1 5.52379E-1 6.20515E-1 6.46943E-1 5.60991E-1 2.37444E-1 5.19955E-1
-9999 -9999 -9999 -9999 -9999 -9999 -9999 6.18964E-1 5.1902E-1 5.70163E-1 4.65096E-1 3.93038E-1 2.86339E-1 3.51856E-1 2.78373E-1 3.34183E-1 4.62332E-1 2.4334E-1 2.07752E-1 5.34365E-1 4.71415E-1 1.30526E-1 1.09734E-1 3.05749E-1 4.90116E-1 3.74883E-1 3.23973E-1 3.59181E-1 2.5505E-1 1.28793E-1 1.17979E-1 3.1732E-1 3.07318E-1 2.51237E-1 2.25776E-1 2.42106E-1 1.47015E-1 4.78921E-2 1.93252E-2 2.17869E-2 3.68853E-2 6.112E-2 1.19924E-1 3.4472E-1 3.45794E-1 1.82953E-1 5.98864E-1 6.67184E-1 6.07742E-1 6.39271E-1 5.53063E-1 5.16934E-1 4.80501E-1 6.1276E-1 3.65968E-1 3.18559E-1 3.83241E-1 5.33991E-1
-9999 -9999 -9999 -9999 -9999 -9999 -9999 6.88022E-1 7.76066E-1 7.41791E-1 4.0319E-1 3.85916E-1 1.84212E-1 2.05775E-1 4.05657E-1 5.73579E-1 7.53537E-1 2.98752E-1 2.99835E-1 6.37196E-1 4.8601E-1 1.24617E-1 6.20341E-2 2.23188E-1 1.94908E-1 4.40675E-1 2.91763E-1 1.55947E-1 1.10989E-1 5.469E-2 1.32748E-1 1.81946E-1 1.34972E-1 8.50136E-2 1.57163E-1 1.18086E-1 1.92752E-1 1.01913E-1 2.92245E-2 2.44534E-2 6.81749E-2 1.07592E-1 2.81934E-1 5.98155E-1 3.12828E-1 5.28459E-1 6.06347E-1 3.64768E-1 4.91709E-1 6.41452E-1 2.44032E-1 5.01086E-1 5.57352E-1 1.73194E-1 2.42535E-1 2.97056E-1 3.68612E-1 4.29894E-1
-9999 -9999 -9999 -9999 -9999 -9999 -9999 5.14106E-1 7.08571E-1 4.32212E-1 2.12613E-1 1.88288E-1 3.73729E-2 3.67696E-2 2.82953E-1 4.6955E-1 5.44617E-1 2.67336E-1 5.19384E-1 5.55435E-1 3.9307E-1 1.05558E-1 8.90584E-2 3.26952E-2 1.83397E-1 2.89849E-1 2.55629E-1 1.37332E-1 2.99744E-1 2.10701E-1 1.47915E-1 1.31146E-1 5.82849E-2 4.71632E-2 9.14072E-2 1.76833E-1 1.36E-1 4.76272E-2 6.29494E-2 8.02131E-2 9.00961E-2 1.75383E-1 3.61125E-1 4.9003E-1 4.25906E-1 6.69945E-1 3.4849E-1 5.11984E-1 2.31838E-1 2.31653E-1 3.21603E-1 1.94331E-1 4.11734E-1 2.63627E-1 4.78029E-2 4.36631E-2 7.77542E-2 7.85794E-2
-9999 -9999 -9999 -9999 -9999 -9999 -9999 3.39289E-1 3.99635E-1 2.22773E-1 1.6871E-1 9.10382E-2 2.50609E-2 3.60862E-2 9.1575E-2 4.39287E-1 5.68138E-1 4.37158E-1 6.65807E-1 5.58458E-1 2.22165E-1 3.25452E-2 3.69275E-2 4.29549E-2 8.34604E-2 1.97325E-1 1.67642E-1 8.99233E-2 1.42013E-1 2.9333E-1 1.27607E-1 6.29172E-2 5.06637E-2 1.95054E-1 1.08368E-1 1.19551E-1 1.0446E-1 6.89571E-2 1.18166E-1 1.68969E-1 1.00891E-1 1.42556E-1 1.35005E-1 2.40427E-1 3.95345E-1 6.66854E-1 5.80124E-1 2.19982E-1 8.28584E-2 1.1657E-1 1.21109E-1 8.18633E-2 1.89606E-1 1.6885E-1 4.84717E-2 7.69473E-2 3.8556E-2 1.60276E-1
-9999 -9999 -9999 -9999 -9999 -9999 -9999 -9999 1.47557E-1 1.4864E-1 1.25339E-1 6.71231E-2 1.04175E-1 8.24614E-2 3.7456E-1 7.25966E-1 6.43007E-1 5.2071E-1 6.12196E-1 3.49484E-1 2.38635E-1 4.47917E-2 2.68404E-2 6.69211E-2 1.41405E-1 2.16025E-1 1.43485E-1 1.00762E-1 1.46201E-1 1.90475E-1 4.27271E-2 9.37548E-2 1.86045E-2 3.45074E-1 4.31735E-1 1.59129E-1 1.01252E-1 1.54084E-1 2.08658E-1 1.78824E-1 1.02541E-1 2.87793E-1 3.33965E-1 5.42193E-1 3.90299E-1 3.96297E-1 3.46905E-1 7.9272E-2 2.41692E-1 2.63991E-1 1.3059E-1 7.824E-2 4.06113E-2 1.21039E-1 1.79058E-1 2.46854E-1 2.26268E-1 1.63644E-1
-9999 -9999 -9999 -9999 -9999 -9999 -9999 -9999 -9999 -9999 -9999 -9999 1.58789E-1 6.69895E-2 2.12488E-1 4.55303E-1 3.19132E-1 5.18331E-1 4.03408E-1 1.82737E-1 1.61321E-1 4.97057E-2 5.65872E-2 2.11169E-1 2.68113E-1 9.54346E-2 2.85318E-2 8.09162E-2 2.33045E-1 1.37556E-1 1.11587E-1 1.14306E-1 6.12639E-2 6.0892E-1 4.73285E-1 1.41836E-1 7.78693E-2 7.875E-2 1.51996E-1 1.17975E-1 8.51792E-2 1.60483E-1 2.11475E-1 2.47428E-1 1.85137E-1 2.02313E-1 1.04175E-1 4.77111E-2 1.42122E-1 1.30274E-1 2.97557E-2 4.05568E-2 4.72539E-2 9.36579E-2 4.27948E-1 4.77362E-1 2.13458E-1 1.30275E-1
-9999 -9999 -9999 -9999 -9999 -9999 -9999 -9999 -9999 -9999 -9999 -9999 -9999 1.04021E-1 2.62293E-1 3.36142E-1 6.69655E-1 7.27971E-1 5.38377E-1 3.95061E-1 1.40794E-1 4.0865E-2 4.29293E-2 1.25526E-1 1.44718E-1 2.57761E-2 2.77637E-2 4.69781E-2 8.06573E-2 1.80941E-1 1.05423E-1 1.82665E-1 3.51045E-1 2.98981E-1 2.09553E-1 9.63252E-2 6.35837E-2 1.17141E-1 3.75791E-1 3.26904E-1 7.97663E-2 3.81132E-2 9.16554E-2 7.56685E-2 2.0258E-1 3.31261E-1 1.77606E-1 6.78193E-2 7.01381E-2 5.65117E-2 9.91638E-2 4.31954E-2 6.43037E-2 3.68946E-1 5.1368E-1 3.39874E-1 2.37817E-1 2.44741E-1
-9999 -9999 -9999 -9999 -9999 -9999 -9999 -9999 -9999 -9999 -9999 -9999 1.03851E-1 1.70185E-1 1.54228E-1 6.0552E-1 7.06939E-1 6.20474E-1 5.3068E-1 6.01198E-1 2.7597E-1 3.09218E-2 4.87076E-2 6.86809E-2 3.1049E-2 8.73642E-2 9.24182E-2 2.60249E-2 9.536E-2 9.83961E-2 1.43729E-1 1.48065E-1 1.44115E-1 1.23312E-1 7.74843E-2 4.27651E-2 1.05169E-1 3.93958E-1 4.8219E-1 4.54952E-1 1.94541E-1 8.09167E-2 6.69515E-2 4.73055E-1 5.42051E-1 1.08495E-1 1.83472E-1 4.64305E-2 9.01823E-2 9.4164E-2 5.96028E-2 6.06274E-2 1.39295E-1 4.32016E-1 4.29413E-1 3.81655E-1 2.81467E-1 1.11092E-1
-9999 -9999 -9999 -9999 -9999 -9999 -9999 -9999 -9999 -9999 -9999 -9999 -9999 6.49024E-2 8.53748E-2 -9999 4.34673E-1 5.25488E-1 4.18767E-1 4.02486E-1 2.63619E-1 1.29733E-1 4.8303E-2 1.1458E-1 1.76962E-1 9.35513E-2 9.39301E-2 6.68738E-2 4.02003E-2 4.03726E-2 1.16899E-1 7.05508E-2 4.93557E-2 8.91624E-2 8.06992E-2 7.15967E-2 1.63682E-1 5.26227E-1 5.20453E-1 3.06493E-1 2.44977E-1 1.20058E-1 1.63872E-1 6.98948E-1 6.55513E-1 4.16331E-1 5.17215E-2 1.6897E-1 5.55837E-2 1.24761E-1 1.83313E-1 1.71679E-1 2.02005E-1 5.36169E-1 4.66148E-1 4.67046E-1 4.98003E-1 1.97503E-1
-9999 -9999 -9999 -9999 -9999 -9999 -9999 -9999 -9999 -9999 -9999 -9999 -9999 -9999 -9999 -9999 2.56725E-1 4.02729E-1 2.44975E-1 2.31839E-1 2.22159E-1 2.3932E-1 3.85413E-1 3.47658E-1 3.71753E-1 2.43602E-1 9.56418E-2 5.46384E-2 8.75643E-2 4.8175E-1 3.87665E-1 1.48908E-1 2.03876E-1 2.43468E-1 2.79979E-1 2.79142E-1 2.26542E-1 4.88828E-1 4.9164E-1 1.82195E-1 1.23328E-1 1.78303E-1 4.83666E-1 5.36591E-1 7.96609E-1 6.71743E-1 4.98141E-1 3.38796E-1 2.25202E-1 6.96072E-2 1.99803E-1 2.93148E-1 2.15972E-1 4.8925E-1 5.24136E-1 4.24259E-1 5.57483E-1 3.2629E-1
-9999 -9999 -9999 -9999 -9999 -9999 -9999 -9999 -9999 -9999 -9999 -9999 -9999 -9999 -9999 -9999 -9999 3.81345E-1 2.48169E-1 2.21386E-1 4.49983E-1 3.10426E-1 1.26894E-1 2.77436E-1 2.13569E-1 2.51699E-1 1.56894E-1 2.96098E-1 3.73824E-1 6.12432E-1 3.0176E-1 5.88869E-1 4.99858E-1 2.73683E-1 2.71215E-1 4.10785E-1 3.74825E-1 5.91739E-1 3.71605E-1 1.35747E-1 9.50305E-2 1.89448E-1 7.03994E-1 7.40806E-1 8.2094E-1 7.92198E-1 5.68241E-1 4.31554E-1 3.76956E-1 2.84216E-1 2.04694E-1 6.70172E-2 2.63404E-1 4.10696E-1 2.07626E-1 2.71775E-1 3.91128E-1 2.43661E-1
