Phytophthora/models/20240503_1210_48/Phytophthora_PA3_RUN7_MAXENT_outputs/Phytophthora_PA3_RUN7.asc
ncols         113
nrows         135
xllcorner     473009.9838
yllcorner     4429001.1748
cellsize      100.0
NODATA_value  -9999
[rows 26 to 51 of 135, columns 0 to 57 of 113]
-9999 -9999 -9999 -9999 -9999 -9999 -9999 -9999 -9999 -9999 7.00137E-4 1.09342E-3 2.58333E-3 2.04583E-3 2.27951E-3 2.02831E-3 7.88561E-3 1.19096E-2 9.08686E-3 1.12155E-2 1.60564E-2 7.92933E-3 5.93181E-3 3.43456E-3 4.75707E-3 5.32039E-3 5.21461E-3 3.69041E-3 1.73626E-3 5.08889E-4 1.24212E-4 3.51601E-4 1.09978E-3 1.11166E-2 9.92242E-3 8.77703E-3 1.15697E-2 7.48328E-3 3.54205E-3 2.26536E-3 4.33433E-3 8.68447E-3 1.32338E-2 -9999 -9999 -9999 -9999 -9999 -9999 -9999 -9999 -9999 -9999 -9999 -9999 -9999 -9999 -9999
-9999 -9999 -9999 -9999 -9999 -9999 -9999 -9999 -9999 -9999 8.36239E-5 5.85815E-4 5.59291E-4 1.12911E-3 1.70734E-3 1.59186E-3 4.64603E-3 8.76022E-3 2.26777E-2 2.42831E-2 6.07354E-3 6.09307E-3 6.54611E-3 5.20626E-3 4.85564E-3 3.43716E-3 5.06726E-3 4.04485E-3 1.39254E-3 2.67769E-4 2.29025E-4 7.76905E-4 4.68989E-3 1.06884E-2 7.6832E-3 4.38825E-3 1.26808E-2 1.14756E-2 4.24665E-3 2.19167E-3 2.99801E-3 5.58942E-3 9.0222E-3 1.24069E-2 1.13859E-2 2.73818E-2 2.47094E-2 -9999 -9999 -9999 -9999 -9999 -9999 -9999 -9999 -9999 -9999 -9999
-9999 -9999 -9999 -9999 -9999 -9999 -9999 -9999 8.36604E-10 2.25462E-7 2.80618E-5 4.06047E-4 3.37086E-4 4.27868E-4 8.81526E-4 1.07795E-3 4.77761E-3 1.03461E-2 1.08165E-2 1.97971E-2 7.28933E-3 9.44579E-3 6.90982E-3 5.61989E-3 5.22253E-3 6.4177E-3 4.68678E-3 3.90355E-3 1.85473E-3 2.43957E-4 2.28579E-4 6.76902E-4 2.1349E-3 4.38503E-3 1.34472E-3 1.6564E-3 4.08922E-3 6.58418E-3 8.09325E-3 3.9468E-3 2.71802E-3 5.22323E-4 1.58664E-3 4.92471E-3 7.56718E-3 1.78712E-2 4.01391E-2 -9999 -9999 -9999 -9999 -9999 -9999 -9999 -9999 -9999 -9999 -9999
-9999 -9999 -9999 -9999 -9999 -9999 6.34573E-9 6.0419E-9 2.95475E-8 2.18457E-6 1.96347E-4 1.32887E-3 1.97857E-3 1.73195E-3 1.27648E-3 1.95764E-3 5.38983E-3 4.5406E-3 6.18236E-3 9.06228E-3 8.8945E-3 1.0313E-2 1.4252E-2 1.54096E-2 2.02796E-2 6.57292E-3 4.14428E-3 1.35504E-3 5.81964E-4 3.20663E-4 5.33931E-4 6.1245E-4 1.60423E-3 2.84026E-3 7.32724E-4 4.14712E-4 4.52718E-4 7.69252E-4 3.47833E-3 6.28443E-3 3.72296E-3 5.99567E-4 1.69823E-3 6.77385E-3 6.26935E-3 1.27873E-2 3.34658E-2 -9999 -9999 -9999 -9999 -9999 -9999 -9999 -9999 -9999 -9999 -9999
-9999 -9999 -9999 -9999 -9999 -9999 4.01413E-7 3.46169E-6 9.398E-6 8.90961E-5 9.01233E-4 3.2717E-3 5.01188E-3 8.18909E-3 5.80596E-3 5.20158E-3 7.23094E-3 5.17341E-3 5.87936E-3 4.42464E-3 6.43855E-3 6.40815E-3 1.62866E-2 2.12726E-2 1.19725E-2 6.43336E-3 4.17692E-3 1.30157E-3 4.28143E-4 2.4233E-4 9.59737E-4 1.13682E-3 1.71561E-3 1.63148E-3 9.4216E-4 6.08905E-4 2.85612E-3 3.52612E-3 4.83982E-3 5.77914E-3 5.74558E-3 1.88648E-3 3.70676E-3 6.73881E-3 5.5375E-3 2.53531E-2 6.9692E-2 4.78615E-2 -9999 -9999 -9999 -9999 -9999 -9999 -9999 -9999 -9999 -9999
-9999 -9999 -9999 -9999 -9999 -9999 2.57116E-6 1.15017E-4 3.43004E-4 8.73168E-4 3.2955E-4 7.7499E-4 7.54613E-3 1.62377E-2 2.09227E-2 1.27904E-2 8.93853E-3 4.8249E-3 3.34407E-3 3.13075E-3 5.95353E-3 6.70271E-3 7.82639E-3 1.9382E-2 1.02399E-2 1.87115E-3 7.78336E-4 2.01389E-3 1.49639E-3 5.37823E-4 1.08556E-3 2.54189E-3 3.48203E-3 1.05765E-3 1.19344E-3 1.82008E-3 3.55071E-3 1.34878E-2 1.50605E-2 9.3007E-3 8.93398E-3 4.95996E-3 1.95844E-3 4.5619E-3 5.84956E-3 2.0468E-2 7.53536E-2 5.87935E-2 7.879E-2 -9999 -9999 -9999 -9999 -9999 -9999 -9999 -9999 -9999
-9999 -9999 -9999 -9999 -9999 1.9493E-6 3.85915E-5 2.19313E-4 1.06745E-3 6.67091E-4 3.37359E-4 1.1046E-3 8.30916E-3 1.91383E-2 1.54535E-2 7.55405E-3 8.04656E-3 3.50734E-3 1.8107E-3 1.77408E-3 3.08644E-3 7.73265E-3 1.3664E-2 1.75321E-2 3.7675E-3 5.70304E-4 1.48159E-4 2.61479E-4 4.9871E-4 4.30884E-4 6.64272E-4 2.08438E-3 1.94478E-3 8.86941E-4 1.6653E-3 2.51968E-3 4.30304E-3 1.174E-2 1.91851E-2 2.52458E-3 2.10957E-3 1.64035E-3 9.4601E-4 4.13984E-3 1.86311E-2 6.70788E-3 3.65602E-2 5.7213E-2 6.99697E-2 9.47669E-2 1.1193E-1 -9999 -9999 -9999 -9999 -9999 -9999 -9999
-9999 -9999 -9999 -9999 3.59847E-9 3.26882E-7 7.42741E-5 2.26572E-4 9.86264E-4 9.82396E-4 5.77055E-4 3.14475E-3 1.01905E-2 1.90561E-2 1.16374E-2 5.74434E-3 3.07209E-3 1.99229E-3 1.58016E-3 1.57484E-3 2.51736E-3 7.29878E-3 9.39109E-3 8.99611E-3 4.55052E-3 8.02522E-4 1.54889E-4 1.21553E-4 9.01546E-5 1.64223E-4 8.02717E-4 1.95481E-3 3.13179E-3 2.8103E-3 3.45531E-3 3.81548E-3 3.79042E-3 1.05713E-2 5.37656E-3 2.33554E-3 1.58766E-3 1.41934E-3 1.9503E-3 5.57553E-3 3.37271E-2 2.34131E-2 5.24849E-3 5.39292E-2 6.53498E-2 6.72852E-2 6.27044E-2 1.02106E-1 1.00446E-1 -9999 -9999 -9999 -9999 -9999
-9999 -9999 -9999 -9999 4.2769E-9 1.00313E-6 4.04935E-5 1.21559E-4 7.4412E-4 1.01464E-3 7.23607E-4 1.20081E-3 5.10729E-3 1.73887E-2 4.15731E-3 3.17142E-3 1.64149E-3 1.2088E-3 1.749E-3 2.21617E-3 2.80498E-3 3.15341E-3 3.93154E-3 5.11968E-3 4.87773E-3 9.63131E-4 1.30221E-4 2.42978E-4 9.32747E-5 1.24351E-4 1.11014E-3 2.09249E-3 1.94585E-3 2.65748E-3 6.39894E-3 6.05659E-3 5.89961E-3 1.06999E-2 3.94554E-3 3.50996E-3 5.12973E-3 7.60087E-3 3.95047E-3 6.41594E-3 2.84348E-2 3.1551E-2 3.25351E-2 1.38173E-2 2.20929E-2 4.03834E-2 8.97644E-3 3.39903E-2 1.26905E-1 -9999 -9999 -9999 -9999 -9999
-9999 -9999 -9999 -9999 -9999 -9999 -9999 -9999 1.11137E-3 5.59762E-4 4.39583E-3 6.57121E-3 5.43798E-3 5.64316E-3 3.37831E-3 1.8854E-3 1.42544E-3 1.11429E-3 9.1936E-4 9.5626E-4 1.04857E-3 1.31362E-3 2.07567E-3 3.05112E-3 1.48732E-3 5.90434E-4 7.9555E-5 1.07123E-4 6.3027E-5 1.11953E-4 1.13999E-3 1.90969E-3 1.02501E-3 1.41419E-3 2.19841E-3 2.03672E-3 3.50046E-3 3.27459E-3 2.17911E-3 2.88545E-3 6.07668E-3 4.23202E-3 1.30731E-3 3.41465E-3 1.17645E-2 3.23499E-2 5.84537E-2 4.80761E-2 3.28746E-3 1.33329E-2 1.52669E-2 3.23027E-2 8.911E-2 2.15984E-1 -9999 -9999 -9999 -9999
-9999 -9999 -9999 -9999 -9999 -9999 -9999 -9999 -9999 -9999 4.0376E-3 5.76426E-3 3.00767E-3 2.02195E-3 1.97229E-3 1.54067E-3 1.37839E-3 1.49463E-3 1.20724E-3 5.48565E-4 1.17514E-3 1.43737E-3 1.58267E-3 1.7208E-3 1.19702E-3 8.38343E-4 2.35361E-4 3.12556E-4 1.59542E-4 1.93038E-4 1.51701E-3 2.44391E-3 7.94692E-4 1.17175E-3 4.19107E-3 2.49226E-3 4.87472E-3 7.48425E-3 4.73011E-3 3.53428E-3 5.02895E-3 5.3244E-3 8.32029E-3 2.08071E-2 9.52503E-3 2.26188E-2 6.69222E-2 5.7516E-2 4.72879E-2 4.91379E-2 1.75337E-2 6.05203E-2 1.78266E-1 2.27464E-1 -9999 -9999 -9999 -9999
-9999 -9999 -9999 -9999 -9999 -9999 -9999 -9999 -9999 -9999 -9999 4.669E-3 1.67761E-3 1.38359E-3 1.04556E-3 1.33169E-3 1.56011E-3 1.25905E-3 9.83933E-4 4.88111E-4 1.12003E-3 7.87505E-4 2.013E-3 2.42782E-3 4.46214E-3 3.27234E-3 1.05158E-3 1.49042E-3 1.15086E-3 1.21591E-3 1.22199E-3 6.253E-4 8.74263E-4 2.06221E-3 1.63175E-2 1.37555E-2 1.1685E-2 1.51549E-2 1.64268E-2 1.05243E-2 1.1624E-2 1.28761E-2 2.83702E-2 2.69319E-2 1.64764E-2 2.59036E-2 6.28031E-2 9.08235E-2 3.90189E-2 3.51548E-2 2.11203E-2 5.56003E-2 2.58271E-1 2.62404E-1 2.59828E-1 -9999 -9999 -9999
-9999 -9999 -9999 -9999 -9999 -9999 -9999 -9999 -9999 -9999 -9999 -9999 1.10048E-3 1.31029E-3 1.26484E-3 7.29352E-4 4.45312E-4 3.02915E-4 5.70195E-4 1.24486E-3 1.68225E-3 3.604E-3 7.21812E-3 5.27191E-3 4.11579E-3 3.93263E-3 2.10047E-3 5.49546E-3 5.90143E-3 1.79539E-3 3.43147E-4 3.80139E-4 1.74198E-3 5.66965E-3 1.9027E-2 2.42737E-2 2.57842E-2 2.65288E-2 1.64573E-2 1.88249E-2 3.55547E-2 3.97528E-2 4.3116E-2 2.29173E-2 8.21351E-2 4.21748E-2 1.0379E-1 1.49839E-1 2.97533E-1 2.05872E-1 1.8773E-1 8.43169E-2 3.38167E-1 3.13743E-1 2.58227E-1 1.56554E-1 1.00262E-1 -9999
-9999 -9999 -9999 -9999 -9999 -9999 -9999 -9999 -9999 -9999 -9999 -9999 -9999 -9999 6.39276E-4 1.57238E-4 2.01888E-4 3.14595E-4 1.00758E-3 3.09083E-3 2.06729E-3 2.89922E-3 5.73845E-3 4.19404E-3 5.52042E-3 9.03742E-3 9.33469E-3 9.32893E-3 2.68461E-3 4.94569E-3 2.30474E-3 5.5785E-4 2.05323E-3 5.58881E-3 1.18E-2 4.33763E-2 5.85155E-2 4.1491E-2 2.82933E-2 2.12325E-2 1.18334E-2 2.92364E-2 3.58801E-3 3.83E-2 9.65746E-2 6.25557E-2 1.35235E-1 3.44934E-1 3.36313E-1 2.81132E-1 3.80218E-1 2.76612E-1 2.3442E-1 3.69946E-1 3.46496E-1 2.27922E-1 2.68965E-1 -9999
-9999 -9999 -9999 -9999 -9999 -9999 -9999 -9999 -9999 -9999 -9999 -9999 -9999 -9999 -9999 2.13107E-5 1.19596E-4 1.3542E-3 3.2902E-3 6.09622E-3 3.30955E-3 4.80595E-4 1.0225E-3 2.84649E-3 3.85243E-3 2.52504E-3 2.25046E-3 1.1839E-2 1.21451E-2 2.98739E-3 4.07928E-3 4.55241E-4 3.23061E-4 1.86476E-3 2.87601E-3 1.36351E-2 2.4579E-2 1.54644E-2 1.49889E-2 1.92006E-2 3.80274E-3 2.26274E-3 3.198E-3 1.80867E-2 4.14846E-2 6.06087E-2 1.17958E-1 2.68965E-1 3.52334E-1 1.67286E-1 1.77956E-1 2.9625E-1 1.98899E-1 1.00515E-1 3.88484E-1 8.25559E-2 2.52725E-1 6.80055E-2
-9999 -9999 -9999 -9999 -9999 -9999 -9999 -9999 -9999 -9999 -9999 -9999 -9999 -9999 -9999 -9999 4.66991E-4 7.07165E-4 3.66708E-3 4.19552E-3 1.14634E-3 4.502E-4 7.05388E-4 2.55286E-3 1.76121E-3 1.55463E-3 1.97459E-3 3.26565E-3 7.81281E-3 7.32103E-4 3.59083E-3 2.92854E-3 3.59324E-4 5.90443E-4 2.45061E-3 4.73284E-3 8.24431E-3 1.35894E-2 3.11683E-2 2.89067E-2 1.50831E-2 2.55413E-3 9.08389E-3 1.13345E-2 3.56457E-2 9.20707E-2 1.10727E-1 1.93834E-1 1.43811E-1 1.79426E-1 2.13963E-1 3.17447E-1 1.15511E-1 4.98537E-2 8.35243E-2 7.09175E-2 8.38312E-2 4.36158E-2
-9999 -9999 -9999 -9999 -9999 -9999 -9999 -9999 -9999 -9999 -9999 -9999 -9999 -9999 -9999 -9999 4.12558E-3 6.95214E-3 8.8795E-3 3.84516E-3 7.11456E-4 4.74357E-4 9.7255E-4 5.57047E-3 6.70995E-3 4.29974E-3 2.5477E-3 4.93956E-3 4.68683E-3 1.58814E-3 3.55509E-3 4.46393E-3 6.3295E-4 4.63339E-4 3.7963E-3 1.28828E-2 2.23906E-2 3.38583E-2 7.62783E-2 7.88598E-2 6.30877E-2 4.8758E-3 1.73781E-2 5.16625E-2 4.01398E-2 7.70179E-2 9.06557E-2 1.33475E-1 1.12222E-1 1.53626E-1 3.61939E-1 2.83587E-1 1.07975E-1 2.21619E-1 2.09382E-1 2.21243E-1 1.79632E-1 2.03346E-1
-9999 -9999 -9999 -9999 -9999 -9999 -9999 -9999 -9999 -9999 -9999 -9999 -9999 -9999 -9999 -9999 3.88948E-3 8.05336E-3 2.90763E-3 2.43483E-3 1.24831E-3 2.34279E-3 4.62014E-3 1.88516E-3 4.24058E-3 3.82303E-3 3.59216E-3 7.19677E-3 6.18311E-3 4.97555E-3 3.24845E-3 3.25566E-3 2.72925E-3 1.16397E-3 3.2633E-3 1.2797E-2 3.74064E-2 5.36687E-2 9.66401E-2 9.95964E-2 6.77599E-2 3.28246E-2 6.28062E-2 7.12126E-2 4.80811E-2 6.51016E-2 1.01852E-1 1.70536E-1 2.49334E-1 2.19391E-1 4.47527E-1 2.60338E-1 9.2586E-2 2.12966E-1 1.83992E-1 4.46925E-1 3.14411E-1 3.1335E-1
-9999 -9999 -9999 -9999 -9999 -9999 -9999 -9999 -9999 -9999 -9999 -9999 -9999 -9999 -9999 -9999 8.89828E-3 8.73974E-3 1.05833E-2 7.83879E-3 1.16385E-2 5.94339E-3 9.80935E-3 2.90396E-3 1.14786E-3 6.62807E-4 3.02781E-3 5.89588E-3 4.06933E-3 3.15001E-3 5.17166E-3 6.25249E-3 1.16374E-2 6.87165E-3 7.02441E-3 1.645E-2 4.39555E-2 1.00735E-1 1.2992E-1 8.17893E-2 6.16703E-2 1.22742E-1 1.8818E-1 6.17774E-2 3.40625E-2 5.58834E-2 1.45955E-1 1.59907E-1 1.12834E-1 9.35575E-2 5.11826E-1 2.71339E-1 8.76696E-2 2.16362E-1 2.21383E-1 2.59258E-1 2.57258E-1 2.44421E-1
-9999 -9999 -9999 -9999 -9999 -9999 -9999 -9999 -9999 1.48995E-6 1.29089E-3 3.81065E-3 5.25121E-5 4.19932E-7 2.37083E-5 1.1115E-3 1.0798E-2 1.19468E-2 1.05278E-2 4.11669E-3 1.65482E-2 1.06629E-2 1.8184E-2 9.51753E-3 2.70051E-3 2.95862E-4 1.18473E-3 2.22121E-3 2.58758E-3 7.36489E-4 5.99535E-3 1.19084E-2 1.55327E-2 1.42773E-2 9.33437E-3 2.50345E-2 4.45831E-2 5.92443E-2 1.53987E-1 1.18089E-1 3.29779E-2 1.28085E-1 1.59466E-1 2.63174E-2 4.4082E-2 -9999 -9999 1.30002E-1 2.58543E-2 3.56273E-2 3.82498E-1 4.76482E-1 2.50821E-1 1.03813E-1 3.23007E-1 2.69654E-1 1.45984E-1 1.10181E-1
-9999 -9999 -9999 -9999 -9999 -9999 -9999 7.00124E-8 8.47319E-8 9.38608E-6 9.72302E-4 3.67364E-3 1.03397E-4 3.2283E-6 4.73133E-5 1.08496E-3 9.43438E-3 8.60938E-3 3.62983E-3 4.32409E-3 1.50721E-2 2.01472E-2 2.23504E-2 1.45925E-2 6.17371E-3 2.85131E-4 1.03977E-3 1.22113E-3 1.61494E-4 1.86577E-4 5.93402E-3 1.37725E-2 7.84258E-3 1.25003E-2 1.20972E-2 3.87253E-2 8.10552E-2 8.05996E-2 1.31848E-1 1.17093E-1 5.59105E-2 1.50233E-1 4.91285E-2 2.39272E-2 3.53155E-2 -9999 -9999 2.15658E-1 7.25509E-2 5.50723E-2 2.63406E-1 4.25896E-1 4.26472E-2 4.76909E-2 1.8891E-1 5.03999E-2 4.73462E-2 1.4251E-1
-9999 -9999 -9999 -9999 -9999 2.58918E-6 7.80162E-6 1.59145E-5 2.58913E-5 2.18404E-4 1.86056E-3 6.73097E-3 8.65681E-4 1.18622E-4 8.33565E-4 4.15379E-3 1.47242E-2 7.10986E-3 1.67508E-3 5.96151E-3 1.81625E-2 2.0113E-2 1.85017E-2 1.20441E-2 3.28084E-3 6.55642E-4 1.95092E-3 6.82281E-3 1.38819E-3 4.53471E-4 3.28746E-3 9.31319E-3 8.68408E-3 2.03185E-2 2.23245E-2 7.62644E-2 8.09411E-2 5.83399E-2 6.29755E-2 4.88582E-2 5.18713E-2 6.39999E-2 2.15654E-2 2.01046E-2 5.23053E-2 -9999 -9999 1.88997E-1 1.41079E-1 -9999 -9999 4.7703E-2 2.45465E-2 2.63077E-2 9.193E-2 6.65215E-2 1.04641E-1 1.85006E-1
-9999 -9999 -9999 -9999 -9999 4.03839E-4 1.36231E-3 3.10387E-3 4.89881E-3 4.74E-3 4.84136E-3 1.35278E-2 7.97272E-3 9.97071E-3 1.2129E-2 1.97668E-2 2.69873E-2 6.80422E-3 2.06222E-3 1.03661E-2 2.17774E-2 1.61162E-2 3.89944E-3 1.2063E-2 3.71412E-3 1.1706E-3 2.32889E-3 4.2645E-3 9.86836E-4 8.25427E-4 3.12729E-3 3.32453E-3 2.98012E-3 3.78212E-3 1.65444E-2 7.08109E-2 8.69469E-2 4.43272E-2 3.71334E-2 9.47027E-3 2.13074E-2 5.98625E-2 1.94741E-2 5.05059E-2 6.23976E-2 1.88039E-2 -9999 -9999 -9999 -9999 -9999 1.78114E-1 5.29867E-2 1.0643E-1 2.20218E-1 5.20706E-1 2.70615E-1 2.32432E-1
-9999 -9999 -9999 -9999 -9999 2.41488E-3 9.64684E-3 2.87764E-2 4.02465E-2 3.08514E-2 2.17559E-2 1.8411E-2 1.99667E-2 2.30416E-2 1.68725E-2 3.133E-2 3.67734E-2 2.22876E-2 6.34835E-3 1.37549E-2 7.94774E-3 3.68196E-3 7.13924E-3 6.6769E-3 3.89554E-3 3.10394E-3 1.18239E-2 1.91936E-2 7.44375E-3 7.18289E-3 9.32388E-3 7.22568E-3 7.70346E-3 6.61878E-3 4.96468E-3 4.77061E-2 6.85569E-2 4.71E-2 4.40783E-2 1.61339E-2 1.08243E-2 6.53473E-2 5.73751E-2 7.56861E-2 1.54313E-1 5.90165E-2 -9999 -9999 -9999 -9999 2.51829E-1 1.68252E-1 2.6275E-1 1.9037E-1 4.60306E-1 2.20498E-1 3.77971E-1 2.50796E-1
-9999 -9999 -9999 -9999 -9999 3.5167E-3 1.00911E-2 3.83831E-2 6.4822E-2 5.79707E-2 2.5159E-2 1.43337E-2 1.21824E-2 1.6244E-2 1.4162E-2 2.16504E-2 3.71242E-2 1.10966E-2 6.7006E-3 1.3682E-2 8.14703E-3 6.82522E-3 9.11291E-3 3.84791E-3 3.59027E-3 3.09623E-3 1.5919E-2 1.79313E-2 1.16731E-2 2.56995E-2 2.64331E-2 1.87704E-2 2.27158E-2 2.39622E-2 1.2827E-2 3.85488E-2 6.79394E-2 4.83783E-2 5.4422E-2 6.89716E-3 1.5578E-2 3.00502E-2 6.99009E-2 1.52955E-1 1.3695E-1 8.91784E-2 8.23774E-2 -9999 -9999 1.13101E-1 2.20572E-1 3.03606E-1 3.19978E-1 3.29956E-1 2.87073E-1 9.80426E-2 2.45547E-1 1.93028E-1
-9999 -9999 -9999 -9999 -9999 7.00891E-3 1.77171E-2 4.66581E-2 7.18749E-2 3.27384E-2 1.32182E-2 5.23269E-3 5.41505E-3 7.66572E-3 2.02803E-2 2.30145E-2 1.32847E-2 3.02247E-3 3.35442E-3 5.36255E-3 3.34709E-3 2.07734E-3 3.00367E-3 5.16081E-3 2.65069E-3 1.50148E-3 2.84691E-3 1.13756E-2 5.791E-3 1.20374E-2 2.5586E-2 3.03434E-2 4.68245E-2 9.92693E-3 3.62852E-2 6.31411E-2 5.81067E-2 4.46478E-2 5.95969E-3 5.38277E-2 4.9371E-2 3.7081E-2 7.25585E-2 7.78698E-2 2.09215E-2 1.9125E-2 5.86325E-2 -9999 3.07659E-1 1.05E-1 5.50411E-2 2.50437E-1 4.25589E-1 3.39944E-1 7.56005E-2 2.63886E-1 9.23409E-2 4.37798E-1
