Phytophthora/models/20240503_1134_59/Phytophthora_PA1_RUN9_MAXENT_outputs/Phytophthora_PA1_RUN9.asc
ncols         113
nrows         135
xllcorner     473009.9838
yllcorner     4429001.1748
cellsize      100.0
NODATA_value  -9999
[rows 26 to 51 of 135, columns 0 to 57 of 113]
-9999 -9999 -9999 -9999 -9999 -9999 -9999 -9999 -9999 -9999 4.62313E-3 4.89266E-3 1.2809E-2 1.14445E-2 1.31094E-2 1.10098E-2 4.31798E-2 5.52118E-2 8.38992E-2 8.39673E-2 6.16067E-2 2.4481E-2 2.78654E-2 2.29232E-2 3.36905E-2 3.99133E-2 3.48656E-2 3.18989E-2 1.6182E-2 3.67839E-3 7.12453E-4 1.4293E-3 4.75091E-3 6.21845E-2 4.71055E-2 3.73674E-2 6.3005E-2 3.09239E-2 1.25236E-2 5.54776E-3 1.13856E-2 2.32798E-2 3.57059E-2 -9999 -9999 -9999 -9999 -9999 -9999 -9999 -9999 -9999 -9999 -9999 -9999 -9999 -9999 -9999
-9999 -9999 -9999 -9999 -9999 -9999 -9999 -9999 -9999 -9999 8.77956E-4 2.07963E-3 3.9575E-3 4.9373E-3 6.29214E-3 6.37439E-3 2.457E-2 4.69379E-2 1.14334E-1 1.17192E-1 2.95496E-2 2.82006E-2 3.41819E-2 4.11566E-2 4.319E-2 3.11241E-2 5.07836E-2 4.78344E-2 1.98688E-2 2.99568E-3 1.74137E-3 3.94429E-3 2.48515E-2 5.2462E-2 2.85203E-2 1.58492E-2 5.35823E-2 4.50542E-2 1.64934E-2 6.75796E-3 8.41312E-3 2.25244E-2 2.79643E-2 2.71188E-2 3.71085E-2 4.62537E-2 4.88628E-2 -9999 -9999 -9999 -9999 -9999 -9999 -9999 -9999 -9999 -9999 -9999
-9999 -9999 -9999 -9999 -9999 -9999 -9999 -9999 1.21518E-9 8.8275E-6 9.44704E-4 1.95116E-3 1.0553E-3 1.05149E-3 2.43446E-3 5.06983E-3 1.1715E-2 2.96057E-2 3.92283E-2 7.12921E-2 2.50799E-2 4.0777E-2 4.59234E-2 5.13618E-2 4.94216E-2 5.82182E-2 5.7687E-2 5.23019E-2 2.82618E-2 3.93667E-3 2.15051E-3 3.697E-3 9.77376E-3 1.87215E-2 5.23996E-3 5.14573E-3 9.86628E-3 3.47049E-2 4.17588E-2 1.45156E-2 8.93653E-3 2.40195E-3 6.67794E-3 1.11389E-2 1.97159E-2 3.84831E-2 7.03248E-2 -9999 -9999 -9999 -9999 -9999 -9999 -9999 -9999 -9999 -9999 -9999
-9999 -9999 -9999 -9999 -9999 -9999 4.8064E-7 4.22909E-7 1.20038E-6 1.48218E-4 6.05211E-3 5.08964E-3 6.68848E-3 4.01396E-3 2.54046E-3 4.28253E-3 1.49594E-2 1.28413E-2 2.01751E-2 3.73534E-2 3.9614E-2 5.18866E-2 1.14731E-1 1.38488E-1 1.978E-1 7.70575E-2 5.81376E-2 2.02853E-2 9.46755E-3 6.41718E-3 6.25095E-3 4.73102E-3 8.96086E-3 1.30076E-2 2.99844E-3 1.4339E-3 1.49396E-3 2.71967E-3 1.75388E-2 2.62647E-2 1.15152E-2 2.04484E-3 5.62577E-3 1.81347E-2 1.67206E-2 3.56482E-2 6.316E-2 -9999 -9999 -9999 -9999 -9999 -9999 -9999 -9999 -9999 -9999 -9999
-9999 -9999 -9999 -9999 -9999 -9999 1.94715E-5 1.72441E-4 4.68315E-4 2.16015E-3 1.0211E-2 1.07022E-2 1.4508E-2 2.32758E-2 1.62775E-2 1.44617E-2 2.23735E-2 1.62993E-2 2.0084E-2 1.82355E-2 3.36639E-2 4.22127E-2 1.28943E-1 1.81048E-1 1.29933E-1 9.0268E-2 6.92073E-2 2.08176E-2 7.90885E-3 4.91844E-3 1.56832E-2 1.09021E-2 1.40312E-2 1.18784E-2 4.81226E-3 2.53522E-3 1.13942E-2 1.48027E-2 2.19363E-2 3.43937E-2 2.25721E-2 5.58663E-3 1.46014E-2 2.95845E-2 1.66063E-2 5.44988E-2 1.24594E-1 9.24098E-2 -9999 -9999 -9999 -9999 -9999 -9999 -9999 -9999 -9999 -9999
-9999 -9999 -9999 -9999 -9999 -9999 1.77955E-5 4.87162E-4 1.47256E-3 3.06626E-3 1.06056E-3 2.10714E-3 2.52956E-2 5.06789E-2 6.15227E-2 4.6606E-2 3.50123E-2 1.65578E-2 1.09375E-2 1.33615E-2 3.46053E-2 4.98424E-2 6.60526E-2 1.62937E-1 1.27232E-1 2.38136E-2 1.43459E-2 5.00247E-2 3.9565E-2 1.40283E-2 1.75164E-2 2.76523E-2 2.94303E-2 7.34058E-3 8.10348E-3 8.78971E-3 1.80346E-2 5.4933E-2 7.38496E-2 3.80484E-2 3.70488E-2 2.1093E-2 5.73366E-3 2.03466E-2 1.9049E-2 4.57612E-2 1.24649E-1 1.37716E-1 1.92122E-1 -9999 -9999 -9999 -9999 -9999 -9999 -9999 -9999 -9999
-9999 -9999 -9999 -9999 -9999 6.72875E-5 2.65357E-4 6.85695E-4 4.14745E-3 2.22462E-3 1.21571E-3 2.21274E-3 1.91254E-2 5.50838E-2 5.5017E-2 2.99585E-2 3.65665E-2 1.47577E-2 7.66123E-3 7.90437E-3 1.7754E-2 7.30963E-2 1.38206E-1 2.02129E-1 4.967E-2 1.03949E-2 3.26593E-3 5.82439E-3 9.52802E-3 7.78692E-3 9.58078E-3 2.30731E-2 1.77616E-2 6.39396E-3 1.10367E-2 1.48558E-2 2.303E-2 5.95795E-2 9.28515E-2 1.06913E-2 1.36432E-2 6.32833E-3 4.04975E-3 1.61095E-2 6.10863E-2 3.26353E-2 6.55555E-2 1.23618E-1 1.65509E-1 2.3535E-1 2.68453E-1 -9999 -9999 -9999 -9999 -9999 -9999 -9999
-9999 -9999 -9999 -9999 9.46724E-7 3.03834E-5 2.07706E-4 5.02082E-4 2.28484E-3 2.28467E-3 1.54492E-3 4.33359E-3 2.12292E-2 5.67359E-2 4.60825E-2 2.68137E-2 1.58293E-2 1.14417E-2 8.21953E-3 9.85789E-3 1.97207E-2 5.75379E-2 8.66464E-2 9.9069E-2 6.93813E-2 1.70134E-2 3.8244E-3 1.98758E-3 9.55999E-4 2.07087E-3 8.0322E-3 1.94928E-2 2.37169E-2 1.57278E-2 2.14971E-2 2.39136E-2 2.24528E-2 5.83145E-2 2.34401E-2 1.03582E-2 8.97613E-3 5.62038E-3 7.70569E-3 2.19583E-2 1.02639E-1 4.4729E-2 2.0817E-2 1.01595E-1 1.41821E-1 1.47816E-1 1.65194E-1 2.21542E-1 1.85249E-1 -9999 -9999 -9999 -9999 -9999
-9999 -9999 -9999 -9999 8.5347E-7 1.05856E-4 1.96251E-4 2.76498E-4 1.3404E-3 2.18977E-3 1.77575E-3 3.62777E-3 1.57575E-2 5.69483E-2 1.73214E-2 1.5649E-2 9.00147E-3 7.02768E-3 1.10473E-2 1.04806E-2 2.03486E-2 2.74488E-2 4.62838E-2 7.10098E-2 7.82428E-2 2.2691E-2 3.4538E-3 5.14344E-3 1.00174E-3 1.49425E-3 1.3285E-2 2.30757E-2 1.44401E-2 1.43895E-2 3.30438E-2 3.13121E-2 2.55978E-2 5.98113E-2 2.07459E-2 1.99664E-2 3.56014E-2 3.70856E-2 1.8315E-2 2.86101E-2 8.34255E-2 7.15627E-2 7.11044E-2 3.9361E-2 4.90839E-2 8.03934E-2 1.79277E-2 7.43025E-2 2.09648E-1 -9999 -9999 -9999 -9999 -9999
-9999 -9999 -9999 -9999 -9999 -9999 -9999 -9999 2.80568E-3 1.32334E-3 1.15167E-2 1.81329E-2 1.57042E-2 2.30681E-2 1.33582E-2 8.77873E-3 8.95579E-3 7.85312E-3 6.70948E-3 6.93335E-3 7.52007E-3 1.09813E-2 2.23078E-2 2.81825E-2 2.85525E-2 1.57662E-2 2.29841E-3 2.67068E-3 6.71947E-4 1.22251E-3 1.39658E-2 2.03898E-2 7.04318E-3 7.2176E-3 1.09519E-2 9.29831E-3 1.56825E-2 1.54341E-2 9.95446E-3 1.38957E-2 2.49041E-2 1.89724E-2 7.16471E-3 1.64623E-2 4.1874E-2 9.34499E-2 1.09191E-1 1.1935E-1 1.80949E-2 3.7951E-2 3.01263E-2 5.53266E-2 1.5436E-1 3.47316E-1 -9999 -9999 -9999 -9999
-9999 -9999 -9999 -9999 -9999 -9999 -9999 -9999 -9999 -9999 9.72949E-3 1.45525E-2 9.97068E-3 5.6487E-3 7.80228E-3 9.11084E-3 9.34732E-3 1.1941E-2 9.98338E-3 4.38953E-3 9.90895E-3 1.18868E-2 1.48262E-2 2.04548E-2 2.36217E-2 2.3468E-2 5.36178E-3 5.65455E-3 1.40718E-3 1.70906E-3 1.64531E-2 2.85052E-2 4.73103E-3 5.57827E-3 2.11336E-2 1.08005E-2 2.37459E-2 3.46071E-2 1.90042E-2 2.06524E-2 1.74656E-2 2.22648E-2 3.41942E-2 8.92763E-2 3.41525E-2 6.32767E-2 1.33955E-1 8.74837E-2 7.56043E-2 1.23236E-1 7.26328E-2 9.16089E-2 2.66248E-1 3.54818E-1 -9999 -9999 -9999 -9999
-9999 -9999 -9999 -9999 -9999 -9999 -9999 -9999 -9999 -9999 -9999 1.50569E-2 5.82912E-3 4.3298E-3 4.88556E-3 8.62121E-3 9.01686E-3 7.7657E-3 6.21615E-3 3.4586E-3 8.9908E-3 6.54675E-3 2.24226E-2 3.16888E-2 6.47558E-2 4.20325E-2 1.67102E-2 1.72144E-2 7.00822E-3 8.02069E-3 9.41907E-3 5.3036E-3 5.29943E-3 1.03066E-2 6.54568E-2 4.75154E-2 3.48903E-2 4.08228E-2 3.61993E-2 4.8271E-2 3.57395E-2 3.68573E-2 8.56229E-2 8.94231E-2 4.66715E-2 5.84009E-2 1.32859E-1 1.79132E-1 5.84839E-2 4.59804E-2 9.12321E-2 7.04082E-2 2.54271E-1 3.02483E-1 3.27079E-1 -9999 -9999 -9999
-9999 -9999 -9999 -9999 -9999 -9999 -9999 -9999 -9999 -9999 -9999 -9999 4.51701E-3 5.78556E-3 5.93633E-3 3.325E-3 1.77999E-3 1.36803E-3 3.10561E-3 7.45366E-3 1.12933E-2 2.78103E-2 7.25526E-2 5.90755E-2 4.34519E-2 4.58292E-2 1.58965E-2 3.76559E-2 2.6174E-2 9.30396E-3 1.79575E-3 2.25974E-3 9.1201E-3 3.4702E-2 7.99651E-2 6.32852E-2 5.11732E-2 3.54147E-2 1.61429E-2 4.22677E-2 6.38545E-2 6.63845E-2 8.20421E-2 4.84466E-2 1.45715E-1 6.88782E-2 1.49466E-1 1.96688E-1 3.17634E-1 2.02666E-1 1.70119E-1 1.86423E-1 2.69343E-1 2.79685E-1 2.99704E-1 1.72205E-1 1.24961E-1 -9999
-9999 -9999 -9999 -9999 -9999 -9999 -9999 -9999 -9999 -9999 -9999 -9999 -9999 -9999 2.71603E-3 9.17307E-4 1.08137E-3 1.20803E-3 4.34264E-3 1.44251E-2 1.21755E-2 1.85116E-2 4.29618E-2 2.75084E-2 4.1645E-2 6.49058E-2 4.68038E-2 4.23415E-2 7.54024E-3 1.73789E-2 7.37171E-3 1.97523E-3 7.06049E-3 2.40151E-2 4.12163E-2 1.11076E-1 1.17785E-1 7.10332E-2 3.89546E-2 3.22283E-2 9.45809E-2 5.32015E-2 5.92043E-3 7.36972E-2 1.5378E-1 9.27156E-2 1.98262E-1 3.97682E-1 3.35962E-1 2.61472E-1 3.05151E-1 1.89346E-1 2.51258E-1 3.1258E-1 3.58935E-1 2.95036E-1 2.85567E-1 -9999
-9999 -9999 -9999 -9999 -9999 -9999 -9999 -9999 -9999 -9999 -9999 -9999 -9999 -9999 -9999 1.4435E-4 4.7646E-4 6.88832E-3 1.6804E-2 2.95951E-2 1.61011E-2 2.48593E-3 4.59348E-3 1.33949E-2 1.5737E-2 7.76265E-3 5.76501E-3 2.51001E-2 1.7787E-2 4.97775E-3 7.92638E-3 1.24544E-3 1.10417E-3 6.0881E-3 8.43051E-3 4.69992E-2 6.38318E-2 3.07253E-2 1.7356E-2 2.73051E-2 2.51799E-2 5.51818E-3 4.68337E-3 3.09605E-2 5.42477E-2 5.57093E-2 1.43393E-1 3.09287E-1 3.67347E-1 1.62328E-1 1.68545E-1 2.94655E-1 1.8264E-1 2.2264E-1 3.91407E-1 9.48863E-2 3.05633E-1 7.63475E-2
-9999 -9999 -9999 -9999 -9999 -9999 -9999 -9999 -9999 -9999 -9999 -9999 -9999 -9999 -9999 -9999 1.79087E-3 2.79412E-3 1.60804E-2 1.75186E-2 4.35194E-3 1.14742E-3 2.06178E-3 5.74772E-3 3.17821E-3 2.35726E-3 2.23381E-3 3.24087E-3 9.12641E-3 7.52939E-4 5.72624E-3 5.90131E-3 9.33234E-4 1.82373E-3 8.38148E-3 1.77575E-2 2.58722E-2 3.14198E-2 5.17888E-2 4.46195E-2 3.22572E-2 6.55256E-3 1.40313E-2 1.28735E-2 4.29788E-2 8.65616E-2 1.15697E-1 1.87085E-1 1.34375E-1 1.92033E-1 2.19361E-1 3.03477E-1 1.16043E-1 7.21469E-2 9.00097E-2 7.19299E-2 9.31375E-2 5.19388E-2
-9999 -9999 -9999 -9999 -9999 -9999 -9999 -9999 -9999 -9999 -9999 -9999 -9999 -9999 -9999 -9999 1.57905E-2 2.78965E-2 4.14388E-2 1.52712E-2 2.53613E-3 1.31232E-3 2.17851E-3 1.13856E-2 8.93424E-3 6.7084E-3 3.38977E-3 5.93243E-3 7.21011E-3 2.31018E-3 6.99363E-3 1.12941E-2 1.52771E-3 1.4136E-3 1.33779E-2 4.06912E-2 6.9804E-2 7.7108E-2 1.22506E-1 9.45541E-2 8.85101E-2 9.91252E-3 2.91925E-2 8.57317E-2 5.62228E-2 9.71E-2 9.74563E-2 1.23681E-1 8.37797E-2 1.64942E-1 3.25256E-1 2.56182E-1 1.56723E-1 2.07272E-1 1.80405E-1 1.96208E-1 1.61924E-1 1.92431E-1
-9999 -9999 -9999 -9999 -9999 -9999 -9999 -9999 -9999 -9999 -9999 -9999 -9999 -9999 -9999 -9999 1.77456E-2 4.18126E-2 1.43929E-2 9.78804E-3 3.8815E-3 5.30848E-3 9.74619E-3 2.46895E-3 6.2137E-3 6.93106E-3 4.89593E-3 9.63209E-3 1.04791E-2 1.17648E-2 8.58654E-3 9.43127E-3 9.18019E-3 3.39123E-3 1.02729E-2 4.80455E-2 1.01807E-1 1.11856E-1 1.42512E-1 1.24561E-1 1.02165E-1 4.54801E-2 8.4864E-2 1.07147E-1 7.199E-2 8.50455E-2 1.08628E-1 1.65159E-1 2.07032E-1 1.93171E-1 3.89082E-1 1.96637E-1 1.53788E-1 1.55853E-1 1.46488E-1 3.90398E-1 2.60322E-1 2.47525E-1
-9999 -9999 -9999 -9999 -9999 -9999 -9999 -9999 -9999 -9999 -9999 -9999 -9999 -9999 -9999 -9999 3.44047E-2 4.15553E-2 4.39465E-2 3.06738E-2 4.73086E-2 1.6237E-2 1.93801E-2 3.92385E-3 1.73589E-3 1.02179E-3 4.43404E-3 6.58955E-3 5.23466E-3 4.75828E-3 1.29709E-2 1.70374E-2 3.60451E-2 2.24024E-2 2.18002E-2 4.37658E-2 1.0261E-1 1.71034E-1 1.77393E-1 1.1161E-1 9.40228E-2 1.56323E-1 1.85517E-1 9.45764E-2 4.24964E-2 8.27402E-2 1.50752E-1 1.45727E-1 7.04018E-2 7.78333E-2 4.28127E-1 1.90086E-1 1.19547E-1 1.78837E-1 2.007E-1 2.20452E-1 1.84736E-1 1.34045E-1
-9999 -9999 -9999 -9999 -9999 -9999 -9999 -9999 -9999 -9999 6.67086E-2 1.03025E-1 2.59388E-3 1.56014E-6 1.68942E-3 2.95278E-2 3.57616E-2 4.26796E-2 4.92778E-2 1.66178E-2 6.19671E-2 3.80264E-2 4.46449E-2 1.81657E-2 4.37369E-3 3.70344E-4 1.34196E-3 2.30233E-3 1.94407E-3 9.4345E-4 1.11835E-2 2.42821E-2 3.28448E-2 3.669E-2 2.14941E-2 5.05089E-2 7.42993E-2 9.06962E-2 1.92002E-1 1.26597E-1 6.84396E-2 1.57887E-1 2.09661E-1 3.84942E-2 6.39037E-2 -9999 -9999 1.09327E-1 1.45571E-2 3.56882E-2 3.24487E-1 3.70071E-1 1.56975E-1 1.04295E-1 2.47488E-1 2.09245E-1 1.01032E-1 5.34162E-2
-9999 -9999 -9999 -9999 -9999 -9999 -9999 1.28941E-6 1.59907E-6 7.96372E-4 4.23158E-2 6.75142E-2 5.90938E-3 4.09006E-5 3.24491E-3 3.48215E-2 3.35581E-2 3.18551E-2 1.04178E-2 1.47214E-2 5.88258E-2 6.84023E-2 5.24305E-2 2.53817E-2 1.17604E-2 3.70793E-4 7.6714E-4 1.19145E-3 5.29596E-4 5.08934E-4 8.26064E-3 2.04316E-2 1.28572E-2 2.53764E-2 2.17355E-2 6.22915E-2 1.04131E-1 9.03842E-2 1.31304E-1 1.121E-1 1.0683E-1 1.6539E-1 6.16277E-2 3.82808E-2 5.59449E-2 -9999 -9999 1.51908E-1 3.79035E-2 4.43792E-2 1.89257E-1 2.8188E-1 3.14624E-2 6.64515E-2 1.31153E-1 3.11755E-2 4.98043E-2 7.35759E-2
-9999 -9999 -9999 -9999 -9999 3.19952E-4 8.63144E-4 2.32007E-3 5.67666E-3 2.15412E-2 4.21416E-2 7.75671E-2 4.36935E-2 1.15702E-2 5.54838E-2 5.26178E-2 4.15688E-2 1.60107E-2 3.81297E-3 1.36087E-2 4.61469E-2 4.41589E-2 3.47228E-2 1.89154E-2 5.27023E-3 1.07227E-3 2.60771E-3 6.96066E-3 1.04494E-3 4.49094E-4 5.64107E-3 1.12052E-2 1.40647E-2 3.83445E-2 3.37758E-2 8.74203E-2 9.68566E-2 7.10855E-2 7.09696E-2 5.00649E-2 7.89461E-2 6.63852E-2 2.23374E-2 2.23798E-2 4.95749E-2 -9999 -9999 1.52539E-1 8.97344E-2 -9999 -9999 2.99044E-2 1.63998E-2 1.28139E-2 5.87628E-2 3.74207E-2 6.91132E-2 8.01758E-2
-9999 -9999 -9999 -9999 -9999 1.67652E-2 3.84552E-2 5.8758E-2 7.93814E-2 5.76944E-2 3.84761E-2 8.36242E-2 7.60903E-2 1.30993E-1 1.04476E-1 7.23786E-2 5.38712E-2 1.16267E-2 3.09394E-3 1.51567E-2 3.46101E-2 2.59231E-2 1.56274E-2 2.54189E-2 6.57052E-3 2.10514E-3 3.37373E-3 6.35393E-3 1.55802E-3 1.12293E-3 4.28313E-3 1.00957E-2 3.68575E-3 5.47111E-3 2.12704E-2 6.95074E-2 8.14997E-2 5.15955E-2 4.38005E-2 4.03975E-2 2.34084E-2 6.34377E-2 1.84303E-2 2.99728E-2 8.1259E-2 1.70711E-2 -9999 -9999 -9999 -9999 -9999 1.05265E-1 2.29836E-2 3.81995E-2 1.8689E-1 2.79087E-1 1.37036E-1 8.29299E-2
-9999 -9999 -9999 -9999 -9999 3.52618E-2 1.05512E-1 1.74033E-1 1.77882E-1 1.28621E-1 9.89329E-2 8.30601E-2 8.34352E-2 7.89534E-2 5.66243E-2 7.30243E-2 7.24728E-2 3.97132E-2 8.03112E-3 2.05273E-2 8.88602E-3 4.4632E-3 1.07835E-2 1.28583E-2 7.9397E-3 6.33643E-3 1.78358E-2 3.43954E-2 1.05216E-2 8.48323E-3 1.04044E-2 9.4386E-3 1.46971E-2 7.32724E-3 5.67384E-3 5.05169E-2 7.25233E-2 5.57958E-2 9.12594E-2 1.95875E-2 1.05302E-2 7.60457E-2 6.02878E-2 6.39297E-2 1.84142E-1 6.98224E-2 -9999 -9999 -9999 -9999 1.52019E-1 1.55536E-1 1.10791E-1 6.98623E-2 2.65548E-1 2.11718E-1 1.69827E-1 1.24538E-1
-9999 -9999 -9999 -9999 -9999 5.01703E-2 1.05005E-1 2.35098E-1 2.78065E-1 1.97479E-1 8.68951E-2 4.34467E-2 3.33428E-2 4.38993E-2 3.79752E-2 5.55941E-2 9.1776E-2 2.11712E-2 1.36127E-2 1.88655E-2 9.87482E-3 6.87627E-3 1.59222E-2 1.15134E-2 9.26807E-3 6.29849E-3 3.25646E-2 2.772E-2 1.90111E-2 3.07256E-2 3.23907E-2 2.04509E-2 2.26648E-2 2.47326E-2 1.36744E-2 4.63814E-2 1.02076E-1 5.77777E-2 1.34356E-1 8.61029E-3 1.59325E-2 2.4128E-2 7.01953E-2 2.10614E-1 1.46517E-1 1.08247E-1 6.48743E-2 -9999 -9999 9.6882E-2 1.13197E-1 1.33709E-1 1.7034E-1 2.50275E-1 1.31446E-1 5.65845E-2 1.20206E-1 8.80342E-2
-9999 -9999 -9999 -9999 -9999 1.15082E-1 1.7446E-1 3.20523E-1 3.31356E-1 1.37326E-1 4.00551E-2 1.32368E-2 1.28285E-2 1.86501E-2 4.59691E-2 4.12654E-2 3.48524E-2 8.65708E-3 8.75024E-3 8.36212E-3 4.10555E-3 2.44281E-3 7.43397E-3 1.28995E-2 5.44371E-3 3.08385E-3 5.15443E-3 1.39945E-2 5.60757E-3 1.63745E-2 2.96526E-2 3.32842E-2 4.45291E-2 2.18982E-2 4.47064E-2 7.71E-2 6.09223E-2 5.13019E-2 1.8604E-2 7.73412E-2 4.17126E-2 3.1113E-2 7.11597E-2 8.08937E-2 2.14223E-2 1.72107E-2 7.04238E-2 -9999 3.69501E-1 9.42592E-2 3.34893E-2 9.30696E-2 1.79577E-1 2.68576E-1 3.31747E-2 1.23623E-1 1.15876E-1 2.77216E-1
