Phytophthora/models/20240503_1134_59/Phytophthora_PA1_RUN9_MAXENT_outputs/Phytophthora_PA1_RUN9.asc
ncols         113
nrows         135
xllcorner     473009.9838
yllcorner     4429001.1748
cellsize      100.0
NODATA_value  -9999
[rows 78 to 103 of 135, columns 0 to 57 of 113]
-9999 -9999 -9999 7.43779E-2 2.49348E-1 6.42651E-1 8.78695E-1 9.33724E-1 9.61255E-1 9.43813E-1 7.46914E-1 5.62273E-1 6.13096E-1 7.59916E-1 7.43966E-1 6.37252E-1 5.14871E-1 5.28634E-1 7.84506E-1 7.94513E-1 6.32917E-1 3.09322E-1 3.8057E-1 3.9943E-1 4.30429E-1 4.43491E-1 4.59806E-1 3.59301E-1 3.49294E-1 2.82556E-1 2.12544E-1 1.50739E-1 4.85444E-2 4.35218E-2 8.20101E-2 2.99612E-1 3.64833E-1 3.84919E-1 4.27717E-1 4.70958E-1 6.85663E-1 6.11869E-1 6.12576E-1 6.62871E-1 4.7049E-1 4.88719E-1 3.74549E-1 4.86255E-1 4.16958E-1 4.55402E-1 4.18787E-1 3.93774E-1 4.21405E-1 4.54948E-1 4.73696E-1 5.08047E-1 2.11873E-1 1.75579E-1
-9999 -9999 -9999 -9999 2.83129E-1 6.37729E-1 8.45462E-1 8.72211E-1 9.22592E-1 8.99987E-1 7.44874E-1 8.20546E-1 8.72533E-1 8.49759E-1 7.51668E-1 5.11028E-1 4.45593E-1 5.11396E-1 6.21146E-1 5.12541E-1 4.67891E-1 2.92163E-1 2.14114E-1 2.09232E-1 4.32207E-1 5.12363E-1 5.34865E-1 5.27454E-1 4.09569E-1 1.30564E-1 1.35663E-1 1.46321E-1 8.05514E-2 7.05414E-2 1.45963E-1 3.15233E-1 4.17918E-1 4.78026E-1 2.21245E-1 4.251E-1 7.06646E-1 6.22297E-1 6.04717E-1 6.78943E-1 6.99099E-1 5.44756E-1 3.28419E-1 3.91435E-1 4.79115E-1 3.32921E-1 3.96603E-1 4.58373E-1 5.82859E-1 5.60928E-1 2.41575E-1 2.17105E-1 2.44722E-1 9.33832E-2
-9999 -9999 -9999 4.8457E-2 2.23446E-1 5.51371E-1 8.92318E-1 9.31705E-1 9.22121E-1 9.00878E-1 7.43334E-1 7.85093E-1 8.52543E-1 8.40876E-1 5.50414E-1 3.30942E-1 4.05115E-1 4.31441E-1 5.01175E-1 4.58533E-1 3.99097E-1 1.86113E-1 2.02391E-1 1.84772E-1 2.72899E-1 4.44506E-1 5.20218E-1 5.02993E-1 9.67432E-2 1.55534E-1 8.66594E-2 4.28587E-2 1.18638E-1 2.3516E-1 3.22089E-1 3.06872E-1 5.81289E-1 5.36781E-1 2.53836E-1 4.38418E-1 4.83335E-1 4.27578E-1 4.47073E-1 5.43954E-1 5.72349E-1 3.4485E-1 2.5109E-1 2.48797E-1 4.3244E-1 4.80108E-1 3.4402E-1 3.32536E-1 3.05188E-1 2.74526E-1 1.04807E-1 2.46334E-2 1.02494E-1 3.65651E-2
-9999 -9999 3.48959E-2 3.09307E-2 1.56716E-1 5.55354E-1 8.75407E-1 9.18949E-1 8.79111E-1 8.76378E-1 7.07667E-1 7.08255E-1 7.67657E-1 7.51403E-1 3.72162E-1 2.54334E-1 4.3854E-1 6.01528E-1 6.38125E-1 5.6943E-1 4.86924E-1 2.22221E-1 2.90372E-1 1.37374E-1 2.50521E-1 4.10575E-1 4.77921E-1 5.2827E-1 1.88328E-1 9.23109E-2 1.574E-1 5.67153E-2 3.54441E-1 3.43663E-1 2.19975E-1 2.57983E-1 5.4579E-1 4.72929E-1 3.74297E-1 3.44967E-1 3.39441E-1 3.84963E-1 4.93689E-1 5.53841E-1 5.04061E-1 1.65437E-1 5.43525E-2 1.21434E-1 1.41477E-1 2.70251E-1 3.81774E-1 2.51582E-1 1.51587E-1 1.76535E-1 4.24115E-2 1.21946E-2 1.01057E-2 8.8366E-3
-9999 -9999 2.40144E-2 9.29074E-2 1.86774E-1 4.15011E-1 6.68078E-1 6.09593E-1 8.542E-1 8.98767E-1 7.3544E-1 7.15467E-1 6.33974E-1 5.08577E-1 2.1832E-1 2.01958E-1 3.41384E-1 4.6772E-1 5.71951E-1 6.74578E-1 5.62121E-1 3.71053E-1 4.91428E-1 2.84603E-1 2.20238E-1 2.99789E-1 3.24913E-1 2.20949E-1 1.191E-1 1.0866E-1 1.70766E-1 2.92337E-1 3.64051E-1 2.79887E-1 3.37734E-1 5.83538E-1 4.56797E-1 2.89431E-1 3.88243E-1 5.52353E-1 2.56476E-1 4.30521E-1 5.39677E-1 5.43709E-1 4.92611E-1 2.76118E-1 1.33891E-1 2.48435E-1 2.60864E-1 1.89242E-1 1.6581E-1 1.03713E-1 1.78437E-1 1.28903E-1 1.90015E-2 1.0206E-2 2.52284E-2 1.07622E-1
-9999 -9999 5.41121E-3 1.64229E-1 5.08057E-1 4.6551E-1 3.89217E-1 5.83874E-1 5.63632E-1 3.4416E-1 5.13472E-1 4.88018E-1 3.90288E-1 2.9422E-1 2.10232E-1 3.14489E-1 5.10177E-1 5.88245E-1 4.60672E-1 4.84589E-1 4.21369E-1 5.26744E-1 4.68749E-1 3.05925E-1 2.14075E-1 2.32168E-1 2.24296E-2 5.95257E-2 8.62215E-2 3.36902E-1 4.61E-1 5.35527E-1 5.44516E-1 3.79822E-1 4.32916E-1 7.25285E-1 6.26875E-1 6.47914E-1 3.44393E-1 5.77932E-1 3.4829E-1 4.09178E-1 4.80206E-1 4.78225E-1 4.15917E-1 3.4018E-1 3.1927E-1 3.4306E-1 2.70384E-1 1.26844E-1 1.77618E-1 9.0931E-2 7.36568E-2 2.88318E-2 1.17346E-2 6.01949E-2 1.0009E-1 9.91987E-2
-9999 -9999 3.24824E-2 2.79552E-1 5.97755E-1 5.69109E-1 4.02793E-1 5.12728E-1 3.12249E-1 1.84185E-1 3.12005E-1 2.61684E-1 2.33961E-1 2.45161E-1 3.50918E-1 5.36933E-1 6.28385E-1 4.87673E-1 3.16288E-1 3.59728E-1 1.45114E-1 1.96938E-1 2.28825E-1 1.8562E-1 1.01645E-1 9.27537E-2 4.07483E-2 4.60246E-2 1.18373E-1 3.72706E-1 6.71424E-1 7.00363E-1 6.17349E-1 3.27238E-1 5.49428E-1 6.26334E-1 5.68768E-1 6.07842E-1 5.52832E-1 5.63463E-1 3.37346E-1 4.64705E-1 3.00994E-1 4.26769E-1 2.38672E-1 2.61103E-1 4.61393E-1 5.40633E-1 4.52793E-1 3.70432E-1 2.36507E-1 1.13177E-1 3.89144E-2 2.27678E-2 1.07524E-1 2.84454E-1 1.17923E-1 3.32149E-1
-9999 1.39906E-2 9.1357E-2 3.54879E-1 7.17543E-1 6.67154E-1 4.93583E-1 3.31765E-1 2.45971E-1 1.5675E-1 2.02266E-1 3.00867E-1 3.68755E-1 5.85122E-1 6.04258E-1 5.67662E-1 4.38364E-1 2.99018E-1 3.05375E-1 3.02062E-1 9.00156E-2 8.85175E-2 1.30873E-1 1.10958E-1 8.48726E-2 7.58715E-2 4.35526E-2 1.00526E-1 1.97562E-1 2.9757E-1 5.15344E-1 2.55911E-1 2.12874E-1 3.36239E-1 6.40673E-1 5.15946E-1 2.02678E-1 4.42148E-1 3.16312E-1 3.64959E-1 5.13165E-1 5.50868E-1 4.57715E-1 3.60005E-1 1.79991E-1 1.97929E-1 4.49782E-1 6.51894E-1 5.67855E-1 5.43123E-1 3.2404E-1 1.47049E-1 9.95344E-2 1.84168E-2 6.98228E-2 3.59473E-1 2.80038E-1 4.84898E-1
-9999 3.96241E-2 1.48102E-1 3.6925E-1 5.70637E-1 4.60851E-1 3.88241E-1 2.51317E-1 1.66712E-1 2.0914E-1 2.40457E-1 3.46319E-1 4.02389E-1 5.95723E-1 4.93012E-1 4.42066E-1 3.92934E-1 2.62323E-1 2.40227E-1 1.97331E-1 1.14203E-1 1.28386E-1 9.35729E-2 6.25963E-2 7.00492E-2 6.63372E-2 1.08252E-1 1.59802E-1 2.49691E-1 2.79342E-1 1.66053E-1 7.75701E-2 1.69402E-1 4.07156E-1 3.82908E-1 3.49473E-1 3.56489E-1 3.90103E-1 2.5607E-1 2.92682E-1 5.0383E-1 3.92995E-1 5.11424E-1 4.67827E-1 2.54892E-1 3.14245E-1 5.2728E-1 5.67048E-1 5.10493E-1 3.19042E-1 2.68536E-1 2.18151E-1 1.51163E-1 2.56869E-2 6.55347E-2 4.46435E-1 4.08446E-1 4.62658E-1
3.99912E-2 1.37246E-1 1.02366E-1 1.56034E-1 6.63572E-1 6.79797E-1 6.56691E-1 4.29947E-1 2.36637E-1 3.28216E-1 4.43874E-1 4.00282E-1 4.35556E-1 6.08734E-1 3.21675E-1 2.09271E-1 2.87988E-1 2.37402E-1 2.15817E-1 2.91744E-1 3.51557E-1 2.27076E-1 1.02542E-1 5.27622E-2 7.72722E-2 1.2886E-1 2.1647E-1 1.34105E-1 8.36766E-2 1.75839E-1 9.36165E-2 7.94027E-2 2.93886E-1 4.39138E-1 3.31831E-1 3.70994E-1 5.96923E-1 4.56971E-1 2.82059E-1 4.28778E-1 5.32357E-1 2.22874E-1 5.2988E-1 5.39215E-1 4.45994E-1 5.36888E-1 3.92106E-1 2.1813E-1 1.33058E-1 5.23974E-1 3.65629E-1 2.23513E-1 1.01956E-1 5.59726E-2 2.55753E-1 5.24803E-1 4.31966E-1 4.75342E-1
5.7234E-2 1.04068E-1 1.46045E-1 3.40031E-1 6.69613E-1 6.48041E-1 6.48282E-1 3.99478E-1 3.77179E-1 5.40066E-1 4.65338E-1 5.97126E-1 3.98862E-1 6.15165E-1 6.26403E-1 3.8216E-1 3.34816E-1 1.86197E-1 2.69855E-1 3.92827E-1 3.23706E-1 1.39936E-1 1.50224E-1 1.45238E-1 7.44659E-2 1.79721E-1 2.3498E-1 1.04313E-1 2.91104E-2 6.01848E-2 1.68599E-1 2.20202E-1 2.61344E-1 3.35442E-1 2.90896E-1 2.21775E-1 1.64733E-1 3.04581E-1 4.32283E-1 7.09507E-1 6.74665E-1 4.78476E-1 5.13493E-1 4.90006E-1 7.01161E-1 4.84734E-1 1.41816E-1 9.56551E-2 2.13047E-1 5.45202E-1 2.81927E-1 1.65854E-1 6.19228E-2 1.03989E-1 4.48451E-1 4.40449E-1 4.9291E-1 3.26293E-1
-9999 1.96174E-1 3.33968E-1 7.12757E-1 6.26104E-1 4.26024E-1 7.11002E-1 6.0121E-1 4.17285E-1 5.6164E-1 5.84572E-1 2.66282E-1 8.39627E-2 6.82003E-1 7.63256E-1 6.57918E-1 4.73513E-1 1.88279E-1 3.29946E-1 5.52299E-1 4.94229E-1 2.57976E-1 3.63418E-1 1.24124E-1 7.10723E-2 2.04092E-1 1.07442E-1 1.90723E-1 2.33262E-1 1.61898E-1 1.85967E-1 5.34803E-1 5.62081E-1 3.38533E-1 3.18316E-1 3.26082E-1 1.49076E-1 2.07706E-1 3.85114E-1 7.18055E-1 5.14306E-1 2.41127E-1 3.88395E-1 5.8783E-1 7.17515E-1 5.97389E-1 1.82568E-1 7.57682E-2 5.84149E-1 4.26954E-1 1.52873E-1 1.11375E-1 4.8559E-2 3.48268E-1 5.17321E-1 5.36583E-1 5.45426E-1 2.9765E-1
-9999 3.92041E-1 6.86177E-1 7.68765E-1 7.74345E-1 4.86099E-1 5.89054E-1 5.20225E-1 4.19435E-1 4.96562E-1 5.13673E-1 3.17525E-1 2.55065E-1 6.63604E-1 7.66461E-1 5.82551E-1 3.25208E-1 2.57951E-1 2.60958E-1 3.42701E-1 4.13374E-1 3.15105E-1 1.93311E-1 9.24966E-2 1.59437E-1 2.33437E-1 2.59031E-1 4.68615E-1 4.75543E-1 1.6665E-1 1.37695E-1 4.94551E-1 5.76187E-1 2.05553E-1 4.15503E-1 4.32739E-1 2.36151E-1 2.14516E-1 4.06822E-1 5.17736E-1 2.74401E-1 8.81332E-2 1.70894E-1 3.57787E-1 6.78703E-1 6.3239E-1 1.49919E-1 1.18932E-1 5.39839E-1 6.22722E-1 4.31064E-1 1.55736E-1 1.45653E-1 4.87801E-1 6.21138E-1 5.94079E-1 4.9822E-1 3.66271E-1
-9999 -9999 -9999 4.90746E-1 3.65666E-1 4.30697E-1 7.53743E-1 5.87104E-1 2.11257E-1 2.36193E-1 2.55464E-1 1.41899E-1 1.04436E-1 3.45965E-1 6.99447E-1 4.77993E-1 3.74362E-1 3.05369E-1 2.58758E-1 3.89872E-1 1.22943E-1 9.67888E-2 1.19178E-1 1.56468E-1 5.56852E-2 6.09285E-2 3.70678E-1 4.31851E-1 3.1369E-1 2.49332E-1 2.02438E-1 7.76308E-2 2.23742E-1 3.14757E-1 4.14825E-1 3.45323E-1 2.45865E-1 2.29024E-1 3.34216E-1 1.40786E-1 5.47825E-2 7.14037E-2 1.19566E-1 2.35091E-1 6.27885E-1 2.55124E-1 5.92483E-2 3.75798E-1 5.94072E-1 4.89211E-1 4.6837E-1 3.64032E-1 6.10057E-1 6.74175E-1 6.56216E-1 5.88644E-1 4.48619E-1 4.23381E-1
-9999 -9999 -9999 -9999 3.21462E-1 2.50951E-1 7.67372E-1 7.30072E-1 2.98643E-1 1.84848E-1 2.49255E-1 1.8379E-1 1.07998E-1 4.66247E-1 3.30722E-1 4.1796E-1 4.04403E-1 3.98511E-1 4.22623E-1 4.41259E-1 1.24779E-1 4.48526E-2 3.83645E-2 1.13218E-1 1.4644E-1 2.75901E-1 1.89217E-1 2.38693E-1 2.46816E-1 1.30626E-1 1.77734E-1 1.43688E-1 3.32479E-1 2.93946E-1 2.4855E-1 2.09297E-1 5.40005E-2 3.67168E-2 1.2921E-2 6.15964E-3 1.495E-2 5.54113E-2 7.70138E-2 1.81568E-1 2.99004E-1 1.15803E-1 3.01146E-1 4.34482E-1 5.66516E-1 5.32121E-1 4.446E-1 3.87471E-1 5.26807E-1 4.75657E-1 5.65266E-1 4.30756E-1 3.94496E-1 5.26126E-1
-9999 -9999 -9999 -9999 -9999 -9999 -9999 7.22418E-1 6.00667E-1 5.69431E-1 4.46243E-1 3.9106E-1 3.70599E-1 4.90755E-1 2.66703E-1 3.3791E-1 4.60193E-1 4.84427E-1 1.96296E-1 5.61494E-1 4.14847E-1 8.01811E-2 6.01774E-2 1.18089E-1 2.41524E-1 1.69203E-1 1.63033E-1 2.24514E-1 1.36977E-1 7.25202E-2 5.84551E-2 2.00269E-1 1.42811E-1 1.09473E-1 9.54498E-2 1.16233E-1 7.16188E-2 2.1268E-2 9.00161E-3 1.34538E-2 2.00471E-2 2.35678E-2 4.16832E-2 2.01503E-1 2.12205E-1 1.40142E-1 5.53317E-1 5.28459E-1 5.50313E-1 5.4367E-1 4.87042E-1 5.09016E-1 4.62925E-1 4.64659E-1 5.15941E-1 3.83596E-1 3.95613E-1 5.2542E-1
-9999 -9999 -9999 -9999 -9999 -9999 -9999 8.18971E-1 8.34961E-1 7.7655E-1 4.5694E-1 3.60818E-1 2.17857E-1 2.50967E-1 4.64337E-1 5.52849E-1 7.08747E-1 5.14282E-1 3.0642E-1 6.30183E-1 3.86769E-1 9.16818E-2 3.42857E-2 9.60879E-2 1.05532E-1 1.98977E-1 1.51057E-1 7.22462E-2 4.78739E-2 2.44697E-2 8.37982E-2 9.22635E-2 5.29193E-2 4.11822E-2 7.06485E-2 8.69664E-2 9.65574E-2 4.46075E-2 1.3864E-2 2.33558E-2 2.3266E-2 4.34697E-2 1.34303E-1 4.48765E-1 1.88494E-1 4.40284E-1 5.10803E-1 4.82945E-1 4.23281E-1 4.20344E-1 4.14285E-1 4.97668E-1 5.77359E-1 2.09614E-1 2.31739E-1 2.13477E-1 3.81624E-1 5.18317E-1
-9999 -9999 -9999 -9999 -9999 -9999 -9999 6.64028E-1 8.0916E-1 5.17169E-1 2.35587E-1 2.00019E-1 4.03747E-2 4.05098E-2 3.97368E-1 6.09904E-1 6.70806E-1 5.58649E-1 5.67706E-1 5.334E-1 3.2111E-1 7.48321E-2 8.13793E-2 3.96412E-2 8.33868E-2 1.52359E-1 1.29109E-1 6.12848E-2 1.5207E-1 1.6588E-1 8.13628E-2 4.81401E-2 2.69742E-2 2.55396E-2 4.43869E-2 1.10073E-1 4.9844E-2 1.85351E-2 1.98424E-2 2.47797E-2 4.10067E-2 5.90784E-2 2.04994E-1 3.03184E-1 2.73393E-1 5.34716E-1 3.62178E-1 4.25548E-1 2.18906E-1 1.70176E-1 3.42168E-1 3.68349E-1 4.80541E-1 3.10633E-1 8.04929E-2 6.14896E-2 8.82902E-2 1.48895E-1
-9999 -9999 -9999 -9999 -9999 -9999 -9999 5.13973E-1 6.14263E-1 3.34536E-1 2.02345E-1 1.17541E-1 2.95904E-2 3.77802E-2 2.10527E-1 6.66026E-1 7.20786E-1 7.64857E-1 7.34577E-1 5.85498E-1 1.75909E-1 3.06655E-2 1.27283E-2 1.68136E-2 3.70082E-2 1.19449E-1 7.50091E-2 4.54917E-2 1.0491E-1 1.7666E-1 4.83356E-2 2.86687E-2 1.39838E-2 6.79187E-2 4.63776E-2 4.47253E-2 2.94973E-2 1.8809E-2 3.95187E-2 5.80062E-2 3.288E-2 5.48163E-2 5.68662E-2 1.32643E-1 3.10482E-1 4.78528E-1 4.67079E-1 1.64992E-1 8.97486E-2 1.64213E-1 1.56978E-1 1.19787E-1 2.56591E-1 2.20363E-1 8.8166E-2 1.41101E-1 9.18153E-2 2.5977E-1
-9999 -9999 -9999 -9999 -9999 -9999 -9999 -9999 3.31583E-1 2.14245E-1 1.35987E-1 7.53823E-2 1.02722E-1 9.516E-2 6.74806E-1 8.49356E-1 7.65859E-1 7.8746E-1 7.33672E-1 4.91234E-1 1.75071E-1 3.21613E-2 1.68596E-2 3.39323E-2 7.71241E-2 1.21993E-1 6.73355E-2 5.44064E-2 1.19397E-1 1.05277E-1 4.33884E-2 4.40883E-2 6.83273E-3 1.26679E-1 1.81371E-1 7.68181E-2 2.53602E-2 4.74162E-2 6.59514E-2 6.33533E-2 3.7597E-2 1.20855E-1 1.60741E-1 3.45078E-1 2.73967E-1 2.8786E-1 2.26247E-1 6.09555E-2 2.37285E-1 3.57176E-1 2.40798E-1 1.81173E-1 7.27004E-2 1.40775E-1 2.39632E-1 3.26082E-1 3.18032E-1 2.70291E-1
-9999 -9999 -9999 -9999 -9999 -9999 -9999 -9999 -9999 -9999 -9999 -9999 1.71676E-1 1.34599E-1 4.33728E-1 6.32919E-1 6.57087E-1 6.81868E-1 6.47268E-1 3.65026E-1 1.30181E-1 5.10359E-2 2.40202E-2 1.17048E-1 1.60211E-1 4.12598E-2 1.44992E-2 6.07653E-2 1.89002E-1 9.92824E-2 3.8651E-2 3.16566E-2 1.84109E-2 3.13976E-1 1.85042E-1 4.67327E-2 1.72915E-2 2.37448E-2 5.41296E-2 4.45175E-2 4.44111E-2 7.96708E-2 8.82044E-2 1.15175E-1 1.37426E-1 1.57331E-1 7.1043E-2 4.23101E-2 1.6369E-1 1.66514E-1 8.01936E-2 1.12572E-1 9.13346E-2 1.74519E-1 5.57497E-1 5.21435E-1 4.67741E-1 2.08895E-1
-9999 -9999 -9999 -9999 -9999 -9999 -9999 -9999 -9999 -9999 -9999 -9999 -9999 3.10039E-1 5.79031E-1 6.698E-1 8.12159E-1 8.26239E-1 6.72849E-1 4.90268E-1 2.10517E-1 3.87406E-2 2.53673E-2 5.5156E-2 6.93286E-2 1.13711E-2 2.42616E-2 2.59164E-2 5.47307E-2 7.27192E-2 3.35227E-2 5.70274E-2 1.749E-1 1.52872E-1 1.1802E-1 3.51262E-2 2.34526E-2 4.97197E-2 2.07853E-1 2.13609E-1 4.20743E-2 2.2839E-2 5.69238E-2 4.04273E-2 1.17597E-1 2.64538E-1 1.93719E-1 8.98249E-2 9.84379E-2 9.11592E-2 1.44842E-1 1.02351E-1 1.12045E-1 5.50214E-1 5.87774E-1 4.10664E-1 4.33746E-1 2.99911E-1
-9999 -9999 -9999 -9999 -9999 -9999 -9999 -9999 -9999 -9999 -9999 -9999 2.85543E-1 4.16896E-1 6.16528E-1 7.29586E-1 7.97551E-1 7.08334E-1 6.11987E-1 6.30503E-1 2.80504E-1 4.96763E-2 2.34522E-2 4.07046E-2 2.6375E-2 7.86603E-2 6.8976E-2 1.87648E-2 4.9353E-2 6.22517E-2 7.40761E-2 5.72733E-2 5.48919E-2 4.42824E-2 2.87025E-2 1.69869E-2 4.95049E-2 2.07462E-1 3.73654E-1 2.90293E-1 9.46932E-2 6.56311E-2 4.40979E-2 3.40563E-1 4.28746E-1 9.51691E-2 1.90495E-1 1.04717E-1 1.26213E-1 1.3902E-1 1.09656E-1 1.19165E-1 1.91453E-1 4.73662E-1 4.83589E-1 4.51551E-1 3.57853E-1 1.658E-1
-9999 -9999 -9999 -9999 -9999 -9999 -9999 -9999 -9999 -9999 -9999 -9999 -9999 1.02616E-1 1.32973E-1 -9999 5.39249E-1 6.48086E-1 5.52414E-1 4.5287E-1 2.34517E-1 1.07149E-1 6.44101E-2 1.10535E-1 1.65039E-1 8.56776E-2 3.86602E-2 3.69874E-2 2.85423E-2 1.58993E-2 4.63912E-2 2.39021E-2 2.05861E-2 2.99694E-2 3.31738E-2 2.95705E-2 8.47644E-2 4.09781E-1 4.76776E-1 2.10754E-1 1.34972E-1 1.03368E-1 1.50332E-1 6.33504E-1 4.80573E-1 4.06102E-1 6.49017E-2 1.96153E-1 7.47248E-2 1.06751E-1 1.81165E-1 2.05989E-1 3.11086E-1 4.95474E-1 4.63014E-1 5.35817E-1 4.94732E-1 3.20621E-1
-9999 -9999 -9999 -9999 -9999 -9999 -9999 -9999 -9999 -9999 -9999 -9999 -9999 -9999 -9999 -9999 3.65975E-1 5.76402E-1 3.97962E-1 3.38712E-1 2.72024E-1 1.77396E-1 2.59978E-1 2.26093E-1 2.22837E-1 1.27335E-1 4.34108E-2 2.94659E-2 5.27138E-2 3.18971E-1 2.49749E-1 9.67144E-2 1.28327E-1 1.40755E-1 1.8846E-1 1.99051E-1 1.8433E-1 4.77936E-1 4.66366E-1 1.6791E-1 1.03715E-1 1.65579E-1 4.6238E-1 5.34666E-1 6.30512E-1 4.60686E-1 4.4345E-1 3.58015E-1 1.77181E-1 1.36992E-1 1.87751E-1 3.08016E-1 4.46301E-1 5.33605E-1 6.02148E-1 6.0282E-1 6.52298E-1 4.70072E-1
-9999 -9999 -9999 -9999 -9999 -9999 -9999 -9999 -9999 -9999 -9999 -9999 -9999 -9999 -9999 -9999 -9999 4.47764E-1 2.8697E-1 2.17773E-1 2.46965E-1 1.55994E-1 7.94775E-2 1.66864E-1 1.92949E-1 1.43301E-1 5.82961E-2 1.37672E-1 2.00754E-1 4.31265E-1 3.04849E-1 5.2745E-1 3.92283E-1 1.39618E-1 1.39358E-1 2.86096E-1 2.7928E-1 5.62036E-1 2.9537E-1 8.64471E-2 5.39381E-2 1.79709E-1 6.85288E-1 6.83789E-1 7.40755E-1 6.01486E-1 4.28375E-1 3.10711E-1 2.38078E-1 1.71945E-1 1.66305E-1 1.83702E-1 3.87623E-1 4.83229E-1 2.77936E-1 5.44938E-1 5.18458E-1 5.66549E-1
