Phytophthora/models/20240503_1134_59/Phytophthora_PA1_RUN9_MAXENT_outputs/Phytophthora_PA1_RUN9.asc
ncols         113
nrows         135
xllcorner     473009.9838
yllcorner     4429001.1748
cellsize      100.0
NODATA_value  -9999
[rows 104 to 129 of 135, columns 0 to 57 of 113]
-9999 -9999 -9999 -9999 -9999 -9999 -9999 -9999 -9999 -9999 -9999 -9999 -9999 -9999 -9999 -9999 -9999 5.90951E-1 5.95013E-1 2.85685E-1 2.24932E-1 2.66324E-1 3.15141E-1 2.25475E-1 1.66772E-1 1.41817E-1 1.47861E-1 3.68741E-1 2.77016E-1 2.61114E-1 6.21402E-1 6.24221E-1 4.02291E-1 1.90681E-1 1.20205E-1 1.49549E-1 2.45303E-1 3.72254E-1 1.63902E-1 4.47668E-2 3.42756E-2 1.01259E-1 5.22334E-1 6.75101E-1 6.72199E-1 3.54764E-1 2.60999E-1 2.47409E-1 2.20733E-1 1.68054E-1 1.20995E-1 6.93487E-2 2.11551E-1 4.89816E-1 5.97753E-1 6.5724E-1 5.89568E-1 4.43311E-1
-9999 -9999 -9999 -9999 -9999 -9999 -9999 -9999 -9999 -9999 -9999 -9999 -9999 -9999 -9999 -9999 -9999 -9999 5.71333E-1 3.99716E-1 3.99095E-1 4.85047E-1 5.27086E-1 2.7556E-1 2.93627E-1 2.57661E-1 3.15665E-1 4.03225E-1 1.9125E-1 2.393E-1 5.49875E-1 6.47073E-1 4.19265E-1 2.86048E-1 5.60528E-2 2.24348E-2 1.03182E-1 1.24689E-1 6.10457E-2 6.24045E-2 5.90038E-2 7.80157E-2 2.87489E-1 4.78826E-1 4.17283E-1 2.54732E-1 3.14628E-1 3.70173E-1 2.32544E-1 2.44404E-1 3.41491E-1 2.91063E-1 2.12676E-1 4.50457E-1 6.37208E-1 4.22697E-1 2.10292E-1 4.35468E-1
-9999 -9999 -9999 -9999 -9999 -9999 -9999 -9999 -9999 -9999 -9999 -9999 -9999 -9999 -9999 -9999 -9999 -9999 4.75044E-1 4.17815E-1 5.21805E-1 6.64185E-1 6.93757E-1 5.09632E-1 3.53659E-1 3.86766E-1 5.33745E-1 2.74381E-1 1.69937E-1 3.78346E-1 6.60942E-1 5.97973E-1 3.53007E-1 1.01611E-1 4.40353E-2 3.93053E-2 4.68755E-2 7.15259E-2 5.22305E-2 1.24091E-1 6.91904E-2 1.75988E-1 4.14629E-1 4.97783E-1 4.63513E-1 4.83226E-1 3.66909E-1 6.1549E-1 4.98268E-1 5.14171E-1 4.78646E-1 2.5521E-1 5.80177E-2 3.10672E-1 6.36559E-1 5.89787E-1 3.4219E-1 3.74509E-1
-9999 -9999 -9999 -9999 -9999 -9999 -9999 -9999 -9999 -9999 -9999 -9999 -9999 -9999 -9999 -9999 -9999 -9999 -9999 2.92762E-1 4.2485E-1 5.88113E-1 7.97018E-1 7.29801E-1 6.76595E-1 3.66213E-1 3.67907E-1 1.55532E-1 2.14665E-1 3.54921E-1 2.01983E-1 2.34466E-1 1.73361E-1 6.65357E-2 9.58445E-2 5.1678E-2 3.90175E-2 5.18394E-2 9.68837E-2 2.23911E-1 3.25883E-1 5.42049E-1 7.12352E-1 6.47384E-1 5.35106E-1 4.8962E-1 2.64545E-1 4.25319E-1 4.02251E-1 5.03039E-1 5.49479E-1 2.25357E-1 1.74145E-1 5.89802E-1 7.21871E-1 6.61929E-1 6.27782E-1 4.01468E-1
-9999 -9999 -9999 -9999 -9999 -9999 -9999 -9999 -9999 -9999 -9999 -9999 -9999 -9999 -9999 -9999 -9999 -9999 -9999 -9999 5.18E-1 4.94454E-1 6.32666E-1 7.48768E-1 4.6661E-1 3.24102E-1 2.71992E-1 1.52252E-1 1.20519E-1 1.88045E-1 1.13026E-1 4.96018E-2 5.58499E-2 1.01266E-1 1.90009E-1 1.29113E-1 8.62095E-2 1.92016E-1 1.63698E-1 2.91617E-1 4.9161E-1 6.77617E-1 7.85141E-1 7.56278E-1 6.98347E-1 5.65095E-1 3.83196E-1 2.34665E-1 2.2927E-1 4.61806E-1 5.48544E-1 3.70017E-1 5.00998E-1 7.94304E-1 7.70344E-1 7.15452E-1 5.43041E-1 2.72148E-1
-9999 -9999 -9999 -9999 -9999 -9999 -9999 -9999 -9999 -9999 -9999 -9999 -9999 -9999 -9999 -9999 -9999 -9999 -9999 -9999 -9999 3.22311E-1 4.01623E-1 3.93462E-1 3.15566E-1 2.91644E-1 5.3734E-1 4.15214E-1 9.8465E-2 7.67333E-2 1.02625E-1 6.3716E-2 2.21401E-2 7.52404E-2 2.43259E-1 2.7743E-1 6.55432E-2 1.48958E-1 3.75243E-1 4.47933E-1 5.10198E-1 6.37323E-1 7.06164E-1 7.57066E-1 7.73349E-1 7.68556E-1 7.41269E-1 2.97643E-1 2.98705E-1 5.48022E-1 5.08584E-1 4.08108E-1 5.43928E-1 6.43819E-1 7.59647E-1 7.00042E-1 6.29617E-1 4.56351E-1
-9999 -9999 -9999 -9999 -9999 -9999 -9999 -9999 -9999 -9999 -9999 -9999 -9999 -9999 -9999 -9999 -9999 -9999 -9999 -9999 -9999 5.49316E-1 7.00999E-1 7.0898E-1 4.83066E-1 4.22733E-1 4.70108E-1 4.05353E-1 3.00827E-1 1.80814E-1 8.34597E-2 3.58594E-2 4.152E-2 5.9914E-2 2.98341E-1 3.95104E-1 1.65404E-1 1.39372E-1 9.97266E-2 1.24372E-1 1.36129E-1 5.7737E-1 4.73357E-1 4.33117E-1 6.7165E-1 6.20299E-1 4.68883E-1 2.06644E-1 2.89538E-1 3.90362E-1 4.60337E-1 5.62952E-1 5.93453E-1 4.00439E-1 7.17866E-1 7.49529E-1 7.22932E-1 7.21198E-1
-9999 -9999 -9999 -9999 -9999 -9999 -9999 -9999 -9999 -9999 -9999 -9999 -9999 -9999 -9999 -9999 -9999 -9999 -9999 -9999 -9999 1.54408E-1 3.67188E-1 3.75772E-1 4.48531E-1 6.23718E-1 5.2457E-1 3.18371E-1 2.67797E-1 7.87512E-2 3.55366E-2 1.69338E-2 2.26604E-2 1.34814E-1 2.94658E-1 5.19653E-1 2.75361E-1 1.68199E-1 4.43241E-1 5.37258E-1 5.39002E-1 1.81237E-1 1.62921E-1 1.6728E-1 1.81095E-1 2.53576E-1 1.4504E-1 1.087E-1 1.58222E-1 2.20608E-1 4.46671E-1 4.22287E-1 9.87074E-2 1.25802E-1 5.06849E-1 6.34131E-1 7.75126E-1 7.37921E-1
-9999 -9999 -9999 -9999 -9999 -9999 -9999 -9999 -9999 -9999 -9999 -9999 -9999 -9999 -9999 -9999 -9999 -9999 -9999 -9999 2.37941E-1 3.06748E-1 2.0213E-1 3.76062E-1 6.63139E-1 6.49015E-1 4.7593E-1 2.90457E-1 1.85887E-1 8.25239E-2 3.34064E-2 1.1415E-2 2.12297E-2 1.2942E-1 1.53489E-1 3.51385E-1 3.80934E-1 2.16358E-1 6.13914E-1 7.39896E-1 6.75635E-1 4.8972E-1 3.06541E-1 3.53835E-1 3.05889E-1 5.2536E-1 4.04984E-1 1.04948E-1 7.3955E-2 9.55481E-2 1.70543E-1 1.02154E-1 4.41971E-2 1.37749E-1 4.59848E-1 7.41471E-1 7.74685E-1 5.98008E-1
-9999 -9999 -9999 -9999 -9999 -9999 -9999 -9999 -9999 -9999 -9999 -9999 -9999 -9999 -9999 -9999 -9999 -9999 -9999 -9999 3.34355E-1 3.21389E-1 2.26932E-1 3.77263E-1 4.49213E-1 4.32068E-1 2.20385E-1 1.84774E-1 1.54997E-1 5.33207E-2 2.80409E-2 2.41232E-2 4.31403E-2 2.41642E-1 5.67727E-1 7.01268E-1 7.77649E-1 3.29245E-1 5.52157E-1 7.7841E-1 6.94692E-1 5.39891E-1 4.33629E-1 3.8794E-1 4.17181E-1 3.44746E-1 3.04576E-1 1.05023E-1 8.14309E-2 8.48646E-2 6.11384E-2 9.87436E-2 5.4801E-2 4.75432E-1 7.21671E-1 7.17625E-1 7.93147E-1 5.46189E-1
-9999 -9999 -9999 -9999 -9999 -9999 -9999 -9999 -9999 -9999 -9999 -9999 -9999 -9999 -9999 -9999 -9999 -9999 -9999 -9999 2.937E-1 1.37036E-1 1.10247E-1 1.05501E-1 2.66721E-1 2.97362E-1 2.27268E-1 6.45431E-2 5.44125E-2 4.82617E-2 1.10352E-1 2.98651E-1 2.27414E-1 3.49119E-1 5.64731E-1 7.55824E-1 8.18034E-1 6.80869E-1 5.53776E-1 7.13494E-1 6.59472E-1 5.43158E-1 5.01657E-1 4.08749E-1 3.95899E-1 3.55392E-1 2.23568E-1 1.05771E-1 2.23787E-1 2.21423E-1 1.16165E-1 2.48028E-1 1.63845E-1 4.39426E-1 7.55573E-1 7.66038E-1 7.75523E-1 6.23729E-1
-9999 -9999 -9999 -9999 -9999 -9999 -9999 -9999 -9999 -9999 -9999 -9999 -9999 -9999 -9999 -9999 -9999 -9999 -9999 -9999 3.8255E-2 3.14129E-2 4.47722E-2 1.03416E-1 3.39692E-1 2.48913E-1 7.22772E-2 1.75942E-2 2.4926E-2 1.02445E-1 3.39739E-1 5.45597E-1 6.77113E-1 6.89325E-1 6.64294E-1 8.13241E-1 7.84227E-1 7.0068E-1 7.6612E-1 7.61021E-1 6.31202E-1 6.50355E-1 6.64332E-1 4.85035E-1 4.12039E-1 4.80451E-1 2.99651E-1 1.59231E-1 3.39634E-1 3.93799E-1 4.79045E-1 4.21423E-1 4.18187E-1 1.73223E-1 4.55199E-1 7.77508E-1 7.19643E-1 4.85054E-1
-9999 -9999 -9999 -9999 -9999 -9999 -9999 -9999 -9999 -9999 -9999 -9999 -9999 -9999 -9999 -9999 -9999 -9999 -9999 -9999 6.22516E-3 2.00258E-2 1.15864E-1 1.50973E-1 2.25757E-1 1.71959E-1 3.5962E-2 2.97079E-2 1.77627E-1 2.07003E-1 3.52331E-1 7.05552E-1 6.61902E-1 7.48461E-1 7.67829E-1 6.96214E-1 7.84611E-1 8.52129E-1 8.25527E-1 7.91104E-1 2.31675E-1 2.56426E-1 2.82976E-1 6.09721E-1 4.22625E-1 5.23994E-1 1.90548E-1 3.36739E-1 4.79428E-1 4.43956E-1 3.51573E-1 5.1019E-1 6.15099E-1 3.02273E-1 5.12616E-1 7.78824E-1 8.5512E-1 7.0138E-1
-9999 -9999 -9999 -9999 -9999 -9999 -9999 -9999 -9999 -9999 -9999 -9999 -9999 -9999 -9999 -9999 -9999 -9999 -9999 -9999 -9999 2.1084E-2 1.63526E-1 2.03052E-1 2.24578E-1 1.5695E-1 2.61122E-1 8.46491E-2 2.74484E-1 3.22646E-1 4.80608E-1 5.25715E-1 6.32662E-1 6.65215E-1 5.74018E-1 6.06034E-1 8.20335E-1 7.34769E-1 8.03681E-1 6.70125E-1 2.88596E-1 5.36718E-1 4.86089E-1 2.70062E-1 5.90546E-1 5.78137E-1 3.24818E-1 3.73689E-1 5.01781E-1 4.029E-1 2.37616E-1 2.15837E-1 5.10367E-1 5.64631E-1 5.1844E-1 4.68453E-1 6.23212E-1 5.67241E-1
-9999 -9999 -9999 -9999 -9999 -9999 -9999 -9999 -9999 -9999 -9999 -9999 -9999 -9999 -9999 -9999 -9999 -9999 -9999 -9999 -9999 1.03906E-2 3.84804E-2 3.14926E-1 2.61076E-1 2.79979E-1 2.4836E-1 2.47628E-1 2.86693E-1 4.04125E-1 4.14191E-1 3.90209E-1 4.93303E-1 5.8026E-1 2.82927E-1 3.72812E-1 2.90619E-1 3.54244E-1 7.81796E-1 6.35017E-1 3.63993E-1 6.30924E-1 7.5795E-1 3.16788E-1 2.70639E-1 2.09428E-1 2.4153E-1 4.47443E-1 4.54678E-1 2.61787E-1 1.89169E-1 2.56591E-1 3.23041E-1 5.28259E-1 3.18278E-1 5.74236E-1 7.53289E-1 8.13378E-1
-9999 -9999 -9999 -9999 -9999 -9999 -9999 -9999 -9999 -9999 -9999 -9999 -9999 -9999 -9999 -9999 -9999 -9999 -9999 -9999 -9999 -9999 7.02985E-2 2.33622E-1 3.36309E-1 3.58261E-1 3.51087E-1 2.18737E-1 1.87491E-1 2.54091E-1 3.70417E-1 1.15401E-1 9.86239E-2 1.48094E-1 2.05039E-1 2.5085E-1 6.12864E-1 4.51972E-1 7.97152E-1 7.84439E-1 4.82919E-1 3.55387E-1 5.00087E-1 5.32253E-1 4.27605E-1 3.29112E-1 2.47399E-1 4.02233E-1 3.91635E-1 1.84488E-1 1.2152E-1 1.28606E-1 1.99889E-1 4.09375E-1 4.20902E-1 7.97878E-1 7.89273E-1 7.6273E-1
-9999 -9999 -9999 -9999 -9999 -9999 -9999 -9999 -9999 -9999 -9999 -9999 -9999 -9999 -9999 -9999 -9999 -9999 -9999 -9999 -9999 -9999 4.93408E-2 1.21518E-1 3.82153E-1 4.59192E-1 3.57188E-1 2.10158E-1 2.36719E-1 3.62552E-1 2.8266E-1 2.24581E-1 1.59566E-1 2.60601E-1 5.05495E-1 2.38256E-1 4.83302E-1 4.62078E-1 5.31404E-1 7.55435E-1 7.39583E-1 6.85137E-1 4.82915E-1 6.13742E-1 6.98079E-1 6.36684E-1 2.44732E-1 2.72724E-1 2.70116E-1 1.62161E-1 2.58879E-1 1.16245E-1 2.57733E-1 1.69373E-1 6.82542E-1 8.44108E-1 7.96842E-1 7.36027E-1
-9999 -9999 -9999 -9999 -9999 -9999 -9999 -9999 -9999 -9999 -9999 -9999 -9999 -9999 -9999 -9999 -9999 -9999 -9999 -9999 -9999 -9999 -9999 3.75692E-2 1.45424E-1 5.46653E-1 4.13115E-1 3.99318E-1 4.8512E-1 4.24679E-1 3.14826E-1 4.37058E-1 3.2842E-1 4.01115E-1 2.95923E-1 1.41821E-1 6.31413E-1 7.15616E-1 7.66883E-1 8.12341E-1 8.00139E-1 6.66018E-1 5.28955E-1 4.2074E-1 4.45512E-1 3.10062E-1 1.06644E-1 1.59635E-1 5.22383E-2 1.57992E-1 1.01156E-1 3.8192E-1 5.64296E-1 5.4105E-1 6.12434E-1 5.38097E-1 3.06219E-1 4.15175E-1
-9999 -9999 -9999 -9999 -9999 -9999 -9999 -9999 -9999 -9999 -9999 -9999 -9999 -9999 -9999 -9999 -9999 -9999 -9999 -9999 -9999 -9999 -9999 1.25307E-1 3.82211E-1 6.42824E-1 4.81635E-1 5.1637E-1 3.6844E-1 6.31356E-1 6.48925E-1 5.22122E-1 4.69012E-1 2.17261E-1 2.1887E-1 2.98491E-1 6.31605E-1 6.9328E-1 7.36864E-1 7.26055E-1 7.66343E-1 7.8085E-1 6.40924E-1 5.20435E-1 3.77455E-1 2.52244E-1 8.70616E-2 6.06722E-2 3.11943E-2 7.09776E-2 1.3866E-1 5.42714E-1 6.15431E-1 6.16127E-1 6.49178E-1 5.11075E-1 1.08051E-1 7.19584E-2
-9999 -9999 -9999 -9999 -9999 -9999 -9999 -9999 -9999 -9999 -9999 -9999 -9999 -9999 -9999 -9999 -9999 -9999 -9999 -9999 -9999 -9999 -9999 2.27743E-1 3.94452E-1 3.86889E-1 4.7406E-1 3.53714E-1 6.75285E-1 5.75159E-1 4.30264E-1 2.63221E-1 1.58839E-1 2.15289E-1 1.86985E-1 2.71032E-1 4.42334E-1 5.7981E-1 6.53325E-1 6.64766E-1 6.64495E-1 8.30517E-1 7.70891E-1 6.87845E-1 5.2946E-1 5.20107E-1 2.47763E-1 3.49897E-1 9.90857E-2 9.20701E-2 9.21188E-2 1.82442E-1 1.08931E-1 3.98216E-1 4.06041E-1 4.37991E-1 3.57457E-1 3.52114E-1
-9999 -9999 -9999 -9999 -9999 -9999 -9999 -9999 -9999 -9999 -9999 -9999 -9999 -9999 -9999 -9999 -9999 -9999 -9999 -9999 -9999 -9999 -9999 -9999 -9999 2.25361E-1 3.40384E-1 4.53227E-1 7.5095E-1 4.38772E-1 1.93195E-1 1.18779E-1 1.33008E-1 1.36282E-1 1.92853E-1 2.28232E-1 3.13336E-1 3.78867E-1 4.13954E-1 5.24986E-1 6.53994E-1 7.9102E-1 7.5826E-1 6.02914E-1 5.46799E-1 5.33118E-1 4.73615E-1 4.05215E-1 2.29201E-1 1.52708E-1 1.98126E-1 1.09089E-1 1.00573E-1 4.18279E-1 4.68914E-1 4.25988E-1 4.29617E-1 5.20769E-1
-9999 -9999 -9999 -9999 -9999 -9999 -9999 -9999 -9999 -9999 -9999 -9999 -9999 -9999 -9999 -9999 -9999 -9999 -9999 -9999 -9999 -9999 -9999 -9999 -9999 -9999 3.38028E-1 4.3601E-1 4.77531E-1 3.75818E-1 1.94052E-1 1.00608E-1 8.59481E-2 7.98252E-2 8.111E-2 1.1161E-1 2.05693E-1 1.53734E-1 1.42427E-1 2.13465E-1 4.19025E-1 5.37653E-1 4.93477E-1 4.61464E-1 4.25021E-1 3.34773E-1 3.4351E-1 3.38266E-1 2.09395E-1 1.33518E-1 2.34358E-1 1.13754E-1 3.32112E-1 5.00777E-1 3.73962E-1 5.1498E-1 4.98835E-1 4.67882E-1
-9999 -9999 -9999 -9999 -9999 -9999 -9999 -9999 -9999 -9999 -9999 -9999 -9999 -9999 -9999 -9999 -9999 -9999 -9999 -9999 -9999 -9999 -9999 -9999 -9999 -9999 -9999 3.3655E-1 5.60742E-1 3.75755E-1 1.51176E-1 9.96788E-2 9.15363E-2 6.29539E-2 4.83058E-2 8.26974E-2 1.21418E-1 6.34977E-2 5.75501E-2 5.40596E-2 2.34415E-1 3.13724E-1 4.75827E-1 5.4832E-1 3.44387E-1 2.61645E-1 2.10373E-1 2.50175E-1 1.47775E-1 2.31908E-1 1.24067E-1 5.07994E-2 1.3952E-1 2.32086E-1 1.35439E-1 1.14772E-1 3.1685E-1 2.22643E-1
-9999 -9999 -9999 -9999 -9999 -9999 -9999 -9999 -9999 -9999 -9999 -9999 -9999 -9999 -9999 -9999 -9999 -9999 -9999 -9999 -9999 -9999 -9999 -9999 -9999 -9999 -9999 1.16566E-1 1.38633E-1 9.26831E-2 7.8664E-2 4.29097E-2 1.11353E-1 7.98018E-2 2.40292E-2 1.42899E-2 1.60937E-2 8.56475E-3 7.97094E-3 2.18454E-2 9.72986E-2 1.37782E-1 3.22181E-1 1.6391E-1 1.13473E-1 2.30234E-1 1.93147E-1 2.0974E-1 4.04402E-1 4.22839E-1 1.32051E-1 2.01465E-1 2.1767E-1 3.73702E-1 2.41704E-1 1.3765E-1 6.40654E-2 2.09944E-1
-9999 -9999 -9999 -9999 -9999 -9999 -9999 -9999 -9999 -9999 -9999 -9999 -9999 -9999 -9999 -9999 -9999 -9999 -9999 -9999 -9999 -9999 -9999 -9999 -9999 -9999 -9999 -9999 -9999 -9999 -9999 2.32723E-2 2.51025E-2 2.39351E-2 1.355E-2 7.7191E-3 3.20544E-2 2.73459E-2 1.24647E-2 1.3438E-2 2.31025E-2 3.57305E-2 6.98355E-2 7.09057E-2 4.57712E-2 8.92375E-2 2.41902E-1 2.09527E-1 2.23651E-1 2.75912E-1 4.06618E-1 2.53488E-1 1.02854E-1 2.61065E-1 4.31269E-1 4.02219E-1 1.11384E-1 2.91204E-1
-9999 -9999 -9999 -9999 -9999 -9999 -9999 -9999 -9999 -9999 -9999 -9999 -9999 -9999 -9999 -9999 -9999 -9999 -9999 -9999 -9999 -9999 -9999 -9999 -9999 -9999 -9999 -9999 -9999 -9999 -9999 -9999 -9999 3.91052E-2 1.15397E-2 6.70048E-3 1.00465E-2 1.78766E-2 1.68004E-2 1.37511E-2 2.91253E-2 3.78906E-2 1.13418E-1 1.46346E-1 5.72702E-2 9.92255E-2 3.8898E-1 3.23278E-1 2.75133E-1 2.12078E-1 1.299E-1 8.52953E-2 2.57661E-1 2.67056E-1 3.40856E-1 4.17387E-1 -9999 -9999
