Phytophthora/models/20240503_1134_59/Phytophthora_PA1_RUN9_MAXENT_outputs/Phytophthora_PA1_RUN9.asc
ncols         113
nrows         135
xllcorner     473009.9838
yllcorner     4429001.1748
cellsize      100.0
NODATA_value  -9999
[rows 52 to 77 of 135, columns 0 to 57 of 113]
-9999 -9999 -9999 -9999 -9999 1.0085E-1 1.72412E-1 2.64198E-1 2.05016E-1 6.58732E-2 3.08269E-2 1.21008E-2 1.54841E-2 2.52494E-2 4.17803E-2 3.77167E-2 1.54533E-2 1.57314E-2 1.96891E-2 1.31681E-2 7.6101E-3 4.01683E-3 2.34731E-3 3.2177E-3 5.86987E-3 2.98547E-3 6.17093E-3 3.42672E-3 2.05381E-3 4.42206E-3 2.34722E-2 5.0968E-2 4.45334E-2 4.64598E-2 5.3711E-2 4.76803E-2 3.84921E-2 1.20301E-2 3.77348E-2 1.1761E-1 6.80272E-2 3.85004E-2 3.42678E-2 2.44849E-2 1.16148E-2 2.86884E-2 2.56125E-2 1.94373E-2 8.59445E-2 1.65068E-1 1.52566E-1 2.22445E-1 2.67628E-1 2.06834E-1 4.21528E-2 8.1862E-2 7.6672E-2 1.93388E-1
-9999 -9999 -9999 -9999 -9999 1.978E-1 5.65515E-1 2.65924E-1 1.6005E-1 6.79881E-2 8.31664E-2 3.55561E-2 5.29116E-2 3.35492E-2 2.89539E-2 2.11441E-2 2.10555E-2 5.10838E-2 5.46516E-2 2.70141E-2 2.12813E-2 1.5719E-2 2.11965E-2 6.33881E-3 6.6189E-3 9.0808E-3 7.80832E-3 1.48403E-3 1.02377E-3 2.92634E-3 1.16219E-2 5.4734E-2 7.48966E-2 3.77945E-2 4.26586E-2 4.633E-2 1.75825E-2 1.12621E-2 9.15264E-3 4.17169E-2 2.92909E-2 2.74034E-2 1.87054E-2 9.72776E-3 1.02628E-2 2.17638E-2 1.05311E-2 2.01368E-2 9.62842E-2 2.80646E-1 3.81934E-1 3.44228E-1 3.2548E-1 9.53245E-2 6.39797E-2 1.16698E-1 9.35165E-2 2.00479E-1
-9999 -9999 -9999 -9999 1.76722E-2 1.99876E-1 4.72398E-1 2.07108E-1 1.45818E-1 1.37876E-1 1.07925E-1 1.16033E-1 6.77508E-2 2.30462E-2 2.68664E-2 3.07603E-2 6.65494E-2 1.38806E-1 1.58011E-1 1.37116E-1 4.69615E-2 4.19892E-2 3.35812E-2 2.97772E-2 2.73424E-2 4.12836E-2 1.6603E-2 5.04178E-3 2.33966E-3 4.37711E-3 4.86426E-3 1.55387E-2 3.90225E-2 1.60235E-2 2.23168E-2 3.94561E-2 2.81206E-2 1.71779E-2 1.90326E-2 2.57805E-2 1.71407E-2 4.50535E-2 4.34682E-2 2.69338E-2 1.61281E-2 1.63206E-2 1.76154E-2 1.67597E-2 1.06695E-1 1.54813E-1 2.68385E-1 3.16159E-1 7.15102E-2 2.30268E-2 5.97578E-2 1.71093E-1 2.09189E-1 2.30838E-1
-9999 -9999 -9999 2.66606E-1 3.52838E-1 3.97098E-1 4.12898E-1 2.16077E-1 2.65715E-1 1.73035E-1 9.86314E-2 1.6357E-1 7.84467E-2 3.95399E-2 4.37085E-2 6.49165E-2 2.71021E-1 3.10521E-1 3.1886E-1 2.33969E-1 1.80034E-1 6.61626E-2 7.5287E-2 4.40182E-2 2.47277E-2 2.96621E-2 2.65057E-2 1.08715E-2 4.07693E-3 4.02554E-3 9.72767E-3 2.52368E-2 1.67595E-2 1.12668E-2 2.32163E-2 5.24307E-2 4.17275E-2 5.48121E-2 3.94393E-2 6.81278E-2 8.77545E-2 1.5491E-1 1.1778E-1 5.42572E-2 7.08907E-2 5.07551E-2 3.88339E-2 1.55302E-2 1.58332E-2 1.3701E-1 1.83191E-1 2.07252E-1 4.995E-2 8.13276E-2 1.14507E-1 1.03495E-1 1.20386E-1 1.13401E-1
-9999 -9999 -9999 2.27397E-1 4.04041E-1 5.55832E-1 4.41577E-1 1.06119E-1 2.6306E-1 1.37272E-1 3.27309E-1 2.46991E-1 2.70294E-1 2.6424E-1 1.54331E-1 2.06554E-1 3.71905E-1 4.35224E-1 4.66264E-1 2.99007E-1 2.38204E-1 1.84949E-1 1.52026E-1 8.57869E-2 3.57592E-2 2.64813E-2 3.41949E-2 2.7136E-2 6.81468E-3 3.52502E-3 2.86024E-2 4.88485E-2 1.56491E-2 8.11017E-3 1.41521E-2 3.49026E-2 3.59922E-2 8.00076E-2 2.37585E-2 2.36136E-2 8.09902E-2 1.19824E-1 5.11375E-2 5.03461E-2 8.21019E-2 2.91021E-2 2.87896E-2 1.02043E-2 4.13448E-2 1.00555E-1 1.10502E-1 2.39854E-1 1.56244E-1 1.37917E-1 1.20121E-1 1.08596E-1 1.98141E-1 2.35846E-1
-9999 -9999 -9999 2.5406E-1 5.33378E-1 5.13931E-1 3.48124E-1 1.75601E-1 1.27247E-1 2.63746E-1 4.50368E-1 3.72388E-1 5.48274E-1 3.46027E-1 2.1477E-1 2.20832E-1 2.91063E-1 3.77261E-1 4.2234E-1 2.4619E-1 1.66661E-1 2.19141E-1 2.39229E-1 1.88218E-1 6.9315E-2 4.27838E-2 6.30106E-2 7.59035E-2 2.94638E-2 3.30432E-2 8.34569E-2 6.39272E-2 7.62593E-2 9.25977E-3 6.16228E-3 1.09061E-2 4.79115E-2 6.01246E-2 7.9712E-3 1.52406E-2 5.75749E-2 6.85623E-2 4.48279E-2 2.82846E-2 5.33675E-3 3.23272E-3 1.42012E-2 1.6958E-2 5.85089E-2 4.45657E-2 5.3495E-2 8.14015E-2 1.09435E-1 6.38886E-2 3.86812E-2 1.29773E-1 2.01775E-1 9.71565E-2
-9999 -9999 -9999 1.27589E-1 3.4312E-1 2.65726E-1 1.48882E-1 7.38538E-2 1.43833E-1 2.91983E-1 2.97544E-1 2.77156E-1 3.801E-1 2.00959E-1 1.44113E-1 9.77826E-2 1.25566E-1 2.29256E-1 2.53676E-1 3.18195E-1 2.69017E-1 2.34832E-1 2.25213E-1 1.5215E-1 4.7381E-2 4.6579E-2 9.95233E-2 1.91997E-1 1.50267E-1 3.57514E-2 4.70936E-2 5.77111E-2 3.23588E-2 2.14467E-3 2.84878E-3 4.93518E-2 1.75207E-1 6.65075E-2 1.30704E-2 1.68455E-2 4.36032E-2 3.67176E-2 4.57818E-2 2.10005E-2 5.79835E-3 4.90264E-3 6.89792E-3 5.59961E-2 2.06006E-1 1.80145E-1 1.89445E-1 1.68719E-1 1.05177E-1 2.72758E-2 1.31642E-2 9.2994E-2 1.01981E-1 8.23378E-2
-9999 -9999 -9999 1.98325E-1 1.416E-1 2.21559E-1 1.38647E-1 8.00722E-2 1.12767E-1 1.65219E-1 1.30865E-1 7.781E-2 3.95934E-1 3.18259E-1 1.67607E-1 4.15197E-2 3.28856E-2 7.21822E-2 9.71426E-2 3.4194E-1 2.21302E-1 1.51789E-1 7.75696E-2 2.02906E-2 1.22895E-2 3.64635E-2 7.19643E-2 4.97873E-2 3.58795E-2 2.62356E-2 4.13126E-2 2.70894E-2 1.04332E-2 4.64885E-3 7.90964E-3 3.19494E-2 4.85756E-2 9.88794E-2 4.79876E-2 3.71833E-2 4.91103E-2 4.97367E-2 7.653E-2 2.52652E-2 5.15144E-2 1.91027E-2 2.58814E-2 1.96533E-1 3.27407E-1 3.35597E-1 1.67505E-1 8.00388E-2 3.79964E-2 1.56973E-2 9.79899E-3 3.34386E-2 1.03562E-1 1.1618E-1
-9999 -9999 -9999 -9999 7.57792E-2 3.2493E-1 2.20797E-1 1.08734E-1 1.00114E-1 1.83057E-1 1.44282E-1 8.10595E-2 2.95391E-1 2.7793E-1 1.12576E-1 5.26733E-2 5.26545E-2 1.4572E-1 2.54638E-1 2.67612E-1 1.28446E-1 5.04184E-2 1.24984E-2 5.74492E-3 1.35444E-2 1.45354E-2 1.50677E-2 1.24039E-2 2.48312E-2 7.29251E-2 1.02886E-1 3.1851E-2 2.86693E-2 9.47331E-3 1.63247E-2 2.08989E-2 3.87571E-2 1.36318E-1 1.09315E-1 1.2487E-1 1.87133E-1 1.50074E-1 1.70302E-1 1.11549E-1 9.94471E-2 3.9689E-2 2.3943E-2 6.76868E-2 1.40356E-1 2.84006E-1 8.54785E-2 3.84183E-2 2.65249E-2 1.78848E-2 1.47097E-2 2.01748E-2 1.05191E-1 1.61684E-1
-9999 -9999 -9999 -9999 -9999 5.23309E-1 2.63869E-1 8.83511E-2 8.3908E-2 1.84887E-1 1.93736E-1 1.74319E-1 2.94591E-1 1.10874E-1 6.01945E-2 4.46868E-2 7.93724E-2 1.74624E-1 3.24869E-1 2.54654E-1 1.21851E-1 1.07245E-2 3.35615E-3 1.0056E-2 2.13204E-2 4.69883E-2 3.42423E-2 1.67423E-2 4.29049E-2 4.21518E-2 4.56843E-2 3.08534E-2 8.77083E-2 8.63238E-3 4.83735E-3 1.29419E-2 4.41083E-2 1.03477E-1 1.28232E-1 1.5605E-1 1.66953E-1 1.77139E-1 2.78432E-1 1.96014E-1 1.84896E-1 4.71628E-2 3.317E-2 9.81462E-2 1.6537E-1 1.49849E-1 5.78584E-2 3.26377E-2 4.67701E-2 5.18581E-2 6.64019E-2 2.99917E-2 7.24159E-2 1.26138E-1
-9999 -9999 -9999 -9999 -9999 -9999 7.14702E-2 5.15347E-2 9.23235E-2 1.51149E-1 2.84906E-1 5.32175E-1 6.1065E-1 1.47213E-1 6.53107E-2 2.10322E-2 2.37506E-2 1.99225E-1 2.18544E-1 1.21028E-1 4.30339E-2 8.51637E-3 1.0644E-2 2.40595E-2 4.23726E-2 7.23009E-2 2.85924E-2 2.21586E-2 2.21433E-2 1.19744E-2 2.22916E-2 3.84875E-2 2.91312E-2 2.24339E-2 5.01823E-2 6.73573E-2 1.12191E-1 1.75161E-1 1.06826E-1 9.1006E-2 2.38181E-1 1.32232E-1 4.03678E-1 2.40106E-1 2.80547E-1 9.26408E-2 7.9459E-2 9.22529E-2 8.98658E-2 6.05665E-2 4.25324E-2 5.17106E-2 7.29469E-2 8.67224E-2 8.4146E-2 4.95435E-2 1.41809E-1 2.17775E-1
-9999 -9999 -9999 -9999 -9999 -9999 8.63175E-2 8.76548E-2 8.17026E-2 1.24224E-1 5.87603E-1 5.71192E-1 4.5652E-1 8.81508E-2 4.90136E-2 3.65065E-2 5.45164E-2 7.09466E-2 5.75657E-2 4.02853E-2 3.1039E-2 1.85173E-2 1.33991E-2 2.21997E-2 2.83505E-2 4.31548E-2 6.77314E-2 2.73389E-2 1.20355E-2 1.50171E-2 2.55276E-2 6.49878E-2 2.81278E-2 3.34492E-2 1.43724E-1 7.32882E-2 5.48358E-2 5.81472E-2 3.22822E-2 5.73359E-2 1.30432E-1 9.60189E-2 3.82657E-1 2.46504E-1 2.69687E-1 2.13276E-1 9.0262E-2 2.73812E-2 5.3218E-2 6.91366E-2 1.10906E-1 1.6234E-1 1.5862E-1 1.12977E-1 1.12973E-1 9.96692E-2 1.40224E-1 1.4296E-1
-9999 -9999 -9999 -9999 -9999 2.79347E-2 8.30883E-2 7.30884E-2 4.58833E-2 1.73864E-1 5.40437E-1 4.84513E-1 3.45558E-1 8.68912E-2 2.79303E-2 2.78869E-2 3.04707E-2 1.81061E-2 1.57436E-2 2.43781E-2 2.96456E-2 3.30544E-2 2.52345E-2 3.19156E-2 3.57501E-2 7.64084E-2 7.61246E-2 2.89212E-2 1.04669E-2 3.66568E-3 9.26573E-3 3.92675E-2 8.63331E-2 5.48751E-2 2.4159E-1 1.93204E-1 7.02367E-2 6.2619E-2 7.20036E-2 1.48467E-1 2.80713E-1 1.45654E-1 1.99158E-1 2.13482E-1 2.17288E-1 1.98993E-1 1.43467E-1 9.22499E-2 7.48491E-2 1.38231E-1 1.32985E-1 1.72726E-1 1.3042E-1 9.27259E-2 8.26444E-2 1.57676E-1 1.71274E-1 2.16588E-1
-9999 -9999 -9999 -9999 2.47039E-4 2.05708E-2 1.05917E-1 3.13446E-2 3.89912E-2 4.75538E-2 7.42686E-2 2.72116E-1 1.32424E-1 9.87114E-2 4.96712E-2 3.11834E-2 3.8281E-2 3.81055E-2 2.72017E-2 4.20459E-2 9.58658E-2 7.83606E-2 3.99929E-2 3.18521E-2 6.13131E-2 1.5288E-1 1.50022E-1 1.54385E-2 4.55784E-3 1.97255E-2 1.97216E-2 8.16469E-2 8.63301E-2 7.03913E-2 1.00419E-1 1.70895E-1 1.4663E-1 1.31808E-1 1.7232E-1 3.70896E-1 5.40146E-1 2.08578E-1 2.91961E-1 4.11452E-1 2.44188E-1 1.12239E-1 9.97306E-2 1.33911E-1 1.35601E-1 1.50308E-1 1.13607E-1 1.51445E-1 2.33472E-1 3.67981E-1 2.609E-1 2.33719E-1 3.94209E-1 2.8157E-1
-9999 -9999 -9999 -9999 5.28402E-4 7.48766E-2 1.56521E-1 5.13992E-2 1.9671E-2 9.26188E-3 4.88829E-2 1.65118E-1 1.71251E-1 1.17722E-1 5.33799E-2 6.90821E-2 8.41588E-2 8.70252E-2 5.91753E-2 8.93444E-2 2.14207E-1 1.16101E-1 5.4E-2 5.76379E-2 1.25784E-1 1.43561E-1 1.27501E-1 1.78682E-2 1.43473E-2 2.60311E-2 4.73248E-2 5.13791E-2 8.40134E-2 5.92343E-2 1.82422E-1 1.90485E-1 2.04584E-1 1.70108E-1 2.18113E-1 2.99467E-1 4.48161E-1 4.63738E-1 5.56303E-1 4.88094E-1 1.68439E-1 4.18332E-2 4.79844E-2 1.58604E-1 3.02872E-1 3.39578E-1 3.29286E-1 1.71485E-1 3.25886E-1 4.08581E-1 4.65848E-1 4.46534E-1 3.54499E-1 2.25046E-1
-9999 -9999 -9999 -9999 1.37119E-3 1.08273E-1 2.49286E-1 2.31519E-1 1.27296E-1 1.79306E-2 1.09524E-1 1.07245E-1 1.76153E-1 2.64397E-1 5.35103E-2 2.69577E-2 3.45383E-2 5.08079E-2 1.46557E-1 2.06701E-1 2.67538E-1 1.75686E-1 1.11764E-1 1.55941E-1 1.85421E-1 1.46971E-1 8.68657E-2 2.21503E-2 3.76476E-2 3.43167E-2 5.22111E-2 1.04964E-1 6.68646E-2 2.19901E-1 1.60278E-1 1.02773E-1 6.48583E-2 5.51772E-2 1.00076E-1 1.74582E-1 3.04837E-1 3.42973E-1 4.65418E-1 4.77565E-1 9.89917E-2 2.20237E-2 4.18013E-2 1.95213E-1 2.57346E-1 3.50247E-1 4.81416E-1 3.05733E-1 3.98196E-1 4.61705E-1 4.90069E-1 5.02665E-1 5.63539E-1 1.64183E-1
-9999 -9999 -9999 -9999 9.73974E-4 7.02075E-2 2.74231E-1 3.6816E-1 1.09036E-1 1.30741E-1 2.81981E-1 1.85748E-1 1.95146E-1 6.74818E-2 3.4153E-2 3.5407E-2 7.6286E-2 8.51358E-2 1.43346E-1 3.37146E-1 4.81929E-1 3.01501E-1 3.49802E-1 3.30134E-1 1.0856E-1 1.99096E-1 1.03465E-1 4.16675E-2 2.65489E-2 6.95353E-2 1.76504E-1 1.51051E-1 1.38015E-1 1.73899E-1 1.27861E-1 3.81619E-2 2.40711E-2 3.10816E-2 5.9473E-2 1.83545E-1 2.47841E-1 3.68393E-1 1.46388E-1 1.85933E-1 8.83777E-2 2.83656E-2 4.88446E-2 9.59864E-2 2.06562E-1 3.06473E-1 5.14402E-1 6.25028E-1 6.06375E-1 4.69677E-1 4.62214E-1 5.21591E-1 3.44169E-1 2.36529E-1
-9999 -9999 -9999 -9999 1.76193E-4 7.50002E-2 3.00394E-1 1.91408E-1 1.00691E-1 3.09857E-1 2.6528E-1 2.0581E-1 1.59769E-1 1.21716E-1 1.22851E-1 1.38006E-1 1.17439E-1 1.54713E-1 2.13796E-1 4.96095E-1 3.89027E-1 3.12618E-1 2.67473E-1 1.18167E-1 2.03817E-1 2.65437E-1 3.16955E-1 1.1865E-1 3.60391E-2 1.63752E-1 2.79375E-1 8.7405E-2 6.43977E-2 2.54846E-2 5.81722E-2 3.20967E-2 2.38121E-2 5.17209E-2 1.03637E-1 2.13054E-1 2.11208E-1 1.75192E-1 4.78236E-2 9.91513E-2 4.68712E-2 3.38629E-2 5.53892E-2 1.07865E-1 1.73403E-1 5.22689E-1 7.25694E-1 4.47144E-1 6.85006E-1 4.77984E-1 1.41283E-1 2.8527E-1 4.10205E-1 4.34793E-1
-9999 -9999 -9999 -9999 1.42177E-4 7.15813E-2 2.95495E-1 1.0366E-1 8.88822E-2 3.92134E-1 3.45456E-1 4.12858E-1 1.94172E-1 1.30822E-1 1.18444E-1 1.73267E-1 2.64786E-1 3.7802E-1 3.54617E-1 3.71434E-1 2.15292E-1 1.5684E-1 8.13111E-2 6.67867E-2 1.31784E-1 2.14511E-1 2.088E-1 9.91361E-2 2.21358E-2 2.15522E-1 4.04302E-1 1.77384E-1 5.06433E-2 3.55285E-2 1.53389E-2 5.86745E-3 8.21508E-3 6.3199E-2 2.12995E-1 3.75029E-1 2.82988E-1 1.10575E-1 9.38893E-2 6.35975E-2 3.3373E-2 5.32731E-2 1.05779E-1 1.66916E-1 5.2739E-1 5.82592E-1 6.36343E-1 2.3487E-1 3.01623E-1 2.26033E-1 1.4499E-1 2.27696E-1 3.59034E-1 5.85683E-1
-9999 -9999 -9999 -9999 6.37274E-4 6.33539E-2 1.6493E-1 9.0818E-2 2.23838E-1 2.40997E-1 2.60498E-1 6.39404E-1 6.48397E-1 2.77486E-1 1.71996E-1 2.2241E-1 3.47064E-1 4.3195E-1 5.0412E-1 3.62979E-1 1.988E-1 2.38765E-1 1.67656E-1 1.16674E-1 1.01122E-1 1.52232E-1 1.34204E-1 8.90404E-2 2.25001E-2 4.24234E-2 2.65778E-1 2.00184E-1 1.81784E-1 2.30848E-2 1.19819E-2 2.41007E-2 3.21452E-2 3.48776E-2 3.49268E-1 4.99028E-1 3.02826E-1 1.59006E-1 1.25486E-1 3.84218E-2 3.63294E-2 1.09009E-1 2.45994E-1 2.5077E-1 4.04097E-1 5.48316E-1 4.36534E-1 2.56865E-1 2.28568E-1 1.32073E-1 1.79879E-1 3.06565E-1 4.03719E-1 4.98699E-1
-9999 -9999 -9999 -9999 1.19682E-2 3.62466E-2 1.15604E-1 1.01433E-1 9.20683E-2 1.30204E-1 2.42483E-1 3.91545E-1 6.78096E-1 4.77929E-1 4.52107E-1 3.18615E-1 3.09781E-1 3.75659E-1 3.28503E-1 2.30201E-1 2.93394E-1 3.82471E-1 3.2526E-1 2.0307E-1 1.61824E-1 1.8707E-1 1.95143E-1 1.54521E-1 3.49503E-2 1.06028E-1 1.0622E-1 1.19192E-1 2.51173E-1 5.66525E-2 5.81803E-2 4.78053E-2 4.63662E-2 6.07684E-2 2.64126E-1 5.64643E-1 2.5658E-1 1.67305E-1 9.16288E-2 2.57121E-2 4.3324E-2 7.09382E-2 1.13769E-1 2.21576E-1 5.99665E-1 5.28222E-1 3.9141E-1 1.95107E-1 1.47047E-1 1.76803E-1 2.75221E-1 4.56325E-1 4.30141E-1 4.90414E-1
-9999 -9999 -9999 8.60759E-3 7.42053E-2 7.69529E-2 9.37525E-2 8.35579E-2 6.13102E-2 1.49429E-1 3.2795E-1 2.91598E-1 3.58475E-1 6.82469E-1 6.91874E-1 5.23065E-1 5.08964E-1 4.8567E-1 2.45121E-1 1.13014E-1 2.16469E-1 2.80868E-1 3.01208E-1 3.28183E-1 2.74194E-1 1.45576E-1 1.97477E-1 1.88928E-1 6.68016E-2 8.11843E-2 7.64052E-2 1.20925E-1 1.14341E-1 1.46125E-1 1.18526E-1 6.11212E-2 1.05225E-1 1.89433E-1 2.8642E-1 6.08068E-1 2.93505E-1 2.03825E-1 9.52787E-2 3.33063E-2 1.19489E-1 6.17798E-2 7.15453E-2 3.71869E-1 4.75372E-1 3.85861E-1 1.98459E-1 1.05098E-1 7.61193E-2 1.06244E-1 2.29574E-1 4.8426E-1 5.95331E-1 6.19776E-1
-9999 -9999 -9999 2.69678E-2 1.20865E-1 2.6718E-1 1.96472E-1 1.07813E-1 1.7241E-1 2.80919E-1 4.71414E-1 4.7973E-1 6.0188E-1 7.61979E-1 7.72562E-1 6.95429E-1 6.73513E-1 5.48889E-1 3.50311E-1 1.61199E-1 3.25496E-1 3.36264E-1 3.85048E-1 5.60964E-1 4.1348E-1 2.3752E-1 2.57941E-1 1.19392E-1 1.10145E-1 8.43209E-2 6.0853E-2 3.10615E-2 1.01603E-1 1.25969E-1 1.33658E-1 9.17673E-2 1.13856E-1 3.85994E-1 4.86166E-1 4.71066E-1 4.45873E-1 4.19555E-1 2.85881E-1 1.40658E-1 1.75392E-1 5.67581E-2 6.02867E-2 3.45046E-1 2.21455E-1 8.26495E-2 1.65597E-1 1.04041E-1 3.98119E-2 5.13984E-2 2.47285E-1 4.5196E-1 5.23911E-1 5.44509E-1
-9999 -9999 1.45112E-2 3.52862E-2 3.02147E-1 6.38753E-1 6.36156E-1 4.4473E-1 6.73398E-1 5.91326E-1 6.31217E-1 6.92296E-1 6.99782E-1 7.77882E-1 8.22512E-1 8.07045E-1 6.53393E-1 5.12181E-1 4.45593E-1 2.49841E-1 3.41983E-1 5.2795E-1 6.57066E-1 6.44571E-1 5.43338E-1 2.92732E-1 1.4514E-1 1.23455E-1 7.92993E-2 9.17105E-2 8.39808E-2 1.13421E-1 1.84187E-1 1.89011E-1 2.29863E-1 2.51711E-1 2.10827E-1 3.06312E-1 5.63416E-1 5.63019E-1 6.9639E-1 6.79475E-1 4.56187E-1 2.17096E-1 1.38937E-1 1.16375E-1 1.78018E-1 2.79763E-1 1.68749E-1 1.78327E-1 1.96356E-1 1.20518E-1 4.298E-2 4.63957E-2 9.42721E-2 3.9862E-1 4.5379E-1 3.89022E-1
-9999 -9999 2.51393E-2 3.78633E-1 5.85291E-1 7.38871E-1 8.29274E-1 8.65443E-1 8.53207E-1 8.50374E-1 7.55939E-1 6.24244E-1 5.41682E-1 7.71023E-1 8.00735E-1 8.43955E-1 6.69218E-1 4.15134E-1 4.49663E-1 5.03539E-1 6.33977E-1 5.81627E-1 5.86261E-1 6.01348E-1 5.69567E-1 2.65079E-1 1.26094E-1 1.70606E-1 1.4266E-1 1.00798E-1 1.35496E-1 2.62751E-1 1.44572E-1 1.10342E-1 2.80465E-1 3.86545E-1 3.10488E-1 3.10425E-1 3.80736E-1 5.12758E-1 6.39651E-1 6.76971E-1 4.59065E-1 3.3462E-1 2.39423E-1 2.66086E-1 3.76795E-1 4.92393E-1 5.06086E-1 3.94232E-1 2.33549E-1 1.79929E-1 1.59586E-1 1.07022E-1 9.27047E-2 3.50833E-1 4.11065E-1 3.46804E-1
-9999 -9999 -9999 5.44772E-1 4.13904E-1 6.5577E-1 8.69059E-1 9.35091E-1 9.37311E-1 9.32976E-1 8.36628E-1 3.99435E-1 3.11616E-1 7.49896E-1 7.96932E-1 8.60285E-1 5.61908E-1 3.88283E-1 5.47209E-1 7.33219E-1 6.71062E-1 4.59017E-1 4.48996E-1 5.52459E-1 4.6042E-1 2.60243E-1 2.58064E-1 2.00841E-1 3.47444E-1 1.69194E-1 1.96217E-1 2.66601E-1 5.84258E-2 7.15681E-2 1.42483E-1 2.4596E-1 3.63308E-1 4.02957E-1 5.20287E-1 4.85664E-1 6.36506E-1 6.19674E-1 5.6146E-1 5.02872E-1 3.67895E-1 3.32559E-1 4.50269E-1 5.07194E-1 5.05205E-1 4.76705E-1 3.35707E-1 2.97735E-1 3.13511E-1 3.73159E-1 3.49328E-1 3.42518E-1 2.67146E-1 2.06364E-1
