Phytophthora/models/20240503_1134_59/Phytophthora_PA1_RUN8_MAXENT_outputs/Phytophthora_PA1_RUN8.asc
ncols         113
nrows         135
xllcorner     473009.9838
yllcorner     4429001.1748
cellsize      100.0
NODATA_value  -9999
[rows 78 to 103 of 135, columns 0 to 57 of 113]
-9999 -9999 -9999 3.00147E-2 1.54649E-1 6.33328E-1 8.66858E-1 9.32904E-1 9.666E-1 9.48955E-1 7.81513E-1 6.57925E-1 7.16864E-1 7.14893E-1 7.28487E-1 6.6956E-1 6.33044E-1 5.75829E-1 8.43087E-1 8.28023E-1 6.61129E-1 3.87658E-1 4.49091E-1 4.52879E-1 4.07574E-1 3.79719E-1 4.55065E-1 2.14584E-1 2.02258E-1 3.14823E-1 2.109E-1 1.44503E-1 5.66609E-2 2.86488E-2 8.40321E-2 2.76124E-1 3.58718E-1 4.51045E-1 5.09674E-1 4.92071E-1 6.60458E-1 5.99139E-1 5.71046E-1 6.49832E-1 4.57272E-1 4.05472E-1 3.37489E-1 2.25338E-1 4.71164E-1 3.95641E-1 3.14279E-1 2.97416E-1 2.9266E-1 2.67454E-1 2.7284E-1 3.87681E-1 1.90047E-1 1.34405E-1
-9999 -9999 -9999 -9999 3.1929E-1 6.32454E-1 8.37362E-1 8.77677E-1 9.24377E-1 8.99802E-1 7.38524E-1 7.65918E-1 8.37558E-1 8.33386E-1 7.88778E-1 5.80955E-1 5.98568E-1 5.6742E-1 6.79217E-1 5.82257E-1 5.0239E-1 2.89817E-1 1.92827E-1 1.86551E-1 3.49514E-1 4.70648E-1 5.31747E-1 3.48857E-1 4.20086E-1 2.10202E-1 1.48963E-1 1.23494E-1 6.5536E-2 4.63863E-2 1.21366E-1 2.445E-1 3.88241E-1 4.49007E-1 2.57642E-1 4.75321E-1 7.05715E-1 6.68259E-1 6.28673E-1 6.26895E-1 6.34027E-1 4.60476E-1 1.45911E-1 3.6644E-1 4.35306E-1 3.55122E-1 3.85388E-1 4.09066E-1 4.51163E-1 3.88759E-1 2.12915E-1 1.98556E-1 1.65882E-1 6.49891E-2
-9999 -9999 -9999 9.07464E-3 2.03489E-1 6.2349E-1 8.98248E-1 9.38937E-1 9.34843E-1 9.19613E-1 7.58196E-1 7.24427E-1 8.28476E-1 8.56993E-1 6.38984E-1 3.41157E-1 6.10968E-1 5.7706E-1 5.85345E-1 4.8101E-1 4.05588E-1 1.88662E-1 1.794E-1 1.62444E-1 1.88573E-1 3.93266E-1 5.36126E-1 4.95694E-1 5.59468E-2 1.65271E-1 7.36589E-2 5.24855E-2 8.25589E-2 2.83495E-1 2.90357E-1 3.41224E-1 5.54168E-1 5.20894E-1 2.75345E-1 4.06413E-1 4.73257E-1 3.75554E-1 4.87334E-1 4.97459E-1 4.99508E-1 2.56197E-1 8.40687E-2 1.84831E-1 3.03267E-1 3.6002E-1 3.00631E-1 3.06252E-1 2.66395E-1 2.09889E-1 9.93867E-2 2.73294E-2 6.11672E-2 2.65651E-2
-9999 -9999 4.34841E-2 1.49199E-2 1.20172E-1 6.46107E-1 8.86033E-1 9.39265E-1 8.44868E-1 9.10315E-1 7.84795E-1 6.57032E-1 7.68546E-1 8.12112E-1 4.50213E-1 4.4145E-1 5.66667E-1 7.0513E-1 7.26108E-1 6.12848E-1 5.06697E-1 2.21844E-1 2.67747E-1 1.97468E-1 2.25481E-1 2.92179E-1 4.29103E-1 4.8476E-1 2.57523E-1 6.67147E-2 1.23954E-1 8.60228E-2 4.86508E-1 4.39952E-1 1.24889E-1 2.09231E-1 5.54E-1 3.82983E-1 3.0896E-1 2.75376E-1 3.05518E-1 2.55138E-1 4.8893E-1 4.75015E-1 4.07101E-1 1.11186E-1 2.30295E-2 9.25319E-2 1.26932E-1 2.39074E-1 2.86784E-1 1.82079E-1 1.14269E-1 1.12832E-1 5.39281E-2 3.6169E-3 4.01942E-3 1.60363E-3
-9999 -9999 1.96454E-2 1.28242E-1 2.13826E-1 5.57451E-1 6.84405E-1 5.22289E-1 8.97716E-1 9.02137E-1 7.40797E-1 6.50208E-1 6.06771E-1 6.04834E-1 2.98792E-1 3.01688E-1 3.82603E-1 5.18675E-1 6.23523E-1 7.08086E-1 5.97291E-1 3.79112E-1 4.68953E-1 2.99018E-1 1.89805E-1 2.31038E-1 2.74729E-1 1.0108E-1 1.37964E-1 1.10367E-1 1.88117E-1 2.91171E-1 4.17413E-1 2.50003E-1 2.90481E-1 6.06062E-1 4.3603E-1 3.13743E-1 3.77964E-1 4.99723E-1 2.22932E-1 2.79785E-1 5.1243E-1 4.7562E-1 4.16177E-1 1.87308E-1 7.04198E-2 1.7664E-1 2.45461E-1 2.25398E-1 1.49632E-1 7.76848E-2 9.64951E-2 7.78169E-2 1.25822E-2 2.14315E-3 6.43949E-3 6.613E-2
-9999 -9999 3.03071E-3 2.10375E-1 6.134E-1 6.14896E-1 3.52261E-1 5.92876E-1 7.23094E-1 2.92582E-1 5.56768E-1 4.71678E-1 3.78068E-1 2.60254E-1 3.24286E-1 3.95139E-1 5.34375E-1 6.07567E-1 5.2341E-1 4.67899E-1 3.81435E-1 4.70148E-1 4.21083E-1 2.85093E-1 1.84979E-1 1.71905E-1 1.17434E-2 6.03333E-2 9.79937E-2 2.77375E-1 4.32752E-1 4.8257E-1 4.86961E-1 4.71401E-1 4.85869E-1 6.38832E-1 5.62292E-1 5.93706E-1 3.71378E-1 6.22863E-1 3.81446E-1 3.35072E-1 4.24073E-1 3.89362E-1 3.85903E-1 1.7701E-1 2.41379E-1 2.53233E-1 2.88067E-1 1.37501E-1 1.1762E-1 6.53225E-2 5.82172E-2 1.79997E-2 4.80642E-3 3.24221E-2 4.50953E-2 4.39954E-2
-9999 -9999 1.81107E-2 3.13731E-1 5.7976E-1 5.82432E-1 3.41661E-1 4.51256E-1 3.66949E-1 1.90356E-1 1.64711E-1 1.45802E-1 2.21393E-1 4.17852E-1 4.95301E-1 6.20931E-1 6.74595E-1 5.33847E-1 3.41742E-1 3.42525E-1 2.31453E-1 2.78196E-1 2.53197E-1 1.93401E-1 8.7378E-2 6.47177E-2 3.95046E-2 2.98719E-2 1.45683E-1 3.79749E-1 6.25242E-1 6.83213E-1 6.2078E-1 4.51768E-1 6.21903E-1 5.9314E-1 5.77411E-1 6.51263E-1 6.58171E-1 6.74305E-1 2.51286E-1 3.54073E-1 3.18547E-1 3.13636E-1 9.15867E-2 2.32164E-1 3.99819E-1 4.39363E-1 4.17585E-1 3.31224E-1 1.87527E-1 1.00562E-1 3.50307E-2 1.19176E-2 4.46553E-2 1.26211E-1 7.19492E-2 2.62576E-1
-9999 8.98749E-4 2.24246E-2 2.88232E-1 6.37938E-1 6.58072E-1 2.65818E-1 2.82424E-1 1.75443E-1 1.14125E-1 2.26014E-1 3.69791E-1 4.94975E-1 7.25308E-1 6.99239E-1 6.25348E-1 4.75113E-1 3.34614E-1 2.91569E-1 2.30817E-1 1.44796E-1 1.59956E-1 1.32176E-1 9.62719E-2 7.34646E-2 9.17369E-2 3.8887E-2 1.57723E-1 2.97289E-1 3.98238E-1 5.53162E-1 4.77985E-1 2.78117E-1 3.74196E-1 5.40945E-1 4.66276E-1 8.40056E-2 4.85462E-1 4.64105E-1 6.27048E-1 6.12653E-1 5.22029E-1 3.116E-1 2.93829E-1 1.66118E-1 1.60831E-1 3.65062E-1 6.01844E-1 4.9817E-1 5.21633E-1 3.14339E-1 1.44779E-1 9.80885E-2 5.19342E-3 4.76849E-2 2.01578E-1 1.14761E-1 3.75008E-1
-9999 3.14365E-2 1.04315E-1 3.02537E-1 4.11221E-1 3.82245E-1 2.7113E-1 1.88664E-1 1.20289E-1 1.65514E-1 2.95473E-1 5.89737E-1 4.97423E-1 7.16509E-1 5.10101E-1 4.30134E-1 3.74098E-1 2.52973E-1 2.12992E-1 1.65652E-1 9.39429E-2 6.29075E-2 7.57481E-2 8.05124E-2 9.93467E-2 9.96937E-2 1.32209E-1 2.55204E-1 4.53003E-1 4.26362E-1 3.49025E-1 1.193E-1 3.34594E-1 3.76046E-1 3.34291E-1 3.42369E-1 3.3264E-1 2.79573E-1 1.83741E-1 4.15712E-1 7.02948E-1 4.27959E-1 3.28271E-1 4.5766E-1 2.53731E-1 2.9962E-1 5.2E-1 5.26178E-1 4.0183E-1 3.1466E-1 2.83025E-1 1.98103E-1 1.27664E-1 9.93592E-3 1.0783E-2 2.47907E-1 2.49465E-1 3.57458E-1
4.25784E-2 1.01086E-1 8.02183E-2 1.00803E-1 5.62329E-1 5.88452E-1 5.7456E-1 2.767E-1 1.77062E-1 3.02156E-1 4.75917E-1 6.53619E-1 5.7726E-1 6.31557E-1 3.80483E-1 2.74085E-1 2.3957E-1 1.58522E-1 1.84741E-1 2.25319E-1 2.11525E-1 1.45237E-1 7.97466E-2 3.97727E-2 1.11831E-1 1.66816E-1 3.02896E-1 3.67321E-1 1.68341E-1 3.55518E-1 8.25527E-2 1.02941E-1 3.28955E-1 3.65341E-1 2.99667E-1 3.93575E-1 6.66825E-1 4.20645E-1 2.48189E-1 6.32981E-1 6.01834E-1 2.23346E-1 4.28172E-1 5.52262E-1 4.54153E-1 4.79015E-1 4.2088E-1 2.29297E-1 6.03794E-2 4.12122E-1 2.94223E-1 1.50351E-1 8.71712E-2 3.61768E-2 8.88299E-2 3.19985E-1 2.61864E-1 3.27291E-1
4.36398E-2 1.02416E-1 9.69392E-2 3.19985E-1 6.19146E-1 3.54106E-1 5.63526E-1 3.32829E-1 3.21316E-1 5.1859E-1 5.43223E-1 6.762E-1 5.57871E-1 6.94386E-1 5.82924E-1 2.91524E-1 2.10613E-1 2.07874E-1 3.5149E-1 4.55172E-1 3.14704E-1 1.15072E-1 1.8672E-1 1.3007E-1 1.02108E-1 3.11626E-1 4.71094E-1 2.15363E-1 3.74857E-2 5.01202E-2 2.25769E-1 4.5226E-1 3.71528E-1 3.35259E-1 3.04018E-1 3.52126E-1 2.08763E-1 1.55843E-1 3.75901E-1 7.40493E-1 7.18366E-1 2.44561E-1 5.60392E-1 5.15773E-1 7.14208E-1 6.07653E-1 1.40555E-1 2.71914E-2 1.01578E-1 4.76869E-1 2.52381E-1 1.35501E-1 5.03844E-2 9.98733E-2 2.33807E-1 2.91799E-1 2.01095E-1 2.84552E-1
-9999 1.10688E-1 2.94515E-1 6.48891E-1 5.25773E-1 2.63277E-1 6.16771E-1 5.09632E-1 4.14502E-1 6.00393E-1 6.4741E-1 5.00486E-1 9.68749E-2 7.5527E-1 7.53709E-1 5.50819E-1 2.85191E-1 1.97235E-1 3.67805E-1 3.45854E-1 4.4347E-1 2.51145E-1 3.97451E-1 2.27448E-1 1.84686E-1 4.01485E-1 2.63085E-1 4.9671E-1 4.06018E-1 2.75354E-1 3.49074E-1 5.53163E-1 6.4125E-1 3.91091E-1 3.46547E-1 5.56889E-1 2.35244E-1 1.18926E-1 5.35775E-1 7.53396E-1 5.98849E-1 2.89092E-1 4.55392E-1 6.81261E-1 7.13084E-1 6.5854E-1 1.54296E-1 3.47712E-2 5.93513E-1 5.53245E-1 2.07896E-1 1.55155E-1 1.46439E-2 2.61823E-1 3.48227E-1 4.28019E-1 3.72897E-1 2.98542E-1
-9999 4.52469E-1 6.32928E-1 7.69763E-1 6.79941E-1 3.82575E-1 4.65694E-1 4.38395E-1 4.59838E-1 5.96951E-1 6.54296E-1 6.05274E-1 4.93579E-1 6.64508E-1 7.20993E-1 4.85774E-1 2.53354E-1 2.22835E-1 2.01412E-1 2.82552E-1 3.16209E-1 2.85348E-1 2.3857E-1 1.91748E-1 3.05559E-1 3.10274E-1 5.21841E-1 6.09385E-1 5.3123E-1 2.37293E-1 2.00256E-1 4.63966E-1 5.94194E-1 4.43573E-1 4.75595E-1 5.13076E-1 4.4335E-1 3.53178E-1 5.51511E-1 6.07081E-1 3.84018E-1 1.04122E-1 2.96161E-1 5.04824E-1 6.55873E-1 6.04002E-1 1.72407E-1 1.38714E-1 5.5937E-1 6.49229E-1 3.73989E-1 1.61987E-1 4.77302E-2 3.48374E-1 4.41359E-1 5.69182E-1 3.54203E-1 2.67353E-1
-9999 -9999 -9999 3.2465E-1 4.22165E-1 3.98575E-1 5.69818E-1 5.57029E-1 4.46874E-1 6.51105E-1 5.96855E-1 3.60099E-1 1.88609E-1 4.05635E-1 5.44609E-1 3.80631E-1 3.34488E-1 2.11031E-1 6.62988E-2 3.18845E-1 9.96322E-2 9.86282E-2 1.97094E-1 2.65696E-1 4.52995E-2 1.06693E-1 4.1374E-1 4.09047E-1 2.95995E-1 2.62309E-1 2.77034E-1 9.38672E-2 3.63243E-1 3.94009E-1 5.05605E-1 3.95825E-1 3.13913E-1 2.67777E-1 4.00442E-1 2.69159E-1 1.49512E-1 1.1937E-1 2.29138E-1 3.93569E-1 6.42634E-1 3.45689E-1 1.87373E-2 4.11927E-1 6.36632E-1 4.91815E-1 3.84741E-1 2.56317E-1 4.00614E-1 4.94726E-1 5.56271E-1 6.00396E-1 2.09038E-1 2.91692E-1
-9999 -9999 -9999 -9999 2.8584E-1 1.98852E-1 6.36381E-1 7.12678E-1 7.0697E-1 6.65673E-1 5.17169E-1 1.88123E-1 6.31479E-2 3.79147E-1 3.27118E-1 3.76332E-1 4.06408E-1 2.52699E-1 2.80319E-1 3.47917E-1 8.32532E-2 6.45897E-2 5.56654E-2 2.7442E-1 2.4908E-1 3.242E-1 2.2249E-1 2.99872E-1 3.01201E-1 2.14865E-1 3.19454E-1 3.26908E-1 3.74715E-1 3.53112E-1 2.86502E-1 2.35876E-1 7.31924E-2 3.98683E-2 5.79737E-3 3.02799E-3 1.16191E-2 8.48718E-2 1.53143E-1 2.877E-1 4.87159E-1 7.99004E-2 1.84994E-1 4.9439E-1 5.50268E-1 4.39026E-1 3.87212E-1 2.91771E-1 4.46816E-1 5.69335E-1 5.93449E-1 4.7839E-1 1.46376E-1 4.37985E-1
-9999 -9999 -9999 -9999 -9999 -9999 -9999 7.49063E-1 7.76306E-1 8.10734E-1 7.75439E-1 5.00102E-1 4.52701E-1 4.22992E-1 2.91347E-1 3.56773E-1 4.52144E-1 2.04402E-1 1.9111E-1 3.81769E-1 2.27582E-1 5.49459E-2 6.54859E-2 2.92654E-1 2.95924E-1 2.00458E-1 2.11181E-1 2.92579E-1 3.40724E-1 7.41081E-2 6.43855E-2 2.67596E-1 1.94903E-1 1.20511E-1 1.15285E-1 1.35065E-1 1.49078E-1 3.10767E-2 1.00437E-2 2.3557E-2 3.10897E-2 4.2678E-2 8.35345E-2 2.17259E-1 1.63792E-1 7.06036E-2 5.79952E-1 6.33984E-1 5.74428E-1 5.98657E-1 4.5689E-1 3.97706E-1 5.35271E-1 5.56831E-1 3.51945E-1 2.66525E-1 3.17236E-1 4.98239E-1
-9999 -9999 -9999 -9999 -9999 -9999 -9999 8.16466E-1 8.57994E-1 8.14481E-1 5.85094E-1 4.93127E-1 2.05199E-1 1.99737E-1 2.74976E-1 4.06528E-1 6.33031E-1 3.16494E-1 3.59828E-1 4.39763E-1 2.20707E-1 4.73914E-2 3.78389E-2 1.24838E-1 1.18708E-1 1.90917E-1 1.89248E-1 1.66016E-1 6.50314E-2 2.62904E-2 1.68724E-1 1.33651E-1 8.10813E-2 4.06632E-2 7.70188E-2 9.39946E-2 1.62843E-1 1.12445E-1 4.41859E-2 2.25285E-2 5.00141E-2 6.46757E-2 2.02901E-1 4.70235E-1 1.37525E-1 4.10623E-1 5.06416E-1 2.92025E-1 3.76466E-1 4.41555E-1 1.96208E-1 4.22371E-1 5.96008E-1 1.11782E-1 2.44463E-1 1.60846E-1 3.3111E-1 4.1323E-1
-9999 -9999 -9999 -9999 -9999 -9999 -9999 7.0287E-1 8.2354E-1 5.71775E-1 2.92066E-1 2.31447E-1 2.33882E-2 2.6513E-2 2.19481E-1 3.68243E-1 5.01749E-1 3.27069E-1 4.05706E-1 3.20716E-1 1.67287E-1 3.78235E-2 3.47044E-2 1.77884E-2 9.27979E-2 1.23748E-1 1.63537E-1 1.32598E-1 3.94118E-1 1.82825E-1 9.7356E-2 8.13735E-2 4.03865E-2 4.07681E-2 8.24216E-2 1.78799E-1 1.38243E-1 5.69948E-2 5.94406E-2 6.85139E-2 6.61176E-2 1.45065E-1 3.06913E-1 5.524E-1 2.371E-1 5.11643E-1 2.46708E-1 3.82692E-1 1.5884E-1 1.19788E-1 2.31118E-1 1.51014E-1 3.89608E-1 2.97749E-1 1.41935E-2 1.70259E-2 7.53405E-2 1.35089E-1
-9999 -9999 -9999 -9999 -9999 -9999 -9999 5.42956E-1 6.04543E-1 3.58653E-1 2.2443E-1 1.10896E-1 2.07413E-2 2.73806E-2 1.09365E-1 5.4517E-1 6.23649E-1 5.13157E-1 5.75489E-1 3.76431E-1 9.69947E-2 1.29827E-2 1.44869E-2 1.79653E-2 3.04513E-2 9.59214E-2 1.74283E-1 4.22444E-2 1.37008E-1 2.18725E-1 8.62623E-2 4.31684E-2 5.97938E-2 1.85943E-1 1.26668E-1 1.56086E-1 9.95893E-2 6.33681E-2 1.22006E-1 1.74686E-1 6.06128E-2 8.58921E-2 1.03827E-1 1.23176E-1 1.75825E-1 5.77429E-1 4.53529E-1 1.76333E-1 2.1156E-2 4.83752E-2 8.73148E-2 8.48385E-2 1.66054E-1 1.39046E-1 3.08782E-2 6.98101E-2 1.9514E-2 1.9387E-1
-9999 -9999 -9999 -9999 -9999 -9999 -9999 -9999 3.03059E-1 2.24961E-1 1.52692E-1 9.50552E-2 1.41093E-1 1.29122E-1 4.67587E-1 7.56796E-1 6.87015E-1 5.02444E-1 4.88162E-1 2.08609E-1 9.8541E-2 1.57025E-2 7.52738E-3 2.14172E-2 4.27408E-2 9.78937E-2 1.25616E-1 5.13663E-2 1.59788E-1 1.27762E-1 3.00005E-2 8.66546E-2 1.0023E-2 3.1902E-1 3.86689E-1 1.77934E-1 9.48241E-2 2.0401E-1 3.32189E-1 1.10072E-1 2.88125E-2 2.3119E-1 2.6674E-1 4.34344E-1 2.43087E-1 3.14733E-1 3.45881E-1 2.32094E-2 1.41893E-1 1.37874E-1 8.19834E-2 6.72796E-2 5.86423E-2 1.44862E-1 2.28486E-1 2.37441E-1 2.85806E-1 2.08732E-1
-9999 -9999 -9999 -9999 -9999 -9999 -9999 -9999 -9999 -9999 -9999 -9999 1.82762E-1 5.21404E-2 3.12966E-1 5.10315E-1 4.13118E-1 3.88298E-1 2.47812E-1 1.03773E-1 7.89201E-2 1.91186E-2 1.47444E-2 5.78316E-2 8.73596E-2 5.95226E-2 9.97373E-3 7.93289E-2 1.53543E-1 9.44273E-2 9.52001E-2 9.49731E-2 5.60501E-2 5.28942E-1 4.31251E-1 1.39134E-1 1.0627E-1 9.17678E-2 1.76385E-1 1.09252E-1 9.67194E-2 1.29278E-1 1.63895E-1 2.4287E-1 6.7107E-2 1.18131E-1 4.5701E-2 1.26811E-2 6.99801E-2 6.30043E-2 1.90163E-2 3.23105E-2 2.1046E-2 4.99586E-2 4.20806E-1 4.39886E-1 2.42926E-1 1.29476E-1
-9999 -9999 -9999 -9999 -9999 -9999 -9999 -9999 -9999 -9999 -9999 -9999 -9999 4.25255E-2 4.06094E-1 3.84568E-1 6.5803E-1 6.38533E-1 4.78941E-1 3.3947E-1 7.92865E-2 2.42674E-2 8.98297E-3 4.61229E-2 6.33399E-2 1.13767E-2 2.53315E-2 4.50346E-2 6.48027E-2 1.43168E-1 9.92562E-2 1.93155E-1 4.07096E-1 3.91536E-1 2.4754E-1 1.41884E-1 3.51539E-2 6.47142E-2 4.41002E-1 2.78331E-1 6.3008E-2 2.77168E-2 6.31768E-2 2.49702E-2 1.06891E-1 1.81474E-1 8.4467E-2 4.10337E-2 3.21643E-2 2.46102E-2 4.70402E-2 2.96563E-2 4.39818E-2 3.40759E-1 4.86528E-1 3.28157E-1 2.3046E-1 2.60866E-1
-9999 -9999 -9999 -9999 -9999 -9999 -9999 -9999 -9999 -9999 -9999 -9999 8.15836E-2 2.89608E-1 2.96354E-1 6.36411E-1 6.45097E-1 6.50911E-1 5.90481E-1 5.2546E-1 1.68682E-1 2.0246E-2 2.56767E-2 3.84384E-2 1.71487E-2 8.95388E-2 7.93585E-2 3.22489E-2 1.0366E-1 1.22001E-1 2.06705E-1 2.40279E-1 2.18993E-1 1.90668E-1 6.80186E-2 1.77177E-2 6.77376E-2 5.04232E-1 4.71179E-1 3.54541E-1 1.37377E-1 5.10143E-2 1.41318E-2 3.11627E-1 2.88609E-1 3.10814E-2 7.70951E-2 1.99243E-2 3.22777E-2 3.71244E-2 5.03902E-2 4.54623E-2 1.18042E-1 3.55723E-1 3.32927E-1 3.52884E-1 3.06791E-1 6.91991E-2
-9999 -9999 -9999 -9999 -9999 -9999 -9999 -9999 -9999 -9999 -9999 -9999 -9999 7.68258E-2 1.04804E-1 -9999 4.46278E-1 5.91313E-1 4.9915E-1 3.54622E-1 1.5655E-1 6.6625E-2 3.27582E-2 8.96725E-2 1.76622E-1 1.03845E-1 9.07093E-2 6.70616E-2 3.71037E-2 2.34302E-2 1.56832E-1 5.62978E-2 3.5552E-2 1.41359E-1 1.06019E-1 5.78617E-2 1.47768E-1 5.37814E-1 4.45753E-1 2.37379E-1 1.51297E-1 8.38988E-2 4.70226E-2 5.02903E-1 4.42769E-1 2.46189E-1 1.49679E-2 7.17374E-2 2.34694E-2 5.32536E-2 9.51104E-2 1.0742E-1 1.59664E-1 4.69534E-1 5.01189E-1 4.24879E-1 4.69494E-1 1.87941E-1
-9999 -9999 -9999 -9999 -9999 -9999 -9999 -9999 -9999 -9999 -9999 -9999 -9999 -9999 -9999 -9999 3.28744E-1 5.14732E-1 4.31527E-1 2.55585E-1 1.3656E-1 7.69885E-2 1.88301E-1 2.89532E-1 3.77861E-1 2.77769E-1 8.74336E-2 6.35853E-2 4.73589E-2 4.83175E-1 4.01005E-1 2.05143E-1 2.81528E-1 2.20932E-1 2.72305E-1 3.46211E-1 2.28284E-1 5.07221E-1 3.83854E-1 1.27403E-1 7.18943E-2 1.18755E-1 4.59194E-1 5.22654E-1 6.50519E-1 4.61426E-1 2.90056E-1 1.80191E-1 1.05699E-1 3.07529E-2 8.32767E-2 1.54935E-1 1.28049E-1 4.04512E-1 5.30521E-1 4.43003E-1 5.23302E-1 3.3938E-1
-9999 -9999 -9999 -9999 -9999 -9999 -9999 -9999 -9999 -9999 -9999 -9999 -9999 -9999 -9999 -9999 -9999 4.62273E-1 2.10048E-1 1.58542E-1 2.02035E-1 8.48929E-2 5.83557E-2 2.75933E-1 2.63724E-1 2.8055E-1 1.376E-1 3.30576E-1 4.92405E-1 5.60109E-1 3.22943E-1 5.44527E-1 4.51254E-1 2.85962E-1 2.82411E-1 3.73064E-1 4.46231E-1 4.80527E-1 2.27087E-1 7.71403E-2 4.37273E-2 9.89759E-2 5.29292E-1 7.22632E-1 7.69474E-1 6.66989E-1 3.87345E-1 2.67856E-1 1.75689E-1 1.09629E-1 9.35934E-2 4.20144E-2 1.53411E-1 3.38452E-1 2.16583E-1 2.59129E-1 3.84904E-1 2.33045E-1
