Phytophthora/models/20240503_1134_59/Phytophthora_PA1_RUN8_MAXENT_outputs/Phytophthora_PA1_RUN8.asc
ncols         113
nrows         135
xllcorner     473009.9838
yllcorner     4429001.1748
cellsize      100.0
NODATA_value  -9999
[rows 52 to 77 of 135, columns 0 to 57 of 113]
-9999 -9999 -9999 -9999 -9999 9.92253E-2 2.51149E-1 3.06381E-1 1.83089E-1 5.41402E-2 2.2203E-2 1.20358E-2 1.26192E-2 3.42556E-2 4.85765E-2 4.22113E-2 2.43262E-2 2.1268E-2 2.57818E-2 9.56575E-3 6.01999E-3 2.08908E-3 1.9867E-3 1.17406E-3 3.24667E-3 3.14904E-3 2.47322E-3 2.27661E-3 1.21068E-3 3.3605E-3 1.09354E-2 2.72051E-2 3.0862E-2 2.89099E-2 3.94932E-2 3.60574E-2 1.68767E-2 5.53632E-3 3.01108E-2 3.30332E-2 5.63641E-2 3.9517E-2 3.72321E-2 4.9742E-2 1.60317E-2 4.39682E-2 4.36928E-2 1.71767E-2 1.41543E-1 2.097E-1 1.91703E-1 1.81359E-1 1.80021E-1 2.03425E-1 3.78167E-2 7.31933E-2 6.08391E-2 1.59822E-1
-9999 -9999 -9999 -9999 -9999 1.20897E-1 4.77934E-1 2.2246E-1 1.23614E-1 4.87506E-2 6.51245E-2 1.73635E-2 4.85328E-2 3.47467E-2 3.11462E-2 2.33646E-2 1.89902E-2 3.64189E-2 4.51518E-2 4.12968E-2 1.4748E-2 7.78358E-3 9.33015E-3 3.66132E-3 4.52582E-3 9.03581E-3 4.91757E-3 1.17866E-3 6.22858E-4 2.15241E-3 1.02687E-2 2.87545E-2 4.75077E-2 2.38222E-2 2.02406E-2 1.90114E-2 9.00048E-3 2.9757E-3 1.50111E-2 2.96648E-2 3.41093E-2 3.01316E-2 2.6337E-2 4.41017E-3 9.98931E-3 4.56951E-2 4.37621E-3 8.87117E-3 1.32013E-1 2.19057E-1 3.31429E-1 2.44783E-1 1.99967E-1 1.23695E-1 6.35195E-2 1.10362E-1 9.64578E-2 7.66258E-2
-9999 -9999 -9999 -9999 1.09294E-2 1.38646E-1 4.31947E-1 1.75407E-1 9.61325E-2 1.05157E-1 1.12273E-1 1.02645E-1 6.19068E-2 2.51734E-2 2.89412E-2 3.64297E-2 6.99761E-2 1.47236E-1 1.77933E-1 1.31588E-1 7.65694E-2 2.77463E-2 1.67798E-2 1.26338E-2 7.38759E-3 1.93809E-2 8.53906E-3 3.05458E-3 1.36377E-3 3.38228E-3 1.60667E-3 7.17566E-3 2.864E-2 1.07694E-2 1.13955E-2 1.74154E-2 2.11134E-2 1.3184E-2 1.77144E-2 7.93955E-3 1.82316E-2 4.68788E-2 8.52605E-2 1.40809E-2 1.43714E-2 2.69259E-2 1.26592E-2 1.31338E-2 8.55769E-2 1.23078E-1 2.10672E-1 1.61863E-1 1.15016E-1 1.52078E-2 1.10385E-1 1.62338E-1 2.09186E-1 2.23801E-1
-9999 -9999 -9999 1.14452E-1 2.50815E-1 3.16094E-1 3.79783E-1 1.60777E-1 1.95414E-1 1.836E-1 8.83288E-2 1.43564E-1 8.30806E-2 5.3142E-2 6.11196E-2 9.01683E-2 3.36361E-1 4.80829E-1 3.82789E-1 2.27873E-1 2.02656E-1 6.98274E-2 4.40172E-2 2.14628E-2 5.03621E-3 1.54693E-2 1.30949E-2 5.01162E-3 1.95838E-3 3.19262E-3 7.72133E-3 1.11756E-2 1.93134E-2 7.69922E-3 6.14678E-3 3.41013E-2 4.07117E-2 3.46469E-2 2.29437E-2 3.76075E-2 6.38394E-2 1.35013E-1 1.45283E-1 1.06088E-1 9.88576E-2 1.21178E-1 9.51383E-2 1.20361E-2 3.92818E-2 1.4069E-1 1.79611E-1 1.83739E-1 4.35125E-2 7.40121E-2 1.08168E-1 9.29365E-2 1.09648E-1 1.15518E-1
-9999 -9999 -9999 1.66433E-1 3.42801E-1 4.99619E-1 3.26053E-1 1.03249E-1 2.40321E-1 1.05526E-1 3.03437E-1 2.54269E-1 3.11251E-1 3.37143E-1 2.39308E-1 2.64836E-1 5.17219E-1 6.20819E-1 6.28429E-1 3.55383E-1 2.28044E-1 1.625E-1 1.17772E-1 4.90783E-2 1.09383E-2 1.54228E-2 1.64286E-2 9.2266E-3 3.38307E-3 4.58968E-3 3.97126E-2 4.93911E-2 1.09997E-2 6.033E-3 1.01007E-2 3.081E-2 6.21924E-2 6.42791E-2 1.82073E-2 3.08106E-2 7.19064E-2 1.13585E-1 5.95491E-2 6.035E-2 7.41714E-2 2.88024E-2 6.85452E-2 6.92634E-3 7.93338E-2 1.08425E-1 1.53793E-1 2.50042E-1 1.85748E-1 1.51383E-1 1.58864E-1 1.7269E-1 2.61796E-1 1.95166E-1
-9999 -9999 -9999 1.84366E-1 4.2997E-1 4.31371E-1 2.32162E-1 1.01117E-1 6.29914E-2 3.01493E-1 3.94327E-1 4.40178E-1 4.93617E-1 3.51416E-1 2.49005E-1 2.56001E-1 3.68551E-1 4.93702E-1 5.29052E-1 3.53547E-1 2.56033E-1 2.53119E-1 2.22319E-1 1.81519E-1 2.16806E-2 2.81819E-2 4.06591E-2 3.46038E-2 1.59682E-2 2.94125E-2 8.26716E-2 5.61872E-2 3.54549E-2 9.97769E-3 7.00934E-3 6.92663E-3 5.65071E-2 4.246E-2 9.84956E-3 1.52319E-2 4.99003E-2 6.38925E-2 4.7093E-2 3.30818E-2 6.79342E-3 1.63798E-3 2.79065E-2 3.08741E-2 4.86972E-2 2.76869E-2 2.98476E-2 7.00683E-2 1.15509E-1 3.62856E-2 4.37191E-2 1.51255E-1 2.0511E-1 9.04694E-2
-9999 -9999 -9999 8.67262E-2 2.28285E-1 1.60931E-1 6.78899E-2 3.98149E-2 1.10215E-1 3.09984E-1 4.26156E-1 4.10427E-1 3.64447E-1 2.14135E-1 1.7334E-1 1.19E-1 1.41781E-1 2.23309E-1 2.73499E-1 3.84841E-1 3.64829E-1 3.4592E-1 3.25216E-1 2.10087E-1 5.24935E-2 5.82955E-2 8.40028E-2 1.20462E-1 9.69924E-2 4.99943E-2 5.56453E-2 5.56688E-2 3.89835E-2 1.77655E-3 5.51885E-3 2.99638E-2 1.20833E-1 5.13561E-2 1.39246E-2 1.66031E-2 3.24871E-2 3.76155E-2 3.96913E-2 2.4134E-2 5.64344E-3 7.67558E-3 1.17107E-2 7.12477E-2 2.32604E-1 2.47009E-1 2.52321E-1 1.8144E-1 8.1759E-2 4.41227E-2 9.06826E-3 1.65655E-1 1.25423E-1 9.8454E-2
-9999 -9999 -9999 1.12939E-1 4.85304E-2 1.4108E-1 8.46482E-2 7.14641E-2 8.43937E-2 1.67646E-1 2.09042E-1 9.2228E-2 3.48491E-1 2.35897E-1 1.49002E-1 5.41495E-2 4.89726E-2 8.93248E-2 1.50158E-1 4.14105E-1 3.29389E-1 2.38879E-1 1.22418E-1 3.69872E-2 2.49824E-2 5.36952E-2 7.32469E-2 8.04843E-2 3.66701E-2 5.01861E-2 5.18796E-2 3.25818E-2 1.29443E-2 6.35509E-3 6.95677E-3 3.01129E-2 2.87708E-2 4.4609E-2 3.22926E-2 2.43109E-2 3.44687E-2 4.75404E-2 5.77158E-2 3.41172E-2 3.81252E-2 1.79409E-2 3.65499E-2 1.93792E-1 2.98295E-1 2.55026E-1 1.27813E-1 5.74492E-2 2.92283E-2 3.45265E-2 4.02932E-3 1.98716E-2 1.88693E-1 1.9966E-1
-9999 -9999 -9999 -9999 1.00345E-1 3.03839E-1 1.842E-1 1.0026E-1 8.12328E-2 1.83756E-1 2.47268E-1 8.69787E-2 3.01378E-1 2.62596E-1 1.08839E-1 7.0041E-2 8.04281E-2 1.64409E-1 2.23376E-1 3.17421E-1 1.72055E-1 8.72452E-2 1.54307E-2 1.19183E-2 2.26618E-2 3.1794E-2 1.30969E-2 5.70879E-3 3.0457E-2 7.13471E-2 1.05444E-1 3.03194E-2 3.86754E-2 1.14227E-2 1.19189E-2 2.20839E-2 3.94098E-2 8.73245E-2 6.43605E-2 5.63065E-2 9.47868E-2 1.17363E-1 1.26569E-1 7.29472E-2 7.76782E-2 3.99555E-2 3.07955E-2 8.66339E-2 1.60634E-1 2.31413E-1 6.79156E-2 2.88587E-2 2.10782E-2 2.44099E-2 1.60467E-2 1.41663E-2 9.52553E-2 1.26794E-1
-9999 -9999 -9999 -9999 -9999 4.99095E-1 2.8135E-1 8.49116E-2 6.17584E-2 2.37933E-1 2.84401E-1 2.48566E-1 2.74791E-1 1.84651E-1 8.69506E-2 6.13621E-2 9.60981E-2 2.53854E-1 2.98372E-1 2.65931E-1 1.31363E-1 1.51526E-2 6.85777E-3 1.22976E-2 2.50644E-2 6.75113E-2 5.87938E-2 1.93538E-2 5.52608E-2 4.84379E-2 4.14816E-2 3.61536E-2 6.39305E-2 4.28197E-3 4.34146E-3 2.01578E-2 4.7228E-2 9.07462E-2 8.83953E-2 9.59305E-2 1.10359E-1 1.46151E-1 2.16644E-1 1.45929E-1 1.61814E-1 8.37121E-2 4.88739E-2 1.21234E-1 2.11161E-1 1.21877E-1 4.47278E-2 2.57919E-2 3.65315E-2 4.81841E-2 8.6139E-2 2.72289E-2 6.70348E-2 1.04692E-1
-9999 -9999 -9999 -9999 -9999 -9999 6.96672E-2 4.41477E-2 7.00872E-2 2.11728E-1 2.53364E-1 5.07605E-1 5.68956E-1 2.16005E-1 6.512E-2 2.78643E-2 3.41568E-2 1.5755E-1 1.89647E-1 1.17818E-1 2.76803E-2 1.35013E-2 1.07469E-2 1.65043E-2 3.33692E-2 7.24412E-2 9.10644E-2 5.0654E-2 2.4087E-2 1.43478E-2 2.62205E-2 5.22242E-2 5.02732E-2 1.58277E-2 3.0717E-2 4.5888E-2 7.31244E-2 1.10529E-1 8.88923E-2 7.17322E-2 1.46121E-1 1.05922E-1 3.0637E-1 1.84213E-1 2.27422E-1 1.57189E-1 8.3678E-2 1.16531E-1 1.40208E-1 6.73163E-2 4.67596E-2 5.7097E-2 7.31903E-2 8.51754E-2 7.18032E-2 4.51458E-2 1.17117E-1 1.63521E-1
-9999 -9999 -9999 -9999 -9999 -9999 7.66369E-2 7.51704E-2 6.61673E-2 1.62883E-1 5.34833E-1 4.05912E-1 3.38403E-1 1.2819E-1 4.34443E-2 3.52755E-2 4.97384E-2 5.69005E-2 5.56339E-2 2.18931E-2 2.95284E-2 1.59799E-2 9.6321E-3 1.47149E-2 2.38524E-2 4.3715E-2 7.87711E-2 3.53242E-2 1.24262E-2 1.2788E-2 3.13125E-2 8.00641E-2 3.92678E-2 3.57795E-2 8.75898E-2 5.01463E-2 4.11037E-2 3.54874E-2 3.13038E-2 4.04861E-2 1.28832E-1 1.7184E-1 3.51446E-1 1.82144E-1 2.18056E-1 2.09128E-1 7.95686E-2 6.42624E-2 9.84972E-2 1.00412E-1 1.25572E-1 1.67659E-1 1.41188E-1 1.00755E-1 9.4742E-2 1.28683E-1 1.06756E-1 9.34823E-2
-9999 -9999 -9999 -9999 -9999 3.17324E-2 8.54183E-2 3.58828E-2 2.81502E-2 9.07721E-2 4.71139E-1 5.14221E-1 3.37994E-1 6.56597E-2 4.09234E-2 3.30659E-2 2.98042E-2 2.37394E-2 1.17833E-2 2.60109E-2 3.31943E-2 2.81494E-2 1.76905E-2 2.42082E-2 3.91074E-2 7.86332E-2 6.86731E-2 2.71474E-2 1.24989E-2 1.17409E-3 1.70018E-2 9.61077E-2 8.71056E-2 5.77307E-2 1.80577E-1 1.20735E-1 5.40836E-2 4.74574E-2 6.03421E-2 1.16139E-1 2.43003E-1 1.58747E-1 2.00667E-1 1.49873E-1 1.73915E-1 1.85702E-1 1.51956E-1 1.01717E-1 9.00275E-2 1.476E-1 1.08279E-1 1.31079E-1 8.62877E-2 6.0803E-2 6.11834E-2 9.62082E-2 1.0912E-1 1.28912E-1
-9999 -9999 -9999 -9999 1.18492E-4 1.95348E-2 1.32151E-1 3.67553E-2 4.47903E-2 7.41694E-2 1.3199E-1 2.66382E-1 1.93737E-1 1.1538E-1 7.23465E-2 2.16629E-2 4.539E-2 2.8548E-2 1.27553E-2 5.22973E-2 9.96652E-2 7.97204E-2 3.51391E-2 3.42296E-2 7.27202E-2 1.51295E-1 1.10822E-1 1.95342E-2 7.83293E-3 6.84828E-3 4.68821E-2 1.21392E-1 9.57811E-2 6.1572E-2 1.67785E-1 1.46438E-1 1.52149E-1 1.24051E-1 1.77213E-1 3.44591E-1 4.88116E-1 2.53632E-1 2.80026E-1 2.92284E-1 2.25988E-1 1.30739E-1 1.44283E-1 1.60357E-1 1.29406E-1 1.2809E-1 8.66732E-2 9.78818E-2 1.48656E-1 2.16676E-1 1.39844E-1 1.23524E-1 2.17837E-1 1.63979E-1
-9999 -9999 -9999 -9999 2.54785E-4 7.02185E-2 2.0218E-1 8.06787E-2 1.86022E-2 4.15981E-3 7.43619E-2 1.53034E-1 1.56359E-1 2.03769E-1 5.59104E-2 1.29275E-1 3.6043E-2 1.93059E-2 6.11296E-2 1.2815E-1 2.49154E-1 1.32107E-1 6.94729E-2 7.82871E-2 1.46608E-1 1.55219E-1 1.01995E-1 1.69329E-2 1.68313E-2 1.83839E-2 5.57507E-2 8.78858E-2 1.62619E-1 1.46207E-1 2.23025E-1 2.53656E-1 2.35779E-1 1.43762E-1 2.19623E-1 2.64847E-1 3.96201E-1 4.22168E-1 4.72951E-1 4.24009E-1 1.79589E-1 5.49539E-2 6.18915E-2 1.39767E-1 2.55794E-1 2.70824E-1 2.16673E-1 9.77069E-2 1.79028E-1 2.61038E-1 2.98991E-1 2.46819E-1 2.30185E-1 1.08397E-1
-9999 -9999 -9999 -9999 3.52169E-4 7.28848E-2 2.8929E-1 2.63942E-1 2.46812E-1 7.41797E-3 8.8186E-2 9.93479E-2 1.38001E-1 1.92463E-1 7.35393E-2 1.32832E-2 1.16273E-2 5.27903E-2 1.43986E-1 2.38513E-1 2.72299E-1 2.17576E-1 1.55914E-1 2.07612E-1 2.09782E-1 1.85575E-1 1.00118E-1 2.7091E-2 3.92576E-2 2.2455E-2 3.65496E-2 1.19588E-1 1.22588E-1 2.88058E-1 1.89794E-1 1.15318E-1 6.90199E-2 7.04296E-2 1.04138E-1 1.49166E-1 2.45112E-1 2.90106E-1 3.45457E-1 4.28031E-1 1.22518E-1 3.7281E-2 3.61184E-2 1.38862E-1 2.29772E-1 3.48891E-1 3.80342E-1 2.00904E-1 2.29211E-1 3.13341E-1 3.28135E-1 3.37427E-1 4.37409E-1 1.48513E-1
-9999 -9999 -9999 -9999 3.68907E-4 4.99869E-2 3.56635E-1 4.09221E-1 1.05122E-1 1.70637E-1 2.58207E-1 2.01173E-1 1.68897E-1 6.66444E-2 8.06557E-2 2.80954E-2 2.63691E-2 1.43348E-1 2.36529E-1 3.83652E-1 4.3359E-1 4.15134E-1 4.19051E-1 3.84577E-1 1.95443E-1 2.53625E-1 1.25322E-1 7.08785E-2 3.74201E-2 9.64297E-2 1.99907E-1 2.69002E-1 1.52956E-1 2.3857E-1 1.31816E-1 2.48508E-2 2.7119E-2 3.33009E-2 5.90598E-2 1.66398E-1 2.5378E-1 3.75508E-1 1.82435E-1 2.36929E-1 9.38603E-2 2.9714E-2 3.89517E-2 1.03052E-1 2.5E-1 2.94218E-1 4.33592E-1 5.24635E-1 4.42393E-1 3.40129E-1 3.2052E-1 4.09807E-1 3.49096E-1 1.50782E-1
-9999 -9999 -9999 -9999 1.00568E-4 6.02014E-2 3.83018E-1 2.90966E-1 5.22774E-2 3.01011E-1 2.09456E-1 1.87445E-1 1.55635E-1 1.30979E-1 1.50292E-1 2.90556E-1 1.05106E-1 2.41888E-1 3.74209E-1 5.14531E-1 4.05222E-1 3.52888E-1 2.96942E-1 2.41696E-1 2.05651E-1 3.17422E-1 3.55586E-1 2.03945E-1 4.94821E-2 1.88376E-1 1.5644E-1 1.88896E-1 6.65463E-2 1.50137E-2 5.312E-2 3.32514E-2 2.07168E-2 3.81744E-2 1.04508E-1 2.38335E-1 2.43009E-1 3.21607E-1 9.72693E-2 1.19558E-1 5.11956E-2 2.8793E-2 4.72681E-2 1.16851E-1 2.72896E-1 4.64321E-1 6.28033E-1 4.75546E-1 5.30038E-1 3.07348E-1 1.24896E-1 2.81599E-1 3.69088E-1 4.16288E-1
-9999 -9999 -9999 -9999 7.30222E-5 5.26797E-2 3.74884E-1 1.36115E-1 1.62975E-1 2.79776E-1 3.70047E-1 3.27752E-1 1.5642E-1 1.18853E-1 1.16395E-1 2.1947E-1 2.90875E-1 4.05252E-1 4.04159E-1 4.1391E-1 2.56682E-1 2.09668E-1 1.41201E-1 1.24894E-1 1.79567E-1 2.64724E-1 2.5595E-1 1.73082E-1 1.93306E-2 3.17983E-1 3.77233E-1 2.27054E-1 1.06089E-1 5.06848E-2 1.87212E-2 1.29931E-2 5.36903E-3 8.65216E-2 1.92158E-1 4.05273E-1 3.50476E-1 2.29299E-1 1.2013E-1 7.51219E-2 3.8466E-2 5.7568E-2 9.8001E-2 1.45166E-1 4.49335E-1 5.14314E-1 5.39326E-1 2.30245E-1 3.1544E-1 1.25253E-1 1.40262E-1 2.52048E-1 4.15217E-1 5.87112E-1
-9999 -9999 -9999 -9999 2.55607E-4 4.34442E-2 2.69786E-1 1.68712E-1 1.77971E-1 1.95182E-1 2.48896E-1 5.00029E-1 5.40461E-1 2.07457E-1 1.28963E-1 1.77189E-1 2.87702E-1 4.40436E-1 5.516E-1 3.91884E-1 2.47977E-1 3.28645E-1 2.64922E-1 1.92093E-1 1.38463E-1 1.88177E-1 1.6953E-1 1.12099E-1 3.55495E-2 8.20381E-2 3.29944E-1 2.4579E-1 1.77825E-1 4.042E-2 9.59758E-3 2.45981E-2 4.76417E-2 8.23961E-2 3.57339E-1 5.02973E-1 3.56052E-1 1.87792E-1 1.2403E-1 4.04289E-2 3.86034E-2 1.04557E-1 1.94728E-1 2.22017E-1 3.18141E-1 4.82623E-1 3.30422E-1 2.66914E-1 1.56371E-1 8.75939E-2 9.47792E-2 2.25296E-1 4.48869E-1 4.22412E-1
-9999 -9999 -9999 -9999 6.75498E-3 4.00873E-2 1.21671E-1 8.83592E-2 4.02187E-2 1.44446E-1 2.29253E-1 2.76367E-1 5.32429E-1 5.40614E-1 3.62376E-1 2.75399E-1 3.03448E-1 4.11681E-1 4.0655E-1 2.65169E-1 3.38867E-1 4.9381E-1 4.85182E-1 3.09019E-1 2.08873E-1 2.36797E-1 2.61482E-1 1.96517E-1 1.0022E-1 1.9867E-1 8.08629E-2 1.31675E-1 2.43055E-1 1.27848E-1 9.20904E-2 4.12198E-2 6.76925E-2 1.51164E-1 4.35292E-1 4.96859E-1 2.73567E-1 1.39955E-1 8.21358E-2 2.35521E-2 3.50708E-2 5.88877E-2 9.06548E-2 1.80762E-1 4.34799E-1 4.4398E-1 3.37302E-1 1.67956E-1 9.25217E-2 1.36502E-1 2.60027E-1 4.80732E-1 5.42788E-1 4.68339E-1
-9999 -9999 -9999 2.94933E-3 6.45362E-2 3.95158E-2 9.88873E-2 7.73717E-2 6.67301E-2 1.41789E-1 2.75208E-1 3.33005E-1 5.10593E-1 6.57198E-1 6.37809E-1 4.96109E-1 5.3097E-1 5.25101E-1 2.98222E-1 1.49709E-1 2.98739E-1 4.10661E-1 4.40125E-1 4.29873E-1 3.62571E-1 2.43206E-1 3.22318E-1 3.09496E-1 2.07287E-1 1.14088E-1 1.04513E-1 9.91957E-2 1.62761E-1 1.69851E-1 1.14673E-1 3.07207E-2 1.63406E-1 2.73402E-1 4.52573E-1 4.78335E-1 2.29848E-1 1.34044E-1 6.58822E-2 2.11061E-2 5.30599E-2 3.47187E-2 4.1953E-2 2.11105E-1 3.55855E-1 3.31299E-1 2.05487E-1 6.24629E-2 5.88605E-2 8.39293E-2 2.07293E-1 4.05847E-1 5.29525E-1 5.88137E-1
-9999 -9999 -9999 1.26782E-2 1.5067E-1 2.45131E-1 2.09163E-1 5.08557E-2 1.22281E-1 2.15303E-1 4.02431E-1 4.1481E-1 5.68601E-1 7.12171E-1 7.98035E-1 7.07956E-1 6.97532E-1 5.52292E-1 3.63861E-1 2.03016E-1 3.98325E-1 5.04622E-1 5.23359E-1 6.77323E-1 5.57258E-1 3.91989E-1 3.71383E-1 2.98109E-1 2.34272E-1 9.77701E-2 6.96468E-2 2.38835E-2 1.44325E-1 1.43229E-1 1.86775E-1 1.20726E-1 2.53641E-1 4.21419E-1 5.08922E-1 4.58203E-1 4.32443E-1 3.46694E-1 2.03031E-1 8.70865E-2 8.49563E-2 3.07311E-2 3.57116E-2 1.91574E-1 1.60024E-1 1.10527E-1 1.65091E-1 1.04159E-1 3.90297E-2 5.82045E-2 1.54652E-1 2.98695E-1 3.8835E-1 4.68113E-1
-9999 -9999 3.71376E-3 1.3033E-2 3.17155E-1 6.20075E-1 7.2405E-1 4.91211E-1 5.1839E-1 4.65724E-1 5.64448E-1 6.01804E-1 6.07459E-1 7.39909E-1 8.21173E-1 8.22783E-1 6.89826E-1 5.09551E-1 4.33767E-1 3.66586E-1 4.82768E-1 6.74481E-1 7.19239E-1 7.04301E-1 6.25355E-1 4.18969E-1 2.3199E-1 1.57094E-1 1.22973E-1 9.54395E-2 1.11254E-1 1.81087E-1 2.36368E-1 1.11199E-1 2.5104E-1 2.96941E-1 3.31665E-1 3.1197E-1 5.11351E-1 4.79274E-1 6.82712E-1 6.58529E-1 3.69489E-1 1.88009E-1 1.18183E-1 8.03272E-2 9.8939E-2 1.83266E-1 1.2673E-1 1.19491E-1 5.35585E-2 6.91282E-2 4.22747E-2 1.67529E-2 4.86167E-2 2.30514E-1 3.27789E-1 3.40245E-1
-9999 -9999 1.32998E-2 3.5833E-1 5.33341E-1 7.56225E-1 8.48318E-1 8.69798E-1 8.55954E-1 8.31228E-1 7.40305E-1 5.84044E-1 6.38195E-1 7.4406E-1 8.1308E-1 8.58462E-1 7.33697E-1 4.8276E-1 5.14548E-1 6.33494E-1 7.30722E-1 6.62103E-1 6.88186E-1 7.69712E-1 6.7198E-1 3.98797E-1 1.10289E-1 1.38829E-1 1.15616E-1 7.1069E-2 1.7244E-1 2.7561E-1 1.73305E-1 4.40964E-2 2.30501E-1 3.78712E-1 3.32185E-1 3.04516E-1 4.42382E-1 5.63899E-1 6.51192E-1 6.67679E-1 4.5017E-1 3.73142E-1 2.51098E-1 2.11743E-1 2.66474E-1 3.84906E-1 4.33174E-1 1.72142E-1 1.52411E-1 9.35367E-2 9.54266E-2 5.16829E-2 4.46345E-2 2.48111E-1 3.32019E-1 3.363E-1
-9999 -9999 -9999 4.49987E-1 4.24779E-1 7.06648E-1 8.76847E-1 9.44371E-1 9.50818E-1 9.40482E-1 8.43445E-1 5.40918E-1 2.98086E-1 6.94916E-1 7.56738E-1 8.28069E-1 6.54951E-1 4.67605E-1 6.08989E-1 8.03998E-1 7.31295E-1 5.39721E-1 5.75527E-1 6.36676E-1 5.27772E-1 2.46505E-1 2.23191E-1 1.6933E-1 2.2783E-1 8.30854E-2 2.11713E-1 2.04032E-1 8.54198E-2 3.71828E-2 1.41203E-1 2.56738E-1 3.73491E-1 4.18741E-1 5.98966E-1 5.82698E-1 6.64633E-1 5.74618E-1 5.40914E-1 5.78808E-1 3.44439E-1 2.76836E-1 3.5005E-1 4.64031E-1 3.67127E-1 3.92661E-1 2.18707E-1 1.89807E-1 1.90519E-1 2.18285E-1 2.36918E-1 2.89114E-1 2.85033E-1 2.22611E-1
