Phytophthora/models/20240503_1134_59/Phytophthora_PA1_RUN8_MAXENT_outputs/Phytophthora_PA1_RUN8.asc
ncols         113
nrows         135
xllcorner     473009.9838
yllcorner     4429001.1748
cellsize      100.0
NODATA_value  -9999
[rows 26 to 51 of 135, columns 0 to 57 of 113]
-9999 -9999 -9999 -9999 -9999 -9999 -9999 -9999 -9999 -9999 2.06621E-3 2.69719E-3 5.00079E-3 3.55292E-3 4.1294E-3 3.98754E-3 1.17589E-2 2.04228E-2 1.9123E-2 2.23103E-2 1.96092E-2 6.58283E-3 6.92081E-3 4.72568E-3 8.02689E-3 9.72363E-3 1.25385E-2 1.08171E-2 6.74103E-3 3.38765E-3 1.83605E-4 8.23357E-4 3.06297E-3 2.13266E-2 1.55018E-2 1.1016E-2 1.3578E-2 7.56568E-3 3.76509E-3 2.74292E-3 4.01297E-3 7.23617E-3 9.1789E-3 -9999 -9999 -9999 -9999 -9999 -9999 -9999 -9999 -9999 -9999 -9999 -9999 -9999 -9999 -9999
-9999 -9999 -9999 -9999 -9999 -9999 -9999 -9999 -9999 -9999 4.79689E-4 1.16318E-3 8.59201E-4 1.03244E-3 1.43501E-3 1.88366E-3 5.3972E-3 1.29208E-2 3.4168E-2 3.69649E-2 8.78029E-3 7.51161E-3 1.17857E-2 1.35073E-2 1.43704E-2 1.03263E-2 2.06666E-2 1.969E-2 9.76342E-3 1.83265E-3 5.87399E-4 1.74326E-3 6.44507E-3 1.60365E-2 1.09007E-2 3.62538E-3 1.13194E-2 1.22936E-2 5.04283E-3 2.3418E-3 3.61252E-3 9.10385E-3 1.55456E-2 8.51276E-3 8.80714E-3 2.38112E-2 2.18046E-2 -9999 -9999 -9999 -9999 -9999 -9999 -9999 -9999 -9999 -9999 -9999
-9999 -9999 -9999 -9999 -9999 -9999 -9999 -9999 1.02014E-9 3.48512E-6 3.34023E-4 6.98271E-4 3.35531E-4 2.44569E-4 5.00777E-4 7.97322E-4 3.53358E-3 1.14722E-2 1.85388E-2 3.09764E-2 1.26821E-2 1.75234E-2 1.93733E-2 2.2891E-2 2.29508E-2 3.73006E-2 2.95761E-2 2.60203E-2 2.16957E-2 1.98368E-3 1.21726E-3 1.2063E-3 3.20691E-3 5.041E-3 1.37665E-3 1.21326E-3 1.96537E-3 9.46523E-3 1.36331E-2 7.56693E-3 5.09915E-3 5.04162E-4 1.1388E-3 7.17678E-3 6.74232E-3 1.31825E-2 3.25296E-2 -9999 -9999 -9999 -9999 -9999 -9999 -9999 -9999 -9999 -9999 -9999
-9999 -9999 -9999 -9999 -9999 -9999 2.26151E-7 1.04919E-7 3.80858E-7 4.02412E-5 1.12948E-3 1.1594E-3 1.23136E-3 8.95058E-4 8.0194E-4 1.4625E-3 5.10312E-3 7.1523E-3 1.12456E-2 1.65988E-2 2.06401E-2 2.47264E-2 5.87079E-2 8.99614E-2 9.56076E-2 4.0129E-2 3.25309E-2 2.35236E-2 6.17275E-3 2.79399E-3 3.25598E-3 1.3178E-3 2.48234E-3 3.43652E-3 8.68341E-4 3.59144E-4 4.82643E-4 1.8501E-3 6.91095E-3 1.20925E-2 7.62859E-3 1.09316E-3 2.393E-3 1.16897E-2 5.39294E-3 8.37277E-3 2.75709E-2 -9999 -9999 -9999 -9999 -9999 -9999 -9999 -9999 -9999 -9999 -9999
-9999 -9999 -9999 -9999 -9999 -9999 1.19426E-5 5.63112E-5 1.25755E-4 8.60802E-4 1.95749E-3 2.0431E-3 3.77027E-3 5.31901E-3 4.95512E-3 6.06164E-3 1.01042E-2 9.3567E-3 9.56133E-3 7.55817E-3 1.41333E-2 1.77036E-2 6.16651E-2 9.83295E-2 7.60215E-2 5.03769E-2 3.68239E-2 1.94385E-2 6.12813E-3 3.77537E-3 6.38427E-3 3.91264E-3 3.51029E-3 2.42617E-3 2.45675E-3 8.02282E-4 4.14043E-3 4.3809E-3 7.83438E-3 8.74503E-3 1.01665E-2 4.16932E-3 1.17448E-2 8.45343E-3 4.3605E-3 1.44359E-2 4.58873E-2 4.66318E-2 -9999 -9999 -9999 -9999 -9999 -9999 -9999 -9999 -9999 -9999
-9999 -9999 -9999 -9999 -9999 -9999 3.28752E-6 1.77799E-4 8.08389E-4 1.19462E-3 1.06942E-4 4.45121E-4 5.83293E-3 1.57155E-2 1.99386E-2 2.17794E-2 2.05237E-2 1.01322E-2 5.11001E-3 5.59098E-3 1.38945E-2 2.15857E-2 3.62739E-2 9.65003E-2 8.74578E-2 3.48981E-2 1.4817E-2 3.05702E-2 2.69537E-2 1.14128E-2 7.23239E-3 8.27514E-3 8.4414E-3 3.57032E-3 4.17386E-3 4.19271E-3 4.41452E-3 1.53463E-2 1.65142E-2 9.69995E-3 1.16916E-2 8.1365E-3 3.51502E-3 5.55426E-3 5.89222E-3 1.65536E-2 5.84117E-2 5.22068E-2 7.7776E-2 -9999 -9999 -9999 -9999 -9999 -9999 -9999 -9999 -9999
-9999 -9999 -9999 -9999 -9999 5.85776E-6 4.97538E-5 2.46081E-4 1.39048E-3 5.1752E-4 1.03573E-4 9.80524E-4 7.41689E-3 2.10329E-2 2.29439E-2 1.86297E-2 2.03265E-2 7.17488E-3 3.57797E-3 6.95549E-3 1.61302E-2 3.36085E-2 7.15264E-2 1.2611E-1 4.52858E-2 7.33678E-3 1.05529E-3 3.9874E-3 5.89123E-3 4.82812E-3 4.52818E-3 6.73251E-3 5.4352E-3 1.81955E-3 4.11374E-3 4.48135E-3 5.09186E-3 1.52991E-2 2.43101E-2 3.64348E-3 3.08923E-3 4.034E-3 9.14184E-4 1.09422E-2 1.98552E-2 7.63267E-3 2.35978E-2 4.29403E-2 5.71765E-2 8.36364E-2 9.88246E-2 -9999 -9999 -9999 -9999 -9999 -9999 -9999
-9999 -9999 -9999 -9999 5.12485E-8 4.71513E-6 1.0002E-4 1.92115E-4 7.49852E-4 7.76131E-4 2.70974E-4 3.12833E-3 8.61365E-3 2.34004E-2 2.26429E-2 1.73922E-2 7.84342E-3 5.17144E-3 5.65493E-3 5.87936E-3 8.60372E-3 2.95558E-2 6.70667E-2 8.96958E-2 5.7298E-2 1.31177E-2 1.38698E-3 2.15977E-3 6.08457E-4 1.51893E-3 4.95334E-3 7.44292E-3 7.8563E-3 6.36905E-3 6.28596E-3 6.77613E-3 6.43218E-3 1.72431E-2 9.63485E-3 3.21464E-3 3.4558E-3 4.50053E-3 4.78544E-3 1.25523E-2 2.92403E-2 1.56558E-2 4.17311E-3 3.75187E-2 5.05896E-2 4.89959E-2 4.67864E-2 8.11965E-2 8.84866E-2 -9999 -9999 -9999 -9999 -9999
-9999 -9999 -9999 -9999 2.13936E-8 4.66464E-6 3.96133E-5 1.81949E-4 7.90256E-4 7.60975E-4 3.78717E-4 1.02054E-3 1.27824E-2 2.56564E-2 1.10866E-2 1.19863E-2 5.56913E-3 3.61896E-3 5.70591E-3 9.55334E-3 1.14616E-2 1.30628E-2 2.53751E-2 4.31786E-2 5.27946E-2 2.34714E-2 2.93627E-3 3.79055E-3 7.53596E-4 7.98745E-4 6.13833E-3 8.70351E-3 4.98754E-3 4.30206E-3 9.86844E-3 1.12396E-2 1.31526E-2 1.74882E-2 7.79637E-3 4.67812E-3 7.17979E-3 1.07095E-2 1.08566E-2 1.34478E-2 3.83227E-2 1.98696E-2 2.41256E-2 1.33434E-2 1.44587E-2 2.31481E-2 1.16699E-2 2.84519E-2 9.46077E-2 -9999 -9999 -9999 -9999 -9999
-9999 -9999 -9999 -9999 -9999 -9999 -9999 -9999 1.2407E-3 3.30339E-4 3.53866E-3 5.54231E-3 1.13217E-2 1.49044E-2 1.16292E-2 8.53676E-3 7.03805E-3 4.59953E-3 3.81122E-3 4.46523E-3 5.22302E-3 7.26475E-3 1.43327E-2 2.79585E-2 1.84994E-2 1.34096E-2 3.55779E-3 2.59025E-3 4.90708E-4 6.87501E-4 6.00831E-3 7.20705E-3 2.95903E-3 2.06924E-3 3.15518E-3 3.45569E-3 6.21402E-3 5.55374E-3 2.93907E-3 3.51055E-3 6.50581E-3 6.2573E-3 1.34814E-3 2.79737E-3 2.11611E-2 2.56795E-2 4.14767E-2 3.22698E-2 3.20276E-3 1.30637E-2 1.49144E-2 2.68637E-2 6.05246E-2 1.61636E-1 -9999 -9999 -9999 -9999
-9999 -9999 -9999 -9999 -9999 -9999 -9999 -9999 -9999 -9999 3.45827E-3 5.04064E-3 4.92637E-3 4.7648E-3 8.29409E-3 8.68571E-3 9.83633E-3 9.41302E-3 6.84128E-3 3.59448E-3 7.32795E-3 8.17288E-3 1.15513E-2 1.50358E-2 1.69495E-2 2.28936E-2 8.78627E-3 5.14421E-3 7.56538E-4 1.07993E-3 6.82193E-3 8.55241E-3 2.06663E-3 2.02416E-3 7.23734E-3 4.29857E-3 9.06854E-3 1.24901E-2 7.56302E-3 5.55375E-3 7.05551E-3 8.43271E-3 1.92572E-2 3.82847E-2 1.57993E-2 3.90633E-2 4.34037E-2 2.95239E-2 3.1517E-2 4.55809E-2 1.3891E-2 5.34799E-2 1.03303E-1 1.47861E-1 -9999 -9999 -9999 -9999
-9999 -9999 -9999 -9999 -9999 -9999 -9999 -9999 -9999 -9999 -9999 5.27149E-3 3.41614E-3 3.99928E-3 6.0743E-3 7.74486E-3 1.02937E-2 9.67818E-3 7.21595E-3 3.92553E-3 8.86361E-3 5.75977E-3 1.72066E-2 2.35714E-2 4.74817E-2 5.80365E-2 2.66674E-2 1.17986E-2 3.54273E-3 4.53759E-3 4.99341E-3 1.97997E-3 2.13579E-3 5.09928E-3 1.98314E-2 1.38145E-2 1.26665E-2 1.69508E-2 1.76438E-2 1.11876E-2 2.11557E-2 2.5127E-2 3.63768E-2 3.61269E-2 1.44565E-2 2.4837E-2 6.44852E-2 8.47392E-2 4.28342E-2 2.91677E-2 1.78906E-2 5.65829E-2 1.87269E-1 1.92592E-1 1.28711E-1 -9999 -9999 -9999
-9999 -9999 -9999 -9999 -9999 -9999 -9999 -9999 -9999 -9999 -9999 -9999 2.9083E-3 5.02826E-3 6.43537E-3 4.29615E-3 2.80973E-3 2.35806E-3 4.42964E-3 8.53236E-3 1.1735E-2 2.53683E-2 5.72435E-2 5.3532E-2 4.11707E-2 3.60058E-2 1.80976E-2 2.82859E-2 1.31063E-2 7.57569E-3 6.66295E-4 7.51667E-4 4.10667E-3 1.1679E-2 2.46655E-2 1.94558E-2 1.76562E-2 1.49779E-2 8.67143E-3 1.89146E-2 3.98287E-2 3.65993E-2 3.7923E-2 2.82788E-2 1.13532E-1 3.1719E-2 1.29248E-1 1.13767E-1 1.66754E-1 1.12811E-1 1.10675E-1 5.54015E-2 2.21439E-1 2.12538E-1 1.62828E-1 1.06504E-1 5.46464E-2 -9999
-9999 -9999 -9999 -9999 -9999 -9999 -9999 -9999 -9999 -9999 -9999 -9999 -9999 -9999 2.91995E-3 1.25099E-3 1.2341E-3 1.83405E-3 4.77271E-3 1.45795E-2 9.84718E-3 1.31719E-2 2.56854E-2 3.93533E-2 3.01562E-2 4.22315E-2 3.73213E-2 2.33623E-2 5.75316E-3 5.98184E-3 3.46723E-3 7.02376E-4 4.97426E-3 1.05978E-2 1.8602E-2 4.13956E-2 4.99469E-2 3.529E-2 2.72847E-2 2.1175E-2 1.08751E-2 2.38391E-2 2.27513E-3 3.80718E-2 9.13097E-2 9.08512E-2 1.40244E-1 2.33644E-1 1.84052E-1 1.63738E-1 2.2573E-1 1.44624E-1 1.80199E-1 2.90026E-1 2.45659E-1 1.48246E-1 1.40771E-1 -9999
-9999 -9999 -9999 -9999 -9999 -9999 -9999 -9999 -9999 -9999 -9999 -9999 -9999 -9999 -9999 1.04093E-4 4.32562E-4 4.41648E-3 1.173E-2 2.5509E-2 1.36094E-2 1.58019E-3 4.98019E-3 9.57561E-3 8.86369E-3 4.80555E-3 3.13382E-3 1.03344E-2 9.15813E-3 2.31594E-3 5.77406E-3 4.43501E-4 4.4061E-4 5.95399E-3 7.36573E-3 2.21118E-2 3.10295E-2 2.02712E-2 1.49332E-2 1.64344E-2 3.38498E-3 1.10727E-3 2.67419E-3 1.51122E-2 3.5103E-2 6.00705E-2 8.39012E-2 1.77802E-1 2.3797E-1 1.23559E-1 1.26826E-1 1.87636E-1 1.50995E-1 9.42536E-2 2.99727E-1 3.94341E-2 1.78763E-1 4.04333E-2
-9999 -9999 -9999 -9999 -9999 -9999 -9999 -9999 -9999 -9999 -9999 -9999 -9999 -9999 -9999 -9999 2.63616E-3 2.37385E-3 1.60154E-2 2.53635E-2 2.42676E-3 6.44954E-4 1.67688E-3 2.29735E-3 1.43594E-3 1.24949E-3 1.01948E-3 1.42984E-3 4.04355E-3 7.6632E-4 4.20663E-3 3.65349E-3 3.63939E-4 1.13652E-3 9.95806E-3 1.01004E-2 1.21127E-2 1.88854E-2 3.79777E-2 3.14826E-2 2.30789E-2 1.15225E-3 8.68557E-3 7.44211E-3 1.95488E-2 6.45681E-2 7.50424E-2 1.48729E-1 1.10521E-1 1.34195E-1 1.43036E-1 1.6382E-1 9.29547E-2 9.06852E-2 6.48274E-2 1.78181E-2 2.72157E-2 8.59715E-3
-9999 -9999 -9999 -9999 -9999 -9999 -9999 -9999 -9999 -9999 -9999 -9999 -9999 -9999 -9999 -9999 1.33983E-2 2.18608E-2 2.59901E-2 1.62031E-2 1.19442E-3 4.91307E-4 1.36577E-3 4.40364E-3 4.12159E-3 2.74736E-3 1.43272E-3 2.60401E-3 2.75477E-3 1.45509E-3 3.26624E-3 5.29455E-3 1.46612E-3 8.63096E-4 1.11645E-2 2.7191E-2 3.42271E-2 3.77006E-2 7.07774E-2 8.344E-2 7.64725E-2 1.83957E-3 1.01622E-2 3.88498E-2 3.51926E-2 7.61435E-2 6.17201E-2 1.16213E-1 8.27819E-2 1.03507E-1 1.62645E-1 1.46245E-1 9.39409E-2 2.01183E-1 2.53898E-1 2.19093E-1 1.12867E-1 7.09091E-2
-9999 -9999 -9999 -9999 -9999 -9999 -9999 -9999 -9999 -9999 -9999 -9999 -9999 -9999 -9999 -9999 1.73776E-2 3.68412E-2 1.16025E-2 8.14648E-3 2.45784E-3 3.35428E-3 4.38764E-3 1.99338E-3 2.1965E-3 2.14683E-3 2.76378E-3 3.65239E-3 3.66459E-3 3.89868E-3 3.01974E-3 4.66551E-3 4.75914E-3 2.72523E-3 6.80121E-3 2.42969E-2 6.57537E-2 6.33629E-2 6.92409E-2 7.83759E-2 7.41923E-2 5.56382E-2 6.83479E-2 6.09779E-2 4.96617E-2 6.32213E-2 7.79003E-2 1.46727E-1 2.20608E-1 1.81972E-1 2.80938E-1 1.47523E-1 6.42345E-2 1.90149E-1 1.22839E-1 2.46223E-1 1.03492E-1 9.3483E-2
-9999 -9999 -9999 -9999 -9999 -9999 -9999 -9999 -9999 -9999 -9999 -9999 -9999 -9999 -9999 -9999 2.71966E-2 3.10503E-2 3.63539E-2 2.31322E-2 2.37066E-2 7.84819E-3 9.21145E-3 3.23563E-3 7.46072E-4 2.37897E-4 1.39275E-3 2.30645E-3 2.06401E-3 3.47806E-3 3.77291E-3 6.39438E-3 1.34889E-2 8.35143E-3 8.84118E-3 1.96323E-2 4.91075E-2 8.65886E-2 1.33396E-1 7.22301E-2 5.13431E-2 8.19724E-2 1.31385E-1 5.75509E-2 3.58479E-2 6.67742E-2 1.17638E-1 1.0375E-1 1.13569E-1 6.12858E-2 3.75916E-1 1.63661E-1 6.63062E-2 2.06973E-1 1.45157E-1 1.18748E-1 6.81856E-2 5.5764E-2
-9999 -9999 -9999 -9999 -9999 -9999 -9999 -9999 -9999 -9999 6.17712E-2 1.645E-1 6.19319E-3 2.60006E-6 1.34926E-3 2.29714E-2 2.84809E-2 2.36533E-2 2.28925E-2 1.09251E-2 3.05089E-2 2.02845E-2 2.0185E-2 7.59187E-3 2.40707E-3 1.32125E-4 4.83231E-4 8.48379E-4 1.08977E-3 5.5384E-4 3.58027E-3 8.11726E-3 9.52011E-3 1.31113E-2 8.79081E-3 1.72416E-2 3.2913E-2 5.47955E-2 1.34448E-1 7.63974E-2 2.08201E-2 7.69791E-2 9.1282E-2 2.26051E-2 5.0309E-2 -9999 -9999 5.7252E-2 1.69818E-2 1.46323E-2 2.9463E-1 2.99075E-1 1.662E-1 8.97249E-2 2.1291E-1 1.20193E-1 7.04152E-2 3.95835E-2
-9999 -9999 -9999 -9999 -9999 -9999 -9999 2.62882E-6 2.94185E-6 7.2167E-4 4.65352E-2 1.41543E-1 1.42687E-2 5.45098E-5 1.93069E-3 2.65555E-2 2.60505E-2 2.0727E-2 6.32939E-3 9.4804E-3 2.83415E-2 3.53608E-2 2.37638E-2 1.00218E-2 4.41001E-3 1.25584E-4 4.33301E-4 5.32339E-4 5.40381E-5 7.33785E-5 2.82953E-3 7.32073E-3 6.04063E-3 9.58969E-3 1.00429E-2 2.2795E-2 4.96214E-2 5.25594E-2 7.40606E-2 6.63909E-2 2.89419E-2 9.0906E-2 6.47444E-2 1.83552E-2 3.74246E-2 -9999 -9999 8.68002E-2 5.67918E-2 2.80839E-2 2.41698E-1 2.66912E-1 2.58639E-2 3.84168E-2 9.70703E-2 3.15747E-2 2.35543E-2 6.27456E-2
-9999 -9999 -9999 -9999 -9999 2.8004E-4 1.21846E-3 4.02504E-3 7.41452E-3 2.67672E-2 4.91471E-2 1.33993E-1 4.5489E-2 1.74421E-2 2.90236E-2 3.45386E-2 3.26761E-2 2.23121E-2 1.52416E-3 1.50618E-2 2.49338E-2 2.67247E-2 2.26039E-2 1.40357E-2 5.50585E-3 2.59726E-4 1.32124E-3 2.07272E-3 5.31821E-4 2.4924E-4 1.88796E-3 4.41518E-3 5.2887E-3 1.41482E-2 1.8553E-2 4.06789E-2 4.46724E-2 3.73121E-2 5.1627E-2 3.02414E-2 2.80651E-2 3.93111E-2 2.26844E-2 1.63775E-2 5.42437E-2 -9999 -9999 1.26172E-1 7.23858E-2 -9999 -9999 2.21203E-2 5.5237E-3 1.14657E-2 4.3826E-2 2.54377E-2 4.22668E-2 7.93121E-2
-9999 -9999 -9999 -9999 -9999 1.71217E-2 4.60316E-2 6.22294E-2 7.46442E-2 6.70482E-2 4.46087E-2 8.72999E-2 1.2082E-1 1.30024E-1 9.04351E-2 4.42577E-2 4.72332E-2 1.69956E-2 1.55489E-3 1.45184E-2 2.87385E-2 2.39013E-2 7.11633E-3 1.48921E-2 5.90045E-3 6.82592E-4 3.73176E-3 4.63887E-3 4.02117E-4 4.38274E-4 1.90295E-3 1.40306E-3 1.73222E-3 1.79399E-3 1.39807E-2 3.19461E-2 4.77822E-2 3.50065E-2 2.78406E-2 6.41944E-3 1.29734E-2 3.69772E-2 1.72391E-2 4.66232E-2 5.53804E-2 2.32809E-2 -9999 -9999 -9999 -9999 -9999 1.59567E-1 1.6731E-2 6.5358E-2 5.65257E-2 1.70917E-1 7.40218E-2 8.8687E-2
-9999 -9999 -9999 -9999 -9999 3.1069E-2 7.70847E-2 1.18932E-1 1.34532E-1 1.15012E-1 9.20025E-2 5.6495E-2 6.18139E-2 7.20244E-2 7.16329E-2 8.33753E-2 4.67829E-2 3.19879E-2 5.87967E-3 1.71358E-2 8.51884E-3 5.15106E-3 9.92572E-3 1.14057E-2 5.84123E-3 2.60089E-3 1.70751E-2 1.6897E-2 6.47418E-3 5.76217E-3 5.98088E-3 3.84101E-3 3.95908E-3 6.83679E-3 3.30813E-3 3.71485E-2 5.78211E-2 3.68025E-2 2.83445E-2 1.42366E-2 8.66927E-3 4.16591E-2 5.57621E-2 9.5384E-2 1.46891E-1 5.01058E-2 -9999 -9999 -9999 -9999 1.12697E-1 5.51434E-2 9.45243E-2 1.06972E-1 1.59715E-1 6.33363E-2 1.28243E-1 1.09393E-1
-9999 -9999 -9999 -9999 -9999 4.26154E-2 9.0619E-2 1.84819E-1 2.45652E-1 1.63548E-1 7.3797E-2 3.04843E-2 2.53438E-2 3.71184E-2 3.93395E-2 5.32472E-2 7.52086E-2 2.14464E-2 7.41041E-3 1.808E-2 7.6306E-3 6.5281E-3 1.34237E-2 9.4796E-3 7.31035E-3 8.13929E-3 1.40504E-2 1.66695E-2 1.18511E-2 1.75568E-2 1.44136E-2 9.85704E-3 1.22824E-2 1.45803E-2 1.15326E-2 4.94375E-2 7.23116E-2 3.85203E-2 4.26801E-2 9.31826E-3 1.29551E-2 2.17194E-2 5.65116E-2 1.74954E-1 1.93056E-1 1.06369E-1 1.10507E-1 -9999 -9999 1.23559E-1 1.00515E-1 8.53613E-2 8.78237E-2 1.17331E-1 1.48757E-1 7.14455E-2 1.30193E-1 1.49292E-1
-9999 -9999 -9999 -9999 -9999 1.01731E-1 1.77871E-1 3.07265E-1 3.40146E-1 1.34027E-1 3.02608E-2 1.03775E-2 1.39039E-2 2.13317E-2 4.50675E-2 5.8794E-2 4.21524E-2 4.12853E-3 2.26039E-3 4.37325E-3 3.14648E-3 1.55559E-3 5.76318E-3 1.18244E-2 4.84342E-3 2.85992E-3 4.26501E-3 7.87103E-3 3.70297E-3 8.13726E-3 1.46787E-2 1.79119E-2 2.46622E-2 7.24219E-3 3.28487E-2 7.72513E-2 1.03834E-1 5.12206E-2 5.87842E-3 4.14261E-2 3.44933E-2 3.22425E-2 6.36492E-2 8.69933E-2 2.4614E-2 1.63696E-2 8.25215E-2 -9999 2.90837E-1 8.49093E-2 1.93277E-2 1.15295E-1 1.17823E-1 1.4955E-1 1.8235E-2 1.30674E-1 4.93989E-2 2.18706E-1
