Phytophthora/models/20240503_1134_59/Phytophthora_PA1_RUN8_MAXENT_outputs/Phytophthora_PA1_RUN8.asc
ncols         113
nrows         135
xllcorner     473009.9838
yllcorner     4429001.1748
cellsize      100.0
NODATA_value  -9999
[rows 104 to 129 of 135, columns 0 to 57 of 113]
-9999 -9999 -9999 -9999 -9999 -9999 -9999 -9999 -9999 -9999 -9999 -9999 -9999 -9999 -9999 -9999 -9999 5.13653E-1 5.36855E-1 2.71588E-1 2.51633E-1 2.25869E-1 2.6624E-1 2.32732E-1 1.73457E-1 2.77794E-1 2.45892E-1 5.00392E-1 4.17726E-1 2.14734E-1 6.28806E-1 6.61922E-1 3.27091E-1 2.75018E-1 1.58188E-1 1.53212E-1 1.90419E-1 1.97289E-1 9.81872E-2 4.22982E-2 1.07299E-2 6.20158E-2 3.54873E-1 6.32114E-1 6.52387E-1 2.03987E-1 2.95199E-1 2.82715E-1 1.83508E-1 1.3816E-1 1.14827E-1 7.17917E-2 1.05245E-1 2.05868E-1 4.06551E-1 4.84955E-1 3.94451E-1 2.92974E-1
-9999 -9999 -9999 -9999 -9999 -9999 -9999 -9999 -9999 -9999 -9999 -9999 -9999 -9999 -9999 -9999 -9999 -9999 4.48597E-1 5.37479E-1 5.43335E-1 4.80996E-1 4.67008E-1 3.83909E-1 4.23191E-1 3.58457E-1 3.76401E-1 6.03706E-1 1.73152E-1 1.29028E-1 5.94663E-1 6.61174E-1 4.6988E-1 2.55552E-1 1.48538E-2 3.06412E-3 4.79801E-2 3.66006E-2 1.62748E-2 3.50881E-2 3.11026E-2 5.05441E-2 1.69191E-1 3.66984E-1 3.7772E-1 8.27379E-2 2.61439E-1 3.74102E-1 1.19091E-1 1.01577E-1 3.12775E-1 1.10009E-1 5.69836E-2 1.79697E-1 3.08391E-1 2.6098E-1 7.83712E-2 2.21759E-1
-9999 -9999 -9999 -9999 -9999 -9999 -9999 -9999 -9999 -9999 -9999 -9999 -9999 -9999 -9999 -9999 -9999 -9999 5.19151E-1 5.86648E-1 6.95748E-1 6.90186E-1 6.96669E-1 4.86026E-1 3.5616E-1 3.7954E-1 5.59703E-1 4.5395E-1 9.86811E-2 3.6312E-1 5.77255E-1 5.85628E-1 1.96159E-1 5.46713E-2 1.96949E-2 2.15311E-2 1.55997E-2 1.51607E-2 1.88735E-2 5.83003E-2 2.49325E-2 1.25197E-1 2.96076E-1 3.80296E-1 2.7109E-1 3.78539E-1 3.01851E-1 6.19679E-1 5.50546E-1 4.73965E-1 2.60535E-1 2.19044E-1 1.44117E-2 2.58096E-1 4.19753E-1 4.44369E-1 2.28657E-1 2.436E-1
-9999 -9999 -9999 -9999 -9999 -9999 -9999 -9999 -9999 -9999 -9999 -9999 -9999 -9999 -9999 -9999 -9999 -9999 -9999 2.51398E-1 4.32392E-1 7.9812E-1 8.33629E-1 7.90382E-1 6.67169E-1 5.73714E-1 4.43274E-1 9.40771E-2 2.99627E-1 3.08796E-1 2.37177E-1 2.12691E-1 7.14447E-2 3.43256E-2 4.31552E-2 1.80695E-2 1.7879E-2 2.09915E-2 3.24864E-2 1.22176E-1 1.34559E-1 3.94393E-1 6.49995E-1 6.14803E-1 4.87369E-1 4.02642E-1 1.79092E-1 4.68812E-1 3.6003E-1 4.03727E-1 5.35186E-1 5.56001E-2 3.89452E-2 4.05122E-1 6.4708E-1 6.26311E-1 4.1078E-1 2.41345E-1
-9999 -9999 -9999 -9999 -9999 -9999 -9999 -9999 -9999 -9999 -9999 -9999 -9999 -9999 -9999 -9999 -9999 -9999 -9999 -9999 7.40588E-1 6.91336E-1 7.87585E-1 8.41583E-1 6.80576E-1 3.5558E-1 3.68322E-1 1.72493E-1 1.45903E-1 1.17681E-1 7.26721E-2 3.27926E-2 2.60256E-2 7.97178E-2 8.71167E-2 5.47739E-2 4.88632E-2 8.69202E-2 7.04286E-2 1.17307E-1 1.97422E-1 5.89718E-1 7.95E-1 7.83894E-1 6.73021E-1 6.10843E-1 1.51094E-1 3.50154E-2 6.38768E-2 3.68914E-1 3.87315E-1 2.7728E-1 3.66891E-1 6.68489E-1 5.51244E-1 6.3276E-1 4.00346E-1 1.89108E-1
-9999 -9999 -9999 -9999 -9999 -9999 -9999 -9999 -9999 -9999 -9999 -9999 -9999 -9999 -9999 -9999 -9999 -9999 -9999 -9999 -9999 4.17645E-1 5.1618E-1 4.22212E-1 2.11206E-1 2.6668E-1 5.2905E-1 3.20648E-1 3.35491E-2 1.80353E-2 5.09082E-2 2.96476E-2 1.35087E-2 7.50221E-2 1.44425E-1 1.69924E-1 1.87071E-2 8.94587E-2 1.66349E-1 2.56617E-1 3.5851E-1 5.33375E-1 6.80637E-1 7.14343E-1 8.04342E-1 7.53101E-1 6.01414E-1 1.74673E-1 1.70812E-1 3.46119E-1 3.23737E-1 3.54115E-1 6.34203E-1 6.38997E-1 6.30277E-1 5.2001E-1 5.34516E-1 3.73637E-1
-9999 -9999 -9999 -9999 -9999 -9999 -9999 -9999 -9999 -9999 -9999 -9999 -9999 -9999 -9999 -9999 -9999 -9999 -9999 -9999 -9999 5.42998E-1 6.71579E-1 7.62557E-1 5.08815E-1 5.249E-1 4.26772E-1 3.25102E-1 1.87599E-1 7.08543E-2 3.46534E-2 2.07823E-2 1.18981E-2 2.81451E-2 1.74726E-1 2.88393E-1 2.26112E-1 2.35025E-1 1.28121E-1 7.93509E-2 8.25663E-2 3.4608E-1 4.48893E-1 5.46651E-1 6.15735E-1 6.44422E-1 4.50615E-1 2.44994E-1 1.96506E-1 2.57559E-1 1.997E-1 4.79977E-1 3.38644E-1 3.5528E-1 5.44813E-1 6.19337E-1 5.94463E-1 5.70636E-1
-9999 -9999 -9999 -9999 -9999 -9999 -9999 -9999 -9999 -9999 -9999 -9999 -9999 -9999 -9999 -9999 -9999 -9999 -9999 -9999 -9999 2.71658E-1 5.71357E-1 4.15681E-1 6.71302E-1 5.43914E-1 4.29516E-1 2.32149E-1 1.86198E-1 2.66045E-2 1.61595E-2 9.53977E-3 1.46186E-2 7.78648E-2 2.02763E-1 4.07014E-1 1.67456E-1 6.85815E-2 4.45E-1 4.25867E-1 4.48562E-1 6.87606E-2 5.08946E-2 3.00585E-2 8.47409E-2 2.97792E-1 4.97972E-2 5.61249E-2 9.85811E-2 1.54708E-1 2.90666E-1 2.70415E-1 4.57663E-2 1.54801E-1 2.60324E-1 4.04454E-1 6.79091E-1 6.48565E-1
-9999 -9999 -9999 -9999 -9999 -9999 -9999 -9999 -9999 -9999 -9999 -9999 -9999 -9999 -9999 -9999 -9999 -9999 -9999 -9999 2.29157E-1 3.68097E-1 1.44121E-1 6.34164E-1 6.50325E-1 5.65645E-1 4.25663E-1 1.74586E-1 9.28591E-2 3.6469E-2 1.83075E-2 8.54412E-3 1.67191E-2 9.79609E-2 3.48225E-2 1.95286E-1 2.70658E-1 1.51466E-1 4.36784E-1 6.72147E-1 5.29261E-1 1.97013E-1 2.14704E-1 2.03957E-1 1.78907E-1 3.46364E-1 1.45366E-1 2.2568E-2 9.37459E-3 5.1872E-2 1.73473E-1 8.07011E-2 6.57756E-3 3.75527E-2 2.17209E-1 6.46103E-1 6.78794E-1 3.75471E-1
-9999 -9999 -9999 -9999 -9999 -9999 -9999 -9999 -9999 -9999 -9999 -9999 -9999 -9999 -9999 -9999 -9999 -9999 -9999 -9999 2.71086E-1 3.01199E-1 1.97076E-1 4.02044E-1 3.70697E-1 3.76472E-1 1.05755E-1 8.06432E-2 6.89744E-2 3.21889E-2 1.00258E-2 3.31659E-3 9.03736E-3 1.5621E-1 3.89911E-1 6.58826E-1 8.09422E-1 6.25052E-1 6.89131E-1 6.14319E-1 2.55719E-1 2.33383E-1 2.60306E-1 2.06204E-1 2.269E-1 1.74167E-1 1.93128E-1 4.5427E-2 2.87119E-2 2.91914E-2 2.93517E-2 6.53031E-2 7.34499E-3 3.00915E-1 6.11898E-1 6.01173E-1 7.46324E-1 4.41974E-1
-9999 -9999 -9999 -9999 -9999 -9999 -9999 -9999 -9999 -9999 -9999 -9999 -9999 -9999 -9999 -9999 -9999 -9999 -9999 -9999 2.1031E-1 1.96888E-1 5.30372E-2 4.95043E-2 2.06689E-1 2.17616E-1 1.10457E-1 5.49682E-2 3.45917E-2 6.47197E-3 2.9996E-2 1.74219E-1 1.74293E-1 1.83696E-1 5.11952E-1 7.33709E-1 8.52601E-1 7.1944E-1 5.74334E-1 5.29105E-1 2.67768E-1 3.23237E-1 3.20967E-1 2.5077E-1 1.99928E-1 2.5459E-1 1.47606E-1 1.14553E-1 1.29156E-1 1.28429E-1 8.01826E-2 7.11244E-2 6.32648E-2 2.70514E-1 6.66007E-1 7.77924E-1 7.48228E-1 4.78532E-1
-9999 -9999 -9999 -9999 -9999 -9999 -9999 -9999 -9999 -9999 -9999 -9999 -9999 -9999 -9999 -9999 -9999 -9999 -9999 -9999 2.65622E-2 1.72456E-2 1.93491E-2 6.08564E-2 1.90079E-1 1.59506E-1 5.53351E-2 7.10633E-3 4.5706E-3 1.55978E-2 2.14181E-1 3.91661E-1 5.25041E-1 5.71788E-1 6.56776E-1 8.16123E-1 7.89871E-1 6.84378E-1 6.45575E-1 5.87811E-1 3.38688E-1 4.85841E-1 5.36111E-1 4.20797E-1 2.4617E-1 3.67317E-1 2.57408E-1 1.76306E-1 2.48341E-1 2.59776E-1 2.53694E-1 2.4998E-1 2.76195E-1 4.61842E-2 3.89064E-1 7.46782E-1 5.62584E-1 2.97794E-1
-9999 -9999 -9999 -9999 -9999 -9999 -9999 -9999 -9999 -9999 -9999 -9999 -9999 -9999 -9999 -9999 -9999 -9999 -9999 -9999 1.86321E-3 1.12807E-2 7.33023E-2 8.51117E-2 1.07424E-1 1.05448E-1 1.94046E-2 5.02023E-3 1.40204E-1 1.30204E-1 2.36828E-1 6.04789E-1 7.18533E-1 7.60936E-1 8.06789E-1 7.33077E-1 7.17944E-1 7.61681E-1 6.4689E-1 6.9034E-1 6.3745E-2 7.89044E-2 2.08973E-1 5.80096E-1 2.44455E-1 5.01497E-1 1.2333E-1 3.57486E-1 3.65475E-1 3.72308E-1 2.77803E-1 4.76134E-1 6.11575E-1 7.68182E-2 1.88918E-1 5.88763E-1 8.53702E-1 6.11298E-1
-9999 -9999 -9999 -9999 -9999 -9999 -9999 -9999 -9999 -9999 -9999 -9999 -9999 -9999 -9999 -9999 -9999 -9999 -9999 -9999 -9999 9.68484E-3 1.00271E-1 1.50216E-1 1.71964E-1 1.02476E-1 1.17155E-1 2.99803E-2 1.31923E-1 1.81403E-1 3.08302E-1 5.29061E-1 7.23871E-1 7.16995E-1 4.63463E-1 5.12973E-1 6.95859E-1 5.82386E-1 6.97709E-1 4.39646E-1 1.28061E-1 5.57694E-1 6.33156E-1 2.26281E-1 5.90318E-1 5.79828E-1 3.54399E-1 5.02674E-1 4.46471E-1 3.78913E-1 3.90824E-1 5.46582E-1 7.33359E-1 5.36794E-1 4.75073E-1 3.43266E-1 5.2421E-1 3.94043E-1
-9999 -9999 -9999 -9999 -9999 -9999 -9999 -9999 -9999 -9999 -9999 -9999 -9999 -9999 -9999 -9999 -9999 -9999 -9999 -9999 -9999 3.45934E-3 2.32804E-2 2.32298E-1 2.41853E-1 2.34228E-1 1.34856E-1 1.69918E-1 2.05753E-1 2.16919E-1 2.85441E-1 2.62195E-1 3.54475E-1 5.15668E-1 1.69177E-1 1.32175E-1 1.62577E-1 2.01341E-1 6.05037E-1 4.87634E-1 4.24259E-1 7.33129E-1 5.61349E-1 3.12271E-1 1.83704E-1 9.95992E-2 2.76153E-1 5.96857E-1 4.04842E-1 2.62079E-1 3.55567E-1 5.08508E-1 6.85753E-1 7.13296E-1 2.86544E-1 4.77498E-1 8.15504E-1 7.64308E-1
-9999 -9999 -9999 -9999 -9999 -9999 -9999 -9999 -9999 -9999 -9999 -9999 -9999 -9999 -9999 -9999 -9999 -9999 -9999 -9999 -9999 -9999 2.94064E-2 2.68981E-1 2.79708E-1 2.4924E-1 1.90176E-1 1.51007E-1 1.24083E-1 1.54403E-1 3.10133E-1 1.6719E-1 2.51246E-2 9.30484E-2 1.08105E-1 1.12942E-1 5.86101E-1 2.18858E-1 6.62369E-1 7.04702E-1 2.93543E-1 2.49424E-1 4.971E-1 4.42027E-1 3.91887E-1 2.02165E-1 1.88257E-1 5.44216E-1 3.39411E-1 1.82899E-1 1.74719E-1 2.50685E-1 5.35729E-1 6.79214E-1 6.28779E-1 8.00141E-1 7.83023E-1 7.55149E-1
-9999 -9999 -9999 -9999 -9999 -9999 -9999 -9999 -9999 -9999 -9999 -9999 -9999 -9999 -9999 -9999 -9999 -9999 -9999 -9999 -9999 -9999 1.53389E-2 9.92112E-2 3.22421E-1 3.61598E-1 2.9666E-1 1.41266E-1 2.46693E-1 3.90727E-1 3.16309E-1 1.54244E-1 3.3571E-2 2.14292E-1 2.71867E-1 1.68608E-1 4.30598E-1 1.73008E-1 4.61835E-1 7.47025E-1 7.19609E-1 3.96099E-1 3.44097E-1 5.11234E-1 5.96615E-1 3.49529E-1 1.87951E-1 3.85673E-1 2.33656E-1 8.64871E-2 3.1236E-1 1.02036E-1 5.76499E-1 4.81974E-1 6.47729E-1 7.57572E-1 6.38925E-1 6.15424E-1
-9999 -9999 -9999 -9999 -9999 -9999 -9999 -9999 -9999 -9999 -9999 -9999 -9999 -9999 -9999 -9999 -9999 -9999 -9999 -9999 -9999 -9999 -9999 1.28086E-2 9.25198E-2 4.25189E-1 3.58256E-1 3.39338E-1 3.8688E-1 4.38769E-1 1.36083E-1 5.02909E-1 3.77477E-1 2.04664E-1 1.27275E-1 2.61276E-2 4.03879E-1 5.73349E-1 6.57698E-1 7.52017E-1 7.92009E-1 6.43583E-1 3.94201E-1 1.46086E-1 1.80367E-1 1.05526E-1 4.50965E-2 1.8768E-1 2.64409E-2 2.15674E-1 1.20354E-1 3.57388E-1 3.31216E-1 5.51822E-1 7.97166E-1 3.38655E-1 1.3269E-1 2.47373E-1
-9999 -9999 -9999 -9999 -9999 -9999 -9999 -9999 -9999 -9999 -9999 -9999 -9999 -9999 -9999 -9999 -9999 -9999 -9999 -9999 -9999 -9999 -9999 5.08939E-2 3.80302E-1 5.71046E-1 4.61664E-1 4.11745E-1 3.84512E-1 6.03037E-1 5.44576E-1 4.51784E-1 2.74269E-1 1.3133E-1 1.07626E-1 1.19491E-1 4.08037E-1 5.63689E-1 6.26738E-1 6.40553E-1 7.02187E-1 7.57959E-1 5.97543E-1 4.31472E-1 2.39252E-1 8.11036E-2 3.38145E-2 3.55157E-2 7.19797E-3 3.47895E-2 6.94247E-2 4.42521E-1 6.44801E-1 6.78934E-1 7.06678E-1 3.8067E-1 1.58884E-2 1.06716E-2
-9999 -9999 -9999 -9999 -9999 -9999 -9999 -9999 -9999 -9999 -9999 -9999 -9999 -9999 -9999 -9999 -9999 -9999 -9999 -9999 -9999 -9999 -9999 1.14977E-1 4.09355E-1 5.61195E-1 4.94734E-1 8.94173E-2 7.23139E-1 5.48714E-1 4.04315E-1 2.16246E-1 1.42134E-1 1.02618E-1 5.68011E-2 1.71267E-1 3.1863E-1 4.18416E-1 5.28919E-1 5.31066E-1 6.12676E-1 7.54588E-1 7.85792E-1 6.60169E-1 4.46612E-1 3.06286E-1 1.44802E-1 1.5055E-1 8.31912E-2 5.84601E-2 3.34173E-2 2.2363E-1 1.08281E-1 4.72982E-1 4.90679E-1 4.10686E-1 2.67702E-1 2.21752E-1
-9999 -9999 -9999 -9999 -9999 -9999 -9999 -9999 -9999 -9999 -9999 -9999 -9999 -9999 -9999 -9999 -9999 -9999 -9999 -9999 -9999 -9999 -9999 -9999 -9999 1.03566E-1 3.0601E-1 3.93663E-1 7.26071E-1 4.74688E-1 2.19072E-1 1.12373E-1 7.5243E-2 5.4381E-2 9.86192E-2 1.42691E-1 1.85216E-1 2.25897E-1 2.63047E-1 3.55668E-1 4.92903E-1 6.53464E-1 6.86703E-1 6.04298E-1 5.41095E-1 4.42995E-1 3.46526E-1 1.82355E-1 9.93421E-2 7.732E-2 3.20463E-1 7.75598E-2 9.56704E-2 3.46389E-1 4.84172E-1 4.43746E-1 4.26131E-1 4.90327E-1
-9999 -9999 -9999 -9999 -9999 -9999 -9999 -9999 -9999 -9999 -9999 -9999 -9999 -9999 -9999 -9999 -9999 -9999 -9999 -9999 -9999 -9999 -9999 -9999 -9999 -9999 1.20573E-1 2.10749E-1 6.01759E-1 4.32189E-1 2.39097E-1 9.90582E-2 5.88628E-2 2.98616E-2 4.81587E-2 6.75229E-2 9.77476E-2 9.70982E-2 7.45531E-2 1.12577E-1 2.20044E-1 3.30724E-1 4.11961E-1 4.46664E-1 3.92115E-1 3.20453E-1 3.22354E-1 3.15629E-1 1.64812E-1 1.33015E-1 3.3986E-1 1.05145E-1 2.22021E-1 4.95341E-1 4.1919E-1 5.31011E-1 5.4385E-1 5.01229E-1
-9999 -9999 -9999 -9999 -9999 -9999 -9999 -9999 -9999 -9999 -9999 -9999 -9999 -9999 -9999 -9999 -9999 -9999 -9999 -9999 -9999 -9999 -9999 -9999 -9999 -9999 -9999 3.34545E-1 7.02725E-1 3.85011E-1 2.11206E-1 1.00519E-1 6.05685E-2 4.2981E-2 2.69155E-2 3.24719E-2 5.13573E-2 4.34945E-2 3.14497E-2 3.00977E-2 7.32688E-2 1.3721E-1 2.70914E-1 3.24978E-1 2.76375E-1 2.43614E-1 2.27123E-1 2.61888E-1 2.9238E-1 2.02977E-1 1.65058E-1 2.55062E-2 1.66068E-1 3.40706E-1 1.00025E-1 5.27419E-2 3.56964E-1 2.7058E-1
-9999 -9999 -9999 -9999 -9999 -9999 -9999 -9999 -9999 -9999 -9999 -9999 -9999 -9999 -9999 -9999 -9999 -9999 -9999 -9999 -9999 -9999 -9999 -9999 -9999 -9999 -9999 5.05683E-2 7.29116E-2 3.01839E-2 6.59539E-2 2.49909E-2 7.36907E-2 3.82877E-2 6.94599E-3 3.05186E-3 3.66748E-3 2.44171E-3 9.85583E-4 3.4809E-3 3.38093E-2 4.43652E-2 1.27563E-1 8.65956E-2 8.79198E-2 1.38674E-1 2.01387E-1 2.82945E-1 4.17518E-1 3.09621E-1 2.27827E-1 2.97951E-1 1.87286E-1 3.7151E-1 3.54126E-1 1.82889E-1 1.11862E-1 2.59176E-1
-9999 -9999 -9999 -9999 -9999 -9999 -9999 -9999 -9999 -9999 -9999 -9999 -9999 -9999 -9999 -9999 -9999 -9999 -9999 -9999 -9999 -9999 -9999 -9999 -9999 -9999 -9999 -9999 -9999 -9999 -9999 7.355E-3 1.21852E-2 1.12943E-2 1.95286E-3 2.41808E-3 1.28375E-2 1.07777E-2 2.78445E-3 1.22305E-3 2.1391E-3 4.96626E-3 2.58976E-2 2.74946E-2 4.84377E-3 3.05192E-2 2.01757E-1 1.35397E-1 3.67055E-1 2.33293E-1 3.91497E-1 2.91836E-1 1.31497E-1 2.15691E-1 4.16071E-1 4.52714E-1 9.81573E-2 2.26638E-1
-9999 -9999 -9999 -9999 -9999 -9999 -9999 -9999 -9999 -9999 -9999 -9999 -9999 -9999 -9999 -9999 -9999 -9999 -9999 -9999 -9999 -9999 -9999 -9999 -9999 -9999 -9999 -9999 -9999 -9999 -9999 -9999 -9999 3.44275E-2 5.14134E-3 5.43331E-3 4.35199E-3 7.42887E-3 4.21937E-3 6.71042E-3 1.11486E-2 1.53556E-2 3.06491E-2 4.24784E-2 1.16639E-2 3.70517E-2 2.46412E-1 2.94961E-1 3.01438E-1 1.59154E-1 1.50004E-1 5.42162E-2 1.92656E-1 2.50795E-1 3.42073E-1 3.86256E-1 -9999 -9999
