Phytophthora/models/20240503_1210_48/Phytophthora_PA3_RUN10_MAXENT_outputs/Phytophthora_PA3_RUN10.asc
ncols         113
nrows         135
xllcorner     473009.9838
yllcorner     4429001.1748
cellsize      100.0
NODATA_value  -9999
[rows 26 to 51 of 135, columns 0 to 57 of 113]
-9999 -9999 -9999 -9999 -9999 -9999 -9999 -9999 -9999 -9999 1.28899E-3 2.97329E-3 7.25931E-3 4.63551E-3 6.61068E-3 6.90187E-3 1.92386E-2 2.26423E-2 3.90861E-2 2.38485E-2 3.50471E-2 1.70659E-2 1.63678E-2 1.21197E-2 1.59942E-2 1.82686E-2 1.80585E-2 1.35847E-2 4.88262E-3 1.48943E-3 1.54967E-4 7.8046E-4 3.47226E-3 2.37799E-2 3.09251E-2 2.70266E-2 2.71487E-2 1.66691E-2 8.35735E-3 5.128E-3 8.29681E-3 1.48874E-2 2.14111E-2 -9999 -9999 -9999 -9999 -9999 -9999 -9999 -9999 -9999 -9999 -9999 -9999 -9999 -9999 -9999
-9999 -9999 -9999 -9999 -9999 -9999 -9999 -9999 -9999 -9999 2.4442E-4 1.15666E-3 2.41267E-3 3.40901E-3 3.58442E-3 4.41219E-3 1.69442E-2 2.53845E-2 5.15113E-2 5.69139E-2 2.08947E-2 1.18089E-2 2.39137E-2 2.53841E-2 2.40191E-2 1.64884E-2 2.14747E-2 1.56523E-2 5.00055E-3 8.81385E-4 4.42913E-4 1.72022E-3 9.20242E-3 2.06331E-2 1.73411E-2 9.91653E-3 3.26939E-2 3.09556E-2 9.12606E-3 4.525E-3 8.12538E-3 1.27733E-2 2.69892E-2 2.1275E-2 3.58091E-2 4.90614E-2 4.5987E-2 -9999 -9999 -9999 -9999 -9999 -9999 -9999 -9999 -9999 -9999 -9999
-9999 -9999 -9999 -9999 -9999 -9999 -9999 -9999 7.77515E-10 9.574E-7 1.09916E-4 6.1268E-4 5.96473E-4 8.49797E-4 1.7853E-3 3.95291E-3 1.07215E-2 2.2501E-2 2.74717E-2 4.36998E-2 1.86219E-2 2.50271E-2 2.56954E-2 2.63888E-2 2.53401E-2 3.01901E-2 1.98825E-2 1.44771E-2 6.82045E-3 7.00139E-4 8.07644E-4 1.4884E-3 5.37532E-3 8.47996E-3 2.95146E-3 3.6551E-3 8.36747E-3 1.42356E-2 1.87454E-2 1.21049E-2 8.47634E-3 6.71767E-4 1.86431E-3 1.32021E-2 1.51693E-2 3.53909E-2 7.36663E-2 -9999 -9999 -9999 -9999 -9999 -9999 -9999 -9999 -9999 -9999 -9999
-9999 -9999 -9999 -9999 -9999 -9999 1.02613E-8 1.71135E-8 4.86857E-8 8.90478E-6 6.22241E-4 2.1257E-3 2.85417E-3 3.19843E-3 2.46845E-3 4.1411E-3 1.16074E-2 1.01633E-2 1.58831E-2 2.5741E-2 2.45946E-2 3.05392E-2 5.48253E-2 5.82146E-2 8.47375E-2 3.3846E-2 1.58516E-2 7.79071E-3 2.11036E-3 8.30019E-4 1.9088E-3 1.63637E-3 5.29197E-3 8.52391E-3 1.61301E-3 7.14088E-4 1.04683E-3 2.47863E-3 9.54658E-3 1.82371E-2 1.00759E-2 1.19604E-3 2.86275E-3 1.85749E-2 1.25844E-2 2.43654E-2 6.51667E-2 -9999 -9999 -9999 -9999 -9999 -9999 -9999 -9999 -9999 -9999 -9999
-9999 -9999 -9999 -9999 -9999 -9999 5.88857E-7 5.29307E-6 2.13132E-5 2.63072E-4 1.47845E-3 4.08331E-3 4.46578E-3 1.19123E-2 1.3677E-2 1.28707E-2 1.82656E-2 1.09706E-2 1.30499E-2 1.23131E-2 1.94031E-2 2.45184E-2 5.98167E-2 6.70355E-2 4.18531E-2 2.57389E-2 1.83619E-2 6.33847E-3 1.55959E-3 9.13772E-4 3.18519E-3 3.60317E-3 5.97585E-3 4.50286E-3 3.78019E-3 1.26571E-3 6.17975E-3 7.09655E-3 1.06699E-2 2.32089E-2 1.67257E-2 4.49373E-3 1.34703E-2 1.4841E-2 1.20299E-2 4.8138E-2 1.1245E-1 1.04306E-1 -9999 -9999 -9999 -9999 -9999 -9999 -9999 -9999 -9999 -9999
-9999 -9999 -9999 -9999 -9999 -9999 1.62866E-6 5.84197E-5 3.2306E-4 1.03354E-3 1.84258E-4 7.92778E-4 6.519E-3 2.23967E-2 4.51081E-2 3.42244E-2 2.10152E-2 9.57373E-3 6.08826E-3 6.50713E-3 1.49363E-2 2.07821E-2 2.8102E-2 5.68016E-2 3.62049E-2 1.09072E-2 4.68805E-3 8.23723E-3 5.58377E-3 2.07138E-3 3.53335E-3 7.83976E-3 1.17494E-2 3.35478E-3 4.96447E-3 6.23566E-3 8.18001E-3 2.62585E-2 2.65567E-2 2.34899E-2 2.5065E-2 1.00422E-2 5.082E-3 1.02183E-2 1.36732E-2 4.48599E-2 1.2424E-1 1.1014E-1 1.37038E-1 -9999 -9999 -9999 -9999 -9999 -9999 -9999 -9999 -9999
-9999 -9999 -9999 -9999 -9999 6.997E-7 4.20602E-5 1.39742E-4 9.66512E-4 5.59124E-4 1.32795E-4 5.95013E-4 5.86693E-3 2.33608E-2 3.66223E-2 1.88068E-2 1.90416E-2 7.59536E-3 3.64944E-3 4.98603E-3 1.00887E-2 1.99104E-2 3.8029E-2 5.27838E-2 1.74846E-2 2.25971E-3 3.36291E-4 1.10163E-3 1.72934E-3 1.79405E-3 2.83449E-3 7.3735E-3 6.78224E-3 2.35488E-3 4.70001E-3 6.89499E-3 1.03195E-2 2.74799E-2 3.80702E-2 6.16959E-3 9.91611E-3 5.45383E-3 1.45478E-3 1.42632E-2 3.30834E-2 3.52997E-2 6.82153E-2 1.03814E-1 9.31768E-2 1.23498E-1 1.36648E-1 -9999 -9999 -9999 -9999 -9999 -9999 -9999
-9999 -9999 -9999 -9999 2.47937E-9 6.66169E-7 5.36028E-5 1.38396E-4 7.90589E-4 1.11651E-3 2.83234E-4 1.5965E-3 1.25199E-2 2.71877E-2 2.76573E-2 1.13944E-2 6.66837E-3 4.5034E-3 3.43828E-3 3.74192E-3 6.40987E-3 1.74578E-2 2.99948E-2 3.28086E-2 1.76147E-2 4.07634E-3 4.39516E-4 5.83729E-4 2.12381E-4 5.11136E-4 2.55595E-3 5.87501E-3 8.57865E-3 8.25474E-3 9.37102E-3 9.45432E-3 9.49526E-3 2.52451E-2 1.51025E-2 5.89485E-3 4.92061E-3 5.28822E-3 5.2649E-3 1.79477E-2 4.88986E-2 4.6483E-2 2.2899E-2 8.84427E-2 8.03449E-2 8.69908E-2 9.10811E-2 1.57228E-1 1.88758E-1 -9999 -9999 -9999 -9999 -9999
-9999 -9999 -9999 -9999 2.90609E-9 7.97152E-7 1.9718E-5 1.18872E-4 8.24254E-4 1.00602E-3 4.50018E-4 1.01235E-3 6.33314E-3 2.67004E-2 8.38756E-3 5.82213E-3 3.73561E-3 2.79246E-3 3.78045E-3 6.11094E-3 6.93361E-3 7.6334E-3 1.08287E-2 1.50967E-2 1.47767E-2 5.02733E-3 5.80315E-4 7.69964E-4 1.94336E-4 3.45183E-4 3.05369E-3 5.79949E-3 5.97414E-3 7.49694E-3 1.71661E-2 1.81319E-2 1.6004E-2 2.66414E-2 9.71095E-3 7.95352E-3 1.73449E-2 1.55722E-2 1.42462E-2 2.24831E-2 4.91761E-2 4.67314E-2 6.27273E-2 3.6334E-2 3.49992E-2 6.29114E-2 2.28691E-2 5.8491E-2 2.24493E-1 -9999 -9999 -9999 -9999 -9999
-9999 -9999 -9999 -9999 -9999 -9999 -9999 -9999 1.20331E-3 4.96787E-4 5.39473E-3 8.31054E-3 8.92768E-3 8.00685E-3 6.85748E-3 4.59318E-3 3.56604E-3 2.80076E-3 2.27074E-3 2.65194E-3 2.65096E-3 3.08968E-3 5.68278E-3 9.16259E-3 4.76844E-3 2.57599E-3 3.80875E-4 3.37271E-4 1.63481E-4 3.65425E-4 3.48627E-3 4.97507E-3 3.34477E-3 4.38068E-3 7.00175E-3 7.22244E-3 1.18053E-2 1.04577E-2 4.79823E-3 6.40077E-3 1.60239E-2 1.1449E-2 2.13811E-3 4.92549E-3 2.73984E-2 5.04532E-2 7.28992E-2 7.26912E-2 1.19254E-2 2.29956E-2 3.24318E-2 7.43115E-2 1.94532E-1 3.44839E-1 -9999 -9999 -9999 -9999
-9999 -9999 -9999 -9999 -9999 -9999 -9999 -9999 -9999 -9999 6.54757E-3 8.08828E-3 4.44882E-3 3.66889E-3 4.1387E-3 2.91895E-3 2.88447E-3 3.73767E-3 3.23002E-3 1.59186E-3 2.88084E-3 3.88119E-3 4.35876E-3 4.56802E-3 3.33298E-3 3.21134E-3 1.00684E-3 8.67109E-4 3.89627E-4 5.82511E-4 4.17187E-3 6.77891E-3 2.45504E-3 3.83095E-3 1.33989E-2 9.05705E-3 1.79771E-2 2.14186E-2 1.05494E-2 1.04E-2 1.32186E-2 1.21697E-2 1.9926E-2 4.3587E-2 1.94353E-2 5.53254E-2 8.81838E-2 6.46582E-2 6.01989E-2 7.24944E-2 8.31593E-2 1.23305E-1 2.62344E-1 3.207E-1 -9999 -9999 -9999 -9999
-9999 -9999 -9999 -9999 -9999 -9999 -9999 -9999 -9999 -9999 -9999 6.43021E-3 2.5832E-3 2.79615E-3 2.1848E-3 2.34391E-3 3.42149E-3 2.74203E-3 2.12785E-3 1.20379E-3 2.53846E-3 2.03772E-3 5.7125E-3 6.26551E-3 1.14586E-2 1.01304E-2 4.88725E-3 4.07701E-3 2.59601E-3 2.96462E-3 3.16418E-3 1.26085E-3 1.97645E-3 5.88218E-3 3.75438E-2 3.56873E-2 3.01639E-2 3.27858E-2 3.17597E-2 4.11643E-2 1.92285E-2 2.48673E-2 6.93769E-2 5.40842E-2 2.01836E-2 4.0948E-2 9.8523E-2 1.23081E-1 6.15136E-2 4.79452E-2 6.82039E-2 7.38165E-2 2.67353E-1 3.38131E-1 2.81852E-1 -9999 -9999 -9999
-9999 -9999 -9999 -9999 -9999 -9999 -9999 -9999 -9999 -9999 -9999 -9999 1.91259E-3 2.84182E-3 2.41145E-3 1.40419E-3 1.06844E-3 7.99246E-4 1.17064E-3 2.29601E-3 3.37946E-3 7.6333E-3 1.68131E-2 1.36861E-2 1.24571E-2 1.09047E-2 5.16503E-3 1.21219E-2 1.01697E-2 4.72415E-3 4.91652E-4 5.70105E-4 4.04814E-3 1.35988E-2 3.80321E-2 5.14725E-2 5.19942E-2 4.48485E-2 2.48854E-2 4.64838E-2 6.08321E-2 7.04873E-2 7.89793E-2 4.42231E-2 1.40927E-1 3.87357E-2 1.42919E-1 1.85741E-1 3.15044E-1 1.97813E-1 1.97206E-1 2.44414E-1 3.5036E-1 3.16964E-1 2.52846E-1 1.84338E-1 1.27723E-1 -9999
-9999 -9999 -9999 -9999 -9999 -9999 -9999 -9999 -9999 -9999 -9999 -9999 -9999 -9999 1.11423E-3 2.3915E-4 2.72989E-4 6.12438E-4 2.03992E-3 5.24655E-3 4.74175E-3 7.08454E-3 1.12019E-2 1.05653E-2 1.64115E-2 2.54888E-2 1.78232E-2 1.54526E-2 5.64793E-3 7.4669E-3 3.3242E-3 6.00397E-4 4.1434E-3 1.22003E-2 3.03628E-2 8.24367E-2 1.00262E-1 6.95308E-2 4.04025E-2 2.72081E-2 4.12214E-2 4.46157E-2 4.54959E-3 6.18651E-2 1.31641E-1 8.4207E-2 1.58801E-1 3.53359E-1 3.76605E-1 3.33707E-1 4.05855E-1 2.88642E-1 3.37704E-1 3.95202E-1 2.96192E-1 2.46518E-1 3.45113E-1 -9999
-9999 -9999 -9999 -9999 -9999 -9999 -9999 -9999 -9999 -9999 -9999 -9999 -9999 -9999 -9999 2.14432E-5 1.39547E-4 1.83944E-3 4.87444E-3 7.98174E-3 5.28046E-3 8.25081E-4 2.90226E-3 5.4254E-3 7.07354E-3 5.38354E-3 4.73335E-3 1.75175E-2 1.25313E-2 3.58611E-3 5.86311E-3 5.51821E-4 4.61209E-4 5.19141E-3 7.19888E-3 2.37123E-2 4.98036E-2 2.74111E-2 2.35435E-2 3.30075E-2 1.4736E-2 2.24882E-3 5.06209E-3 2.63155E-2 5.87269E-2 9.09276E-2 1.43561E-1 2.66996E-1 3.75776E-1 1.72986E-1 1.74488E-1 2.74596E-1 1.84859E-1 2.22297E-1 3.31966E-1 6.67113E-2 2.84316E-1 8.01373E-2
-9999 -9999 -9999 -9999 -9999 -9999 -9999 -9999 -9999 -9999 -9999 -9999 -9999 -9999 -9999 -9999 8.20881E-4 1.0924E-3 5.84551E-3 8.33681E-3 1.43175E-3 4.03799E-4 1.16514E-3 3.32009E-3 2.79062E-3 2.10301E-3 2.74268E-3 4.42702E-3 9.61855E-3 1.14872E-3 4.99115E-3 4.99808E-3 4.41903E-4 8.52121E-4 6.98864E-3 8.77149E-3 1.52755E-2 2.32906E-2 4.73389E-2 5.05395E-2 3.35076E-2 2.36873E-3 1.79004E-2 1.63578E-2 4.2348E-2 1.15933E-1 1.40269E-1 2.53661E-1 1.82898E-1 1.93493E-1 2.20661E-1 2.92002E-1 1.14829E-1 1.03249E-1 7.70512E-2 3.77631E-2 4.81337E-2 2.42628E-2
-9999 -9999 -9999 -9999 -9999 -9999 -9999 -9999 -9999 -9999 -9999 -9999 -9999 -9999 -9999 -9999 5.40616E-3 1.17508E-2 1.29116E-2 7.70235E-3 1.10326E-3 5.15552E-4 1.25181E-3 5.57539E-3 8.25397E-3 5.4301E-3 3.78795E-3 7.00699E-3 6.11247E-3 2.20318E-3 5.02706E-3 6.56406E-3 1.44235E-3 8.36113E-4 1.04871E-2 2.36803E-2 3.92187E-2 6.08702E-2 1.16892E-1 1.09212E-1 9.73742E-2 3.20791E-3 2.05894E-2 6.38436E-2 4.96188E-2 1.17101E-1 1.44674E-1 1.74726E-1 1.17132E-1 1.78379E-1 3.35952E-1 2.60628E-1 2.30329E-1 2.11574E-1 2.70635E-1 2.70188E-1 1.90396E-1 1.11248E-1
-9999 -9999 -9999 -9999 -9999 -9999 -9999 -9999 -9999 -9999 -9999 -9999 -9999 -9999 -9999 -9999 6.18969E-3 1.27946E-2 4.6124E-3 4.8845E-3 2.12861E-3 3.3801E-3 5.00355E-3 2.51214E-3 4.84154E-3 4.28931E-3 4.09201E-3 1.05524E-2 9.78557E-3 7.10096E-3 6.45419E-3 5.8641E-3 4.70655E-3 2.98326E-3 7.57894E-3 2.39101E-2 5.68509E-2 8.4727E-2 1.30319E-1 1.29477E-1 1.13259E-1 5.10612E-2 8.0409E-2 7.91575E-2 5.88444E-2 9.27865E-2 1.87449E-1 2.45252E-1 2.34931E-1 2.58723E-1 3.57051E-1 2.46574E-1 1.92972E-1 2.19463E-1 2.08487E-1 4.26374E-1 2.43082E-1 2.81616E-1
-9999 -9999 -9999 -9999 -9999 -9999 -9999 -9999 -9999 -9999 -9999 -9999 -9999 -9999 -9999 -9999 1.33201E-2 1.38171E-2 1.77972E-2 1.21003E-2 1.60401E-2 8.88476E-3 1.15445E-2 4.4192E-3 1.64969E-3 6.22318E-4 3.08945E-3 7.38302E-3 5.68821E-3 4.98448E-3 8.47281E-3 1.41068E-2 2.21662E-2 1.19331E-2 1.22411E-2 2.69974E-2 6.13089E-2 1.30616E-1 8.95683E-2 6.91686E-2 1.05771E-1 1.24769E-1 2.00264E-1 8.02136E-2 4.99329E-2 7.21512E-2 2.44043E-1 2.35585E-1 1.20864E-1 7.73814E-2 4.43233E-1 3.03716E-1 2.00887E-1 2.08359E-1 2.32279E-1 2.54232E-1 2.21937E-1 2.51982E-1
-9999 -9999 -9999 -9999 -9999 -9999 -9999 -9999 -9999 1.11953E-5 6.70629E-3 1.6281E-2 4.54198E-4 1.83078E-6 2.73659E-4 5.38366E-3 1.90643E-2 1.93215E-2 1.31877E-2 6.82217E-3 2.52684E-2 2.32338E-2 2.84029E-2 6.77206E-3 3.81095E-3 3.08042E-4 1.26465E-3 2.52315E-3 2.89793E-3 8.40179E-4 7.54067E-3 1.36982E-2 2.47672E-2 2.36767E-2 1.52122E-2 4.2967E-2 6.34277E-2 8.7082E-2 1.94133E-1 1.4299E-1 9.12607E-2 1.54941E-1 1.64831E-1 4.13874E-2 6.33389E-2 -9999 -9999 1.30635E-1 2.68981E-2 2.49011E-2 3.58567E-1 4.83969E-1 2.75312E-1 1.79185E-1 3.56868E-1 2.40112E-1 1.99378E-1 1.35273E-1
-9999 -9999 -9999 -9999 -9999 -9999 -9999 3.47809E-7 4.4029E-7 7.13785E-5 5.18533E-3 1.58263E-2 1.04395E-3 1.8477E-5 5.6064E-4 6.2015E-3 1.3822E-2 1.29461E-2 5.21977E-3 6.35249E-3 2.77358E-2 3.88231E-2 3.12113E-2 1.70367E-2 6.61963E-3 2.20064E-4 1.01228E-3 1.17126E-3 2.97829E-4 3.11804E-4 7.02096E-3 1.71589E-2 9.04608E-3 1.94738E-2 2.04081E-2 5.51783E-2 9.67877E-2 1.03703E-1 1.57496E-1 1.30666E-1 1.14305E-1 1.66117E-1 8.58145E-2 3.0692E-2 5.48626E-2 -9999 -9999 1.76589E-1 8.46497E-2 4.45589E-2 3.0706E-1 3.76879E-1 3.73955E-2 7.68862E-2 2.01391E-1 6.42251E-2 9.48796E-2 1.648E-1
-9999 -9999 -9999 -9999 -9999 2.51517E-5 1.08569E-4 2.49195E-4 4.54837E-4 2.47747E-3 7.78495E-3 2.7081E-2 5.63317E-3 1.64127E-3 6.04124E-3 1.31746E-2 1.87312E-2 1.27551E-2 1.56955E-3 1.15244E-2 3.20391E-2 3.13287E-2 2.4461E-2 1.59031E-2 5.60315E-3 4.60312E-4 2.29534E-3 6.00223E-3 1.62947E-3 5.98163E-4 5.66451E-3 1.30157E-2 9.79929E-3 2.37975E-2 3.69557E-2 9.13776E-2 8.95897E-2 8.41801E-2 8.33552E-2 6.69614E-2 6.13839E-2 7.56027E-2 2.98978E-2 2.54803E-2 9.79145E-2 -9999 -9999 2.66098E-1 1.10408E-1 -9999 -9999 3.54276E-2 1.30341E-2 2.44748E-2 9.86178E-2 5.22759E-2 1.76789E-1 2.00519E-1
-9999 -9999 -9999 -9999 -9999 2.29655E-3 7.92573E-3 1.25548E-2 1.385E-2 1.29023E-2 1.13292E-2 2.74105E-2 2.58629E-2 2.76248E-2 2.63784E-2 3.11982E-2 2.98897E-2 1.10957E-2 1.72126E-3 1.21866E-2 2.91871E-2 2.25319E-2 1.34994E-2 1.39235E-2 6.33208E-3 8.68333E-4 4.54885E-3 6.33177E-3 7.97997E-4 8.89158E-4 3.45546E-3 7.89295E-3 3.32265E-3 3.55634E-3 2.2342E-2 8.8541E-2 1.0091E-1 6.49193E-2 5.42621E-2 4.49808E-2 2.40571E-2 6.62581E-2 2.08645E-2 7.42438E-2 8.30092E-2 2.49764E-2 -9999 -9999 -9999 -9999 -9999 2.10594E-1 3.52788E-2 1.24497E-1 2.59198E-1 4.59507E-1 3.21392E-1 2.24815E-1
-9999 -9999 -9999 -9999 -9999 6.69035E-3 2.34379E-2 4.99868E-2 5.59565E-2 4.64406E-2 3.47004E-2 2.45061E-2 2.47849E-2 3.89996E-2 2.95006E-2 4.0252E-2 3.56978E-2 2.07398E-2 5.61412E-3 1.41155E-2 1.01971E-2 6.357E-3 1.10647E-2 1.00874E-2 6.18283E-3 2.77273E-3 1.51828E-2 2.16117E-2 9.41785E-3 9.2276E-3 9.78639E-3 7.3161E-3 1.18683E-2 1.07299E-2 6.20706E-3 5.59391E-2 8.69304E-2 7.05203E-2 1.01572E-1 2.96483E-2 1.28625E-2 7.70952E-2 7.18593E-2 8.653E-2 1.76573E-1 6.37665E-2 -9999 -9999 -9999 -9999 2.89821E-1 3.4775E-1 2.47124E-1 2.0025E-1 3.55504E-1 3.6369E-1 3.32642E-1 2.20082E-1
-9999 -9999 -9999 -9999 -9999 9.39659E-3 3.33275E-2 1.00191E-1 1.32499E-1 1.06122E-1 4.35893E-2 1.74222E-2 1.75885E-2 2.29422E-2 2.2094E-2 3.23519E-2 3.3224E-2 1.00522E-2 4.81883E-3 1.53088E-2 8.35319E-3 8.80937E-3 1.45854E-2 5.76969E-3 5.76929E-3 7.34426E-3 1.86712E-2 2.6676E-2 1.25377E-2 2.37096E-2 2.25071E-2 1.68776E-2 2.76316E-2 2.91387E-2 1.82728E-2 6.19201E-2 7.31806E-2 7.17417E-2 9.28161E-2 1.11377E-2 1.80657E-2 3.93089E-2 8.39703E-2 1.79109E-1 2.23694E-1 1.14592E-1 1.27918E-1 -9999 -9999 1.42684E-1 2.13142E-1 3.24492E-1 3.77201E-1 3.89827E-1 2.54295E-1 1.71548E-1 2.11782E-1 2.38138E-1
-9999 -9999 -9999 -9999 -9999 2.33778E-2 6.11889E-2 1.22791E-1 1.57188E-1 7.61893E-2 2.11047E-2 6.52896E-3 8.79907E-3 1.20646E-2 2.52586E-2 2.55772E-2 1.52745E-2 2.11769E-3 1.16723E-3 4.82656E-3 3.68209E-3 1.92154E-3 4.34917E-3 7.87508E-3 4.11505E-3 2.36288E-3 5.78206E-3 1.64112E-2 6.22956E-3 1.24347E-2 2.37352E-2 2.64739E-2 3.98926E-2 3.08303E-2 3.4068E-2 8.00292E-2 1.00091E-1 5.67481E-2 1.0639E-2 6.26055E-2 6.88036E-2 5.44068E-2 8.78725E-2 8.6612E-2 2.69251E-2 2.33276E-2 7.14478E-2 -9999 3.52723E-1 1.17944E-1 4.26813E-2 2.45235E-1 4.02562E-1 3.94653E-1 4.73954E-2 2.28648E-1 1.98949E-1 3.4335E-1
