Phytophthora/models/20240503_1210_48/Phytophthora_PA3_RUN10_MAXENT_outputs/Phytophthora_PA3_RUN10.asc
ncols         113
nrows         135
xllcorner     473009.9838
yllcorner     4429001.1748
cellsize      100.0
NODATA_value  -9999
[rows 78 to 103 of 135, columns 0 to 57 of 113]
-9999 -9999 -9999 6.37524E-3 7.73309E-2 3.31717E-1 7.47787E-1 8.56849E-1 8.99018E-1 8.82058E-1 5.10226E-1 3.86116E-1 4.66139E-1 5.19712E-1 5.96622E-1 4.67736E-1 3.98992E-1 3.97598E-1 7.9337E-1 7.99877E-1 6.88304E-1 3.84902E-1 4.40923E-1 5.13553E-1 5.45719E-1 5.43062E-1 5.95969E-1 5.70793E-1 5.01517E-1 3.86427E-1 2.03458E-1 2.13291E-1 1.01696E-1 6.4752E-2 1.75982E-1 3.80344E-1 4.10302E-1 4.67842E-1 6.04802E-1 6.00008E-1 8.03753E-1 7.29458E-1 7.41269E-1 7.32553E-1 5.65633E-1 6.03462E-1 3.67431E-1 5.8594E-1 6.26124E-1 6.32554E-1 5.72373E-1 5.49389E-1 5.66161E-1 5.13547E-1 4.39259E-1 5.17636E-1 2.61459E-1 3.0141E-1
-9999 -9999 -9999 -9999 7.91666E-2 4.23642E-1 7.12633E-1 7.69483E-1 8.28434E-1 7.97469E-1 5.14748E-1 5.67229E-1 6.67791E-1 6.51285E-1 6.04588E-1 4.13312E-1 4.60337E-1 5.79957E-1 6.86542E-1 5.91758E-1 5.43008E-1 3.19487E-1 2.37525E-1 2.98912E-1 5.55565E-1 6.64273E-1 6.84161E-1 6.60274E-1 4.34888E-1 2.08144E-1 1.61703E-1 1.64019E-1 9.6961E-2 1.08844E-1 2.2183E-1 3.55894E-1 4.29347E-1 5.71607E-1 4.19826E-1 6.42912E-1 8.02278E-1 7.62077E-1 7.24344E-1 7.25353E-1 6.85297E-1 5.46772E-1 2.1761E-1 3.71721E-1 5.36888E-1 5.09593E-1 5.58117E-1 5.97341E-1 6.84918E-1 5.82881E-1 3.24546E-1 3.49328E-1 4.22653E-1 1.97907E-1
-9999 -9999 -9999 2.96004E-3 1.3152E-1 3.5822E-1 7.93199E-1 8.52358E-1 8.44666E-1 8.15254E-1 5.16947E-1 5.22724E-1 6.72928E-1 6.86365E-1 3.86058E-1 3.22832E-1 4.84495E-1 5.11786E-1 5.43687E-1 5.25036E-1 4.70008E-1 2.25075E-1 2.61956E-1 2.57915E-1 3.86079E-1 6.06106E-1 6.89295E-1 6.43776E-1 8.14818E-2 2.41134E-1 1.07356E-1 8.41186E-2 1.97701E-1 3.80171E-1 3.65004E-1 3.98416E-1 5.17527E-1 5.72264E-1 4.18222E-1 6.44557E-1 6.45066E-1 6.4938E-1 6.15275E-1 5.88154E-1 5.89513E-1 3.42481E-1 3.60369E-1 3.33221E-1 4.68199E-1 5.40544E-1 4.93666E-1 4.73855E-1 3.74284E-1 3.12554E-1 1.68998E-1 5.59337E-2 2.06833E-1 7.07453E-2
-9999 -9999 4.80255E-3 6.46848E-3 9.59628E-2 3.62677E-1 7.6315E-1 8.24476E-1 7.85994E-1 7.23241E-1 5.00871E-1 4.36684E-1 6.00298E-1 6.17912E-1 3.39094E-1 3.17218E-1 5.19178E-1 6.42294E-1 6.6863E-1 6.25803E-1 5.82439E-1 2.7589E-1 3.69218E-1 2.82982E-1 3.5458E-1 4.42012E-1 5.78808E-1 6.20953E-1 3.55175E-1 1.91077E-1 1.98466E-1 8.24752E-2 4.72777E-1 4.71737E-1 1.71027E-1 2.63967E-1 3.98906E-1 3.20777E-1 4.6445E-1 5.05045E-1 5.07427E-1 6.26365E-1 6.15446E-1 5.68847E-1 5.45516E-1 2.03305E-1 1.17861E-1 2.1449E-1 2.27554E-1 3.60647E-1 4.57811E-1 3.49566E-1 2.18654E-1 2.25173E-1 1.14108E-1 1.29627E-2 1.20945E-2 4.98056E-3
-9999 -9999 2.04353E-3 2.83489E-2 7.39703E-2 2.95058E-1 4.42624E-1 4.93789E-1 7.25055E-1 7.09451E-1 4.65602E-1 4.48933E-1 4.4319E-1 4.1583E-1 2.28234E-1 2.14972E-1 3.70634E-1 5.06416E-1 5.74164E-1 7.55911E-1 6.67832E-1 4.54791E-1 5.58759E-1 3.98208E-1 2.83984E-1 4.18799E-1 4.74632E-1 4.02257E-1 1.77807E-1 1.58032E-1 2.94422E-1 3.85921E-1 5.09361E-1 3.46904E-1 3.37636E-1 5.55857E-1 5.06133E-1 3.66972E-1 2.92335E-1 7.10563E-1 4.01966E-1 6.45984E-1 5.83527E-1 5.37099E-1 4.77854E-1 3.32394E-1 2.35301E-1 3.72992E-1 3.94813E-1 3.20898E-1 2.52843E-1 1.62587E-1 2.40093E-1 1.9111E-1 3.73047E-2 8.16686E-3 1.80336E-2 1.50542E-1
-9999 -9999 3.50204E-4 6.03845E-2 3.52964E-1 3.40428E-1 1.83696E-1 3.2932E-1 4.12196E-1 1.32764E-1 2.69666E-1 2.59744E-1 2.40809E-1 2.82731E-1 2.37121E-1 3.10572E-1 5.07411E-1 6.0054E-1 5.73512E-1 6.25899E-1 5.41188E-1 5.95491E-1 5.64414E-1 4.25644E-1 3.02776E-1 3.43418E-1 2.83016E-2 9.09607E-2 1.84652E-1 4.94968E-1 6.02346E-1 6.36514E-1 5.90603E-1 5.46266E-1 5.57786E-1 7.14152E-1 6.38493E-1 6.50757E-1 2.80282E-1 6.79077E-1 4.98103E-1 5.18509E-1 5.10312E-1 4.3133E-1 5.32726E-1 4.34429E-1 3.84343E-1 4.11454E-1 3.57081E-1 1.89527E-1 2.48973E-1 1.35755E-1 1.53311E-1 5.64322E-2 1.45862E-2 8.01351E-2 1.11076E-1 2.32055E-1
-9999 -9999 2.08345E-3 9.29811E-2 2.8546E-1 2.4765E-1 1.52266E-1 1.97707E-1 1.66726E-1 6.72503E-2 1.22839E-1 1.38642E-1 2.21387E-1 2.63093E-1 4.09569E-1 6.00626E-1 6.88212E-1 6.25279E-1 4.96972E-1 5.394E-1 3.17813E-1 3.99084E-1 3.9741E-1 3.15473E-1 1.37952E-1 1.13768E-1 6.08963E-2 1.17825E-1 2.75144E-1 6.08621E-1 7.6681E-1 7.45841E-1 6.7497E-1 4.92765E-1 6.80743E-1 6.70216E-1 6.39498E-1 6.945E-1 7.2653E-1 7.54605E-1 5.54101E-1 5.28192E-1 4.21768E-1 4.72858E-1 3.64393E-1 3.83726E-1 5.7349E-1 5.4919E-1 4.72411E-1 4.09161E-1 3.13149E-1 1.76599E-1 8.9524E-2 3.44366E-2 9.55755E-2 2.98881E-1 2.54153E-1 4.37972E-1
-9999 1.92714E-4 9.11211E-3 9.42771E-2 3.41376E-1 3.01224E-1 2.05847E-1 9.42627E-2 5.97449E-2 3.84048E-2 7.2533E-2 1.75477E-1 2.99787E-1 5.86971E-1 6.1928E-1 5.89627E-1 5.87555E-1 4.97286E-1 5.04386E-1 3.90332E-1 2.34897E-1 2.32222E-1 2.58738E-1 1.97974E-1 1.19253E-1 1.75699E-1 1.11738E-1 2.72786E-1 4.55948E-1 5.58137E-1 6.89852E-1 4.99059E-1 3.4378E-1 4.64995E-1 7.01532E-1 6.02624E-1 1.54334E-1 5.48144E-1 4.9224E-1 6.99253E-1 6.77699E-1 6.54747E-1 4.96997E-1 4.98684E-1 3.09417E-1 3.40483E-1 5.97903E-1 7.13265E-1 6.40956E-1 6.06138E-1 4.57373E-1 2.29209E-1 1.8976E-1 1.70387E-2 9.14445E-2 3.78583E-1 4.85887E-1 5.68818E-1
-9999 7.0069E-3 2.76249E-2 1.00343E-1 2.01271E-1 1.5392E-1 1.57893E-1 5.49148E-2 4.52193E-2 5.63444E-2 1.46671E-1 4.03156E-1 3.69152E-1 5.87655E-1 5.067E-1 5.06208E-1 5.49762E-1 4.50703E-1 4.08875E-1 2.78113E-1 1.6693E-1 1.1087E-1 1.26516E-1 1.3715E-1 1.8384E-1 1.87121E-1 1.82839E-1 3.19764E-1 5.23525E-1 4.94819E-1 4.36086E-1 1.70082E-1 3.97618E-1 5.94311E-1 6.02897E-1 4.52207E-1 4.36465E-1 3.76725E-1 2.64405E-1 5.07599E-1 7.15946E-1 4.89756E-1 5.20429E-1 6.04579E-1 4.4035E-1 4.87904E-1 6.69119E-1 6.58988E-1 5.84773E-1 5.08599E-1 4.62712E-1 3.39372E-1 2.20823E-1 2.92034E-2 3.41362E-2 3.44995E-1 4.80518E-1 5.78292E-1
8.12703E-3 2.31549E-2 1.91324E-2 3.08758E-2 2.46071E-1 2.32685E-1 2.54895E-1 1.21932E-1 1.01323E-1 2.0312E-1 3.20899E-1 4.41332E-1 4.55101E-1 5.99397E-1 3.93467E-1 2.93927E-1 3.95193E-1 3.11795E-1 3.13683E-1 3.23404E-1 2.59237E-1 1.98858E-1 1.90477E-1 1.36091E-1 1.86506E-1 2.43754E-1 3.46707E-1 4.12023E-1 2.41786E-1 4.13853E-1 1.20645E-1 1.43469E-1 4.92563E-1 6.44072E-1 5.67185E-1 5.50304E-1 7.38618E-1 5.32778E-1 4.12535E-1 6.69041E-1 6.47486E-1 3.76045E-1 6.59938E-1 7.09686E-1 5.6378E-1 5.73392E-1 4.9578E-1 3.26797E-1 1.36371E-1 6.82847E-1 5.69249E-1 3.08835E-1 1.61525E-1 7.63988E-2 1.86056E-1 4.2547E-1 3.77298E-1 4.60413E-1
1.16083E-2 3.10939E-2 3.15217E-2 1.07052E-1 2.44759E-1 3.08511E-1 3.1015E-1 1.82891E-1 1.8628E-1 4.21063E-1 4.64222E-1 5.61487E-1 4.54577E-1 6.59668E-1 6.01223E-1 3.08361E-1 3.16195E-1 2.94591E-1 4.23783E-1 5.08654E-1 4.29724E-1 2.36279E-1 2.38736E-1 1.47396E-1 1.41926E-1 3.51466E-1 4.66988E-1 2.79345E-1 6.87976E-2 9.27921E-2 2.96767E-1 4.51499E-1 4.79245E-1 6.16633E-1 4.96844E-1 4.08827E-1 2.81308E-1 2.26925E-1 5.01346E-1 7.70384E-1 7.59041E-1 5.7505E-1 7.08351E-1 6.95408E-1 7.90584E-1 6.34545E-1 2.02905E-1 7.52824E-2 1.9766E-1 6.60926E-1 4.32587E-1 2.44724E-1 1.12816E-1 1.6478E-1 3.62654E-1 4.34858E-1 5.26264E-1 3.58945E-1
-9999 4.02515E-2 1.09974E-1 3.35054E-1 2.42715E-1 1.95137E-1 3.9856E-1 3.3279E-1 2.73882E-1 4.65624E-1 5.19938E-1 3.88925E-1 7.58015E-2 6.50473E-1 7.92116E-1 6.91172E-1 4.01129E-1 2.87885E-1 4.83266E-1 6.55884E-1 5.85338E-1 3.62732E-1 4.37701E-1 2.13117E-1 2.10375E-1 4.49409E-1 3.00208E-1 4.97201E-1 4.44858E-1 3.23569E-1 4.16511E-1 6.59291E-1 7.8024E-1 6.16495E-1 4.74214E-1 5.98749E-1 3.07113E-1 2.34641E-1 6.007E-1 8.03842E-1 7.54436E-1 5.6158E-1 6.03783E-1 7.88927E-1 7.95802E-1 6.91827E-1 2.38061E-1 6.97856E-2 6.49023E-1 6.49269E-1 2.5781E-1 2.25921E-1 3.46897E-2 3.68304E-1 5.12804E-1 5.82071E-1 5.6481E-1 3.22874E-1
-9999 1.86592E-1 3.12273E-1 4.19326E-1 3.7536E-1 1.77199E-1 2.64008E-1 2.55839E-1 3.41781E-1 5.04462E-1 5.21768E-1 4.36523E-1 4.11055E-1 6.4774E-1 7.82287E-1 6.3167E-1 3.82885E-1 3.38343E-1 3.76851E-1 4.6878E-1 4.80772E-1 4.49918E-1 2.5392E-1 1.88856E-1 3.69122E-1 4.4237E-1 5.9965E-1 6.94096E-1 7.47417E-1 3.48362E-1 3.05938E-1 6.86031E-1 7.91021E-1 5.09807E-1 5.98088E-1 6.0044E-1 5.60181E-1 5.12139E-1 6.69498E-1 7.08333E-1 6.54965E-1 3.36758E-1 4.39373E-1 6.4596E-1 7.59562E-1 6.68589E-1 2.85488E-1 2.06496E-1 6.89558E-1 7.45652E-1 4.75988E-1 2.55256E-1 1.13379E-1 4.23114E-1 5.42089E-1 6.11851E-1 5.76141E-1 3.83495E-1
-9999 -9999 -9999 1.16223E-1 1.43906E-1 1.69526E-1 4.29551E-1 3.92729E-1 2.80343E-1 4.48561E-1 4.12859E-1 2.16644E-1 1.60242E-1 3.65708E-1 5.67515E-1 5.12152E-1 4.63609E-1 3.77343E-1 3.33734E-1 4.33683E-1 1.30114E-1 1.59045E-1 2.01367E-1 2.86218E-1 8.78121E-2 1.86015E-1 6.36629E-1 6.41769E-1 4.99006E-1 4.11442E-1 3.90357E-1 1.55843E-1 4.5704E-1 5.70478E-1 6.71057E-1 5.44311E-1 4.69677E-1 4.51015E-1 6.03304E-1 4.22427E-1 2.73434E-1 2.06947E-1 3.9238E-1 5.77167E-1 7.49282E-1 4.24511E-1 4.17538E-2 4.77019E-1 6.75978E-1 6.64134E-1 5.58416E-1 3.71945E-1 4.25428E-1 4.93234E-1 4.7924E-1 4.90463E-1 5.46453E-1 4.20637E-1
-9999 -9999 -9999 -9999 9.81116E-2 8.005E-2 4.9626E-1 5.90156E-1 4.87629E-1 4.71598E-1 3.54075E-1 1.33287E-1 5.83103E-2 2.90379E-1 3.54966E-1 4.62446E-1 4.85349E-1 4.37921E-1 4.56357E-1 4.99924E-1 1.51786E-1 9.77582E-2 7.42762E-2 3.26619E-1 3.8063E-1 6.12058E-1 4.98729E-1 5.31814E-1 4.19705E-1 3.2111E-1 4.33849E-1 3.70134E-1 5.5587E-1 5.98946E-1 5.0564E-1 3.75232E-1 1.50352E-1 9.95705E-2 1.88405E-2 8.99107E-3 2.67904E-2 1.47985E-1 2.59705E-1 3.52197E-1 5.24729E-1 1.45443E-1 2.16584E-1 3.2485E-1 4.81909E-1 6.3431E-1 5.826E-1 3.71235E-1 3.01345E-1 3.64379E-1 3.44789E-1 2.39333E-1 3.017E-1 4.33996E-1
-9999 -9999 -9999 -9999 -9999 -9999 -9999 6.49872E-1 6.26886E-1 6.75648E-1 6.23032E-1 3.94809E-1 3.53425E-1 3.68017E-1 3.64901E-1 4.38704E-1 5.42131E-1 4.87749E-1 2.07042E-1 4.21896E-1 3.95783E-1 1.07363E-1 8.7307E-2 3.75794E-1 5.05629E-1 4.87072E-1 4.44893E-1 4.16044E-1 3.84993E-1 1.15075E-1 1.02498E-1 3.45384E-1 3.78591E-1 2.89331E-1 2.93942E-1 2.81012E-1 2.43353E-1 6.53398E-2 2.36378E-2 4.06134E-2 8.31936E-2 1.30679E-1 1.54423E-1 3.41032E-1 2.95607E-1 1.32775E-1 5.39403E-1 4.80044E-1 5.38464E-1 6.2728E-1 5.96442E-1 4.75006E-1 3.35596E-1 3.18363E-1 5.35941E-1 3.49074E-1 3.66413E-1 3.60229E-1
-9999 -9999 -9999 -9999 -9999 -9999 -9999 6.8254E-1 7.84488E-1 7.66649E-1 4.27917E-1 4.39E-1 1.83409E-1 2.10557E-1 4.12584E-1 5.85562E-1 7.37182E-1 5.44064E-1 3.60383E-1 6.18348E-1 4.67643E-1 9.33264E-2 7.19999E-2 2.37597E-1 3.4729E-1 4.89325E-1 3.37478E-1 2.33617E-1 9.17508E-2 4.59712E-2 2.19426E-1 2.34198E-1 1.7017E-1 8.77421E-2 2.03784E-1 2.7887E-1 2.35856E-1 1.59903E-1 6.68059E-2 8.6207E-2 8.53784E-2 1.29703E-1 3.33225E-1 5.96961E-1 2.42978E-1 4.68273E-1 5.11759E-1 5.53893E-1 5.69398E-1 6.44889E-1 4.56708E-1 4.74751E-1 4.57429E-1 1.32172E-1 3.37478E-1 3.15948E-1 4.73285E-1 4.59456E-1
-9999 -9999 -9999 -9999 -9999 -9999 -9999 5.92919E-1 7.58106E-1 4.84426E-1 2.17102E-1 1.95286E-1 2.80118E-2 3.86424E-2 3.26387E-1 4.71914E-1 5.22412E-1 5.11616E-1 5.01565E-1 4.79216E-1 3.61765E-1 7.80943E-2 7.97867E-2 8.6847E-2 2.25954E-1 3.1114E-1 2.84495E-1 1.93275E-1 4.2529E-1 2.45956E-1 1.66211E-1 1.97883E-1 1.43652E-1 1.15479E-1 1.22478E-1 3.42031E-1 1.64509E-1 7.01951E-2 8.58041E-2 9.98585E-2 1.11052E-1 2.23492E-1 4.26187E-1 6.2243E-1 3.59697E-1 5.77271E-1 4.77439E-1 4.53239E-1 2.1322E-1 2.50223E-1 3.41854E-1 3.99463E-1 4.29606E-1 3.20678E-1 3.59903E-2 4.70025E-2 1.29916E-1 1.85161E-1
-9999 -9999 -9999 -9999 -9999 -9999 -9999 4.57042E-1 4.69454E-1 2.48483E-1 2.05213E-1 9.52258E-2 2.39809E-2 3.9068E-2 1.23621E-1 5.074E-1 5.36872E-1 5.24697E-1 6.20683E-1 5.39695E-1 2.40711E-1 5.54984E-2 2.90135E-2 3.32022E-2 6.82968E-2 2.16633E-1 2.73884E-1 8.14428E-2 1.81552E-1 3.46703E-1 2.03816E-1 1.47782E-1 8.45298E-2 3.3383E-1 2.15447E-1 2.62198E-1 1.4204E-1 1.05144E-1 1.7613E-1 2.38295E-1 1.20967E-1 1.44355E-1 1.58589E-1 2.13194E-1 2.42456E-1 5.60962E-1 5.08747E-1 2.41142E-1 5.52166E-2 1.03338E-1 1.49155E-1 1.30939E-1 2.29172E-1 2.05119E-1 5.98295E-2 1.22759E-1 3.93118E-2 2.1275E-1
-9999 -9999 -9999 -9999 -9999 -9999 -9999 -9999 1.76534E-1 1.61596E-1 1.36125E-1 7.22796E-2 1.1979E-1 1.34755E-1 3.76781E-1 6.71263E-1 6.35565E-1 6.53476E-1 5.84416E-1 4.94377E-1 2.39191E-1 2.8783E-2 1.59426E-2 5.61048E-2 1.34481E-1 2.35036E-1 2.475E-1 1.10483E-1 2.51034E-1 2.18719E-1 1.5563E-1 1.41402E-1 2.0165E-2 5.09844E-1 5.06467E-1 2.30058E-1 1.46952E-1 2.48256E-1 3.96106E-1 2.0801E-1 6.72951E-2 3.25736E-1 4.01502E-1 5.6596E-1 3.33029E-1 3.24999E-1 2.46812E-1 3.49059E-2 2.48061E-1 2.5102E-1 1.41412E-1 1.17859E-1 1.04723E-1 1.96223E-1 2.93222E-1 3.07322E-1 2.95901E-1 2.01491E-1
-9999 -9999 -9999 -9999 -9999 -9999 -9999 -9999 -9999 -9999 -9999 -9999 1.65578E-1 8.17551E-2 2.31614E-1 4.73831E-1 5.81639E-1 5.78222E-1 4.68494E-1 3.91097E-1 1.42107E-1 3.73479E-2 4.99188E-2 1.74612E-1 2.63104E-1 1.33724E-1 2.7047E-2 1.55141E-1 2.74505E-1 3.12351E-1 2.06756E-1 1.60002E-1 9.24706E-2 7.23199E-1 6.55346E-1 2.31682E-1 1.55808E-1 1.38549E-1 2.61454E-1 1.81277E-1 1.42139E-1 2.77321E-1 3.18321E-1 3.58222E-1 1.11673E-1 1.14722E-1 4.90099E-2 2.31166E-2 1.31953E-1 1.32441E-1 8.89205E-2 1.15184E-1 4.60855E-2 9.48519E-2 4.81013E-1 5.52175E-1 4.92817E-1 1.10489E-1
-9999 -9999 -9999 -9999 -9999 -9999 -9999 -9999 -9999 -9999 -9999 -9999 -9999 8.03004E-2 3.20619E-1 5.0908E-1 5.30048E-1 7.49489E-1 5.56602E-1 3.5475E-1 2.00891E-1 4.63125E-2 3.06556E-2 1.54423E-1 1.60645E-1 3.07386E-2 4.62792E-2 6.0958E-2 1.62329E-1 2.83149E-1 1.42579E-1 2.45071E-1 4.68014E-1 4.43323E-1 3.52504E-1 2.48564E-1 8.39154E-2 1.20037E-1 5.07636E-1 4.35142E-1 2.01694E-1 1.16484E-1 1.05383E-1 6.60859E-2 2.24812E-1 2.54014E-1 2.2563E-1 7.68777E-2 5.38564E-2 4.71523E-2 9.90358E-2 1.48424E-1 8.16352E-2 4.0128E-1 4.63753E-1 3.75184E-1 4.24165E-1 3.10552E-1
-9999 -9999 -9999 -9999 -9999 -9999 -9999 -9999 -9999 -9999 -9999 -9999 8.06787E-2 2.25822E-1 3.51396E-1 6.09663E-1 6.94022E-1 6.80591E-1 5.403E-1 5.73341E-1 3.32919E-1 6.5687E-2 5.48048E-2 7.27443E-2 3.935E-2 1.20825E-1 1.50167E-1 6.77234E-2 1.34482E-1 1.62876E-1 2.52873E-1 3.18742E-1 3.0133E-1 2.91504E-1 1.38272E-1 4.85469E-2 1.45708E-1 6.02488E-1 5.54326E-1 5.67767E-1 3.26839E-1 1.04646E-1 4.70899E-2 4.92084E-1 4.94186E-1 7.85773E-2 1.77334E-1 1.20665E-1 7.71604E-2 6.23728E-2 7.74754E-2 1.46734E-1 1.80156E-1 5.06551E-1 3.80886E-1 4.19516E-1 3.40845E-1 1.20359E-1
-9999 -9999 -9999 -9999 -9999 -9999 -9999 -9999 -9999 -9999 -9999 -9999 -9999 6.17543E-2 7.79954E-2 -9999 4.4475E-1 5.32892E-1 4.14537E-1 3.96573E-1 2.46472E-1 1.23239E-1 1.5348E-1 2.87697E-1 3.71575E-1 2.29487E-1 1.43957E-1 8.05229E-2 5.37326E-2 3.93371E-2 1.82282E-1 1.01171E-1 7.47238E-2 2.37897E-1 1.84593E-1 1.0581E-1 2.30566E-1 6.02393E-1 5.66514E-1 4.82174E-1 3.31665E-1 1.84537E-1 1.15532E-1 6.78987E-1 6.82542E-1 3.99817E-1 4.20873E-2 1.6471E-1 1.20168E-1 8.75323E-2 8.48361E-2 1.89157E-1 3.84713E-1 3.68431E-1 2.32286E-1 4.45197E-1 5.2604E-1 2.56615E-1
-9999 -9999 -9999 -9999 -9999 -9999 -9999 -9999 -9999 -9999 -9999 -9999 -9999 -9999 -9999 -9999 2.76321E-1 3.90965E-1 3.16066E-1 2.44114E-1 2.1121E-1 2.08432E-1 4.57876E-1 4.68871E-1 4.80683E-1 3.342E-1 1.11301E-1 9.98635E-2 8.39679E-2 5.16644E-1 4.80659E-1 2.92846E-1 4.08688E-1 3.67973E-1 3.9779E-1 4.09166E-1 2.92035E-1 5.6919E-1 5.20928E-1 3.71748E-1 1.24295E-1 2.64711E-1 6.0326E-1 5.39557E-1 7.97823E-1 6.73472E-1 4.6561E-1 3.51E-1 2.63791E-1 1.96794E-1 2.14031E-1 2.84403E-1 3.83512E-1 3.45116E-1 4.5966E-1 5.13574E-1 5.33936E-1 3.21701E-1
-9999 -9999 -9999 -9999 -9999 -9999 -9999 -9999 -9999 -9999 -9999 -9999 -9999 -9999 -9999 -9999 -9999 4.90836E-1 2.46016E-1 2.21367E-1 4.2962E-1 3.12467E-1 2.4408E-1 3.39595E-1 4.49462E-1 3.37105E-1 2.19475E-1 4.06585E-1 5.15317E-1 6.52824E-1 6.32435E-1 6.31283E-1 5.84058E-1 4.71912E-1 4.60688E-1 4.88331E-1 5.3462E-1 6.07869E-1 3.81379E-1 2.16754E-1 8.1815E-2 1.80088E-1 6.86951E-1 6.32114E-1 7.76578E-1 7.97676E-1 7.01712E-1 5.46166E-1 4.32259E-1 3.25315E-1 2.68517E-1 2.37127E-1 3.29382E-1 3.24365E-1 2.08701E-1 5.52839E-1 6.1359E-1 5.26248E-1
