Phytophthora/models/20240503_1210_48/Phytophthora_PA3_RUN10_MAXENT_outputs/Phytophthora_PA3_RUN10.asc
ncols         113
nrows         135
xllcorner     473009.9838
yllcorner     4429001.1748
cellsize      100.0
NODATA_value  -9999
[rows 52 to 77 of 135, columns 0 to 57 of 113]
-9999 -9999 -9999 -9999 -9999 1.50369E-2 5.87453E-2 7.98945E-2 6.08474E-2 2.28271E-2 1.43486E-2 9.30436E-3 1.19885E-2 1.38916E-2 1.48202E-2 1.34775E-2 9.20846E-3 9.0348E-3 9.81143E-3 7.07616E-3 7.11345E-3 2.73444E-3 1.64912E-3 2.29651E-3 3.50021E-3 2.88098E-3 3.69284E-3 5.34184E-3 2.46825E-3 6.12476E-3 2.36525E-2 5.40699E-2 3.69983E-2 5.63578E-2 6.54717E-2 5.39237E-2 3.04611E-2 9.71845E-3 3.06766E-2 1.43931E-1 1.09352E-1 5.50163E-2 4.15312E-2 4.89754E-2 1.85009E-2 4.3132E-2 4.4044E-2 2.4135E-2 1.84964E-1 3.07129E-1 2.94958E-1 3.96705E-1 5.23067E-1 4.40396E-1 8.56412E-2 1.806E-1 1.35994E-1 2.28168E-1
-9999 -9999 -9999 -9999 -9999 2.10372E-2 1.52637E-1 7.40317E-2 4.64149E-2 1.90216E-2 3.7839E-2 2.57065E-2 2.83703E-2 1.43164E-2 1.27018E-2 9.0192E-3 8.23707E-3 1.57409E-2 1.69306E-2 1.87751E-2 1.37405E-2 9.92308E-3 1.44809E-2 5.51234E-3 6.74219E-3 8.52975E-3 9.77604E-3 2.7744E-3 1.46427E-3 3.92099E-3 1.49734E-2 6.63124E-2 8.34644E-2 4.98425E-2 4.10348E-2 3.32568E-2 1.83797E-2 6.55329E-3 1.75191E-2 7.14412E-2 5.5082E-2 3.28665E-2 2.99652E-2 6.48144E-3 1.45396E-2 4.28496E-2 6.25942E-3 1.46787E-2 1.95077E-1 4.02391E-1 5.89076E-1 5.60715E-1 5.40574E-1 2.13375E-1 1.32352E-1 2.51518E-1 2.56851E-1 3.00963E-1
-9999 -9999 -9999 -9999 1.84573E-3 2.95242E-2 1.79239E-1 7.96057E-2 4.10334E-2 4.09102E-2 6.22869E-2 6.61916E-2 3.7802E-2 1.58198E-2 1.60879E-2 1.44623E-2 2.93352E-2 4.77057E-2 4.68537E-2 4.08545E-2 2.48288E-2 1.87503E-2 2.79824E-2 1.87738E-2 1.88121E-2 2.29092E-2 1.97401E-2 7.27322E-3 4.77694E-3 5.91958E-3 2.71437E-3 1.01406E-2 4.05485E-2 2.526E-2 3.16447E-2 3.52058E-2 3.56691E-2 2.03279E-2 2.40695E-2 3.76775E-2 2.31282E-2 5.3487E-2 7.89542E-2 1.84993E-2 1.84123E-2 2.51766E-2 1.50168E-2 2.33313E-2 1.81648E-1 3.65029E-1 5.40611E-1 4.35849E-1 2.0007E-1 3.24316E-2 1.95094E-1 3.90894E-1 5.1964E-1 4.76836E-1
-9999 -9999 -9999 3.99589E-2 6.5107E-2 1.34532E-1 2.1261E-1 7.9036E-2 8.81949E-2 9.60938E-2 7.65228E-2 8.8648E-2 4.96556E-2 2.5521E-2 3.00774E-2 3.92685E-2 1.27877E-1 1.71964E-1 1.57725E-1 9.47109E-2 4.65227E-2 3.43093E-2 3.84147E-2 3.06167E-2 2.29612E-2 2.64847E-2 2.92815E-2 1.58373E-2 7.41279E-3 4.00401E-3 9.7003E-3 1.33201E-2 2.30517E-2 1.65523E-2 3.73771E-2 5.20021E-2 4.87965E-2 4.51842E-2 3.61173E-2 7.07698E-2 9.79778E-2 1.51973E-1 1.21455E-1 7.55555E-2 7.42371E-2 7.95961E-2 9.63344E-2 2.8137E-2 6.82979E-2 3.49013E-1 5.08574E-1 3.0848E-1 7.64348E-2 1.64399E-1 2.81881E-1 3.45904E-1 3.307E-1 2.54626E-1
-9999 -9999 -9999 9.08464E-2 1.69682E-1 3.21834E-1 2.04829E-1 4.45075E-2 1.27838E-1 1.01352E-1 1.95073E-1 1.20112E-1 1.33944E-1 1.57928E-1 1.0456E-1 1.28135E-1 2.3821E-1 2.84904E-1 2.96362E-1 1.50786E-1 1.09846E-1 6.53316E-2 5.80393E-2 4.81089E-2 3.33388E-2 2.67758E-2 4.04185E-2 3.44002E-2 9.47366E-3 4.12698E-3 3.54455E-2 4.59667E-2 1.76408E-2 1.06155E-2 2.43706E-2 4.60549E-2 5.97451E-2 8.71119E-2 3.46603E-2 4.57544E-2 9.454E-2 1.29704E-1 6.77371E-2 8.74453E-2 9.30062E-2 3.52739E-2 7.82399E-2 1.40382E-2 1.37252E-1 2.4472E-1 3.47917E-1 3.6051E-1 3.43177E-1 2.862E-1 3.80279E-1 3.67641E-1 4.0379E-1 4.00139E-1
-9999 -9999 -9999 6.02743E-2 2.06562E-1 1.50142E-1 1.00325E-1 4.73872E-2 6.44268E-2 1.38211E-1 2.01932E-1 1.84915E-1 3.1492E-1 2.13585E-1 1.28149E-1 1.27134E-1 2.34513E-1 2.39773E-1 2.56912E-1 1.2029E-1 1.10838E-1 1.20514E-1 1.28775E-1 8.82468E-2 7.23371E-2 5.46379E-2 8.0918E-2 7.92876E-2 3.91294E-2 2.94637E-2 8.45871E-2 8.08232E-2 6.28271E-2 1.65392E-2 9.5035E-3 1.97185E-2 5.73973E-2 9.03469E-2 1.74269E-2 2.05615E-2 6.67771E-2 9.43208E-2 9.07392E-2 5.50237E-2 1.04961E-2 3.51937E-3 5.44082E-2 5.8007E-2 1.11348E-1 7.00447E-2 7.97051E-2 1.1693E-1 2.20227E-1 7.34506E-2 1.01513E-1 2.95459E-1 4.55316E-1 2.7753E-1
-9999 -9999 -9999 2.17467E-2 6.44864E-2 8.19878E-2 3.57088E-2 3.07237E-2 3.81473E-2 1.07948E-1 1.64791E-1 1.7579E-1 2.18627E-1 1.28244E-1 9.35509E-2 6.59817E-2 1.16643E-1 2.07996E-1 1.46776E-1 1.64904E-1 1.86821E-1 1.60737E-1 1.65043E-1 1.38771E-1 7.92215E-2 7.64237E-2 1.36505E-1 2.1412E-1 1.15372E-1 4.38925E-2 5.29449E-2 6.34088E-2 6.31029E-2 3.7881E-3 7.9882E-3 6.25635E-2 1.91857E-1 9.27979E-2 2.52051E-2 2.33901E-2 5.57011E-2 7.54206E-2 8.50967E-2 4.42009E-2 1.49193E-2 1.60614E-2 2.31193E-2 1.33346E-1 4.07661E-1 3.98837E-1 3.74705E-1 2.68045E-1 1.62091E-1 6.27452E-2 1.70084E-2 3.00403E-1 2.83278E-1 1.83987E-1
-9999 -9999 -9999 3.77186E-2 4.01488E-2 4.4758E-2 5.93477E-2 3.62486E-2 4.23448E-2 6.72139E-2 8.12842E-2 3.623E-2 2.42146E-1 2.32727E-1 1.25525E-1 4.06774E-2 3.68204E-2 6.52483E-2 8.50523E-2 2.2442E-1 1.66224E-1 1.27599E-1 8.011E-2 4.8007E-2 3.38304E-2 5.70733E-2 8.20887E-2 6.99567E-2 3.43857E-2 4.02254E-2 6.08227E-2 4.13839E-2 1.80981E-2 1.37546E-2 1.34783E-2 4.50551E-2 7.93015E-2 1.18355E-1 6.99965E-2 4.67909E-2 6.87658E-2 9.9167E-2 9.8648E-2 6.82807E-2 9.3605E-2 3.73481E-2 6.07661E-2 3.16203E-1 4.9086E-1 4.37622E-1 2.35517E-1 1.41926E-1 6.47948E-2 4.76988E-2 8.68246E-3 4.04371E-2 2.5528E-1 2.58925E-1
-9999 -9999 -9999 -9999 2.90829E-2 1.44393E-1 1.04557E-1 4.56433E-2 4.61252E-2 7.71354E-2 9.74903E-2 3.5372E-2 1.59512E-1 2.64619E-1 1.13629E-1 5.64814E-2 5.30721E-2 9.39781E-2 1.74214E-1 2.35678E-1 1.05356E-1 5.83638E-2 3.01959E-2 2.04773E-2 2.49318E-2 2.09529E-2 1.00431E-2 5.13719E-3 2.46584E-2 7.90753E-2 1.56405E-1 4.76147E-2 4.5332E-2 2.2595E-2 2.61486E-2 4.69629E-2 6.95502E-2 1.90536E-1 1.50624E-1 1.28382E-1 2.08126E-1 2.15363E-1 2.24058E-1 1.9345E-1 1.9153E-1 6.92051E-2 5.11869E-2 1.71114E-1 2.90211E-1 3.52228E-1 1.2818E-1 9.12545E-2 5.25059E-2 3.51134E-2 2.57137E-2 2.97457E-2 1.59665E-1 2.45701E-1
-9999 -9999 -9999 -9999 -9999 2.84155E-1 1.25821E-1 3.07024E-2 2.8172E-2 1.03835E-1 1.15806E-1 8.69542E-2 1.05608E-1 1.39549E-1 6.31936E-2 3.41271E-2 4.87076E-2 1.47856E-1 2.79062E-1 2.39383E-1 1.13848E-1 2.91435E-2 1.11363E-2 1.7414E-2 2.01965E-2 4.27418E-2 2.95648E-2 1.18749E-2 3.73762E-2 6.55262E-2 7.69965E-2 5.29276E-2 9.17672E-2 9.10007E-3 7.53686E-3 2.62954E-2 7.75961E-2 1.52864E-1 1.73893E-1 2.37454E-1 2.69066E-1 3.05893E-1 3.58272E-1 3.59706E-1 2.7705E-1 9.48652E-2 8.45435E-2 1.93511E-1 2.68124E-1 1.96911E-1 8.00826E-2 6.9964E-2 7.93495E-2 7.62349E-2 1.14599E-1 4.1409E-2 1.07993E-1 2.15725E-1
-9999 -9999 -9999 -9999 -9999 -9999 2.281E-2 1.40778E-2 3.54119E-2 9.30239E-2 8.96943E-2 2.50883E-1 3.36321E-1 1.32076E-1 3.03599E-2 1.58089E-2 2.17562E-2 1.22776E-1 1.97747E-1 1.32948E-1 5.60931E-2 2.1536E-2 1.5544E-2 2.12359E-2 3.71277E-2 5.60166E-2 4.50079E-2 3.35895E-2 2.11429E-2 2.12465E-2 3.77837E-2 5.75699E-2 5.72911E-2 3.09237E-2 5.59597E-2 7.87617E-2 1.08469E-1 1.86155E-1 1.72871E-1 1.69876E-1 3.50953E-1 1.84722E-1 5.25809E-1 4.04495E-1 3.17351E-1 1.70615E-1 1.34426E-1 1.47118E-1 1.34166E-1 8.07488E-2 5.31903E-2 8.27972E-2 1.21433E-1 1.39977E-1 1.14802E-1 6.71988E-2 1.77043E-1 3.17784E-1
-9999 -9999 -9999 -9999 -9999 -9999 2.5521E-2 2.13384E-2 3.13747E-2 5.49705E-2 2.76283E-1 3.34649E-1 3.19214E-1 6.726E-2 1.95384E-2 2.22179E-2 3.73614E-2 4.79633E-2 6.65348E-2 5.4879E-2 3.12682E-2 1.3665E-2 1.01243E-2 1.98748E-2 2.67324E-2 3.63723E-2 4.94366E-2 2.92542E-2 1.0531E-2 2.19213E-2 3.82985E-2 7.65646E-2 4.55084E-2 4.88289E-2 1.43288E-1 8.83871E-2 7.79181E-2 7.9335E-2 6.03294E-2 7.78816E-2 2.37084E-1 2.5694E-1 5.79027E-1 4.09376E-1 3.04776E-1 2.20508E-1 8.93933E-2 3.50474E-2 6.8939E-2 9.11846E-2 9.67274E-2 2.07734E-1 2.19526E-1 1.87191E-1 1.29429E-1 1.68926E-1 1.61274E-1 2.38843E-1
-9999 -9999 -9999 -9999 -9999 9.32161E-3 5.47314E-2 2.69953E-2 2.46619E-2 5.76073E-2 2.53737E-1 3.13395E-1 2.03238E-1 7.51714E-2 2.44568E-2 2.13677E-2 2.01245E-2 1.82084E-2 2.2271E-2 3.11118E-2 2.53009E-2 2.49962E-2 2.06155E-2 2.91045E-2 3.99536E-2 5.68863E-2 6.0939E-2 2.45502E-2 1.04299E-2 2.62579E-3 1.16682E-2 6.65421E-2 8.29228E-2 5.6696E-2 2.10192E-1 2.09882E-1 1.17567E-1 1.03779E-1 1.02334E-1 1.90801E-1 3.43029E-1 2.47269E-1 3.72927E-1 3.00164E-1 2.56451E-1 2.05996E-1 1.57768E-1 6.8986E-2 7.50618E-2 1.77324E-1 1.34284E-1 2.49428E-1 2.02486E-1 1.61703E-1 9.71763E-2 1.92498E-1 2.01652E-1 3.11192E-1
-9999 -9999 -9999 -9999 2.19287E-5 4.35662E-3 2.78476E-2 1.21577E-2 1.74691E-2 2.55876E-2 5.26168E-2 1.25086E-1 8.54844E-2 5.44106E-2 4.45138E-2 3.11188E-2 3.06507E-2 2.89467E-2 3.57291E-2 3.90547E-2 9.17977E-2 7.71209E-2 3.42751E-2 3.61524E-2 7.06488E-2 1.16673E-1 1.34896E-1 1.84208E-2 6.04852E-3 1.68232E-2 2.90406E-2 8.08644E-2 8.4547E-2 5.0993E-2 1.46313E-1 1.51037E-1 2.18331E-1 2.18309E-1 2.71746E-1 5.10216E-1 6.89953E-1 3.99285E-1 4.62627E-1 4.80701E-1 3.01575E-1 1.15473E-1 1.1232E-1 1.61468E-1 1.30014E-1 2.14278E-1 1.84566E-1 2.48492E-1 3.25084E-1 4.35649E-1 3.3912E-1 2.76864E-1 4.00032E-1 2.68283E-1
-9999 -9999 -9999 -9999 3.66321E-5 6.46527E-3 5.73482E-2 2.62743E-2 1.02246E-2 3.42709E-3 4.91521E-2 9.79808E-2 9.78614E-2 1.03209E-1 3.11105E-2 6.7147E-2 6.32407E-2 6.23707E-2 7.6958E-2 1.09231E-1 2.25121E-1 1.0916E-1 6.61102E-2 7.08707E-2 1.26879E-1 1.42015E-1 1.09099E-1 1.61263E-2 1.30425E-2 3.2035E-2 3.73174E-2 5.78164E-2 9.1626E-2 9.79297E-2 1.60648E-1 1.9447E-1 2.72869E-1 2.77463E-1 3.58991E-1 4.82635E-1 6.32643E-1 6.40156E-1 6.7326E-1 5.75056E-1 1.82567E-1 4.49136E-2 6.18238E-2 2.23341E-1 3.69399E-1 4.19118E-1 4.48608E-1 3.00244E-1 4.40771E-1 3.70925E-1 4.46789E-1 4.61663E-1 2.73565E-1 2.78151E-1
-9999 -9999 -9999 -9999 4.0423E-5 1.00695E-2 8.31245E-2 9.55489E-2 9.3092E-2 5.18702E-3 7.19708E-2 8.95975E-2 1.15896E-1 1.47206E-1 3.88975E-2 1.04305E-2 1.14507E-2 4.6864E-2 1.3565E-1 1.7384E-1 2.15042E-1 1.99906E-1 1.41274E-1 1.58486E-1 1.29054E-1 1.50826E-1 7.47762E-2 2.33318E-2 3.17615E-2 4.37097E-2 5.92109E-2 8.29728E-2 6.97061E-2 1.74037E-1 1.55969E-1 1.5808E-1 1.26852E-1 1.29278E-1 2.15469E-1 3.35181E-1 4.52057E-1 5.29422E-1 5.77776E-1 5.6592E-1 1.11299E-1 3.07586E-2 5.20264E-2 2.58319E-1 3.71999E-1 4.86885E-1 6.05877E-1 4.84879E-1 5.40173E-1 4.64397E-1 5.53858E-1 5.39268E-1 5.79775E-1 2.3691E-1
-9999 -9999 -9999 -9999 4.96907E-5 8.24075E-3 7.7536E-2 1.07196E-1 2.79205E-2 4.97393E-2 1.52935E-1 1.22355E-1 1.14578E-1 4.18171E-2 4.12091E-2 2.11184E-2 2.11088E-2 1.01944E-1 1.48807E-1 2.79369E-1 4.18807E-1 3.96218E-1 3.40274E-1 2.1354E-1 1.13456E-1 2.08038E-1 1.03398E-1 5.78162E-2 3.21409E-2 6.49652E-2 1.89558E-1 1.53449E-1 1.05309E-1 1.76878E-1 1.69444E-1 8.02355E-2 5.52899E-2 7.69879E-2 1.48708E-1 3.66001E-1 4.63925E-1 5.25987E-1 2.16165E-1 2.42914E-1 1.03391E-1 3.38516E-2 6.45472E-2 1.48306E-1 3.29797E-1 4.76787E-1 6.7138E-1 7.52824E-1 7.2826E-1 5.06026E-1 6.05367E-1 6.38606E-1 4.50512E-1 2.92125E-1
-9999 -9999 -9999 -9999 1.54154E-5 4.94893E-3 8.7861E-2 6.83169E-2 1.33172E-2 9.57289E-2 1.01068E-1 8.80194E-2 7.00671E-2 6.64748E-2 7.95846E-2 1.5045E-1 6.30292E-2 1.58541E-1 2.25528E-1 4.04968E-1 4.21471E-1 3.39166E-1 1.94851E-1 1.33519E-1 1.5185E-1 2.98324E-1 2.99243E-1 1.56354E-1 4.30555E-2 1.2017E-1 2.90053E-1 1.06334E-1 4.46327E-2 1.72846E-2 8.56257E-2 6.77878E-2 3.60063E-2 8.54596E-2 2.39655E-1 4.08073E-1 3.60206E-1 2.91249E-1 9.91731E-2 1.30452E-1 5.90359E-2 4.58019E-2 8.67138E-2 1.90581E-1 3.88597E-1 6.82881E-1 7.4746E-1 5.16432E-1 6.72031E-1 6.22817E-1 2.93415E-1 4.53245E-1 5.53507E-1 4.8236E-1
-9999 -9999 -9999 -9999 1.38823E-5 5.18276E-3 9.7088E-2 3.36286E-2 3.91886E-2 1.91996E-1 1.79141E-1 1.86346E-1 9.65802E-2 6.86009E-2 5.33653E-2 9.5988E-2 1.32291E-1 2.14211E-1 2.5182E-1 4.01398E-1 2.79478E-1 1.67554E-1 7.48086E-2 6.17034E-2 1.62425E-1 2.83169E-1 2.14302E-1 1.18885E-1 1.72324E-2 2.1375E-1 3.11666E-1 1.53724E-1 7.2651E-2 5.88672E-2 2.77376E-2 1.57464E-2 9.2575E-3 1.37095E-1 3.94847E-1 5.52513E-1 3.78532E-1 1.90458E-1 1.3901E-1 1.00138E-1 4.96108E-2 9.41272E-2 1.74511E-1 2.80356E-1 6.9031E-1 6.61403E-1 6.90727E-1 3.71967E-1 4.82156E-1 2.76305E-1 2.51795E-1 3.63067E-1 5.10723E-1 6.60987E-1
-9999 -9999 -9999 -9999 3.27836E-5 5.40846E-3 6.34405E-2 4.306E-2 8.49978E-2 1.24469E-1 1.26454E-1 3.61652E-1 3.7213E-1 1.18803E-1 6.36446E-2 7.6006E-2 1.3915E-1 2.21455E-1 3.05672E-1 3.45761E-1 2.38989E-1 2.16814E-1 1.35793E-1 1.47789E-1 1.53797E-1 2.19628E-1 1.6912E-1 8.67957E-2 2.72838E-2 4.44418E-2 2.24532E-1 2.13418E-1 1.94061E-1 4.71066E-2 1.5275E-2 3.44659E-2 6.09233E-2 9.88246E-2 5.00696E-1 6.71993E-1 4.75421E-1 2.04219E-1 1.88517E-1 6.13229E-2 7.33239E-2 2.38698E-1 3.40079E-1 3.54638E-1 6.21073E-1 6.3772E-1 6.2819E-1 4.13212E-1 2.99564E-1 1.61213E-1 2.29079E-1 4.20554E-1 5.44991E-1 5.72934E-1
-9999 -9999 -9999 -9999 5.37486E-4 5.79478E-3 2.75962E-2 2.63997E-2 5.09155E-2 6.60629E-2 1.14719E-1 1.98986E-1 3.27888E-1 2.80881E-1 1.95671E-1 1.4943E-1 1.51215E-1 1.82493E-1 2.24224E-1 1.95355E-1 2.28591E-1 2.58509E-1 3.73028E-1 2.91919E-1 2.41721E-1 2.58927E-1 2.74665E-1 1.61214E-1 6.65742E-2 9.95608E-2 1.49423E-1 1.59774E-1 2.70102E-1 1.16398E-1 9.15223E-2 9.08888E-2 7.95532E-2 1.58041E-1 4.44981E-1 7.21671E-1 4.36723E-1 2.1448E-1 1.57336E-1 4.34573E-2 9.9547E-2 1.74103E-1 1.79282E-1 3.16756E-1 6.47201E-1 6.81807E-1 6.52238E-1 3.50241E-1 1.88529E-1 2.91588E-1 4.23109E-1 5.97681E-1 6.26543E-1 5.84025E-1
-9999 -9999 -9999 5.3985E-4 8.79474E-3 1.48858E-2 2.44754E-2 2.14362E-2 3.18291E-2 7.31994E-2 1.21648E-1 1.30555E-1 2.29889E-1 3.5534E-1 3.80995E-1 2.97538E-1 2.99947E-1 3.01102E-1 1.78627E-1 1.00226E-1 1.67299E-1 2.82624E-1 3.92246E-1 4.41492E-1 3.69002E-1 2.30229E-1 2.77557E-1 1.85674E-1 1.22554E-1 9.48766E-2 1.44164E-1 1.51966E-1 2.08518E-1 1.67551E-1 1.25736E-1 9.74061E-2 1.50066E-1 3.08622E-1 4.46454E-1 6.29868E-1 3.47135E-1 2.53647E-1 1.64596E-1 5.93331E-2 2.07476E-1 1.50697E-1 1.37421E-1 4.65349E-1 4.9999E-1 4.54775E-1 4.05828E-1 2.662E-1 9.98894E-2 1.70272E-1 4.06809E-1 6.77228E-1 7.34903E-1 6.98137E-1
-9999 -9999 -9999 3.06729E-3 3.19689E-2 7.0577E-2 6.79553E-2 1.95089E-2 5.44779E-2 1.30094E-1 2.23101E-1 1.98477E-1 3.06065E-1 4.23367E-1 5.73474E-1 5.05616E-1 4.84528E-1 4.06564E-1 2.92356E-1 1.50864E-1 3.02345E-1 4.0736E-1 4.66819E-1 6.23125E-1 5.03108E-1 3.35687E-1 3.45902E-1 1.93791E-1 1.7889E-1 1.20688E-1 9.79809E-2 3.86319E-2 2.04425E-1 2.29515E-1 2.05979E-1 1.28372E-1 2.25605E-1 4.35923E-1 5.29019E-1 6.34647E-1 5.48807E-1 5.13987E-1 4.41825E-1 2.42637E-1 2.91194E-1 1.25367E-1 1.41821E-1 5.29083E-1 3.12164E-1 1.70256E-1 3.14112E-1 2.32645E-1 7.63049E-2 1.27758E-1 3.08478E-1 6.1686E-1 6.78162E-1 6.60201E-1
-9999 -9999 1.05568E-3 6.20686E-3 8.13819E-2 3.01105E-1 3.76607E-1 1.95214E-1 3.0935E-1 2.74663E-1 3.0525E-1 3.55471E-1 3.66967E-1 4.98515E-1 6.7442E-1 6.76101E-1 5.19466E-1 4.02815E-1 4.02765E-1 2.80702E-1 3.81544E-1 5.83741E-1 7.00961E-1 7.17444E-1 6.38339E-1 3.95388E-1 2.24714E-1 1.42885E-1 1.32749E-1 1.35264E-1 1.38216E-1 1.9878E-1 2.88734E-1 2.88187E-1 2.9805E-1 3.27927E-1 3.3937E-1 4.13E-1 6.24257E-1 6.37891E-1 7.15129E-1 7.83754E-1 6.47677E-1 3.82794E-1 2.7786E-1 2.43521E-1 3.26241E-1 4.63548E-1 2.84263E-1 2.08144E-1 2.34523E-1 1.32293E-1 8.49025E-2 5.54835E-2 1.47778E-1 4.87644E-1 5.98584E-1 5.57231E-1
-9999 -9999 3.38449E-3 1.31655E-1 2.11236E-1 4.49468E-1 5.40455E-1 5.8668E-1 6.50961E-1 6.09699E-1 5.01659E-1 3.23077E-1 3.93912E-1 5.26893E-1 6.78391E-1 7.41932E-1 5.50694E-1 3.37645E-1 4.25275E-1 5.29932E-1 5.87895E-1 6.25778E-1 6.61227E-1 7.32975E-1 6.52047E-1 3.71257E-1 2.02976E-1 2.16072E-1 1.59633E-1 1.67643E-1 2.13251E-1 3.24661E-1 1.96075E-1 1.1999E-1 3.39874E-1 4.90608E-1 4.27521E-1 4.33586E-1 4.94486E-1 6.5033E-1 7.06454E-1 8.1929E-1 6.746E-1 5.24472E-1 4.14902E-1 4.57509E-1 5.53195E-1 5.83067E-1 6.10911E-1 4.99931E-1 3.22922E-1 2.16485E-1 1.84351E-1 1.28994E-1 1.10657E-1 3.91363E-1 4.42201E-1 3.91127E-1
-9999 -9999 -9999 1.41566E-1 2.22924E-1 3.94268E-1 6.52261E-1 8.31579E-1 8.3276E-1 8.35508E-1 6.38696E-1 2.53862E-1 1.38499E-1 4.99201E-1 6.36688E-1 7.18285E-1 4.29574E-1 3.15613E-1 4.5707E-1 7.15098E-1 6.92828E-1 5.392E-1 5.4397E-1 6.42549E-1 5.36951E-1 3.38215E-1 3.43567E-1 3.45605E-1 3.01356E-1 2.74185E-1 2.36378E-1 2.79629E-1 1.18686E-1 1.1579E-1 2.62436E-1 3.6804E-1 4.46507E-1 4.99373E-1 6.35737E-1 6.70216E-1 7.33336E-1 7.85346E-1 7.42312E-1 6.68043E-1 5.18419E-1 5.1396E-1 5.6252E-1 5.34496E-1 6.31429E-1 5.91263E-1 4.6806E-1 4.36226E-1 4.03072E-1 4.12619E-1 3.80667E-1 3.57508E-1 2.99389E-1 2.78398E-1
