Phytophthora/models/20240503_1210_48/Phytophthora_PA3_RUN10_MAXENT_outputs/Phytophthora_PA3_RUN10.asc
ncols         113
nrows         135
xllcorner     473009.9838
yllcorner     4429001.1748
cellsize      100.0
NODATA_value  -9999
[rows 104 to 129 of 135, columns 0 to 57 of 113]
-9999 -9999 -9999 -9999 -9999 -9999 -9999 -9999 -9999 -9999 -9999 -9999 -9999 -9999 -9999 -9999 -9999 5.91752E-1 5.92963E-1 2.97438E-1 3.27519E-1 4.12499E-1 5.01812E-1 3.19965E-1 3.8477E-1 3.83691E-1 3.85549E-1 5.87453E-1 4.65878E-1 3.08341E-1 6.6998E-1 7.43957E-1 6.76845E-1 4.75768E-1 2.79952E-1 2.41513E-1 3.10987E-1 3.52135E-1 2.0824E-1 7.9281E-2 5.78139E-2 1.25249E-1 6.05698E-1 7.34242E-1 7.26835E-1 2.64373E-1 3.75779E-1 4.61106E-1 3.83204E-1 3.27155E-1 2.66593E-1 1.65705E-1 2.11535E-1 3.9853E-1 4.17064E-1 4.78633E-1 3.95122E-1 4.43142E-1
-9999 -9999 -9999 -9999 -9999 -9999 -9999 -9999 -9999 -9999 -9999 -9999 -9999 -9999 -9999 -9999 -9999 -9999 5.69113E-1 4.53852E-1 5.6108E-1 6.65602E-1 7.01538E-1 4.73614E-1 5.18493E-1 5.42337E-1 5.48413E-1 6.31408E-1 2.54019E-1 2.13005E-1 5.77334E-1 7.70366E-1 5.79291E-1 4.07852E-1 3.95824E-2 1.03203E-2 9.48411E-2 1.71508E-1 1.02855E-1 7.05214E-2 8.84916E-2 1.15647E-1 4.27401E-1 6.41982E-1 4.86952E-1 1.68435E-1 2.04946E-1 2.75818E-1 1.42792E-1 1.37095E-1 3.20918E-1 2.87941E-1 2.28409E-1 4.14878E-1 5.49115E-1 2.90411E-1 1.19632E-1 3.00237E-1
-9999 -9999 -9999 -9999 -9999 -9999 -9999 -9999 -9999 -9999 -9999 -9999 -9999 -9999 -9999 -9999 -9999 -9999 6.13247E-1 4.5689E-1 5.92851E-1 7.69175E-1 8.15321E-1 7.02933E-1 5.04173E-1 5.6184E-1 6.46609E-1 5.16819E-1 1.89654E-1 4.51151E-1 6.25544E-1 7.13986E-1 4.16322E-1 1.07672E-1 4.11964E-2 3.68612E-2 3.2381E-2 8.85746E-2 7.40932E-2 1.37756E-1 1.14261E-1 2.26826E-1 5.58943E-1 6.30023E-1 4.06816E-1 4.6638E-1 3.67151E-1 5.11939E-1 5.30284E-1 5.07535E-1 5.56631E-1 2.7733E-1 3.55225E-2 2.74831E-1 3.81856E-1 4.28413E-1 3.16669E-1 3.41328E-1
-9999 -9999 -9999 -9999 -9999 -9999 -9999 -9999 -9999 -9999 -9999 -9999 -9999 -9999 -9999 -9999 -9999 -9999 -9999 2.26048E-1 3.75846E-1 6.94364E-1 7.96052E-1 7.95417E-1 7.45808E-1 6.5572E-1 5.21136E-1 1.77281E-1 4.24618E-1 4.27638E-1 4.36359E-1 4.70151E-1 2.66778E-1 7.35704E-2 8.26266E-2 3.452E-2 3.9426E-2 6.7207E-2 1.45753E-1 2.2777E-1 3.34151E-1 5.22307E-1 7.83358E-1 7.67586E-1 6.97505E-1 5.30652E-1 2.91363E-1 5.39292E-1 5.51492E-1 5.57384E-1 5.38116E-1 1.04727E-1 8.59607E-2 4.45812E-1 5.12469E-1 5.29732E-1 5.00545E-1 4.1633E-1
-9999 -9999 -9999 -9999 -9999 -9999 -9999 -9999 -9999 -9999 -9999 -9999 -9999 -9999 -9999 -9999 -9999 -9999 -9999 -9999 6.05251E-1 6.20099E-1 7.26161E-1 7.20924E-1 5.97609E-1 4.20269E-1 4.06002E-1 2.83625E-1 2.78793E-1 2.53743E-1 1.85751E-1 7.21948E-2 9.42738E-2 1.50718E-1 1.65078E-1 1.30915E-1 1.1825E-1 2.25684E-1 2.41098E-1 4.02859E-1 4.81097E-1 6.67587E-1 7.93648E-1 7.27752E-1 7.70573E-1 6.6604E-1 3.02852E-1 1.04485E-1 1.46021E-1 4.69389E-1 5.38845E-1 2.78255E-1 3.98141E-1 5.64382E-1 5.88025E-1 5.94714E-1 5.50229E-1 3.38592E-1
-9999 -9999 -9999 -9999 -9999 -9999 -9999 -9999 -9999 -9999 -9999 -9999 -9999 -9999 -9999 -9999 -9999 -9999 -9999 -9999 -9999 4.16082E-1 5.77782E-1 5.31254E-1 2.77712E-1 3.10852E-1 6.04977E-1 4.39976E-1 1.00851E-1 5.16518E-2 1.04395E-1 6.12709E-2 4.7756E-2 6.02168E-2 1.98907E-1 2.75532E-1 2.14975E-2 9.99676E-2 2.51885E-1 3.46018E-1 4.061E-1 6.30597E-1 7.56257E-1 7.69078E-1 7.4776E-1 7.84128E-1 7.08525E-1 2.88365E-1 2.5501E-1 4.63715E-1 6.31676E-1 3.40549E-1 3.83163E-1 2.89619E-1 5.09626E-1 6.80152E-1 6.14527E-1 4.93177E-1
-9999 -9999 -9999 -9999 -9999 -9999 -9999 -9999 -9999 -9999 -9999 -9999 -9999 -9999 -9999 -9999 -9999 -9999 -9999 -9999 -9999 5.79249E-1 8.03325E-1 8.17966E-1 5.16834E-1 6.08352E-1 5.46382E-1 5.93146E-1 2.89151E-1 1.21742E-1 6.76652E-2 5.39347E-2 4.34277E-2 3.03022E-2 2.29375E-1 3.84932E-1 1.25075E-1 8.50879E-2 4.39849E-2 5.78889E-2 7.42547E-2 5.99657E-1 6.06478E-1 6.15339E-1 7.86605E-1 7.85905E-1 5.82796E-1 3.49902E-1 3.04687E-1 5.07715E-1 5.49888E-1 4.18667E-1 4.61766E-1 4.22541E-1 5.40049E-1 6.7882E-1 6.36486E-1 6.47987E-1
-9999 -9999 -9999 -9999 -9999 -9999 -9999 -9999 -9999 -9999 -9999 -9999 -9999 -9999 -9999 -9999 -9999 -9999 -9999 -9999 -9999 3.4164E-1 6.47714E-1 4.24205E-1 5.27479E-1 6.28893E-1 5.40334E-1 4.14777E-1 3.48279E-1 1.06228E-1 3.15181E-2 2.80854E-2 5.15174E-2 1.68499E-1 2.08254E-1 4.88574E-1 2.04547E-1 7.24367E-2 2.00748E-1 3.55154E-1 4.4235E-1 2.04862E-1 1.11131E-1 1.07398E-1 1.93496E-1 4.28118E-1 1.20657E-1 1.0496E-1 2.21445E-1 3.67358E-1 5.07758E-1 3.97465E-1 7.13082E-2 2.43671E-1 4.53983E-1 5.54086E-1 6.5319E-1 6.00314E-1
-9999 -9999 -9999 -9999 -9999 -9999 -9999 -9999 -9999 -9999 -9999 -9999 -9999 -9999 -9999 -9999 -9999 -9999 -9999 -9999 3.07957E-1 4.57218E-1 2.33728E-1 4.13851E-1 6.70392E-1 6.66659E-1 5.50006E-1 3.68755E-1 2.04358E-1 5.15123E-2 2.89294E-2 2.82056E-2 5.99346E-2 2.23714E-1 6.68197E-2 1.99125E-1 2.13941E-1 6.5535E-2 3.23786E-1 6.24567E-1 5.45862E-1 3.88621E-1 2.61447E-1 3.02172E-1 2.74926E-1 4.6859E-1 3.5953E-1 5.46681E-2 2.62203E-2 1.19275E-1 2.44643E-1 1.23608E-1 2.15902E-2 1.03805E-1 2.24473E-1 6.06963E-1 7.33202E-1 6.41413E-1
-9999 -9999 -9999 -9999 -9999 -9999 -9999 -9999 -9999 -9999 -9999 -9999 -9999 -9999 -9999 -9999 -9999 -9999 -9999 -9999 3.84783E-1 4.04883E-1 2.94448E-1 3.79404E-1 4.97963E-1 5.09511E-1 2.20909E-1 2.50765E-1 9.29971E-2 5.11097E-2 2.40412E-2 1.23021E-2 3.42338E-2 2.8783E-1 5.03363E-1 6.21043E-1 6.4425E-1 1.94923E-1 3.38634E-1 5.42974E-1 4.76476E-1 3.75153E-1 2.7887E-1 1.88775E-1 2.79323E-1 3.85864E-1 2.73796E-1 8.11235E-2 4.3799E-2 3.89182E-2 2.65031E-2 1.17419E-1 2.3651E-2 4.14649E-1 3.89436E-1 6.42293E-1 7.37852E-1 5.832E-1
-9999 -9999 -9999 -9999 -9999 -9999 -9999 -9999 -9999 -9999 -9999 -9999 -9999 -9999 -9999 -9999 -9999 -9999 -9999 -9999 2.71902E-1 2.82134E-1 1.08024E-1 8.31763E-2 2.95536E-1 3.63057E-1 3.32432E-1 1.00967E-1 4.43116E-2 1.88392E-2 7.28234E-2 2.87385E-1 2.93695E-1 3.2906E-1 4.71334E-1 6.04272E-1 6.7966E-1 5.28693E-1 4.38051E-1 5.26798E-1 5.34332E-1 3.68495E-1 3.26733E-1 2.97637E-1 3.55948E-1 3.53278E-1 1.69676E-1 1.23083E-1 1.23917E-1 1.11817E-1 6.42506E-2 1.66738E-1 1.15118E-1 3.87963E-1 5.93975E-1 6.05961E-1 5.62305E-1 5.55326E-1
-9999 -9999 -9999 -9999 -9999 -9999 -9999 -9999 -9999 -9999 -9999 -9999 -9999 -9999 -9999 -9999 -9999 -9999 -9999 -9999 4.24381E-2 3.41339E-2 4.37611E-2 1.17957E-1 2.82114E-1 2.79051E-1 8.5843E-2 9.54287E-3 1.05299E-2 4.66044E-2 3.19821E-1 5.82509E-1 7.15492E-1 6.45424E-1 4.9251E-1 6.51366E-1 6.51491E-1 5.94565E-1 6.9767E-1 6.38936E-1 5.71252E-1 4.90793E-1 4.91546E-1 4.45411E-1 4.92098E-1 4.7816E-1 3.34542E-1 2.25827E-1 3.37494E-1 3.20695E-1 2.82671E-1 3.294E-1 3.53861E-1 1.02413E-1 4.92709E-1 7.77525E-1 7.38322E-1 5.37487E-1
-9999 -9999 -9999 -9999 -9999 -9999 -9999 -9999 -9999 -9999 -9999 -9999 -9999 -9999 -9999 -9999 -9999 -9999 -9999 -9999 3.03192E-3 2.04931E-2 1.28444E-1 1.577E-1 1.65798E-1 1.46963E-1 2.96615E-2 1.07421E-2 2.03123E-1 2.35076E-1 3.83934E-1 5.86175E-1 5.94302E-1 6.40231E-1 6.06578E-1 4.82925E-1 6.79712E-1 8.41096E-1 7.90258E-1 6.92587E-1 7.69463E-2 8.732E-2 1.20347E-1 5.60144E-1 5.79262E-1 5.44947E-1 1.76403E-1 4.30994E-1 4.75885E-1 4.69058E-1 2.58885E-1 4.22207E-1 5.76406E-1 1.86533E-1 2.76717E-1 6.87191E-1 8.43327E-1 7.23414E-1
-9999 -9999 -9999 -9999 -9999 -9999 -9999 -9999 -9999 -9999 -9999 -9999 -9999 -9999 -9999 -9999 -9999 -9999 -9999 -9999 -9999 2.22523E-2 2.10532E-1 3.25424E-1 3.28228E-1 2.6973E-1 2.12519E-1 5.5796E-2 2.39781E-1 3.31544E-1 4.4842E-1 2.8437E-1 4.85029E-1 5.33712E-1 4.65961E-1 5.47002E-1 7.90048E-1 6.84076E-1 6.30983E-1 4.89214E-1 1.1078E-1 4.73381E-1 4.20275E-1 1.71114E-1 6.53119E-1 5.78397E-1 3.91437E-1 5.35911E-1 6.08905E-1 5.20141E-1 2.70348E-1 2.37043E-1 4.04146E-1 4.27613E-1 3.11421E-1 3.88924E-1 4.38271E-1 4.14772E-1
-9999 -9999 -9999 -9999 -9999 -9999 -9999 -9999 -9999 -9999 -9999 -9999 -9999 -9999 -9999 -9999 -9999 -9999 -9999 -9999 -9999 1.60058E-2 7.39856E-2 4.35071E-1 4.94476E-1 4.57985E-1 4.13776E-1 3.27899E-1 3.68599E-1 3.76222E-1 3.90967E-1 4.41033E-1 6.47476E-1 7.71271E-1 2.25208E-1 1.92346E-1 1.99984E-1 1.97443E-1 6.47569E-1 5.56285E-1 2.42399E-1 5.52243E-1 6.70555E-1 2.72138E-1 2.26426E-1 1.97924E-1 2.90086E-1 6.14387E-1 6.06628E-1 4.14394E-1 1.89615E-1 3.01267E-1 3.30672E-1 4.8829E-1 1.71223E-1 5.75657E-1 6.88587E-1 7.09945E-1
-9999 -9999 -9999 -9999 -9999 -9999 -9999 -9999 -9999 -9999 -9999 -9999 -9999 -9999 -9999 -9999 -9999 -9999 -9999 -9999 -9999 -9999 8.37991E-2 4.29336E-1 4.2378E-1 4.15215E-1 5.06207E-1 3.94932E-1 3.97546E-1 4.83745E-1 4.49772E-1 2.21352E-1 5.87549E-2 1.91824E-1 2.38596E-1 2.17509E-1 6.05931E-1 2.33922E-1 6.60343E-1 6.37284E-1 3.0168E-1 2.35844E-1 5.12372E-1 6.14273E-1 4.56911E-1 3.32487E-1 2.39638E-1 5.97698E-1 5.48809E-1 3.4404E-1 2.26576E-1 1.62715E-1 1.77799E-1 4.11145E-1 4.23957E-1 7.85707E-1 7.53585E-1 7.05682E-1
-9999 -9999 -9999 -9999 -9999 -9999 -9999 -9999 -9999 -9999 -9999 -9999 -9999 -9999 -9999 -9999 -9999 -9999 -9999 -9999 -9999 -9999 5.86607E-2 2.04075E-1 4.13198E-1 5.24738E-1 5.40557E-1 3.74496E-1 3.85197E-1 5.26385E-1 3.58486E-1 2.27758E-1 7.98038E-2 2.5337E-1 3.85219E-1 2.48216E-1 4.69663E-1 3.25555E-1 4.6053E-1 7.5504E-1 7.67347E-1 6.20947E-1 5.03172E-1 7.09897E-1 7.05319E-1 6.80952E-1 2.51572E-1 4.5489E-1 4.25567E-1 3.61692E-1 5.39321E-1 1.98992E-1 4.1938E-1 1.47654E-1 7.20019E-1 7.43565E-1 6.63749E-1 6.48209E-1
-9999 -9999 -9999 -9999 -9999 -9999 -9999 -9999 -9999 -9999 -9999 -9999 -9999 -9999 -9999 -9999 -9999 -9999 -9999 -9999 -9999 -9999 -9999 2.80102E-2 1.26102E-1 5.10665E-1 6.07101E-1 5.15616E-1 4.17251E-1 4.80737E-1 1.86456E-1 5.44185E-1 4.40509E-1 3.199E-1 2.4402E-1 8.18422E-2 5.96848E-1 7.23856E-1 7.1753E-1 8.66701E-1 8.70543E-1 7.8537E-1 6.24086E-1 6.10167E-1 6.17396E-1 5.23318E-1 9.73852E-2 2.89259E-1 8.72746E-2 3.3958E-1 2.22727E-1 6.11657E-1 7.22928E-1 6.44371E-1 6.50589E-1 3.75288E-1 2.90867E-1 4.40652E-1
-9999 -9999 -9999 -9999 -9999 -9999 -9999 -9999 -9999 -9999 -9999 -9999 -9999 -9999 -9999 -9999 -9999 -9999 -9999 -9999 -9999 -9999 -9999 8.80059E-2 4.12309E-1 7.09509E-1 6.64708E-1 4.93665E-1 4.92999E-1 6.30931E-1 6.39501E-1 5.68464E-1 4.11614E-1 2.53848E-1 1.98995E-1 2.48116E-1 6.27003E-1 7.41651E-1 7.96534E-1 8.23552E-1 8.14773E-1 8.18203E-1 7.4066E-1 7.17441E-1 6.06856E-1 4.60945E-1 9.30922E-2 6.90233E-2 1.90357E-2 1.03369E-1 3.20888E-1 7.02052E-1 8.07056E-1 6.74406E-1 5.44781E-1 4.32535E-1 6.26033E-2 5.568E-2
-9999 -9999 -9999 -9999 -9999 -9999 -9999 -9999 -9999 -9999 -9999 -9999 -9999 -9999 -9999 -9999 -9999 -9999 -9999 -9999 -9999 -9999 -9999 1.54061E-1 4.20208E-1 6.33227E-1 5.49294E-1 2.15752E-1 7.33752E-1 6.32536E-1 5.91388E-1 4.32926E-1 2.42681E-1 2.3462E-1 2.58488E-1 2.9381E-1 4.80161E-1 5.36497E-1 7.35226E-1 6.86258E-1 7.36812E-1 7.97426E-1 8.04411E-1 8.38336E-1 7.55781E-1 5.48474E-1 2.71759E-1 4.1816E-1 2.06492E-1 2.06156E-1 1.55338E-1 3.58403E-1 1.95089E-1 5.85113E-1 5.61562E-1 4.63134E-1 3.29724E-1 2.80854E-1
-9999 -9999 -9999 -9999 -9999 -9999 -9999 -9999 -9999 -9999 -9999 -9999 -9999 -9999 -9999 -9999 -9999 -9999 -9999 -9999 -9999 -9999 -9999 -9999 -9999 2.00756E-1 3.78183E-1 4.95011E-1 7.689E-1 6.55988E-1 4.47731E-1 3.05272E-1 2.79536E-1 2.31839E-1 1.99989E-1 2.49431E-1 3.07703E-1 3.67502E-1 5.02353E-1 5.18165E-1 6.98066E-1 7.99875E-1 8.31049E-1 8.06401E-1 7.82445E-1 6.4112E-1 6.75038E-1 7.21104E-1 6.33801E-1 3.7832E-1 5.25917E-1 1.83252E-1 2.20509E-1 6.43432E-1 6.46384E-1 6.26466E-1 5.73261E-1 5.47E-1
-9999 -9999 -9999 -9999 -9999 -9999 -9999 -9999 -9999 -9999 -9999 -9999 -9999 -9999 -9999 -9999 -9999 -9999 -9999 -9999 -9999 -9999 -9999 -9999 -9999 -9999 2.05531E-1 2.87523E-1 6.21802E-1 6.14243E-1 5.57935E-1 3.20902E-1 1.85762E-1 1.08749E-1 7.4499E-2 1.17126E-1 1.78958E-1 1.71007E-1 2.57585E-1 3.35143E-1 4.86375E-1 5.71879E-1 6.51668E-1 6.84972E-1 6.08135E-1 6.11005E-1 6.8537E-1 6.40492E-1 4.63455E-1 3.26308E-1 5.44212E-1 2.50676E-1 5.04897E-1 6.62297E-1 6.30262E-1 7.36001E-1 7.88117E-1 7.12389E-1
-9999 -9999 -9999 -9999 -9999 -9999 -9999 -9999 -9999 -9999 -9999 -9999 -9999 -9999 -9999 -9999 -9999 -9999 -9999 -9999 -9999 -9999 -9999 -9999 -9999 -9999 -9999 4.23144E-1 7.60118E-1 6.06016E-1 4.44913E-1 2.68655E-1 1.54998E-1 9.61104E-2 3.16538E-2 3.39322E-2 6.87708E-2 7.03596E-2 5.47306E-2 9.99925E-2 2.21085E-1 3.55086E-1 4.3992E-1 4.2154E-1 3.98877E-1 4.96829E-1 5.2789E-1 4.96382E-1 4.39332E-1 4.24961E-1 2.9384E-1 7.54536E-2 3.66236E-1 5.6533E-1 2.21166E-1 1.41118E-1 6.32745E-1 6.11474E-1
-9999 -9999 -9999 -9999 -9999 -9999 -9999 -9999 -9999 -9999 -9999 -9999 -9999 -9999 -9999 -9999 -9999 -9999 -9999 -9999 -9999 -9999 -9999 -9999 -9999 -9999 -9999 1.3238E-1 1.75021E-1 1.04319E-1 1.63083E-1 5.58232E-2 1.22788E-1 5.36728E-2 8.9834E-3 3.26336E-3 4.60708E-3 3.68858E-3 2.71533E-3 1.35687E-2 1.02851E-1 1.31625E-1 2.33969E-1 1.52811E-1 1.7799E-1 2.55937E-1 3.52416E-1 4.64537E-1 5.97351E-1 7.27781E-1 4.42053E-1 4.85485E-1 2.66538E-1 6.54828E-1 5.69121E-1 3.6991E-1 2.37882E-1 6.36864E-1
-9999 -9999 -9999 -9999 -9999 -9999 -9999 -9999 -9999 -9999 -9999 -9999 -9999 -9999 -9999 -9999 -9999 -9999 -9999 -9999 -9999 -9999 -9999 -9999 -9999 -9999 -9999 -9999 -9999 -9999 -9999 1.9703E-2 2.25281E-2 1.48546E-2 2.96272E-3 1.74019E-3 9.40914E-3 1.22287E-2 4.49475E-3 3.17688E-3 6.27934E-3 1.46945E-2 4.81642E-2 5.34168E-2 1.17889E-2 6.24955E-2 2.34023E-1 2.21811E-1 5.33798E-1 6.6176E-1 6.31814E-1 4.21509E-1 3.03483E-1 6.18457E-1 7.59808E-1 7.19806E-1 2.18914E-1 7.28023E-1
-9999 -9999 -9999 -9999 -9999 -9999 -9999 -9999 -9999 -9999 -9999 -9999 -9999 -9999 -9999 -9999 -9999 -9999 -9999 -9999 -9999 -9999 -9999 -9999 -9999 -9999 -9999 -9999 -9999 -9999 -9999 -9999 -9999 3.07822E-2 3.93839E-3 2.10007E-3 2.91096E-3 7.32164E-3 8.58083E-3 6.88144E-3 1.57017E-2 2.26707E-2 4.03601E-2 6.46871E-2 2.18574E-2 5.88844E-2 2.97285E-1 5.28731E-1 5.33847E-1 5.31446E-1 3.23148E-1 2.40593E-1 6.09937E-1 7.68326E-1 7.40114E-1 7.56428E-1 -9999 -9999
