Phytophthora/models/20240503_1134_59/Phytophthora_PA1_RUN3_MAXENT_outputs/Phytophthora_PA1_RUN3.asc
ncols         113
nrows         135
xllcorner     473009.9838
yllcorner     4429001.1748
cellsize      100.0
NODATA_value  -9999
[rows 26 to 51 of 135, columns 0 to 57 of 113]
-9999 -9999 -9999 -9999 -9999 -9999 -9999 -9999 -9999 -9999 2.62053E-3 2.73175E-3 5.57906E-3 3.46035E-3 3.73287E-3 3.51954E-3 8.75019E-3 1.35809E-2 6.41178E-3 1.08318E-2 2.04325E-2 4.91638E-3 4.21542E-3 2.81707E-3 5.22313E-3 7.10551E-3 9.71307E-3 8.22661E-3 5.73535E-3 1.90725E-3 1.65097E-4 3.67482E-4 1.4868E-3 1.73147E-2 1.20883E-2 9.71363E-3 1.62781E-2 6.19273E-3 2.63009E-3 1.7798E-3 3.58739E-3 5.65988E-3 5.9854E-3 -9999 -9999 -9999 -9999 -9999 -9999 -9999 -9999 -9999 -9999 -9999 -9999 -9999 -9999 -9999
-9999 -9999 -9999 -9999 -9999 -9999 -9999 -9999 -9999 -9999 5.5563E-4 1.16026E-3 5.08919E-4 7.8375E-4 1.29932E-3 1.62577E-3 4.21279E-3 1.10805E-2 4.29898E-2 6.41257E-2 4.43086E-3 5.52051E-3 1.13322E-2 1.41024E-2 1.43059E-2 9.61191E-3 1.67807E-2 1.75746E-2 7.44145E-3 1.2251E-3 4.17303E-4 9.11258E-4 4.31614E-3 1.10233E-2 6.28043E-3 2.94101E-3 1.12413E-2 1.07327E-2 4.09664E-3 2.34395E-3 3.57719E-3 6.50244E-3 6.60047E-3 5.88749E-3 4.45317E-3 2.30091E-2 2.12874E-2 -9999 -9999 -9999 -9999 -9999 -9999 -9999 -9999 -9999 -9999 -9999
-9999 -9999 -9999 -9999 -9999 -9999 -9999 -9999 1.21333E-11 6.95002E-7 2.9295E-4 8.8841E-4 2.99354E-4 2.6159E-4 5.08283E-4 3.91846E-4 3.42319E-3 9.10073E-3 1.39776E-2 2.26747E-2 9.5401E-3 1.19936E-2 1.44113E-2 1.86454E-2 1.93839E-2 2.9296E-2 2.59823E-2 2.4957E-2 1.56474E-2 1.63272E-3 6.85725E-4 9.45534E-4 2.30968E-3 3.37979E-3 6.08094E-4 6.96809E-4 1.36664E-3 5.08741E-3 1.31312E-2 6.71534E-3 5.0628E-3 6.11318E-4 1.16475E-3 3.79061E-3 4.80712E-3 1.48072E-2 2.77027E-2 -9999 -9999 -9999 -9999 -9999 -9999 -9999 -9999 -9999 -9999 -9999
-9999 -9999 -9999 -9999 -9999 -9999 4.14441E-8 9.1771E-9 6.32476E-8 2.40452E-5 1.45824E-3 1.23419E-3 9.9662E-4 7.3515E-4 6.0292E-4 1.0241E-3 3.19198E-3 4.78672E-3 7.54684E-3 1.10339E-2 1.38142E-2 1.83105E-2 4.35501E-2 7.36827E-2 7.25994E-2 3.1414E-2 2.97081E-2 1.11999E-2 4.43899E-3 2.47217E-3 2.15642E-3 1.1703E-3 1.87141E-3 2.23096E-3 4.21947E-4 2.01843E-4 2.12532E-4 7.52131E-4 6.41793E-3 1.42556E-2 6.84257E-3 1.0226E-3 2.1402E-3 6.11383E-3 3.31907E-3 1.39541E-2 2.28238E-2 -9999 -9999 -9999 -9999 -9999 -9999 -9999 -9999 -9999 -9999 -9999
-9999 -9999 -9999 -9999 -9999 -9999 1.05713E-5 6.7387E-5 1.58048E-4 7.84321E-4 1.66946E-3 1.7527E-3 2.91819E-3 4.3051E-3 3.6787E-3 4.24008E-3 6.71708E-3 6.61987E-3 6.56385E-3 5.71247E-3 1.06601E-2 1.34719E-2 5.08518E-2 8.63841E-2 6.31757E-2 4.11744E-2 3.27904E-2 1.20806E-2 4.6227E-3 3.19884E-3 5.9679E-3 3.4623E-3 2.7955E-3 2.01488E-3 8.65455E-4 4.01843E-4 1.8967E-3 3.21155E-3 5.94506E-3 4.85434E-3 7.77106E-3 2.60469E-3 4.77046E-3 5.5235E-3 3.61341E-3 1.6707E-2 3.92395E-2 3.81327E-2 -9999 -9999 -9999 -9999 -9999 -9999 -9999 -9999 -9999 -9999
-9999 -9999 -9999 -9999 -9999 -9999 1.3145E-6 2.32009E-4 1.08731E-3 8.89345E-4 1.20912E-4 2.28275E-4 4.30102E-3 1.2377E-2 1.63947E-2 1.54854E-2 1.46541E-2 7.60697E-3 3.95236E-3 4.48113E-3 1.02546E-2 1.71449E-2 3.19692E-2 8.58684E-2 5.48242E-2 1.68221E-2 8.35252E-3 2.26875E-2 2.30692E-2 1.08138E-2 7.7593E-3 6.23219E-3 8.06329E-3 1.85891E-3 1.45753E-3 1.58451E-3 2.62465E-3 1.03959E-2 1.00517E-2 7.01068E-3 8.51518E-3 5.54281E-3 1.87649E-3 4.20155E-3 4.87228E-3 1.56226E-2 4.91211E-2 4.58029E-2 7.28782E-2 -9999 -9999 -9999 -9999 -9999 -9999 -9999 -9999 -9999
-9999 -9999 -9999 -9999 -9999 1.28154E-5 1.949E-5 2.99183E-4 1.5134E-3 3.72778E-4 9.12081E-5 3.54821E-4 4.97491E-3 1.51392E-2 1.68626E-2 1.40063E-2 1.44402E-2 5.7525E-3 2.58339E-3 3.24502E-3 7.12438E-3 2.06056E-2 5.49284E-2 9.10091E-2 2.9109E-2 4.96279E-3 1.0764E-3 2.40145E-3 6.26865E-3 4.86872E-3 3.84598E-3 4.82744E-3 4.66708E-3 1.46503E-3 2.10966E-3 2.39523E-3 3.82217E-3 1.06444E-2 1.54695E-2 2.89242E-3 1.85036E-3 1.88985E-3 8.18337E-4 4.63171E-3 1.6072E-2 2.94852E-3 2.1601E-2 3.15143E-2 4.70394E-2 6.74797E-2 7.5523E-2 -9999 -9999 -9999 -9999 -9999 -9999 -9999
-9999 -9999 -9999 -9999 3.70169E-8 2.26996E-6 7.04432E-5 2.46192E-4 7.24395E-4 3.95666E-4 1.54688E-4 1.11677E-3 5.32784E-3 1.71231E-2 1.69663E-2 1.43372E-2 6.37605E-3 3.73709E-3 3.26731E-3 3.42492E-3 5.43176E-3 1.78269E-2 3.90248E-2 5.79035E-2 4.23469E-2 7.92129E-3 1.16743E-3 1.07912E-3 5.91862E-4 1.32515E-3 4.0602E-3 6.15241E-3 6.77348E-3 4.573E-3 4.47914E-3 5.22211E-3 5.19498E-3 1.22957E-2 6.7976E-3 2.75679E-3 3.12012E-3 1.75958E-3 2.44272E-3 5.63503E-3 2.4103E-2 1.23353E-2 2.1703E-3 2.93487E-2 3.68453E-2 3.58911E-2 3.26125E-2 7.22425E-2 7.57196E-2 -9999 -9999 -9999 -9999 -9999
-9999 -9999 -9999 -9999 3.66618E-8 1.80103E-5 5.81109E-5 1.58003E-4 4.86953E-4 4.05042E-4 2.36756E-4 4.53647E-4 4.11792E-3 2.03591E-2 9.26593E-3 1.03999E-2 4.86625E-3 3.24121E-3 4.81273E-3 7.28123E-3 8.82914E-3 1.12407E-2 2.31266E-2 4.38411E-2 5.35279E-2 1.53089E-2 2.10245E-3 2.81586E-3 6.53992E-4 6.93238E-4 4.48168E-3 6.85539E-3 4.2518E-3 3.71156E-3 7.86645E-3 8.19193E-3 1.03197E-2 1.27392E-2 4.40602E-3 2.89029E-3 5.64601E-3 8.18729E-3 4.2529E-3 5.6737E-3 2.03615E-2 1.60594E-2 2.22802E-2 1.0445E-2 1.26726E-2 2.05616E-2 7.32337E-3 2.86732E-2 9.18035E-2 -9999 -9999 -9999 -9999 -9999
-9999 -9999 -9999 -9999 -9999 -9999 -9999 -9999 8.9701E-4 2.83843E-4 2.24665E-3 3.50147E-3 4.27557E-3 9.32085E-3 9.24698E-3 7.37811E-3 6.48544E-3 4.40118E-3 3.56486E-3 3.8171E-3 4.33892E-3 6.20254E-3 1.27518E-2 2.7177E-2 1.99903E-2 1.10755E-2 2.65985E-3 2.77407E-3 4.27126E-4 5.58546E-4 4.31328E-3 6.01203E-3 3.10852E-3 1.99693E-3 3.02674E-3 3.93798E-3 5.59692E-3 4.31315E-3 2.42044E-3 2.64758E-3 6.04153E-3 5.04965E-3 1.02408E-3 2.16023E-3 1.00424E-2 1.8071E-2 2.71412E-2 2.8306E-2 1.41801E-3 1.01679E-2 1.54727E-2 3.06632E-2 1.19747E-1 1.94036E-1 -9999 -9999 -9999 -9999
-9999 -9999 -9999 -9999 -9999 -9999 -9999 -9999 -9999 -9999 2.38808E-3 3.34101E-3 3.03447E-3 3.63424E-3 6.99764E-3 9.01674E-3 1.0857E-2 9.21882E-3 6.41865E-3 3.38442E-3 6.00265E-3 6.46908E-3 9.77147E-3 1.37183E-2 1.90171E-2 1.91156E-2 7.53479E-3 5.75056E-3 6.1641E-4 8.67165E-4 5.2474E-3 6.15407E-3 2.13642E-3 2.45998E-3 7.64982E-3 5.10986E-3 1.37867E-2 1.09045E-2 5.89315E-3 2.65744E-3 5.20979E-3 6.54867E-3 1.03604E-2 2.32033E-2 9.10136E-3 1.69651E-2 3.20181E-2 2.08307E-2 2.17158E-2 4.07748E-2 7.25957E-3 6.96928E-2 1.0095E-1 1.48998E-1 -9999 -9999 -9999 -9999
-9999 -9999 -9999 -9999 -9999 -9999 -9999 -9999 -9999 -9999 -9999 3.90165E-3 2.96707E-3 3.74537E-3 6.84227E-3 8.86438E-3 9.81187E-3 9.74543E-3 7.13485E-3 4.06085E-3 8.18268E-3 5.93945E-3 1.65799E-2 2.55485E-2 5.03516E-2 4.2723E-2 1.62758E-2 1.17019E-2 2.94354E-3 3.5556E-3 3.98332E-3 1.06317E-3 1.69061E-3 3.97896E-3 1.65566E-2 1.21829E-2 1.22664E-2 1.69267E-2 1.59935E-2 3.38127E-3 1.49291E-2 1.46091E-2 4.00296E-2 2.34756E-2 1.04033E-2 1.43698E-2 4.05315E-2 5.39716E-2 2.15121E-2 2.08363E-2 6.60819E-3 4.42941E-2 1.98233E-1 1.82406E-1 1.17908E-1 -9999 -9999 -9999
-9999 -9999 -9999 -9999 -9999 -9999 -9999 -9999 -9999 -9999 -9999 -9999 2.84541E-3 5.85486E-3 6.53403E-3 4.65786E-3 3.7251E-3 3.2861E-3 5.26734E-3 9.07036E-3 1.17401E-2 2.46161E-2 5.51744E-2 5.78932E-2 4.42887E-2 3.74636E-2 1.717E-2 2.4416E-2 1.15833E-2 4.64224E-3 4.43572E-4 4.70985E-4 2.47984E-3 9.16475E-3 1.54034E-2 1.54453E-2 1.39701E-2 1.13464E-2 6.72266E-3 9.58858E-3 3.27882E-2 4.12971E-2 3.80675E-2 1.67248E-2 5.75816E-2 2.76344E-2 8.90779E-2 1.09281E-1 1.53903E-1 1.17514E-1 1.08611E-1 2.43043E-2 2.26161E-1 2.34454E-1 1.43437E-1 9.38011E-2 7.3109E-2 -9999
-9999 -9999 -9999 -9999 -9999 -9999 -9999 -9999 -9999 -9999 -9999 -9999 -9999 -9999 3.60066E-3 1.71738E-3 1.77493E-3 2.02762E-3 4.64049E-3 1.35276E-2 9.05601E-3 1.20351E-2 2.42633E-2 2.60074E-2 2.71329E-2 3.55518E-2 3.81967E-2 1.51568E-2 2.30639E-3 4.20037E-3 1.51106E-3 4.82273E-4 2.70518E-3 8.22429E-3 1.34155E-2 3.11959E-2 3.9724E-2 2.637E-2 1.98003E-2 1.70069E-2 8.36688E-3 2.44119E-2 1.95367E-3 2.59081E-2 8.13648E-2 6.72424E-2 1.13892E-1 2.15425E-1 1.73724E-1 1.49454E-1 1.94959E-1 1.35376E-1 1.20706E-1 2.72695E-1 2.42096E-1 1.20056E-1 1.46755E-1 -9999
-9999 -9999 -9999 -9999 -9999 -9999 -9999 -9999 -9999 -9999 -9999 -9999 -9999 -9999 -9999 1.36117E-4 4.2805E-4 3.3081E-3 8.8705E-3 1.76845E-2 7.78217E-3 9.85074E-4 1.99825E-3 5.28892E-3 6.39874E-3 3.18109E-3 1.93808E-3 5.65047E-3 5.16351E-3 1.63469E-3 2.42671E-3 2.64845E-4 2.8509E-4 2.37876E-3 3.69729E-3 1.7658E-2 2.49274E-2 1.82402E-2 1.33658E-2 1.40119E-2 2.31008E-3 1.45803E-3 1.79436E-3 9.88719E-3 2.82372E-2 5.19671E-2 7.58097E-2 1.40981E-1 2.25022E-1 1.23049E-1 1.20371E-1 1.70578E-1 1.79477E-1 4.69122E-2 3.02696E-1 3.59818E-2 1.4422E-1 2.69234E-2
-9999 -9999 -9999 -9999 -9999 -9999 -9999 -9999 -9999 -9999 -9999 -9999 -9999 -9999 -9999 -9999 1.44369E-3 1.69867E-3 8.10431E-3 9.95663E-3 1.40509E-3 4.93808E-4 6.02292E-4 1.30697E-3 7.15527E-4 5.86899E-4 4.68713E-4 7.38041E-4 2.24582E-3 2.79672E-4 1.60856E-3 1.50552E-3 2.4072E-4 7.12962E-4 4.09042E-3 7.20408E-3 1.13373E-2 1.91755E-2 3.10809E-2 2.49733E-2 1.0361E-2 1.71517E-3 4.34692E-3 3.87274E-3 1.64625E-2 5.26001E-2 6.2247E-2 1.26062E-1 1.0558E-1 1.24245E-1 1.30995E-1 1.60782E-1 1.17585E-1 4.50283E-2 6.94699E-2 2.35106E-2 2.66153E-2 7.92883E-3
-9999 -9999 -9999 -9999 -9999 -9999 -9999 -9999 -9999 -9999 -9999 -9999 -9999 -9999 -9999 -9999 1.23379E-2 1.99474E-2 2.25872E-2 7.19364E-3 5.93114E-4 2.98172E-4 5.72612E-4 1.87326E-3 1.81359E-3 1.22595E-3 6.51147E-4 1.57728E-3 2.02066E-3 6.35047E-4 2.07147E-3 3.56938E-3 6.62866E-4 5.22792E-4 4.9633E-3 1.82527E-2 3.21628E-2 3.28626E-2 5.30258E-2 6.75867E-2 6.45827E-2 2.08695E-3 8.64282E-3 2.90518E-2 2.93934E-2 6.34583E-2 6.45911E-2 1.11827E-1 8.98575E-2 8.8023E-2 1.57727E-1 1.65826E-1 6.33528E-2 2.30365E-1 1.84994E-1 1.18428E-1 5.85196E-2 5.47999E-2
-9999 -9999 -9999 -9999 -9999 -9999 -9999 -9999 -9999 -9999 -9999 -9999 -9999 -9999 -9999 -9999 1.84172E-2 3.11008E-2 7.95796E-3 3.90077E-3 1.14004E-3 1.58414E-3 1.93751E-3 5.55424E-4 1.0209E-3 1.10164E-3 1.15292E-3 2.03355E-3 2.22656E-3 2.267E-3 1.95124E-3 3.33198E-3 3.33971E-3 1.43791E-3 3.93184E-3 1.75884E-2 6.55598E-2 5.10513E-2 5.70854E-2 6.6051E-2 4.43472E-2 3.46306E-2 4.76989E-2 9.7235E-2 4.01985E-2 6.11588E-2 9.35046E-2 1.41732E-1 2.30981E-1 1.1534E-1 2.70853E-1 1.70068E-1 3.1944E-2 2.04849E-1 1.2784E-1 2.26048E-1 7.94047E-2 7.65966E-2
-9999 -9999 -9999 -9999 -9999 -9999 -9999 -9999 -9999 -9999 -9999 -9999 -9999 -9999 -9999 -9999 2.71211E-2 2.6157E-2 1.86584E-2 9.36134E-3 1.36573E-2 4.97607E-3 5.09687E-3 9.79686E-4 2.22734E-4 9.16671E-5 6.17002E-4 1.14208E-3 1.10996E-3 1.14371E-3 2.18406E-3 3.73831E-3 8.2867E-3 6.13507E-3 7.25529E-3 1.81426E-2 4.08231E-2 7.45013E-2 1.03211E-1 5.67404E-2 3.05862E-2 6.72321E-2 1.48986E-1 5.92784E-2 2.90138E-2 5.83033E-2 1.31693E-1 1.01858E-1 9.70143E-2 6.39964E-2 3.96188E-1 1.46692E-1 3.77893E-2 2.30198E-1 1.64515E-1 1.15925E-1 5.15224E-2 4.67425E-2
-9999 -9999 -9999 -9999 -9999 -9999 -9999 -9999 -9999 -9999 5.20314E-2 1.3922E-1 1.18165E-3 3.36265E-8 4.21624E-4 2.61881E-2 2.64674E-2 2.03493E-2 1.09965E-2 4.84086E-3 2.27373E-2 1.24838E-2 1.03953E-2 3.20011E-3 6.62227E-4 4.66353E-5 1.88919E-4 4.25308E-4 4.92902E-4 1.78762E-4 1.77138E-3 3.48588E-3 5.21469E-3 7.80609E-3 6.08078E-3 1.12385E-2 2.64686E-2 4.81983E-2 1.05493E-1 5.84002E-2 7.7111E-3 9.1526E-2 1.07417E-1 1.52204E-2 4.6541E-2 -9999 -9999 5.30443E-2 1.53105E-2 2.63959E-2 2.49831E-1 2.59604E-1 1.701E-1 5.90079E-2 1.94241E-1 8.94479E-2 3.28733E-2 2.89187E-2
-9999 -9999 -9999 -9999 -9999 -9999 -9999 5.46493E-8 6.31179E-8 1.75105E-4 4.57598E-2 1.25873E-1 3.40019E-3 1.77307E-6 5.0072E-4 2.66899E-2 2.32465E-2 1.28253E-2 2.52414E-3 5.19149E-3 1.99316E-2 2.29131E-2 1.24146E-2 4.95833E-3 1.89262E-3 5.16979E-5 1.21267E-4 1.63524E-4 1.38424E-5 1.33095E-5 1.28562E-3 3.56054E-3 3.33543E-3 5.48239E-3 6.1867E-3 1.28661E-2 3.04624E-2 3.93115E-2 5.90936E-2 5.15689E-2 2.38698E-2 8.89484E-2 2.96847E-2 1.47055E-2 2.62035E-2 -9999 -9999 7.52858E-2 3.33114E-2 3.2079E-2 1.64642E-1 2.56601E-1 2.58933E-2 2.044E-2 7.65153E-2 1.74681E-2 9.39255E-3 4.34178E-2
-9999 -9999 -9999 -9999 -9999 8.41394E-5 3.10844E-4 1.12013E-3 2.31627E-3 1.55469E-2 4.7964E-2 9.71662E-2 3.00101E-2 4.65821E-3 2.00029E-2 3.30203E-2 2.59591E-2 9.81313E-3 8.37702E-4 6.32436E-3 1.55216E-2 1.84513E-2 1.43677E-2 7.79563E-3 1.79077E-3 1.4753E-4 3.5705E-4 8.81007E-4 2.0042E-4 9.97491E-5 8.71691E-4 2.34996E-3 2.99235E-3 8.48504E-3 1.18347E-2 2.59338E-2 3.02875E-2 2.64131E-2 4.09592E-2 2.92906E-2 5.6966E-2 3.34706E-2 1.2607E-2 1.08365E-2 3.11769E-2 -9999 -9999 7.25785E-2 6.3425E-2 -9999 -9999 1.83879E-2 8.54666E-3 7.55617E-3 1.67499E-2 1.7776E-2 1.78813E-2 5.9569E-2
-9999 -9999 -9999 -9999 -9999 1.34531E-2 3.55574E-2 4.46299E-2 5.76475E-2 5.7133E-2 3.90798E-2 7.06367E-2 6.62581E-2 9.75913E-2 8.24081E-2 3.66825E-2 3.12874E-2 6.45317E-3 8.7232E-4 6.73015E-3 1.86585E-2 2.07335E-2 2.22448E-3 1.0164E-2 2.24321E-3 4.80287E-4 1.08094E-3 1.67458E-3 2.6547E-4 2.28127E-4 9.06449E-4 4.7733E-4 8.22627E-4 1.14997E-3 7.44887E-3 2.1792E-2 3.49644E-2 2.95612E-2 2.63086E-2 4.20714E-3 1.37502E-2 3.0439E-2 1.32104E-2 2.92739E-2 4.48488E-2 1.64609E-2 -9999 -9999 -9999 -9999 -9999 8.51102E-2 1.33188E-2 3.06712E-2 3.30649E-2 1.85083E-1 6.50351E-2 6.53542E-2
-9999 -9999 -9999 -9999 -9999 3.9353E-2 9.57018E-2 1.2663E-1 1.10916E-1 1.1025E-1 9.93886E-2 5.6277E-2 5.32593E-2 5.6004E-2 5.24201E-2 6.16943E-2 3.30076E-2 1.25931E-2 2.53466E-3 8.10777E-3 5.69396E-3 4.156E-3 7.18934E-3 7.75688E-3 2.82922E-3 1.7646E-3 7.0849E-3 1.02636E-2 2.65776E-3 2.20622E-3 2.55408E-3 2.14735E-3 1.83624E-3 3.20229E-3 1.9505E-3 2.03533E-2 4.63132E-2 3.7985E-2 2.81774E-2 1.15367E-2 7.19104E-3 3.33035E-2 3.96565E-2 7.3933E-2 1.48083E-1 4.48008E-2 -9999 -9999 -9999 -9999 1.18247E-1 2.33618E-2 6.88562E-2 5.1911E-2 1.65687E-1 6.24715E-2 8.96204E-2 7.91751E-2
-9999 -9999 -9999 -9999 -9999 5.49436E-2 1.04135E-1 1.87511E-1 2.27008E-1 1.4296E-1 6.42226E-2 2.8185E-2 2.02502E-2 2.9023E-2 3.00451E-2 3.60605E-2 4.38101E-2 6.51953E-3 2.49037E-3 7.1986E-3 4.42592E-3 4.58043E-3 7.82358E-3 7.44667E-3 5.79246E-3 3.65786E-3 8.97574E-3 9.81298E-3 5.70444E-3 7.25818E-3 7.28237E-3 5.98279E-3 8.77163E-3 1.06079E-2 5.23232E-3 2.28962E-2 7.09062E-2 3.50069E-2 2.19693E-2 5.23517E-3 1.36144E-2 2.46452E-2 5.81989E-2 1.32881E-1 1.10881E-1 8.60046E-2 9.73486E-2 -9999 -9999 7.98846E-2 8.23874E-2 6.95991E-2 6.61097E-2 6.12184E-2 8.6305E-2 2.02066E-2 7.80938E-2 7.04211E-2
-9999 -9999 -9999 -9999 -9999 1.06699E-1 1.72062E-1 3.01818E-1 3.29637E-1 1.2382E-1 2.73999E-2 9.04423E-3 1.09011E-2 1.62672E-2 3.29866E-2 4.35519E-2 2.19059E-2 2.63152E-3 1.35212E-3 2.19668E-3 1.29603E-3 7.85278E-4 2.71816E-3 9.11465E-3 4.31577E-3 2.19186E-3 2.20513E-3 5.08734E-3 2.28451E-3 3.59362E-3 8.55605E-3 1.08681E-2 1.63059E-2 1.7194E-3 2.43259E-2 3.8185E-2 5.34125E-2 3.55205E-2 2.59465E-3 3.57595E-2 3.18657E-2 3.80612E-2 7.24021E-2 8.28015E-2 1.95073E-2 1.5296E-2 8.82371E-2 -9999 2.25366E-1 6.1475E-2 1.80403E-2 6.65089E-2 9.98117E-2 6.56901E-2 1.7528E-2 9.92861E-2 1.48239E-2 1.77234E-1
