Phytophthora/models/20240503_1134_59/Phytophthora_PA1_RUN3_MAXENT_outputs/Phytophthora_PA1_RUN3.asc
ncols         113
nrows         135
xllcorner     473009.9838
yllcorner     4429001.1748
cellsize      100.0
NODATA_value  -9999
[rows 78 to 103 of 135, columns 0 to 57 of 113]
-9999 -9999 -9999 4.99045E-2 6.11471E-2 7.12735E-1 8.70791E-1 9.33439E-1 9.57606E-1 9.41865E-1 8.10993E-1 6.00426E-1 6.32525E-1 7.19199E-1 7.16603E-1 7.84466E-1 6.39675E-1 5.7391E-1 8.31234E-1 8.25406E-1 6.8859E-1 4.20419E-1 4.78309E-1 5.06205E-1 4.53607E-1 4.08328E-1 4.61676E-1 1.07526E-1 9.51291E-2 3.0731E-1 2.51889E-1 1.38043E-1 4.09249E-2 5.24127E-2 9.56594E-2 3.01094E-1 4.17125E-1 5.02765E-1 5.31645E-1 5.55753E-1 6.46453E-1 6.00319E-1 5.76545E-1 6.63974E-1 5.17814E-1 4.6892E-1 3.1258E-1 1.64762E-1 5.13794E-1 4.45343E-1 3.58262E-1 3.59275E-1 3.53314E-1 3.31673E-1 3.19185E-1 4.22799E-1 2.15874E-1 1.5597E-1
-9999 -9999 -9999 -9999 3.45052E-1 6.89749E-1 8.53873E-1 8.78058E-1 9.06647E-1 8.8423E-1 7.70208E-1 7.4703E-1 8.1881E-1 8.27321E-1 7.62252E-1 5.87125E-1 6.24282E-1 5.90341E-1 7.09696E-1 6.07616E-1 5.16077E-1 3.14245E-1 2.26448E-1 2.58769E-1 3.85818E-1 4.83191E-1 5.48939E-1 1.93637E-1 4.47762E-1 2.0946E-1 1.93462E-1 1.41732E-1 7.62916E-2 5.69843E-2 1.28839E-1 2.28114E-1 3.74574E-1 4.81476E-1 2.86205E-1 5.08166E-1 7.0267E-1 7.11515E-1 6.66687E-1 6.31932E-1 6.48492E-1 4.6529E-1 1.36165E-1 2.92297E-1 5.35603E-1 3.83544E-1 4.1813E-1 4.57894E-1 4.57659E-1 3.90446E-1 1.29404E-1 1.5027E-1 1.92673E-1 8.66609E-2
-9999 -9999 -9999 2.70902E-2 1.08048E-1 6.52741E-1 9.03914E-1 9.33587E-1 9.22622E-1 9.09667E-1 7.7923E-1 7.04046E-1 8.26353E-1 8.4141E-1 6.5082E-1 2.38273E-1 6.28744E-1 5.8301E-1 5.89378E-1 4.84504E-1 4.07342E-1 2.20853E-1 2.14788E-1 2.19113E-1 2.54153E-1 4.19027E-1 5.6247E-1 4.57193E-1 8.40623E-2 2.0931E-1 8.77482E-2 3.38766E-2 4.07601E-2 2.93826E-1 2.61825E-1 2.54976E-1 5.00684E-1 3.66547E-1 3.21657E-1 4.37408E-1 5.10731E-1 3.05264E-1 5.05724E-1 5.45213E-1 5.88767E-1 2.8019E-1 5.19573E-2 2.07362E-1 3.91065E-1 4.49157E-1 3.44546E-1 3.1004E-1 2.94834E-1 2.23673E-1 8.82522E-2 2.53749E-2 6.91456E-2 3.58821E-2
-9999 -9999 4.05599E-2 5.67033E-3 4.72039E-2 6.59496E-1 8.85716E-1 9.36204E-1 6.60194E-1 9.06946E-1 7.28764E-1 6.41727E-1 7.58326E-1 8.05033E-1 3.19863E-1 4.89393E-1 5.75357E-1 6.86606E-1 7.09639E-1 6.0136E-1 4.93342E-1 2.59751E-1 2.90086E-1 1.56473E-1 2.28343E-1 3.32657E-1 3.81017E-1 4.54935E-1 1.19534E-1 3.76297E-2 1.42571E-1 8.09983E-2 3.74268E-1 3.05328E-1 1.25179E-1 1.62828E-1 4.90901E-1 3.53636E-1 3.59574E-1 3.26466E-1 3.50116E-1 1.61657E-1 5.35788E-1 5.36641E-1 4.77219E-1 1.46803E-1 1.12902E-2 9.86831E-2 1.66683E-1 2.97917E-1 3.20693E-1 1.93009E-1 1.34681E-1 1.14155E-1 3.99754E-2 5.50643E-3 6.08845E-3 4.45082E-3
-9999 -9999 1.02776E-2 1.29185E-1 2.26237E-1 4.93109E-1 7.24104E-1 3.07722E-1 8.93151E-1 9.04599E-1 6.84643E-1 6.4986E-1 6.16708E-1 6.13333E-1 2.17035E-1 3.61262E-1 4.07802E-1 5.15072E-1 6.131E-1 7.00972E-1 5.78277E-1 3.94646E-1 4.78451E-1 2.77735E-1 2.20626E-1 2.44267E-1 2.86364E-1 3.99793E-2 1.74958E-1 1.52947E-1 2.3386E-1 3.45226E-1 3.16666E-1 1.77627E-1 2.09192E-1 4.48961E-1 3.57465E-1 2.57524E-1 2.91672E-1 5.06001E-1 2.75043E-1 1.7678E-1 5.85289E-1 5.24861E-1 4.17865E-1 2.12179E-1 5.38079E-2 1.84529E-1 2.61571E-1 2.54031E-1 1.86826E-1 9.75833E-2 1.14278E-1 7.03019E-2 1.28444E-2 4.81736E-3 1.02904E-2 7.53228E-2
-9999 -9999 8.46147E-4 2.13066E-1 5.27227E-1 5.06217E-1 2.09126E-1 6.2579E-1 6.67471E-1 3.47178E-1 5.37038E-1 5.56959E-1 4.53621E-1 1.70726E-1 3.57237E-1 4.68167E-1 5.47082E-1 5.96512E-1 5.11483E-1 4.87417E-1 4.02535E-1 4.78956E-1 4.43468E-1 3.51E-1 2.59087E-1 2.10543E-1 2.39129E-2 6.11558E-2 1.15395E-1 3.45589E-1 5.02723E-1 5.13536E-1 4.41311E-1 3.27395E-1 3.21552E-1 6.13311E-1 5.63537E-1 5.61246E-1 2.08355E-1 6.06192E-1 3.95285E-1 4.09772E-1 4.40594E-1 3.98881E-1 3.98553E-1 1.26753E-1 2.41973E-1 2.78773E-1 3.41146E-1 1.92118E-1 1.4463E-1 7.62088E-2 4.74122E-2 1.69884E-2 8.08614E-3 2.8042E-2 5.72522E-2 1.63582E-2
-9999 -9999 8.00706E-3 3.4448E-1 5.71245E-1 5.62463E-1 2.04943E-1 4.75701E-1 3.29306E-1 1.70946E-1 7.38875E-2 5.60914E-2 1.04819E-1 4.39697E-1 5.45242E-1 6.26174E-1 6.54649E-1 5.14985E-1 3.77178E-1 3.41723E-1 1.41366E-1 1.85528E-1 3.2193E-1 3.07342E-1 1.1678E-1 7.76827E-2 5.10689E-2 1.39311E-2 1.77524E-1 4.30261E-1 6.42548E-1 7.10649E-1 5.62611E-1 3.11719E-1 4.60486E-1 6.02558E-1 4.97963E-1 5.83424E-1 6.10278E-1 6.37836E-1 7.1385E-2 3.3607E-1 2.94622E-1 3.26366E-1 4.16599E-2 2.37322E-1 4.03555E-1 4.64007E-1 4.83337E-1 4.02954E-1 2.20314E-1 1.09084E-1 2.97534E-2 1.38058E-2 5.61523E-2 1.48375E-1 4.5988E-2 2.71652E-1
-9999 1.27963E-3 6.43971E-3 3.44852E-1 6.43554E-1 6.71021E-1 9.44844E-2 2.59206E-1 1.45421E-1 8.31552E-2 2.56515E-1 4.37243E-1 5.60951E-1 7.42042E-1 6.88746E-1 6.30551E-1 4.62511E-1 3.69416E-1 3.17854E-1 2.60466E-1 9.47082E-2 1.50565E-1 1.9814E-1 1.44889E-1 9.50095E-2 9.54995E-2 1.97095E-2 1.69838E-1 3.39432E-1 4.20971E-1 5.66732E-1 3.88617E-1 2.17115E-1 3.37992E-1 5.79154E-1 4.31896E-1 1.06987E-1 3.55638E-1 3.87133E-1 5.44634E-1 5.53873E-1 5.85387E-1 2.77356E-1 2.66049E-1 1.91762E-1 1.861E-1 3.94322E-1 5.89797E-1 5.13462E-1 5.91324E-1 3.49974E-1 1.95606E-1 9.63921E-2 8.78772E-3 4.40021E-2 2.16268E-1 5.43061E-2 3.9729E-1
-9999 2.82377E-2 6.4583E-2 3.26272E-1 3.69605E-1 4.1365E-1 1.66664E-1 1.66046E-1 1.20865E-1 1.78109E-1 2.89251E-1 4.89725E-1 4.02178E-1 6.23149E-1 5.21973E-1 4.60555E-1 4.18488E-1 3.32374E-1 2.90256E-1 2.65314E-1 1.49695E-1 1.09928E-1 1.02684E-1 8.60592E-2 1.04982E-1 7.37539E-2 1.88258E-1 3.11538E-1 4.90782E-1 4.34297E-1 2.80983E-1 1.11609E-1 2.7156E-1 4.10465E-1 3.73645E-1 3.43643E-1 2.70357E-1 2.39544E-1 1.89065E-1 4.26393E-1 6.84509E-1 4.12874E-1 4.78977E-1 4.74153E-1 2.70612E-1 3.17894E-1 5.23474E-1 5.56084E-1 4.79434E-1 3.47253E-1 3.17464E-1 2.43454E-1 1.40248E-1 1.79756E-2 2.92564E-2 2.39095E-1 1.34361E-1 2.73947E-1
3.2964E-2 1.03981E-1 8.8686E-2 1.15114E-1 5.34235E-1 5.6592E-1 5.22802E-1 3.63679E-1 2.197E-1 3.34436E-1 5.32382E-1 5.33775E-1 4.48943E-1 5.91374E-1 3.90633E-1 3.34552E-1 3.26584E-1 2.1926E-1 2.31575E-1 2.72345E-1 2.59076E-1 1.62012E-1 4.12265E-2 1.85379E-2 8.77993E-2 1.99304E-1 3.47666E-1 2.78624E-1 1.49997E-1 2.70796E-1 1.07882E-1 1.06179E-1 3.5003E-1 4.74914E-1 3.53485E-1 4.2795E-1 6.10999E-1 3.27301E-1 2.24243E-1 6.0272E-1 6.43433E-1 2.13327E-1 4.96691E-1 5.75181E-1 5.18417E-1 5.31334E-1 4.29964E-1 2.30146E-1 7.20783E-2 4.52866E-1 3.17485E-1 1.86816E-1 8.45517E-2 5.61083E-2 1.23534E-1 3.08845E-1 1.57634E-1 4.00819E-1
4.02875E-2 8.84271E-2 1.13046E-1 2.92232E-1 5.95201E-1 1.47602E-1 5.36992E-1 3.41387E-1 3.45458E-1 5.1525E-1 5.42822E-1 6.81068E-1 4.68349E-1 7.51351E-1 6.57218E-1 3.31037E-1 2.47421E-1 2.32242E-1 3.31431E-1 4.13353E-1 2.20712E-1 7.34443E-2 1.84482E-1 1.29377E-1 1.2744E-1 3.38603E-1 4.70917E-1 1.78084E-1 5.06783E-2 5.96875E-2 2.01673E-1 3.581E-1 3.91612E-1 4.37108E-1 3.3204E-1 3.06375E-1 2.03385E-1 1.62063E-1 3.60668E-1 7.35208E-1 7.27564E-1 1.98168E-1 5.89323E-1 5.69287E-1 7.66855E-1 5.9516E-1 1.68197E-1 4.19154E-2 1.19566E-1 5.11583E-1 2.91341E-1 1.57537E-1 4.49702E-2 9.48573E-2 2.77869E-1 3.46994E-1 8.09031E-2 2.47866E-1
-9999 1.19616E-1 2.51099E-1 5.77172E-1 5.61303E-1 1.21955E-1 5.98875E-1 5.0128E-1 4.64703E-1 6.25341E-1 6.45563E-1 3.76748E-1 1.21509E-1 7.95922E-1 7.5922E-1 5.91543E-1 3.53851E-1 2.40949E-1 3.98166E-1 1.81578E-1 4.39958E-1 2.63413E-1 4.11995E-1 1.86038E-1 1.91001E-1 3.42217E-1 2.42039E-1 4.25893E-1 4.36685E-1 3.13944E-1 3.01387E-1 5.65816E-1 6.55198E-1 4.0211E-1 3.20924E-1 4.89247E-1 1.96962E-1 1.3858E-1 4.95368E-1 7.70095E-1 6.00451E-1 2.10766E-1 5.3166E-1 7.30857E-1 7.35865E-1 6.71896E-1 1.85747E-1 6.42501E-2 6.5004E-1 5.84265E-1 3.04688E-1 1.58239E-1 3.4506E-2 2.38159E-1 4.06545E-1 4.29587E-1 2.60442E-1 2.33777E-1
-9999 3.39728E-1 5.54644E-1 7.13857E-1 6.70704E-1 3.10237E-1 5.02966E-1 4.84284E-1 5.71979E-1 6.5271E-1 6.81841E-1 5.12384E-1 3.77353E-1 7.48889E-1 7.51277E-1 5.2704E-1 2.97642E-1 2.67328E-1 2.72694E-1 2.85883E-1 3.33794E-1 3.17345E-1 2.808E-1 2.1623E-1 2.87539E-1 3.34324E-1 4.19685E-1 5.47084E-1 5.44968E-1 3.23423E-1 1.8551E-1 5.15007E-1 6.07878E-1 3.08484E-1 4.9951E-1 4.84304E-1 3.15852E-1 2.48188E-1 5.20615E-1 6.03267E-1 4.08246E-1 4.81602E-2 3.42008E-1 5.64609E-1 6.77044E-1 6.24923E-1 1.23582E-1 1.34852E-1 5.96997E-1 6.44711E-1 4.64981E-1 2.09982E-1 9.27628E-2 3.36633E-1 4.82531E-1 5.20796E-1 2.55607E-1 2.75226E-1
-9999 -9999 -9999 3.23182E-1 3.2419E-1 3.05121E-1 5.88751E-1 6.11015E-1 4.36957E-1 5.44986E-1 5.40738E-1 3.33363E-1 2.2769E-1 4.26834E-1 6.01247E-1 4.37627E-1 3.82288E-1 2.74478E-1 6.61934E-2 4.36381E-1 1.02191E-1 1.03439E-1 2.01829E-1 2.95412E-1 6.82201E-2 9.88129E-2 4.40966E-1 4.7955E-1 3.68169E-1 2.76443E-1 2.60309E-1 9.91252E-2 3.1172E-1 3.97106E-1 5.02209E-1 4.25485E-1 2.70063E-1 2.28952E-1 3.68216E-1 2.304E-1 1.29086E-1 1.19298E-1 2.38382E-1 4.37755E-1 7.07077E-1 3.03489E-1 3.0361E-2 3.61627E-1 5.99587E-1 4.39742E-1 4.25787E-1 2.76237E-1 3.81087E-1 4.88842E-1 5.25533E-1 5.72391E-1 8.3263E-2 3.62221E-1
-9999 -9999 -9999 -9999 2.66118E-1 1.45976E-1 6.1821E-1 7.27104E-1 6.96808E-1 5.78145E-1 4.49604E-1 2.69816E-1 1.62444E-1 4.15277E-1 3.77923E-1 4.40057E-1 4.49591E-1 3.48904E-1 3.91353E-1 3.50279E-1 6.82195E-2 5.1076E-2 6.26642E-2 2.64816E-1 1.98516E-1 3.27441E-1 2.73257E-1 3.37707E-1 3.48485E-1 1.74104E-1 2.65939E-1 2.28812E-1 4.15554E-1 3.39797E-1 2.9459E-1 2.46188E-1 6.0875E-2 3.97805E-2 9.56181E-3 8.05511E-3 2.03738E-2 7.46785E-2 1.6864E-1 3.68069E-1 4.53479E-1 1.0081E-1 2.28051E-1 4.21548E-1 5.50879E-1 2.85949E-1 4.11027E-1 2.88375E-1 4.60284E-1 5.0522E-1 6.02086E-1 4.64247E-1 7.39106E-2 4.43587E-1
-9999 -9999 -9999 -9999 -9999 -9999 -9999 7.68513E-1 8.01735E-1 8.05047E-1 7.08088E-1 4.9539E-1 4.93809E-1 4.8675E-1 3.2367E-1 3.97226E-1 4.92751E-1 1.20603E-1 1.47491E-1 3.45737E-1 2.26096E-1 6.35737E-2 8.76297E-2 2.31076E-1 3.1397E-1 2.31991E-1 2.34978E-1 3.10569E-1 2.33251E-1 7.10774E-2 6.82946E-2 3.13977E-1 2.63091E-1 1.51182E-1 1.33478E-1 1.8262E-1 1.38323E-1 4.35014E-2 1.96157E-2 2.41935E-2 2.12524E-2 3.14401E-2 8.50132E-2 2.85112E-1 1.91342E-1 1.15325E-1 5.31425E-1 6.16323E-1 5.19538E-1 5.6414E-1 4.48423E-1 4.3209E-1 4.44233E-1 5.06339E-1 1.39784E-1 1.37773E-1 2.24273E-1 4.93057E-1
-9999 -9999 -9999 -9999 -9999 -9999 -9999 8.346E-1 8.84761E-1 8.36732E-1 6.64858E-1 4.48918E-1 2.65393E-1 2.4536E-1 3.52438E-1 4.78563E-1 6.56973E-1 2.13013E-1 3.0389E-1 4.08787E-1 2.21412E-1 5.70182E-2 4.72796E-2 1.64575E-1 8.52125E-2 2.18673E-1 2.33522E-1 1.39266E-1 8.37E-2 4.64151E-2 1.54558E-1 1.51929E-1 8.69882E-2 7.06223E-2 1.289E-1 4.35302E-2 1.68453E-1 8.9225E-2 2.86664E-2 9.72689E-3 5.27821E-2 8.28852E-2 2.36989E-1 4.89285E-1 1.14937E-1 3.84296E-1 4.82798E-1 1.3689E-1 2.21335E-1 4.5646E-1 9.33799E-2 4.37124E-1 5.34044E-1 1.32808E-1 2.30016E-1 2.15013E-1 3.35505E-1 3.87758E-1
-9999 -9999 -9999 -9999 -9999 -9999 -9999 7.15681E-1 8.27253E-1 6.40836E-1 4.00573E-1 3.05281E-1 3.98267E-2 4.10509E-2 2.48535E-1 4.10066E-1 5.43789E-1 1.57799E-1 4.76183E-1 3.00506E-1 1.79811E-1 4.8381E-2 5.59339E-2 7.25006E-3 1.09324E-1 1.42334E-1 1.95857E-1 1.13361E-1 3.45857E-1 2.22328E-1 1.28103E-1 8.48849E-2 2.80498E-2 2.28853E-2 8.61E-2 1.29233E-1 1.40248E-1 5.09988E-2 7.91939E-2 7.08596E-2 7.9343E-2 1.41105E-1 3.13707E-1 4.25663E-1 2.41612E-1 5.29947E-1 1.1656E-1 3.94006E-1 1.52001E-1 1.38889E-1 2.49062E-1 7.08857E-2 3.45191E-1 2.4994E-1 3.88485E-2 3.4144E-2 7.40985E-2 7.0174E-2
-9999 -9999 -9999 -9999 -9999 -9999 -9999 5.57038E-1 6.36585E-1 4.45036E-1 2.79743E-1 1.42594E-1 3.0226E-2 3.8148E-2 1.29008E-1 5.02533E-1 6.13525E-1 3.91869E-1 6.04697E-1 3.75197E-1 1.17013E-1 7.33611E-3 1.78332E-2 2.39613E-2 5.06148E-2 9.55394E-2 1.35891E-1 6.03873E-2 1.70909E-1 2.48389E-1 8.84732E-2 2.8107E-2 5.03973E-2 1.76531E-1 8.51554E-2 9.51163E-2 1.27813E-1 7.86562E-2 1.28481E-1 1.61362E-1 5.7457E-2 6.42902E-2 9.29322E-2 1.39625E-1 2.27874E-1 5.21283E-1 4.31027E-1 1.38323E-1 5.08163E-2 8.72743E-2 1.01777E-1 8.41269E-2 1.71257E-1 1.59214E-1 4.79014E-2 8.74968E-2 4.48647E-2 1.89255E-1
-9999 -9999 -9999 -9999 -9999 -9999 -9999 -9999 3.5063E-1 2.92642E-1 2.03042E-1 1.04292E-1 1.48236E-1 1.3443E-1 4.74603E-1 7.61811E-1 6.97631E-1 7.26907E-1 6.81905E-1 1.51038E-1 1.19264E-1 2.1175E-2 1.48741E-2 3.45111E-2 5.94734E-2 1.18201E-1 9.17151E-2 7.77539E-2 1.58789E-1 1.54317E-1 1.22833E-2 7.89708E-2 2.27767E-2 3.50836E-1 4.19699E-1 1.88793E-1 1.23764E-1 1.99725E-1 2.20625E-1 8.90791E-2 3.48872E-2 1.87405E-1 2.99537E-1 4.817E-1 2.26382E-1 2.8103E-1 1.98981E-1 2.39438E-2 1.57814E-1 1.92259E-1 1.17367E-1 5.88044E-2 2.91187E-2 1.29397E-1 2.10813E-1 2.90434E-1 2.8393E-1 1.80922E-1
-9999 -9999 -9999 -9999 -9999 -9999 -9999 -9999 -9999 -9999 -9999 -9999 2.19062E-1 1.09074E-1 3.22584E-1 5.5419E-1 2.33789E-1 7.55733E-1 8.19597E-1 5.60398E-2 9.45363E-2 2.08663E-2 2.59741E-2 8.78054E-2 1.11515E-1 5.27379E-2 2.11625E-2 8.4804E-2 1.77866E-1 6.07626E-2 9.67731E-2 1.09431E-1 5.91415E-2 4.98613E-1 3.94561E-1 1.62564E-1 9.68885E-2 7.78773E-2 1.31101E-1 1.12152E-1 9.3563E-2 1.11783E-1 1.83172E-1 2.38528E-1 9.50324E-2 1.2173E-1 3.95311E-2 2.00056E-2 8.41981E-2 8.4499E-2 9.13028E-3 1.76001E-2 4.16815E-2 8.55738E-2 4.41238E-1 4.65433E-1 1.05735E-1 1.31889E-1
-9999 -9999 -9999 -9999 -9999 -9999 -9999 -9999 -9999 -9999 -9999 -9999 -9999 1.26504E-1 3.95821E-1 2.35674E-1 6.29947E-1 7.19132E-1 6.03991E-1 4.21083E-1 4.45511E-2 2.05706E-2 2.46003E-2 7.19819E-2 9.9512E-2 2.16463E-2 2.95632E-2 3.47657E-2 5.52067E-2 1.29171E-1 1.024E-1 2.08772E-1 3.81047E-1 3.76262E-1 2.67094E-1 1.14366E-1 3.60438E-2 6.67934E-2 4.53579E-1 3.25763E-1 3.86812E-2 1.39461E-2 9.4725E-2 4.29358E-2 9.99958E-2 1.97136E-1 7.48036E-2 4.81181E-2 3.97657E-2 4.12545E-2 7.13736E-2 1.41661E-2 6.31209E-2 3.61843E-1 5.17894E-1 3.18374E-1 1.48714E-1 2.41998E-1
-9999 -9999 -9999 -9999 -9999 -9999 -9999 -9999 -9999 -9999 -9999 -9999 1.06821E-1 2.11726E-1 1.06517E-1 6.93016E-1 6.62713E-1 6.69549E-1 6.40441E-1 5.69884E-1 1.69159E-1 8.32755E-3 2.61306E-2 5.08635E-2 2.98382E-2 8.7631E-2 5.89805E-2 2.17557E-2 7.44325E-2 1.15019E-1 1.94721E-1 1.89851E-1 1.98372E-1 1.6491E-1 7.50801E-2 2.49801E-2 5.65236E-2 3.70665E-1 5.42438E-1 3.57303E-1 1.35388E-1 8.01627E-2 3.72982E-2 3.37556E-1 3.55851E-1 5.83724E-2 1.25155E-1 8.62288E-3 5.4279E-2 5.96497E-2 5.00403E-2 3.19789E-2 1.36274E-1 3.67756E-1 3.94441E-1 3.74481E-1 3.18902E-1 1.02975E-1
-9999 -9999 -9999 -9999 -9999 -9999 -9999 -9999 -9999 -9999 -9999 -9999 -9999 8.31412E-2 1.28457E-1 -9999 5.18233E-1 6.43728E-1 5.37156E-1 4.01943E-1 1.80148E-1 7.12264E-2 1.27048E-2 4.08766E-2 9.52299E-2 5.53829E-2 9.08618E-2 6.70397E-2 5.27032E-2 4.12938E-2 1.45412E-1 6.79258E-2 5.5708E-2 1.2117E-1 1.0616E-1 7.63002E-2 1.45517E-1 6.02516E-1 5.26103E-1 1.74017E-1 1.66318E-1 1.03218E-1 1.01406E-1 5.90529E-1 4.6203E-1 2.98228E-1 3.30389E-2 1.12083E-1 1.50807E-2 5.96301E-2 1.26757E-1 1.48919E-1 1.31337E-1 4.3521E-1 4.5266E-1 4.42062E-1 5.44758E-1 2.11773E-1
-9999 -9999 -9999 -9999 -9999 -9999 -9999 -9999 -9999 -9999 -9999 -9999 -9999 -9999 -9999 -9999 3.82664E-1 5.69926E-1 4.32112E-1 2.98502E-1 1.96443E-1 1.12297E-1 1.64394E-1 3.41998E-1 4.00685E-1 2.50873E-1 1.15265E-1 7.6839E-2 9.11444E-2 5.32241E-1 4.45034E-1 2.20241E-1 2.80339E-1 2.8731E-1 3.44728E-1 3.651E-1 2.88368E-1 5.58738E-1 4.4461E-1 7.82313E-2 1.03439E-1 1.53834E-1 4.38617E-1 5.04766E-1 6.76089E-1 4.95822E-1 4.03883E-1 2.65359E-1 1.39014E-1 1.64675E-2 1.07144E-1 2.29605E-1 8.99262E-2 3.9149E-1 4.6166E-1 3.08563E-1 5.74461E-1 3.16934E-1
-9999 -9999 -9999 -9999 -9999 -9999 -9999 -9999 -9999 -9999 -9999 -9999 -9999 -9999 -9999 -9999 -9999 4.6854E-1 2.78043E-1 1.90642E-1 2.30879E-1 1.40973E-1 3.43652E-2 2.8565E-1 1.39955E-1 2.93397E-1 1.84372E-1 3.38094E-1 4.2005E-1 6.01857E-1 1.45295E-1 6.12949E-1 5.23209E-1 2.9754E-1 2.87476E-1 4.45501E-1 3.96932E-1 5.213E-1 3.02003E-1 6.45994E-2 6.90971E-2 1.60268E-1 5.94442E-1 6.86453E-1 7.8694E-1 6.87462E-1 2.82211E-1 2.30287E-1 2.04621E-1 1.3537E-1 1.25638E-1 1.88529E-2 1.67035E-1 3.63361E-1 1.9189E-1 1.25262E-1 2.44307E-1 1.2125E-1
