Phytophthora/models/20240503_1134_59/Phytophthora_PA1_RUN3_MAXENT_outputs/Phytophthora_PA1_RUN3.asc
ncols         113
nrows         135
xllcorner     473009.9838
yllcorner     4429001.1748
cellsize      100.0
NODATA_value  -9999
[rows 52 to 77 of 135, columns 0 to 57 of 113]
-9999 -9999 -9999 -9999 -9999 6.20482E-2 1.73694E-1 2.38529E-1 1.90231E-1 6.47515E-2 2.09695E-2 9.52253E-3 5.69507E-3 2.39904E-2 4.14969E-2 3.07686E-2 1.37886E-2 1.10166E-2 1.1261E-2 4.70085E-3 2.2943E-3 1.10882E-3 1.21949E-3 2.80395E-4 2.64961E-3 1.69397E-3 2.7536E-3 1.6552E-3 7.63105E-4 1.46109E-3 6.74872E-3 1.71176E-2 1.68974E-2 1.20248E-2 2.86538E-2 1.66953E-2 8.74871E-3 5.32767E-3 2.07599E-2 1.18363E-2 5.16204E-2 4.61733E-2 4.24954E-2 4.23063E-2 1.52014E-2 4.11094E-2 3.82374E-2 2.59762E-2 1.19595E-1 1.08013E-1 1.09765E-1 1.33524E-1 8.72645E-2 1.48947E-1 2.4722E-2 6.8713E-2 3.77525E-2 1.21167E-1
-9999 -9999 -9999 -9999 -9999 7.86649E-2 4.63148E-1 2.30741E-1 1.34697E-1 5.68156E-2 5.41039E-2 6.70406E-3 3.33078E-2 2.7085E-2 2.82818E-2 2.28943E-2 1.41438E-2 2.459E-2 2.63949E-2 1.42302E-2 6.55667E-3 5.84382E-3 6.59461E-3 1.67063E-3 1.07606E-3 4.28012E-3 3.27469E-3 8.43035E-4 4.37857E-4 1.54235E-3 4.5047E-3 1.75431E-2 2.96236E-2 1.24406E-2 1.43976E-2 1.29285E-2 4.76618E-3 3.42587E-3 8.91594E-3 1.52029E-2 3.21205E-2 3.09617E-2 2.39704E-2 9.377E-3 8.88976E-3 4.08683E-2 1.05131E-2 1.74315E-2 9.14005E-2 1.90333E-1 2.55745E-1 1.90354E-1 8.77881E-2 7.4078E-2 3.96505E-2 9.18365E-2 8.1381E-2 3.83709E-2
-9999 -9999 -9999 -9999 3.55351E-3 1.25138E-1 4.43696E-1 1.79979E-1 1.12126E-1 1.09028E-1 1.15951E-1 9.44822E-2 4.88609E-2 2.28172E-2 2.96094E-2 3.94965E-2 6.42083E-2 9.97739E-2 1.25081E-1 8.2895E-2 3.02517E-2 1.81588E-2 9.80446E-3 7.68063E-3 2.2169E-3 1.08497E-2 5.6107E-3 2.06252E-3 7.53487E-4 2.55412E-3 1.3347E-3 4.94662E-3 2.16553E-2 7.91535E-3 9.80837E-3 1.63986E-2 1.36017E-2 8.96253E-3 1.25003E-2 2.62698E-3 2.21208E-2 5.8576E-2 6.7489E-2 2.30971E-2 1.30936E-2 2.26582E-2 2.01973E-2 1.45877E-2 7.87284E-2 1.02185E-1 1.72272E-1 9.29806E-2 5.31803E-2 1.65883E-2 5.69505E-2 1.2911E-1 1.77758E-1 1.93488E-1
-9999 -9999 -9999 8.09733E-2 1.81506E-1 3.02113E-1 3.71424E-1 1.73264E-1 2.10839E-1 1.82938E-1 5.88666E-2 1.28302E-1 8.10199E-2 6.13902E-2 7.2478E-2 1.04086E-1 3.41468E-1 4.18634E-1 3.65208E-1 2.17278E-1 1.27276E-1 3.93863E-2 3.28471E-2 1.23342E-2 1.63301E-3 9.01181E-3 8.93911E-3 3.03305E-3 1.1429E-3 2.24928E-3 4.42914E-3 9.10971E-3 1.02292E-2 5.12844E-3 1.81622E-3 2.87761E-2 2.7488E-2 3.11286E-2 1.77162E-2 3.31772E-2 6.13829E-2 1.4697E-1 1.34796E-1 9.52437E-2 9.77882E-2 9.04938E-2 5.82382E-2 8.20167E-3 2.27391E-2 1.23548E-1 1.54658E-1 1.60148E-1 3.13816E-2 3.56526E-2 9.10797E-2 7.56333E-2 9.03853E-2 8.97405E-2
-9999 -9999 -9999 1.43995E-1 2.86999E-1 4.91864E-1 3.28295E-1 9.56248E-2 2.32221E-1 5.26787E-2 2.99146E-1 2.63483E-1 3.30498E-1 3.52747E-1 2.65941E-1 3.13246E-1 5.49053E-1 6.4769E-1 6.55026E-1 3.76424E-1 1.97764E-1 1.27689E-1 7.94085E-2 3.00754E-2 4.68249E-3 1.09057E-2 1.33044E-2 5.59797E-3 2.16235E-3 3.21671E-3 1.9652E-2 2.26806E-2 6.77418E-3 4.30038E-3 5.16301E-3 2.20278E-2 2.97809E-2 4.99601E-2 1.28231E-2 2.4633E-2 6.32689E-2 1.16051E-1 7.32957E-2 6.14886E-2 7.68132E-2 2.10987E-2 3.50781E-2 6.1578E-3 3.88089E-2 8.55971E-2 9.9258E-2 1.57632E-1 7.77539E-2 6.32055E-2 1.16049E-1 1.09269E-1 1.77629E-1 1.69298E-1
-9999 -9999 -9999 1.85795E-1 4.33694E-1 3.85788E-1 2.006E-1 1.11201E-1 1.81669E-2 2.65455E-1 4.25096E-1 4.63252E-1 5.34381E-1 3.58658E-1 2.85249E-1 3.21748E-1 3.95479E-1 4.93171E-1 5.77735E-1 3.91487E-1 2.43978E-1 2.31419E-1 1.95799E-1 1.3093E-1 7.65201E-3 2.81418E-2 3.81851E-2 2.09017E-2 1.06581E-2 2.66403E-2 5.1942E-2 3.16582E-2 1.77141E-2 3.94227E-3 3.69805E-3 1.40838E-3 2.39427E-2 3.3095E-2 1.05428E-2 1.51641E-2 4.84619E-2 6.67865E-2 4.82276E-2 3.8988E-2 6.06036E-3 1.92728E-3 1.18627E-2 1.97221E-2 3.25552E-2 2.16047E-2 2.17685E-2 4.79848E-2 5.39014E-2 2.67372E-2 2.84496E-2 1.01422E-1 1.63394E-1 7.73367E-2
-9999 -9999 -9999 7.43248E-2 2.21876E-1 2.0073E-1 7.82864E-2 1.83536E-2 1.17271E-1 2.87574E-1 3.67668E-1 3.47189E-1 3.82756E-1 2.14695E-1 1.74875E-1 1.36171E-1 1.64951E-1 2.35353E-1 2.69089E-1 4.31509E-1 3.62659E-1 3.34966E-1 2.9723E-1 1.8502E-1 5.5846E-2 7.81853E-2 7.6929E-2 7.99362E-2 6.81629E-2 3.20192E-2 3.87632E-2 4.17102E-2 1.28692E-2 8.94674E-4 2.7707E-3 1.71673E-2 1.06925E-1 4.47415E-2 1.33962E-2 2.01017E-2 3.41061E-2 4.16735E-2 4.50505E-2 2.17553E-2 4.84728E-3 5.15277E-3 8.04294E-3 5.6765E-2 1.97708E-1 1.64264E-1 1.57458E-1 1.26736E-1 7.61031E-2 2.675E-2 8.29856E-3 9.43752E-2 8.33447E-2 7.283E-2
-9999 -9999 -9999 1.2328E-1 1.6333E-2 1.19441E-1 4.22194E-2 6.3908E-2 1.12441E-1 1.72778E-1 1.76821E-1 9.82502E-2 3.56732E-1 2.75542E-1 1.6062E-1 6.5486E-2 6.18964E-2 1.09434E-1 1.26345E-1 4.19413E-1 3.15222E-1 2.40026E-1 1.13693E-1 4.1853E-2 4.78081E-2 5.15272E-2 6.2929E-2 4.23269E-2 2.31041E-2 2.97666E-2 4.81784E-2 3.04044E-2 7.00606E-3 2.61596E-3 5.80238E-3 2.61661E-2 1.36071E-2 3.87396E-2 2.84589E-2 2.71844E-2 4.29268E-2 5.33874E-2 6.70371E-2 2.39815E-2 4.58763E-2 1.77646E-2 2.97091E-2 1.93736E-1 2.85468E-1 2.48771E-1 1.10713E-1 5.33882E-2 2.9846E-2 2.14778E-2 5.69831E-3 1.87378E-2 9.79959E-2 1.43798E-1
-9999 -9999 -9999 -9999 7.35071E-2 1.94463E-1 1.01409E-1 9.8959E-2 1.0378E-1 1.96353E-1 1.68998E-1 9.07238E-2 3.338E-1 3.33847E-1 1.62284E-1 8.08762E-2 9.08171E-2 1.63816E-1 2.25961E-1 2.87438E-1 1.72316E-1 9.79629E-2 1.28018E-2 2.73341E-2 2.52966E-2 2.01943E-2 1.31511E-2 6.47455E-3 2.18446E-2 7.16988E-2 8.20741E-2 2.5727E-2 2.12337E-2 5.11557E-3 1.20585E-2 1.72195E-2 3.52044E-2 8.45026E-2 5.61525E-2 5.77374E-2 9.85442E-2 1.22258E-1 1.45958E-1 7.92111E-2 7.91436E-2 4.01732E-2 3.95277E-2 9.30802E-2 1.64235E-1 2.42264E-1 6.61068E-2 2.87627E-2 2.39982E-2 2.19378E-2 1.40092E-2 1.38944E-2 7.9401E-2 1.18701E-1
-9999 -9999 -9999 -9999 -9999 4.7727E-1 2.78945E-1 7.91337E-2 7.92026E-2 1.89397E-1 2.2281E-1 2.26448E-1 3.05885E-1 2.81049E-1 1.09575E-1 7.79578E-2 1.00828E-1 1.82864E-1 2.44447E-1 2.32534E-1 1.36893E-1 1.94485E-2 2.10785E-2 1.36992E-2 2.60913E-2 5.56577E-2 4.70798E-2 2.04076E-2 5.57099E-2 4.81013E-2 3.5987E-2 2.92017E-2 4.22601E-2 3.74332E-3 3.78379E-3 1.35753E-2 3.79237E-2 8.77256E-2 7.87374E-2 9.67421E-2 1.1275E-1 1.38067E-1 2.18093E-1 1.37238E-1 1.71826E-1 7.44358E-2 5.64988E-2 1.44454E-1 2.38228E-1 1.43809E-1 5.40638E-2 2.83774E-2 4.1003E-2 5.92792E-2 6.73969E-2 2.50315E-2 6.31011E-2 9.99998E-2
-9999 -9999 -9999 -9999 -9999 -9999 6.62797E-2 4.5511E-2 8.36922E-2 1.72727E-1 2.68865E-1 4.82838E-1 5.44112E-1 2.47422E-1 9.3351E-2 3.04991E-2 3.15178E-2 1.2041E-1 1.53973E-1 1.03014E-1 1.27236E-2 2.55689E-2 1.21647E-2 1.71036E-2 3.35508E-2 6.35422E-2 5.45979E-2 2.86496E-2 2.90014E-2 1.60593E-2 2.54199E-2 4.63858E-2 3.04956E-2 1.15557E-2 2.62869E-2 4.8346E-2 6.7928E-2 1.78287E-1 9.46405E-2 7.52355E-2 1.4902E-1 1.01969E-1 2.95243E-1 1.77017E-1 2.28741E-1 1.1999E-1 1.04916E-1 1.37968E-1 1.74374E-1 9.37695E-2 6.73227E-2 7.35522E-2 8.33717E-2 9.41593E-2 7.48349E-2 3.73985E-2 1.08868E-1 1.50208E-1
-9999 -9999 -9999 -9999 -9999 -9999 6.47693E-2 5.84472E-2 7.6061E-2 1.42427E-1 4.84679E-1 1.73679E-1 3.00329E-1 1.29691E-1 6.24861E-2 4.66733E-2 4.79247E-2 5.25594E-2 5.01419E-2 1.2325E-2 3.17341E-2 1.46664E-2 8.45462E-3 1.43894E-2 2.27221E-2 4.12236E-2 5.55632E-2 2.32624E-2 1.1608E-2 1.03056E-2 2.84755E-2 7.55583E-2 2.46041E-2 2.32139E-2 8.37889E-2 5.27162E-2 3.78361E-2 7.58799E-2 2.89922E-2 4.50221E-2 1.03322E-1 1.18981E-1 3.42278E-1 1.80582E-1 2.40438E-1 2.0284E-1 1.18848E-1 5.95768E-2 1.25772E-1 1.3669E-1 1.82419E-1 2.01983E-1 1.50663E-1 1.02394E-1 1.00655E-1 9.63116E-2 9.85285E-2 8.91212E-2
-9999 -9999 -9999 -9999 -9999 1.45779E-2 3.45458E-2 1.20393E-2 1.0338E-2 3.01936E-2 4.64178E-1 4.48272E-1 3.22233E-1 2.77184E-2 4.6744E-2 4.32117E-2 3.55372E-2 1.80514E-2 8.16541E-3 2.80308E-2 2.94655E-2 3.05976E-2 2.05213E-2 2.48507E-2 3.6675E-2 7.2015E-2 6.20802E-2 1.89506E-2 9.29519E-3 6.17154E-4 1.03671E-2 6.09664E-2 7.10928E-2 4.12457E-2 1.58861E-1 1.12755E-1 4.81469E-2 7.69965E-2 5.92819E-2 1.31125E-1 2.31903E-1 2.01804E-1 2.24108E-1 1.65266E-1 1.97954E-1 2.2175E-1 2.03762E-1 1.42503E-1 1.1027E-1 1.69546E-1 1.30957E-1 1.521E-1 9.4282E-2 6.50468E-2 6.89459E-2 1.10342E-1 1.25473E-1 1.20242E-1
-9999 -9999 -9999 -9999 2.7682E-5 5.1177E-3 1.06111E-1 3.62255E-2 4.5304E-2 5.85105E-2 8.46644E-2 2.75912E-1 1.6092E-1 1.23244E-1 7.02726E-2 7.68725E-3 5.10214E-2 2.73206E-2 6.58276E-3 5.9989E-2 1.05789E-1 8.65353E-2 4.28837E-2 3.68299E-2 6.94677E-2 1.38473E-1 9.68604E-2 1.08078E-2 4.89561E-3 3.02895E-3 2.62925E-2 1.21377E-1 1.05568E-1 6.26878E-2 1.25111E-1 1.23641E-1 1.41919E-1 1.62206E-1 1.68716E-1 3.28286E-1 4.8143E-1 2.81826E-1 3.00608E-1 2.92205E-1 2.40596E-1 1.61056E-1 1.78598E-1 1.98226E-1 1.50265E-1 1.45724E-1 9.92324E-2 1.15711E-1 1.51394E-1 2.11605E-1 1.35885E-1 1.23237E-1 1.92536E-1 1.27025E-1
-9999 -9999 -9999 -9999 2.83897E-5 4.27491E-2 2.07554E-1 7.56263E-2 1.73384E-2 4.49266E-3 3.71314E-2 1.27789E-1 1.11486E-1 1.3374E-1 4.2192E-2 8.38238E-2 1.0178E-2 9.86233E-3 7.79126E-2 1.26696E-1 2.37962E-1 1.44435E-1 7.72759E-2 8.75129E-2 1.36174E-1 1.41987E-1 9.74327E-2 1.18107E-2 1.4195E-2 1.05154E-2 6.74748E-2 7.02578E-2 1.32779E-1 1.00824E-1 2.29104E-1 2.78582E-1 2.29826E-1 1.25039E-1 2.25001E-1 2.8153E-1 4.06816E-1 4.61637E-1 4.75645E-1 4.24487E-1 2.06038E-1 6.03701E-2 8.27111E-2 1.62999E-1 2.96979E-1 2.98661E-1 2.39882E-1 1.24315E-1 1.91657E-1 2.11333E-1 2.58479E-1 2.12904E-1 1.71861E-1 1.21905E-1
-9999 -9999 -9999 -9999 5.01344E-5 3.3424E-2 3.31857E-1 2.91368E-1 1.38373E-1 7.58602E-3 7.82533E-2 8.75965E-2 1.26124E-1 1.46167E-1 5.09391E-2 1.49066E-2 1.24853E-2 4.3678E-2 1.34601E-1 2.32949E-1 2.81828E-1 2.22922E-1 1.8197E-1 2.12281E-1 2.14471E-1 1.79938E-1 1.06854E-1 1.86112E-2 3.46268E-2 9.20311E-3 1.74081E-2 1.23154E-1 9.31309E-2 2.93961E-1 2.21404E-1 1.2028E-1 7.82403E-2 9.41639E-2 1.20193E-1 1.68994E-1 2.86672E-1 3.16243E-1 4.09862E-1 4.39919E-1 1.19167E-1 3.88784E-2 4.94122E-2 1.57865E-1 2.5973E-1 3.94509E-1 4.36031E-1 2.89991E-1 2.53233E-1 2.68808E-1 3.20516E-1 2.94856E-1 4.13003E-1 1.71188E-1
-9999 -9999 -9999 -9999 5.62678E-5 1.74662E-2 4.22424E-1 3.77584E-1 8.05094E-2 8.94344E-2 2.04489E-1 1.66427E-1 1.56378E-1 5.30328E-2 5.47881E-2 2.65475E-2 4.29521E-2 8.1954E-2 1.48016E-1 3.0272E-1 4.17717E-1 4.34675E-1 4.08855E-1 3.33962E-1 1.3553E-1 2.4941E-1 1.2842E-1 4.18441E-2 2.67059E-2 1.03867E-1 1.3821E-1 2.32243E-1 1.35187E-1 1.80816E-1 1.34991E-1 1.86443E-2 3.74806E-2 3.96362E-2 7.13452E-2 1.94298E-1 2.94494E-1 4.18636E-1 1.44864E-1 2.25874E-1 1.00278E-1 3.34559E-2 5.24124E-2 1.299E-1 2.72117E-1 3.4066E-1 4.64253E-1 5.47872E-1 4.77112E-1 3.03331E-1 3.36115E-1 4.08342E-1 3.8049E-1 1.80223E-1
-9999 -9999 -9999 -9999 1.34905E-5 4.75612E-2 4.00933E-1 2.23248E-1 6.48003E-2 1.98753E-1 1.69975E-1 1.55374E-1 1.42117E-1 1.1975E-1 1.46892E-1 1.99518E-1 9.81827E-2 1.88369E-1 2.73307E-1 5.1823E-1 4.05995E-1 3.51786E-1 2.81783E-1 1.65206E-1 2.20245E-1 3.32946E-1 3.41066E-1 1.23328E-1 3.64903E-2 2.0712E-1 5.78181E-2 1.61214E-1 6.99478E-2 1.57302E-2 6.02E-2 3.99677E-2 2.87154E-2 4.73101E-2 1.29098E-1 2.86289E-1 2.92898E-1 2.95742E-1 8.73516E-2 1.3978E-1 6.84157E-2 4.13674E-2 6.44527E-2 1.44094E-1 3.03206E-1 4.89513E-1 6.33086E-1 3.55011E-1 5.20798E-1 3.89895E-1 1.93098E-1 3.25736E-1 3.06526E-1 4.93495E-1
-9999 -9999 -9999 -9999 1.23522E-5 4.48673E-2 3.93633E-1 1.17406E-1 1.08526E-1 1.36624E-1 3.00895E-1 2.64395E-1 1.36162E-1 1.06741E-1 1.23951E-1 1.77865E-1 3.20392E-1 4.47506E-1 3.96992E-1 4.15608E-1 3.06113E-1 2.54423E-1 1.57083E-1 1.25551E-1 1.95995E-1 3.09131E-1 2.68744E-1 1.41926E-1 2.19895E-2 2.72378E-1 3.84992E-1 2.4335E-1 8.09185E-2 3.42359E-2 1.3621E-2 1.00802E-2 8.55641E-3 6.90323E-2 2.33571E-1 4.46244E-1 4.15427E-1 2.37744E-1 1.54459E-1 1.11804E-1 6.52467E-2 8.31872E-2 1.22619E-1 1.69219E-1 4.4544E-1 5.00283E-1 5.19933E-1 1.80069E-1 2.45678E-1 1.50172E-1 1.84773E-1 2.81624E-1 4.27991E-1 6.14963E-1
-9999 -9999 -9999 -9999 5.08412E-5 4.02533E-2 2.59857E-1 1.26043E-1 1.55916E-1 1.71304E-1 2.1678E-1 4.00913E-1 4.26001E-1 1.95462E-1 1.29114E-1 2.22976E-1 4.23804E-1 4.62537E-1 5.68398E-1 4.20199E-1 2.93422E-1 3.93724E-1 3.48434E-1 2.39112E-1 1.8591E-1 2.23488E-1 1.92793E-1 1.19078E-1 3.08272E-2 8.02101E-2 3.36515E-1 2.63993E-1 1.79566E-1 2.82442E-2 1.00429E-2 2.20688E-2 5.20436E-2 5.74865E-2 3.65427E-1 5.70047E-1 4.09077E-1 2.20585E-1 1.66385E-1 6.26416E-2 5.5061E-2 1.20082E-1 2.15836E-1 2.45508E-1 2.98737E-1 4.93919E-1 3.46955E-1 2.65506E-1 1.92659E-1 1.31643E-1 6.07167E-2 2.45163E-1 4.51575E-1 4.71985E-1
-9999 -9999 -9999 -9999 3.61806E-3 4.389E-2 1.55583E-1 7.68664E-2 1.34074E-2 1.22427E-1 2.00358E-1 2.35094E-1 4.50001E-1 3.89001E-1 3.56804E-1 3.54091E-1 4.17789E-1 4.38042E-1 4.06793E-1 3.41688E-1 3.64503E-1 5.3215E-1 5.27713E-1 3.85445E-1 2.64631E-1 2.62518E-1 2.80061E-1 2.28481E-1 7.1218E-2 1.98801E-1 3.38661E-2 1.36758E-1 2.49745E-1 9.26467E-2 8.30335E-2 3.03939E-2 1.07876E-1 1.07829E-1 3.16099E-1 5.31404E-1 3.34186E-1 1.73893E-1 1.08085E-1 3.60504E-2 4.30983E-2 6.69871E-2 9.8874E-2 1.64103E-1 4.18809E-1 4.08761E-1 4.31288E-1 2.135E-1 1.03885E-1 1.15948E-1 2.94533E-1 5.32951E-1 5.63087E-1 5.02575E-1
-9999 -9999 -9999 3.15349E-3 6.46816E-2 2.35243E-2 1.17172E-1 6.66354E-2 5.35848E-2 1.17139E-1 2.47291E-1 2.4981E-1 3.13708E-1 5.66901E-1 6.22261E-1 6.11802E-1 5.8072E-1 5.25196E-1 3.34495E-1 2.2643E-1 3.23494E-1 4.23683E-1 4.98059E-1 4.85385E-1 3.94301E-1 2.78352E-1 3.42682E-1 2.97417E-1 1.67613E-1 1.44726E-1 8.96377E-2 1.1118E-1 1.12248E-1 1.77144E-1 1.50927E-1 1.68826E-2 2.05675E-1 2.31287E-1 3.82962E-1 5.31532E-1 3.06071E-1 1.86849E-1 8.41962E-2 2.83179E-2 6.00336E-2 3.8938E-2 4.72733E-2 2.07871E-1 2.84413E-1 3.84353E-1 2.59231E-1 3.61839E-2 6.25198E-2 1.00161E-1 2.3198E-1 4.47018E-1 5.36606E-1 6.27347E-1
-9999 -9999 -9999 2.02421E-2 1.76323E-1 3.18757E-1 1.9913E-1 6.52933E-2 9.91654E-2 1.93416E-1 3.9383E-1 3.69438E-1 4.74673E-1 7.05899E-1 7.85384E-1 7.80534E-1 7.03856E-1 5.59649E-1 4.52893E-1 2.90557E-1 4.42582E-1 5.48485E-1 5.36318E-1 6.76169E-1 5.73545E-1 4.258E-1 3.74709E-1 2.57455E-1 2.07644E-1 1.15121E-1 8.44052E-2 3.13744E-2 1.05766E-1 1.25277E-1 2.84861E-1 1.09614E-1 2.16247E-1 4.15663E-1 4.9471E-1 4.95249E-1 5.1149E-1 4.30384E-1 2.42378E-1 1.05218E-1 9.9022E-2 3.89264E-2 4.16395E-2 2.01347E-1 1.9863E-1 1.19179E-1 1.54698E-1 1.16317E-1 4.71639E-2 5.59724E-2 1.80552E-1 3.19737E-1 3.98719E-1 5.15287E-1
-9999 -9999 5.73776E-3 5.01243E-3 3.52086E-1 6.56291E-1 6.90179E-1 4.42217E-1 5.34181E-1 4.83856E-1 5.59824E-1 5.65748E-1 5.65953E-1 7.41814E-1 8.12244E-1 8.82034E-1 6.99529E-1 5.189E-1 5.65784E-1 4.74486E-1 5.23156E-1 6.61589E-1 7.0579E-1 7.05072E-1 6.31419E-1 4.41464E-1 2.77992E-1 1.89272E-1 1.28195E-1 9.98819E-2 1.32142E-1 1.66126E-1 1.66974E-1 5.63678E-2 2.63447E-1 2.79928E-1 2.98637E-1 3.66595E-1 5.30197E-1 5.35161E-1 6.95842E-1 6.46926E-1 4.28192E-1 2.2032E-1 1.43262E-1 1.03775E-1 1.23534E-1 2.34513E-1 1.87115E-1 1.31988E-1 2.62155E-2 9.98888E-2 4.35788E-2 2.20996E-2 4.56587E-2 2.54451E-1 3.37971E-1 3.64731E-1
-9999 -9999 1.88841E-2 2.08517E-1 6.36829E-1 8.05914E-1 8.64727E-1 8.89032E-1 8.596E-1 8.46644E-1 7.62243E-1 6.35968E-1 4.99432E-1 7.55581E-1 8.0381E-1 9.01965E-1 7.29466E-1 5.31316E-1 5.36542E-1 6.25891E-1 7.38115E-1 6.58032E-1 6.88108E-1 7.72141E-1 6.71212E-1 4.55685E-1 7.21192E-2 1.5727E-1 1.38948E-1 3.95286E-2 1.94368E-1 3.00894E-1 1.51657E-1 2.32145E-2 2.51811E-1 4.094E-1 3.9679E-1 3.76819E-1 5.25905E-1 6.35225E-1 6.99745E-1 6.89431E-1 5.06424E-1 4.00084E-1 2.91365E-1 2.69527E-1 3.36241E-1 4.10823E-1 4.18264E-1 1.13071E-1 1.92835E-1 1.28707E-1 1.17403E-1 6.20842E-2 4.34757E-2 2.15998E-1 3.76641E-1 3.89878E-1
-9999 -9999 -9999 5.59868E-1 2.71273E-1 7.44695E-1 8.87912E-1 9.40227E-1 9.45964E-1 9.39382E-1 8.62126E-1 4.72807E-1 3.0181E-1 7.24957E-1 7.49584E-1 8.75726E-1 6.82062E-1 4.92261E-1 6.37737E-1 7.99641E-1 7.31994E-1 5.73821E-1 5.90918E-1 6.46699E-1 6.03762E-1 3.38278E-1 2.32025E-1 1.26747E-1 2.84838E-1 2.92539E-2 2.56619E-1 2.38833E-1 7.16962E-2 3.17063E-2 1.58144E-1 2.89716E-1 4.29191E-1 4.7726E-1 6.30542E-1 6.10399E-1 7.20796E-1 6.26951E-1 5.88277E-1 5.96416E-1 3.85652E-1 3.37735E-1 3.5818E-1 4.28881E-1 2.57813E-1 4.87727E-1 2.51843E-1 2.25811E-1 2.5222E-1 2.43512E-1 2.22246E-1 2.74696E-1 2.81519E-1 1.97373E-1
