Phytophthora/models/20240503_1134_59/Phytophthora_PA1_RUN3_MAXENT_outputs/Phytophthora_PA1_RUN3.asc
ncols         113
nrows         135
xllcorner     473009.9838
yllcorner     4429001.1748
cellsize      100.0
NODATA_value  -9999
[rows 104 to 129 of 135, columns 0 to 57 of 113]
-9999 -9999 -9999 -9999 -9999 -9999 -9999 -9999 -9999 -9999 -9999 -9999 -9999 -9999 -9999 -9999 -9999 5.09393E-1 4.72326E-1 1.60546E-1 1.58964E-1 2.27648E-1 3.40463E-1 3.17528E-1 6.4426E-2 3.20822E-1 3.15779E-1 4.95316E-1 4.28241E-1 3.05531E-1 6.89218E-1 5.52709E-1 1.45961E-1 2.57972E-1 1.89309E-1 1.9091E-1 1.89902E-1 2.70626E-1 1.63882E-1 4.87827E-2 5.73317E-3 1.0114E-1 4.5746E-1 6.64835E-1 6.87442E-1 3.01316E-1 3.15242E-1 2.85155E-1 2.06232E-1 1.68161E-1 1.27284E-1 7.67565E-2 1.37005E-1 1.28957E-1 4.19103E-1 4.77278E-1 4.19346E-1 2.47932E-1
-9999 -9999 -9999 -9999 -9999 -9999 -9999 -9999 -9999 -9999 -9999 -9999 -9999 -9999 -9999 -9999 -9999 -9999 4.3192E-1 3.33465E-1 3.24353E-1 4.04983E-1 4.43983E-1 4.11342E-1 4.84618E-1 3.91007E-1 3.99453E-1 5.55801E-1 2.14875E-1 2.44852E-1 5.80151E-1 6.61272E-1 4.49114E-1 2.84142E-1 3.37155E-2 1.34141E-2 7.16611E-2 2.4097E-2 8.69057E-3 4.84761E-2 3.19729E-2 7.99201E-2 2.46455E-1 4.4917E-1 4.16746E-1 1.85988E-1 2.64494E-1 3.30745E-1 1.39701E-1 1.32106E-1 2.73719E-1 6.97869E-2 3.63849E-2 1.13672E-1 3.30904E-1 3.22574E-1 1.36614E-1 3.30732E-1
-9999 -9999 -9999 -9999 -9999 -9999 -9999 -9999 -9999 -9999 -9999 -9999 -9999 -9999 -9999 -9999 -9999 -9999 3.93369E-1 3.79379E-1 4.86531E-1 6.39455E-1 6.56205E-1 5.10236E-1 3.4165E-1 3.96865E-1 5.35149E-1 3.67382E-1 1.51138E-1 4.17119E-1 6.33094E-1 5.60605E-1 9.46315E-2 7.40209E-2 3.13919E-2 3.0895E-2 2.06357E-2 9.10551E-3 1.73929E-2 1.00739E-1 8.57873E-3 1.49633E-1 3.78228E-1 4.41702E-1 3.56034E-1 4.10878E-1 3.13279E-1 6.136E-1 4.08649E-1 2.97154E-1 1.01742E-1 2.46949E-1 3.53525E-2 2.20646E-1 3.10882E-1 4.30814E-1 2.57554E-1 3.18974E-1
-9999 -9999 -9999 -9999 -9999 -9999 -9999 -9999 -9999 -9999 -9999 -9999 -9999 -9999 -9999 -9999 -9999 -9999 -9999 2.00221E-1 3.64065E-1 6.49877E-1 8.07599E-1 7.49159E-1 6.15699E-1 4.04533E-1 3.27264E-1 1.20666E-1 2.99659E-1 4.0251E-1 2.77079E-1 2.54781E-1 3.633E-2 4.73386E-2 6.53138E-2 3.2218E-2 3.00016E-2 2.03979E-2 2.21071E-2 1.9101E-1 1.3213E-1 4.76548E-1 6.85506E-1 6.60993E-1 4.61818E-1 4.76072E-1 2.36384E-1 4.25808E-1 4.38599E-1 4.83542E-1 5.3811E-1 1.46179E-1 9.89003E-2 3.90185E-1 6.39276E-1 6.39052E-1 4.65569E-1 3.22038E-1
-9999 -9999 -9999 -9999 -9999 -9999 -9999 -9999 -9999 -9999 -9999 -9999 -9999 -9999 -9999 -9999 -9999 -9999 -9999 -9999 5.82153E-1 5.053E-1 6.55749E-1 7.68674E-1 5.17863E-1 2.77266E-1 2.82897E-1 1.77045E-1 1.42153E-1 1.76928E-1 1.09586E-1 4.19464E-2 1.1874E-2 8.56259E-2 1.20146E-1 8.66558E-2 6.88451E-2 1.48813E-1 5.00083E-2 7.59927E-2 1.09293E-1 5.77189E-1 7.82427E-1 7.85223E-1 5.76101E-1 5.89742E-1 2.67632E-1 1.19883E-1 1.26464E-1 3.94103E-1 3.59762E-1 3.32071E-1 3.90341E-1 6.34784E-1 4.70833E-1 5.93313E-1 4.32289E-1 2.2849E-1
-9999 -9999 -9999 -9999 -9999 -9999 -9999 -9999 -9999 -9999 -9999 -9999 -9999 -9999 -9999 -9999 -9999 -9999 -9999 -9999 -9999 2.88026E-1 3.74759E-1 3.40555E-1 2.20878E-1 2.66305E-1 5.68881E-1 4.14832E-1 7.9269E-2 4.18609E-2 6.79039E-2 4.53722E-2 5.54618E-3 5.11166E-2 1.59622E-1 2.07828E-1 3.67954E-2 1.01953E-1 9.65407E-2 2.69494E-1 3.36456E-1 5.2714E-1 6.72785E-1 5.82096E-1 7.91575E-1 7.79221E-1 6.34009E-1 1.98785E-1 1.78699E-1 4.17892E-1 1.90661E-1 3.49821E-1 5.5299E-1 5.99634E-1 5.90473E-1 4.2638E-1 5.75105E-1 4.13916E-1
-9999 -9999 -9999 -9999 -9999 -9999 -9999 -9999 -9999 -9999 -9999 -9999 -9999 -9999 -9999 -9999 -9999 -9999 -9999 -9999 -9999 4.71158E-1 6.44103E-1 6.62396E-1 3.88184E-1 5.12429E-1 4.62826E-1 2.54691E-1 2.09981E-1 9.76713E-2 5.57532E-2 2.32139E-2 1.13181E-2 2.79153E-2 2.07297E-1 3.0145E-1 1.80739E-1 1.91889E-1 8.65464E-2 6.47822E-2 7.08693E-2 3.42535E-1 4.60617E-1 5.16034E-1 5.26131E-1 6.4798E-1 4.84052E-1 2.16718E-1 2.372E-1 1.99584E-1 1.20886E-1 4.86241E-1 1.43108E-1 1.34843E-1 5.42658E-1 6.37307E-1 5.96764E-1 6.38828E-1
-9999 -9999 -9999 -9999 -9999 -9999 -9999 -9999 -9999 -9999 -9999 -9999 -9999 -9999 -9999 -9999 -9999 -9999 -9999 -9999 -9999 1.74926E-1 4.00615E-1 2.83486E-1 5.07707E-1 6.01394E-1 4.79284E-1 1.19225E-1 1.99032E-1 1.46272E-2 1.73646E-2 1.64503E-2 2.63975E-2 5.08516E-2 1.85307E-1 2.92927E-1 4.53871E-2 1.7258E-2 4.38503E-1 3.36132E-1 4.00168E-1 2.28142E-2 1.06211E-1 1.19118E-1 1.51727E-1 2.95462E-1 1.00875E-1 7.65008E-2 1.36966E-1 2.11386E-1 3.13318E-1 3.1048E-1 7.4193E-2 1.09383E-1 1.74189E-1 3.02335E-1 6.5728E-1 6.59775E-1
-9999 -9999 -9999 -9999 -9999 -9999 -9999 -9999 -9999 -9999 -9999 -9999 -9999 -9999 -9999 -9999 -9999 -9999 -9999 -9999 2.24633E-1 2.96728E-1 1.26048E-1 3.93857E-1 6.90849E-1 5.68614E-1 4.13988E-1 1.1279E-1 8.22891E-2 4.69267E-2 2.67281E-2 1.43083E-2 2.56974E-2 9.27451E-2 7.41623E-2 2.20441E-1 2.95589E-1 1.40701E-1 2.17126E-1 7.20535E-1 5.36226E-1 6.93541E-2 1.92688E-1 2.24926E-1 2.06779E-1 4.17807E-1 9.48029E-2 5.65364E-2 3.27925E-2 6.99534E-2 1.4426E-1 7.89139E-2 2.95548E-2 8.15284E-2 2.33937E-1 5.88581E-1 6.56337E-1 2.67131E-1
-9999 -9999 -9999 -9999 -9999 -9999 -9999 -9999 -9999 -9999 -9999 -9999 -9999 -9999 -9999 -9999 -9999 -9999 -9999 -9999 2.94801E-1 2.61021E-1 1.31258E-1 2.98866E-1 4.19343E-1 2.44024E-1 3.1496E-2 5.08306E-2 8.11205E-2 3.50411E-2 1.92739E-2 1.31739E-2 2.29369E-2 1.56035E-1 4.73139E-1 6.58277E-1 7.95207E-1 5.20772E-1 5.60992E-1 6.81797E-1 1.69016E-1 1.17734E-1 2.63688E-1 2.35941E-1 2.7911E-1 1.05317E-1 2.7237E-1 7.71557E-2 5.49988E-2 4.89836E-2 3.69805E-2 4.0428E-2 3.08926E-2 3.04518E-1 6.0057E-1 3.21526E-1 7.24501E-1 4.98383E-1
-9999 -9999 -9999 -9999 -9999 -9999 -9999 -9999 -9999 -9999 -9999 -9999 -9999 -9999 -9999 -9999 -9999 -9999 -9999 -9999 1.87356E-1 1.36923E-1 5.40287E-2 5.79329E-2 2.22525E-1 2.48066E-1 6.06549E-2 6.76189E-2 3.45435E-2 2.19474E-2 5.88369E-2 2.22551E-1 1.9184E-1 2.32307E-1 5.1095E-1 7.50361E-1 8.25597E-1 6.67839E-1 4.18337E-1 5.36851E-1 1.77247E-1 2.90213E-1 2.68357E-1 1.40061E-1 1.16702E-1 2.78508E-1 1.90533E-1 1.10236E-1 1.90046E-1 1.47298E-1 7.66772E-2 4.58179E-2 1.03251E-1 3.05766E-1 6.19058E-1 7.4729E-1 7.26382E-1 5.45263E-1
-9999 -9999 -9999 -9999 -9999 -9999 -9999 -9999 -9999 -9999 -9999 -9999 -9999 -9999 -9999 -9999 -9999 -9999 -9999 -9999 2.48746E-2 1.96529E-2 2.6478E-2 7.93754E-2 2.19403E-1 1.87054E-1 6.53466E-2 1.30244E-2 1.4489E-2 5.22713E-2 2.56787E-1 4.71825E-1 6.27907E-1 6.41447E-1 6.3706E-1 8.12494E-1 7.16468E-1 6.24594E-1 5.87442E-1 5.5337E-1 2.13364E-1 4.28458E-1 4.43291E-1 3.39941E-1 1.40283E-1 3.9857E-1 2.96892E-1 1.61921E-1 3.15702E-1 3.11965E-1 2.96846E-1 2.52302E-1 3.17407E-1 1.1879E-1 3.59967E-1 6.69463E-1 2.58821E-1 1.7908E-1
-9999 -9999 -9999 -9999 -9999 -9999 -9999 -9999 -9999 -9999 -9999 -9999 -9999 -9999 -9999 -9999 -9999 -9999 -9999 -9999 3.16156E-3 1.24818E-2 7.56322E-2 1.33362E-1 1.3589E-1 1.25968E-1 2.8592E-2 1.56499E-2 1.5618E-1 1.58668E-1 2.8217E-1 6.03192E-1 7.00493E-1 7.5392E-1 7.83708E-1 6.25528E-1 6.4075E-1 7.45909E-1 4.23756E-1 6.25157E-1 6.15685E-2 5.55341E-2 1.51916E-1 4.72753E-1 1.13411E-1 5.23024E-1 1.59543E-1 3.42274E-1 4.38074E-1 3.97871E-1 2.54909E-1 4.40622E-1 6.08801E-1 2.38639E-1 3.07774E-1 3.13693E-1 8.30466E-1 6.40637E-1
-9999 -9999 -9999 -9999 -9999 -9999 -9999 -9999 -9999 -9999 -9999 -9999 -9999 -9999 -9999 -9999 -9999 -9999 -9999 -9999 -9999 1.20904E-2 1.09593E-1 2.03032E-1 1.92238E-1 6.81705E-2 1.93678E-1 4.73812E-2 2.07926E-1 2.49124E-1 3.1196E-1 5.28828E-1 6.95899E-1 6.77864E-1 2.15647E-1 2.53823E-1 5.80788E-1 3.6279E-1 6.52548E-1 1.91187E-1 1.06609E-1 1.78725E-1 4.1293E-1 1.66907E-1 4.873E-1 5.27007E-1 3.24766E-1 3.94434E-1 4.89414E-1 4.00114E-1 2.93504E-1 4.03416E-1 6.56398E-1 5.25102E-1 4.26944E-1 1.61804E-1 4.73063E-1 4.16085E-1
-9999 -9999 -9999 -9999 -9999 -9999 -9999 -9999 -9999 -9999 -9999 -9999 -9999 -9999 -9999 -9999 -9999 -9999 -9999 -9999 -9999 7.98523E-3 3.73647E-2 3.36245E-1 2.78149E-1 2.61849E-1 7.71697E-2 2.07102E-1 2.41195E-1 3.16313E-1 2.90832E-1 1.16074E-1 2.58458E-1 5.51458E-1 1.79895E-1 1.52446E-1 2.23313E-1 2.52117E-1 3.75259E-1 3.09928E-1 2.90369E-1 5.48529E-1 3.25986E-1 2.13346E-1 1.33608E-1 4.64767E-2 2.83071E-1 5.14615E-1 4.19058E-1 2.46927E-1 3.48411E-1 4.80408E-1 6.66093E-1 6.45335E-1 2.8407E-1 3.25276E-1 7.64317E-1 7.49515E-1
-9999 -9999 -9999 -9999 -9999 -9999 -9999 -9999 -9999 -9999 -9999 -9999 -9999 -9999 -9999 -9999 -9999 -9999 -9999 -9999 -9999 -9999 4.85988E-2 2.94019E-1 3.63565E-1 2.46014E-1 1.17013E-1 1.40029E-1 1.11572E-1 1.09021E-1 3.6663E-1 1.40532E-1 6.89017E-2 1.22854E-1 1.24922E-1 1.00809E-1 4.63611E-1 1.27175E-1 5.40389E-1 6.77403E-1 1.20036E-1 1.90818E-1 4.54727E-1 1.36795E-1 2.72623E-1 8.83465E-2 1.75349E-1 4.13589E-1 3.14062E-1 1.58885E-1 8.91684E-2 1.39693E-1 5.25152E-1 5.91395E-1 5.06057E-1 8.34544E-1 7.49448E-1 7.20756E-1
-9999 -9999 -9999 -9999 -9999 -9999 -9999 -9999 -9999 -9999 -9999 -9999 -9999 -9999 -9999 -9999 -9999 -9999 -9999 -9999 -9999 -9999 2.99147E-2 1.3445E-1 3.70619E-1 4.17045E-1 3.24009E-1 1.05749E-1 2.99579E-1 4.47712E-1 3.27332E-1 2.16733E-1 9.52679E-2 2.25346E-1 3.13281E-1 1.07776E-1 3.26519E-1 1.06426E-1 3.76642E-1 6.93947E-1 6.71255E-1 3.26416E-1 2.3009E-1 4.99344E-1 5.84654E-1 1.63743E-1 1.41196E-1 2.3846E-1 2.13996E-1 3.3629E-2 2.69244E-1 8.5382E-2 3.69415E-1 3.62484E-1 4.68194E-1 7.88014E-1 6.77354E-1 6.30024E-1
-9999 -9999 -9999 -9999 -9999 -9999 -9999 -9999 -9999 -9999 -9999 -9999 -9999 -9999 -9999 -9999 -9999 -9999 -9999 -9999 -9999 -9999 -9999 3.60528E-2 1.57217E-1 4.46466E-1 3.77112E-1 3.54873E-1 4.3807E-1 4.50791E-1 2.67418E-1 4.92802E-1 3.43244E-1 2.67439E-1 1.68882E-1 1.71394E-2 4.46042E-1 5.87874E-1 6.40219E-1 7.57141E-1 7.58363E-1 6.00973E-1 3.67322E-1 5.49335E-2 2.0075E-1 5.43706E-2 5.31191E-2 1.05485E-1 8.69639E-3 1.54826E-1 8.3818E-2 2.27286E-1 2.22811E-1 3.9053E-1 6.66228E-1 3.9209E-1 2.24348E-1 3.40204E-1
-9999 -9999 -9999 -9999 -9999 -9999 -9999 -9999 -9999 -9999 -9999 -9999 -9999 -9999 -9999 -9999 -9999 -9999 -9999 -9999 -9999 -9999 -9999 9.71474E-2 4.13642E-1 6.51788E-1 4.99304E-1 4.50535E-1 3.84726E-1 6.33129E-1 6.61559E-1 5.16315E-1 3.25945E-1 1.23569E-1 1.43821E-1 1.16005E-1 3.91809E-1 5.82198E-1 6.51435E-1 6.87992E-1 7.52197E-1 7.51881E-1 5.91253E-1 4.00239E-1 3.10961E-1 5.89726E-2 3.10537E-2 2.73041E-2 1.58861E-2 3.62774E-2 3.05109E-2 6.68614E-1 6.68653E-1 6.46322E-1 6.49227E-1 3.65918E-1 6.71629E-2 5.17135E-2
-9999 -9999 -9999 -9999 -9999 -9999 -9999 -9999 -9999 -9999 -9999 -9999 -9999 -9999 -9999 -9999 -9999 -9999 -9999 -9999 -9999 -9999 -9999 2.10462E-1 4.43063E-1 5.53521E-1 5.34866E-1 2.69156E-1 6.69051E-1 6.05935E-1 4.45562E-1 2.86352E-1 1.64682E-1 1.02955E-1 3.62652E-2 2.13668E-1 3.66476E-1 4.61378E-1 6.149E-1 6.1434E-1 6.51103E-1 7.57349E-1 7.86997E-1 6.47629E-1 4.94382E-1 4.9411E-1 2.78143E-1 1.21168E-1 6.56616E-2 6.60035E-2 3.0076E-2 1.95958E-1 1.35868E-1 3.9513E-1 4.95576E-1 4.33075E-1 3.03612E-1 2.80664E-1
-9999 -9999 -9999 -9999 -9999 -9999 -9999 -9999 -9999 -9999 -9999 -9999 -9999 -9999 -9999 -9999 -9999 -9999 -9999 -9999 -9999 -9999 -9999 -9999 -9999 1.53415E-1 4.37608E-1 4.83095E-1 7.74484E-1 5.20549E-1 2.70176E-1 1.65391E-1 6.22884E-2 4.36142E-2 1.31285E-1 1.87318E-1 2.73887E-1 3.12378E-1 3.81178E-1 4.83232E-1 5.92507E-1 6.8035E-1 7.07487E-1 6.5207E-1 5.59619E-1 4.13191E-1 3.35756E-1 1.50593E-1 4.65286E-2 4.88149E-2 2.39079E-1 1.0223E-1 1.17649E-1 2.70746E-1 5.51381E-1 5.37987E-1 5.29447E-1 5.84198E-1
-9999 -9999 -9999 -9999 -9999 -9999 -9999 -9999 -9999 -9999 -9999 -9999 -9999 -9999 -9999 -9999 -9999 -9999 -9999 -9999 -9999 -9999 -9999 -9999 -9999 -9999 3.16554E-1 4.25284E-1 5.8152E-1 5.22396E-1 3.04708E-1 1.65749E-1 1.13273E-1 2.11472E-2 7.41196E-2 1.0547E-1 1.92041E-1 1.49798E-1 1.52068E-1 2.08303E-1 3.27335E-1 4.17458E-1 4.74353E-1 5.11823E-1 4.76984E-1 3.76665E-1 3.39021E-1 3.36782E-1 1.40616E-1 1.38901E-1 2.49062E-1 1.02006E-1 1.31245E-1 4.67683E-1 3.88587E-1 6.04793E-1 5.95118E-1 5.67359E-1
-9999 -9999 -9999 -9999 -9999 -9999 -9999 -9999 -9999 -9999 -9999 -9999 -9999 -9999 -9999 -9999 -9999 -9999 -9999 -9999 -9999 -9999 -9999 -9999 -9999 -9999 -9999 3.97783E-1 7.03109E-1 5.06474E-1 2.5721E-1 1.42606E-1 8.19522E-2 6.71962E-2 3.98006E-2 6.03566E-2 8.33639E-2 6.10675E-2 4.77322E-2 4.94596E-2 1.31206E-1 2.09564E-1 3.15031E-1 4.34573E-1 3.10005E-1 3.17275E-1 2.90726E-1 3.08628E-1 2.3926E-1 2.63973E-1 1.44113E-1 4.60534E-2 5.20739E-2 2.41403E-1 1.4667E-1 1.13298E-1 4.04794E-1 3.19414E-1
-9999 -9999 -9999 -9999 -9999 -9999 -9999 -9999 -9999 -9999 -9999 -9999 -9999 -9999 -9999 -9999 -9999 -9999 -9999 -9999 -9999 -9999 -9999 -9999 -9999 -9999 -9999 7.53504E-2 1.28049E-1 9.64456E-2 9.9209E-2 4.50275E-2 1.16388E-1 6.02859E-2 1.45268E-2 8.18862E-3 9.10705E-3 6.02171E-3 4.15516E-3 9.95741E-3 5.60138E-2 7.7985E-2 2.00644E-1 1.01366E-1 9.4063E-2 1.83254E-1 2.27848E-1 2.6144E-1 4.3754E-1 3.75655E-1 1.52689E-1 2.38533E-1 7.30466E-2 3.73008E-1 3.58947E-1 1.98518E-1 1.09567E-1 2.89322E-1
-9999 -9999 -9999 -9999 -9999 -9999 -9999 -9999 -9999 -9999 -9999 -9999 -9999 -9999 -9999 -9999 -9999 -9999 -9999 -9999 -9999 -9999 -9999 -9999 -9999 -9999 -9999 -9999 -9999 -9999 -9999 1.98506E-2 2.38572E-2 1.88192E-2 7.37602E-3 5.20409E-3 2.49234E-2 2.13082E-2 6.13969E-3 4.40034E-3 7.20755E-3 1.18847E-2 3.06777E-2 3.23608E-2 1.49172E-2 4.41246E-2 1.80274E-1 1.61068E-1 3.0255E-1 1.6176E-1 3.26913E-1 1.98136E-1 7.8232E-2 2.03284E-1 4.1713E-1 4.80818E-1 1.2932E-1 1.19327E-1
-9999 -9999 -9999 -9999 -9999 -9999 -9999 -9999 -9999 -9999 -9999 -9999 -9999 -9999 -9999 -9999 -9999 -9999 -9999 -9999 -9999 -9999 -9999 -9999 -9999 -9999 -9999 -9999 -9999 -9999 -9999 -9999 -9999 3.78431E-2 8.79889E-3 6.42569E-3 8.9857E-3 1.27389E-2 3.87391E-3 8.9619E-3 1.8217E-2 1.93627E-2 4.28321E-2 7.15033E-2 2.20751E-2 5.09738E-2 3.26808E-1 3.45236E-1 3.49517E-1 8.03606E-2 1.61872E-1 5.86194E-2 1.72349E-1 2.16347E-1 3.12877E-1 3.90038E-1 -9999 -9999
