Phytophthora/models/20240503_1134_59/Phytophthora_PA1_RUN7_MAXENT_outputs/Phytophthora_PA1_RUN7.asc
ncols         113
nrows         135
xllcorner     473009.9838
yllcorner     4429001.1748
cellsize      100.0
NODATA_value  -9999
[rows 52 to 77 of 135, columns 0 to 57 of 113]
-9999 -9999 -9999 -9999 -9999 1.40452E-1 3.91071E-1 4.58151E-1 2.30904E-1 6.62538E-2 1.7081E-2 3.98488E-3 6.55547E-3 1.03237E-2 1.29684E-2 1.07479E-2 6.68948E-3 8.57666E-3 6.59004E-3 2.0876E-3 8.06334E-4 2.19083E-4 3.64591E-4 6.03138E-4 5.43302E-4 5.82711E-4 4.89995E-4 2.09922E-4 3.52246E-5 1.91078E-4 1.24258E-3 4.72893E-3 5.472E-3 4.57248E-3 8.26567E-3 1.27534E-2 1.21988E-2 4.93123E-3 9.84626E-3 3.96919E-2 2.66539E-2 2.18457E-2 2.15794E-2 2.77472E-2 7.51868E-3 2.03071E-2 2.80425E-2 2.00003E-2 8.56714E-2 1.17228E-1 8.97821E-2 9.19321E-2 1.3144E-1 8.42193E-2 1.89106E-2 3.76414E-2 2.99924E-2 6.89382E-2
-9999 -9999 -9999 -9999 -9999 1.2603E-1 6.87178E-1 3.15349E-1 2.0519E-1 7.24083E-2 7.21336E-2 2.12984E-2 1.95218E-2 1.11133E-2 1.14376E-2 8.1485E-3 7.5598E-3 1.22493E-2 9.2339E-3 7.42316E-3 3.92206E-3 1.94351E-3 2.79224E-3 8.46339E-4 5.8598E-4 1.37035E-3 7.62409E-4 6.46382E-5 1.11718E-5 6.27439E-5 8.48529E-4 9.08535E-3 1.06343E-2 4.46677E-3 4.46504E-3 6.32082E-3 4.36501E-3 3.41149E-3 3.41425E-3 9.83664E-3 1.03421E-2 1.68737E-2 1.83245E-2 5.29964E-3 5.88781E-3 1.34776E-2 6.00591E-3 1.52993E-2 8.46055E-2 1.28252E-1 2.17059E-1 1.977E-1 1.54109E-1 7.62959E-2 4.41596E-2 5.01714E-2 4.84352E-2 8.72256E-2
-9999 -9999 -9999 -9999 5.97742E-4 2.01813E-1 5.56407E-1 2.52982E-1 1.77822E-1 1.39444E-1 1.28663E-1 1.13077E-1 4.22176E-2 1.42993E-2 1.72726E-2 2.02897E-2 3.44379E-2 6.42757E-2 5.66837E-2 5.51928E-2 2.47743E-2 7.1273E-3 4.51663E-3 3.53132E-3 1.86984E-3 2.72511E-3 1.45897E-3 1.89693E-4 4.20851E-5 1.47795E-4 4.13052E-4 3.4442E-3 4.85664E-3 1.61272E-3 3.15984E-3 6.46948E-3 9.74336E-3 6.05164E-3 4.83197E-3 4.26554E-3 5.72511E-3 2.01396E-2 3.44986E-2 1.38102E-2 6.31444E-3 7.16089E-3 8.39838E-3 8.96995E-3 4.74962E-2 6.55011E-2 1.5848E-1 1.25129E-1 4.40041E-2 1.09932E-2 4.47429E-2 6.7904E-2 1.13819E-1 1.36523E-1
-9999 -9999 -9999 2.16175E-1 3.56189E-1 4.74379E-1 4.30848E-1 1.98392E-1 2.92694E-1 2.05876E-1 1.5017E-1 1.9937E-1 9.04514E-2 4.48438E-2 4.06384E-2 5.39936E-2 2.34968E-1 3.34128E-1 3.1613E-1 1.88657E-1 9.16969E-2 2.88101E-2 1.36502E-2 7.32929E-3 3.58188E-3 2.81247E-3 2.66208E-3 5.20562E-4 1.02076E-4 2.13667E-4 1.59799E-3 6.22725E-3 3.73324E-3 7.77269E-4 2.65266E-3 9.14679E-3 1.61569E-2 9.88257E-3 3.96804E-3 1.18077E-2 2.80322E-2 5.96619E-2 4.54375E-2 2.41953E-2 1.68468E-2 1.65362E-2 1.57708E-2 4.82759E-3 8.89033E-3 4.13867E-2 7.02918E-2 7.06982E-2 2.19606E-2 4.37425E-2 4.55021E-2 4.21539E-2 4.59225E-2 7.13106E-2
-9999 -9999 -9999 1.16862E-1 2.48422E-1 5.56313E-1 3.76018E-1 1.14012E-1 2.36798E-1 1.65954E-1 4.65227E-1 2.9324E-1 3.15256E-1 3.35964E-1 1.84065E-1 1.80922E-1 3.82193E-1 5.51008E-1 6.10085E-1 3.37487E-1 1.82186E-1 7.41803E-2 4.58052E-2 1.8379E-2 7.48875E-3 3.49491E-3 4.86616E-3 1.96423E-3 2.26069E-4 3.62362E-4 7.96781E-3 1.83894E-2 2.18133E-3 3.41124E-4 1.17322E-3 4.22784E-3 1.60957E-2 1.53942E-2 2.97683E-3 5.2497E-3 2.04803E-2 3.66168E-2 1.64835E-2 1.47852E-2 1.69075E-2 6.38464E-3 6.58776E-3 1.864E-3 1.50212E-2 2.28318E-2 4.78348E-2 1.11666E-1 9.15825E-2 6.62867E-2 4.85692E-2 6.3183E-2 1.29366E-1 1.47904E-1
-9999 -9999 -9999 1.4167E-1 4.4542E-1 3.91739E-1 2.67982E-1 7.98586E-2 6.70941E-2 2.5286E-1 5.34054E-1 4.3537E-1 6.54699E-1 4.35888E-1 2.22892E-1 1.83557E-1 3.09267E-1 4.97915E-1 5.88443E-1 2.78606E-1 1.7379E-1 1.785E-1 2.03509E-1 9.97457E-2 2.8869E-2 1.41211E-2 1.62703E-2 1.07215E-2 2.55496E-3 3.5313E-3 2.31501E-2 2.04643E-2 5.20639E-3 3.81569E-4 3.65728E-4 1.41698E-3 1.62044E-2 1.21498E-2 1.59381E-3 2.60341E-3 1.26417E-2 1.87038E-2 1.54933E-2 7.93733E-3 1.36849E-3 3.2445E-4 1.99281E-3 3.87546E-3 1.44088E-2 1.44936E-2 2.51397E-2 4.14403E-2 5.73006E-2 3.04971E-2 2.30893E-2 6.60074E-2 9.41888E-2 6.23007E-2
-9999 -9999 -9999 9.16446E-2 1.65041E-1 1.75394E-1 6.03373E-2 2.58063E-2 7.50066E-2 3.11096E-1 4.26771E-1 4.18048E-1 4.54067E-1 2.59581E-1 1.40616E-1 6.96422E-2 1.24882E-1 3.05443E-1 3.53185E-1 4.15451E-1 3.92979E-1 3.16603E-1 2.31539E-1 1.23338E-1 4.57215E-2 2.96074E-2 4.0683E-2 5.96644E-2 3.07209E-2 9.41856E-3 7.44313E-3 5.82766E-3 2.24511E-3 5.00288E-5 1.99109E-4 4.99919E-3 3.61815E-2 9.76256E-3 2.08579E-3 3.76323E-3 9.66023E-3 1.29797E-2 1.31806E-2 6.44758E-3 8.8378E-4 4.88126E-4 7.16907E-4 6.54598E-3 4.34688E-2 7.39201E-2 1.14696E-1 8.92802E-2 3.70823E-2 2.01095E-2 5.42092E-3 5.7034E-2 5.4392E-2 6.16419E-2
-9999 -9999 -9999 9.91683E-2 5.7597E-2 9.46492E-2 5.76888E-2 4.21433E-2 8.74276E-2 1.5418E-1 1.932E-1 1.56408E-1 5.25927E-1 4.71764E-1 2.14537E-1 4.51194E-2 3.24249E-2 6.6417E-2 1.18814E-1 3.60267E-1 3.03761E-1 2.30921E-1 6.69186E-2 2.21671E-2 1.89762E-2 2.50909E-2 3.21338E-2 2.61556E-2 1.32121E-2 8.45314E-3 6.65207E-3 2.7928E-3 8.10937E-4 2.34513E-4 4.58483E-4 3.0878E-3 6.86961E-3 2.09983E-2 9.47639E-3 9.7252E-3 1.56646E-2 2.38949E-2 2.24364E-2 6.79475E-3 4.56897E-3 8.33674E-4 1.51502E-3 2.06189E-2 6.69664E-2 8.71117E-2 4.20075E-2 1.97588E-2 1.055E-2 1.24176E-2 3.526E-3 1.77748E-2 7.00385E-2 1.03517E-1
-9999 -9999 -9999 -9999 9.50625E-2 1.9762E-1 1.3669E-1 6.70614E-2 8.87874E-2 1.38484E-1 1.64621E-1 1.27504E-1 3.59935E-1 4.38497E-1 1.79724E-1 6.06451E-2 3.89241E-2 9.88841E-2 1.74246E-1 2.33183E-1 1.27834E-1 6.806E-2 1.42776E-2 1.09078E-2 1.08517E-2 1.51793E-2 1.09655E-2 4.36083E-3 1.16713E-2 1.76793E-2 1.86612E-2 2.82271E-3 2.53948E-3 8.94375E-4 1.86108E-3 3.08041E-3 5.43743E-3 3.49564E-2 3.47169E-2 4.41586E-2 8.16116E-2 6.40088E-2 4.77079E-2 1.57331E-2 7.12378E-3 1.23839E-3 9.37829E-4 6.22281E-3 2.48943E-2 5.96157E-2 1.51682E-2 8.57354E-3 6.22145E-3 7.75875E-3 7.13583E-3 1.02319E-2 4.89423E-2 7.42415E-2
-9999 -9999 -9999 -9999 -9999 5.44901E-1 2.15069E-1 4.50815E-2 6.48629E-2 1.92665E-1 2.02221E-1 1.91859E-1 2.26108E-1 2.54649E-1 9.10896E-2 3.90479E-2 5.32088E-2 1.40337E-1 2.34839E-1 2.086E-1 9.03769E-2 2.31871E-2 9.64508E-3 6.19419E-3 1.08435E-2 3.05011E-2 2.88715E-2 1.21239E-2 2.31573E-2 1.73102E-2 9.72822E-3 3.12578E-3 9.34875E-3 1.22319E-3 1.12999E-3 3.23843E-3 6.78516E-3 2.83634E-2 4.5598E-2 9.34122E-2 1.06104E-1 7.60255E-2 7.00916E-2 3.1487E-2 1.48218E-2 2.59775E-3 1.36737E-3 8.50773E-3 2.51781E-2 2.47298E-2 7.29362E-3 4.78843E-3 6.762E-3 9.04765E-3 2.95948E-2 1.32123E-2 3.37346E-2 5.8193E-2
-9999 -9999 -9999 -9999 -9999 -9999 5.31243E-2 2.10722E-2 8.40613E-2 1.696E-1 1.78429E-1 3.99115E-1 5.5153E-1 2.1052E-1 5.26012E-2 3.04857E-2 2.38045E-2 1.07693E-1 1.47635E-1 7.96962E-2 2.49792E-2 1.5009E-2 7.90984E-3 8.76423E-3 1.5169E-2 2.83239E-2 2.50047E-2 1.6875E-2 9.90775E-3 4.97333E-3 6.03727E-3 6.97846E-3 8.8825E-3 6.51289E-3 1.08869E-2 1.79705E-2 2.22557E-2 6.74318E-2 5.22493E-2 5.2409E-2 1.51096E-1 5.00593E-2 1.40712E-1 5.03914E-2 2.86604E-2 9.46257E-3 3.73914E-3 4.95953E-3 6.83007E-3 5.51795E-3 4.26214E-3 7.23947E-3 1.2488E-2 1.78824E-2 2.27664E-2 2.13144E-2 5.71452E-2 9.48605E-2
-9999 -9999 -9999 -9999 -9999 -9999 2.8515E-2 3.82224E-2 6.0661E-2 1.06668E-1 4.20078E-1 5.33038E-1 4.69812E-1 8.87404E-2 3.52494E-2 3.19286E-2 3.10441E-2 3.03631E-2 3.3647E-2 2.79743E-2 2.08913E-2 1.30103E-2 5.72205E-3 5.65943E-3 7.18269E-3 1.0874E-2 1.82208E-2 1.12227E-2 4.13421E-3 4.95941E-3 8.52012E-3 1.878E-2 1.17248E-2 1.04897E-2 4.90283E-2 2.79748E-2 1.3926E-2 2.27443E-2 1.09905E-2 1.88237E-2 9.07706E-2 6.42445E-2 1.67817E-1 6.25703E-2 3.73438E-2 2.16668E-2 4.05147E-3 9.49526E-4 1.90632E-3 5.72815E-3 1.2606E-2 3.75734E-2 3.55861E-2 2.70381E-2 2.77458E-2 4.84455E-2 4.98582E-2 6.11982E-2
-9999 -9999 -9999 -9999 -9999 2.00898E-2 3.04161E-2 1.82103E-2 1.31756E-2 5.40132E-2 4.16011E-1 4.79714E-1 3.08197E-1 6.66278E-2 1.77203E-2 1.71403E-2 1.6509E-2 1.21602E-2 8.35082E-3 1.86307E-2 2.75227E-2 2.37761E-2 1.19598E-2 1.05711E-2 1.2974E-2 2.23274E-2 2.30564E-2 1.05928E-2 5.22572E-3 1.62973E-3 5.58751E-3 2.69086E-2 3.36392E-2 2.34606E-2 1.4696E-1 1.2219E-1 3.43859E-2 3.53743E-2 2.41784E-2 5.59432E-2 1.36838E-1 6.46983E-2 9.07557E-2 5.65651E-2 3.54056E-2 1.90263E-2 9.11552E-3 2.85876E-3 3.25028E-3 1.65313E-2 1.91136E-2 6.0735E-2 4.04029E-2 2.8195E-2 2.63394E-2 6.07525E-2 6.16035E-2 1.07135E-1
-9999 -9999 -9999 -9999 1.02087E-6 1.56867E-2 3.36442E-2 2.08905E-2 1.49119E-2 2.38813E-2 5.03968E-2 1.27765E-1 9.10066E-2 3.73888E-2 2.34037E-2 1.23373E-2 1.98046E-2 1.55286E-2 1.40793E-2 2.84374E-2 8.09758E-2 6.98757E-2 2.79222E-2 1.8945E-2 3.73632E-2 7.14576E-2 8.288E-2 1.15044E-2 3.67319E-3 6.51674E-3 1.46342E-2 3.40353E-2 4.09897E-2 5.22705E-2 1.04623E-1 9.08539E-2 8.37317E-2 8.03626E-2 9.07517E-2 2.39918E-1 4.3594E-1 1.37713E-1 1.67184E-1 1.7444E-1 4.81344E-2 9.16918E-3 5.23843E-3 1.16855E-2 1.05713E-2 2.91235E-2 2.84742E-2 6.82462E-2 9.91007E-2 2.07577E-1 1.23111E-1 8.86586E-2 1.8953E-1 1.52963E-1
-9999 -9999 -9999 -9999 1.17722E-7 3.19472E-2 1.08849E-1 4.14225E-2 8.59081E-3 2.87437E-3 1.51531E-2 3.40381E-2 4.3721E-2 6.93307E-2 3.13536E-2 4.16743E-2 3.93837E-2 4.388E-2 4.90711E-2 8.27992E-2 1.96525E-1 1.03025E-1 5.25915E-2 5.68348E-2 8.96247E-2 9.87831E-2 8.07856E-2 1.65819E-2 1.13528E-2 1.60278E-2 2.71036E-2 2.9037E-2 8.18061E-2 7.39854E-2 1.1785E-1 1.1281E-1 1.03989E-1 1.05678E-1 1.48184E-1 2.47917E-1 3.88145E-1 3.90572E-1 4.44672E-1 2.80514E-1 2.90579E-2 4.29966E-3 4.00519E-3 3.15504E-2 9.19453E-2 1.38882E-1 1.75455E-1 1.0528E-1 2.27852E-1 2.58778E-1 3.1049E-1 2.73433E-1 1.98846E-1 1.76979E-1
-9999 -9999 -9999 -9999 2.70473E-7 3.36451E-2 1.44071E-1 1.15347E-1 6.17098E-2 4.11915E-3 1.9325E-2 2.32311E-2 4.64763E-2 9.49033E-2 3.19498E-2 1.60129E-2 2.37556E-2 7.52184E-2 1.24504E-1 1.52179E-1 2.00055E-1 1.74353E-1 1.3822E-1 1.44967E-1 1.11763E-1 1.1447E-1 5.10046E-2 2.19305E-2 3.76762E-2 2.60188E-2 3.2564E-2 5.43442E-2 6.63048E-2 1.63495E-1 9.34582E-2 5.27589E-2 2.86209E-2 3.67465E-2 6.86434E-2 1.31813E-1 2.21093E-1 2.48774E-1 3.46107E-1 2.56609E-1 1.86799E-2 2.8204E-3 4.75978E-3 5.25005E-2 1.10975E-1 2.10675E-1 4.19291E-1 3.25805E-1 3.7108E-1 3.53413E-1 4.39631E-1 3.98377E-1 4.59916E-1 1.31741E-1
-9999 -9999 -9999 -9999 2.07734E-7 2.90199E-2 2.03866E-1 2.28697E-1 4.5896E-2 3.84135E-2 6.55392E-2 4.12334E-2 4.52861E-2 1.52748E-2 2.10858E-2 2.93401E-2 8.36411E-2 1.26628E-1 1.9792E-1 3.41264E-1 4.18873E-1 3.95617E-1 3.62518E-1 2.85406E-1 1.20653E-1 1.718E-1 6.76867E-2 4.66711E-2 3.51059E-2 6.17374E-2 1.39834E-1 1.72931E-1 1.53706E-1 1.6739E-1 6.58659E-2 2.09438E-2 1.49557E-2 1.79938E-2 3.77824E-2 1.38366E-1 2.08571E-1 2.59506E-1 1.04442E-1 8.59212E-2 1.64443E-2 3.31716E-3 7.69814E-3 2.86483E-2 9.04957E-2 2.23635E-1 4.93966E-1 6.86661E-1 6.14162E-1 4.08235E-1 4.54073E-1 4.54914E-1 2.46401E-1 1.50491E-1
-9999 -9999 -9999 -9999 4.80542E-8 2.791E-2 3.26599E-1 1.69465E-1 3.12365E-2 7.99701E-2 4.87655E-2 4.2183E-2 3.26134E-2 2.37236E-2 4.2263E-2 1.38977E-1 1.26467E-1 1.90255E-1 2.37406E-1 4.40345E-1 4.16628E-1 3.24131E-1 2.65292E-1 1.33098E-1 1.52646E-1 2.78914E-1 2.42539E-1 1.31622E-1 4.75522E-2 1.58808E-1 1.8584E-1 1.06284E-1 5.47392E-2 1.55435E-2 2.27271E-2 1.87626E-2 1.1448E-2 2.0043E-2 6.84294E-2 1.66974E-1 1.43676E-1 1.26764E-1 3.12598E-2 2.8428E-2 8.03208E-3 5.41959E-3 1.20993E-2 3.91061E-2 1.19195E-1 4.21534E-1 5.79046E-1 4.61796E-1 5.90195E-1 5.41807E-1 1.63714E-1 2.38001E-1 3.28554E-1 3.58483E-1
-9999 -9999 -9999 -9999 3.37992E-8 2.8328E-2 3.5412E-1 8.65527E-2 3.8464E-2 1.14353E-1 1.02736E-1 1.16041E-1 4.67151E-2 3.10108E-2 3.95838E-2 1.2982E-1 2.68413E-1 2.86465E-1 2.69249E-1 3.75733E-1 2.7777E-1 1.54198E-1 8.90873E-2 5.74713E-2 1.15558E-1 2.55009E-1 1.69978E-1 1.15466E-1 2.55574E-2 3.43828E-1 3.2935E-1 1.07939E-1 4.23405E-2 2.45222E-2 8.46047E-3 4.25323E-3 4.88113E-3 4.1466E-2 1.52464E-1 2.86721E-1 1.71756E-1 7.74576E-2 3.30555E-2 1.52057E-2 6.11215E-3 1.24397E-2 2.65843E-2 6.00318E-2 3.62641E-1 4.79675E-1 4.53872E-1 2.16481E-1 3.3041E-1 1.37121E-1 1.4643E-1 1.86193E-1 3.12653E-1 5.7511E-1
-9999 -9999 -9999 -9999 4.67928E-7 3.34468E-2 2.31976E-1 8.58687E-2 4.68816E-2 6.7574E-2 8.3904E-2 3.15652E-1 3.08131E-1 8.38985E-2 6.17946E-2 1.24661E-1 3.00864E-1 3.00808E-1 3.67008E-1 3.74929E-1 2.32388E-1 1.98901E-1 1.29972E-1 1.15764E-1 1.33258E-1 1.8132E-1 1.27065E-1 7.70041E-2 2.82834E-2 7.10212E-2 1.80664E-1 1.08408E-1 8.31482E-2 1.57926E-2 6.12961E-3 8.72292E-3 1.71258E-2 2.74052E-2 1.95842E-1 4.91352E-1 2.35936E-1 6.96967E-2 3.89519E-2 6.33326E-3 7.47844E-3 3.03576E-2 6.32643E-2 7.48646E-2 2.13719E-1 4.27862E-1 2.84085E-1 2.26617E-1 1.51624E-1 8.69588E-2 1.09668E-1 2.57688E-1 3.72635E-1 4.97583E-1
-9999 -9999 -9999 -9999 1.35904E-3 4.1199E-2 6.75871E-2 3.19729E-2 1.844E-2 3.55426E-2 6.79449E-2 1.44613E-1 3.96196E-1 4.11247E-1 2.46345E-1 2.33893E-1 2.66744E-1 2.17333E-1 1.93698E-1 2.09899E-1 2.1421E-1 2.38726E-1 3.45575E-1 2.9793E-1 2.28058E-1 2.02782E-1 2.07513E-1 1.20966E-1 5.32929E-2 1.17425E-1 5.95285E-2 4.70989E-2 1.09829E-1 3.86375E-2 3.61354E-2 2.75494E-2 2.69174E-2 5.04294E-2 2.51492E-1 5.82039E-1 2.32467E-1 7.31615E-2 2.69561E-2 5.23522E-3 1.07854E-2 2.00068E-2 2.76004E-2 8.26027E-2 3.00891E-1 4.16426E-1 4.05629E-1 1.29944E-1 6.62048E-2 9.91878E-2 2.65124E-1 4.64961E-1 5.18091E-1 4.66438E-1
-9999 -9999 -9999 3.83925E-3 4.07989E-2 3.98003E-2 5.93749E-2 3.81038E-2 1.55379E-2 3.1561E-2 7.47916E-2 1.09524E-1 2.7399E-1 5.92906E-1 5.17359E-1 5.09759E-1 4.27035E-1 3.31988E-1 1.72302E-1 9.65247E-2 1.20676E-1 2.12621E-1 3.67203E-1 4.42828E-1 2.9467E-1 1.56335E-1 1.77104E-1 1.52535E-1 1.06304E-1 5.68659E-2 5.01265E-2 4.7713E-2 7.15282E-2 4.73155E-2 4.74097E-2 2.68458E-2 6.75477E-2 1.57486E-1 2.60257E-1 5.27287E-1 2.16104E-1 9.71649E-2 3.36137E-2 7.91956E-3 4.09983E-2 1.67447E-2 1.48276E-2 1.66101E-1 2.76487E-1 2.57036E-1 1.48697E-1 6.72931E-2 4.32895E-2 6.46781E-2 2.90543E-1 6.34923E-1 6.88857E-1 6.37066E-1
-9999 -9999 -9999 2.15359E-2 8.8404E-2 2.26352E-1 3.00669E-1 1.03889E-1 5.6857E-2 1.26325E-1 2.87068E-1 3.06764E-1 5.26794E-1 6.45584E-1 7.53458E-1 7.46286E-1 6.45444E-1 5.43065E-1 4.26568E-1 1.923E-1 2.8081E-1 3.57966E-1 4.11098E-1 5.74425E-1 4.27532E-1 2.47186E-1 2.35818E-1 1.61739E-1 1.58756E-1 4.99125E-2 3.25856E-2 2.44718E-2 8.32208E-2 5.23739E-2 7.58161E-2 4.41463E-2 9.59654E-2 2.25921E-1 3.52049E-1 4.4006E-1 4.01934E-1 3.08541E-1 2.13607E-1 7.92518E-2 1.02893E-1 2.35524E-2 2.22415E-2 2.27997E-1 1.23071E-1 7.675E-2 8.93578E-2 7.40357E-2 4.59103E-2 8.57025E-2 1.7511E-1 5.15245E-1 6.37979E-1 5.89214E-1
-9999 -9999 6.50717E-3 3.30251E-2 3.02407E-1 7.17267E-1 7.73305E-1 5.59979E-1 5.39089E-1 5.03862E-1 6.10412E-1 6.57419E-1 6.2033E-1 7.19681E-1 8.44237E-1 8.78311E-1 6.83936E-1 5.3193E-1 6.22668E-1 3.77809E-1 3.46534E-1 5.12431E-1 6.96647E-1 7.25705E-1 6.04512E-1 3.01339E-1 1.46314E-1 1.17888E-1 9.63312E-2 5.01233E-2 4.51871E-2 8.71409E-2 1.21303E-1 6.19481E-2 9.36795E-2 1.3202E-1 1.44759E-1 1.85591E-1 4.84893E-1 4.90156E-1 6.54877E-1 6.20985E-1 4.71041E-1 1.67304E-1 9.41732E-2 8.01529E-2 1.27909E-1 2.59111E-1 1.23995E-1 1.24515E-1 1.18119E-1 7.19783E-2 5.38084E-2 4.7799E-2 1.142E-1 3.01434E-1 5.36465E-1 4.32548E-1
-9999 -9999 1.54522E-2 3.45902E-1 5.1357E-1 7.98045E-1 8.37179E-1 8.51642E-1 8.58808E-1 8.59177E-1 7.61527E-1 5.71779E-1 6.34845E-1 7.69447E-1 8.18883E-1 8.95559E-1 6.66836E-1 4.58046E-1 5.09671E-1 5.14439E-1 5.8455E-1 6.08126E-1 6.40375E-1 7.07323E-1 6.06293E-1 3.00345E-1 9.46646E-2 1.01606E-1 1.27522E-1 4.83849E-2 8.16131E-2 1.22461E-1 7.93193E-2 3.7411E-2 1.29524E-1 2.04353E-1 1.71033E-1 2.11734E-1 2.8724E-1 4.47654E-1 5.33398E-1 6.72175E-1 4.69946E-1 2.53589E-1 1.73992E-1 2.51434E-1 4.38225E-1 4.85918E-1 4.3117E-1 3.46347E-1 2.39556E-1 1.65343E-1 1.74163E-1 1.23273E-1 7.67652E-2 2.60254E-1 3.62055E-1 2.76294E-1
-9999 -9999 -9999 4.3417E-1 3.65918E-1 6.98794E-1 8.67183E-1 9.3156E-1 9.33272E-1 9.50381E-1 8.54473E-1 5.25862E-1 4.11442E-1 7.437E-1 7.87934E-1 8.83182E-1 5.52264E-1 3.88826E-1 4.91805E-1 7.49715E-1 7.18465E-1 5.3124E-1 4.86027E-1 6.11225E-1 5.06107E-1 2.48379E-1 2.11651E-1 1.68287E-1 2.07023E-1 8.75788E-2 1.11825E-1 1.30233E-1 4.56097E-2 3.39035E-2 7.80256E-2 1.38397E-1 2.10745E-1 2.79486E-1 3.98485E-1 4.16733E-1 5.57403E-1 6.66475E-1 5.78565E-1 4.0085E-1 2.59285E-1 3.79432E-1 4.67123E-1 4.25568E-1 5.01149E-1 5.7706E-1 4.00477E-1 3.51106E-1 3.06185E-1 3.10375E-1 2.09478E-1 1.87513E-1 1.74546E-1 1.56547E-1
