Phytophthora/models/20240503_1134_59/Phytophthora_PA1_RUN7_MAXENT_outputs/Phytophthora_PA1_RUN7.asc
ncols         113
nrows         135
xllcorner     473009.9838
yllcorner     4429001.1748
cellsize      100.0
NODATA_value  -9999
[rows 104 to 129 of 135, columns 0 to 57 of 113]
-9999 -9999 -9999 -9999 -9999 -9999 -9999 -9999 -9999 -9999 -9999 -9999 -9999 -9999 -9999 -9999 -9999 6.01224E-1 5.9316E-1 2.69529E-1 2.32981E-1 2.38242E-1 2.79175E-1 1.54632E-1 1.21037E-1 1.92305E-1 2.54797E-1 4.50544E-1 4.29309E-1 3.31239E-1 4.66659E-1 5.85272E-1 4.68827E-1 2.84683E-1 1.44285E-1 1.57213E-1 1.76201E-1 2.53263E-1 1.03584E-1 4.32592E-2 1.56242E-2 5.29906E-2 5.06673E-1 6.7516E-1 6.88384E-1 3.26967E-1 2.77862E-1 3.03477E-1 2.77149E-1 2.21637E-1 1.80085E-1 1.10324E-1 2.22417E-1 4.41965E-1 5.41655E-1 6.05445E-1 6.54263E-1 5.62314E-1
-9999 -9999 -9999 -9999 -9999 -9999 -9999 -9999 -9999 -9999 -9999 -9999 -9999 -9999 -9999 -9999 -9999 -9999 5.49785E-1 4.93535E-1 4.48701E-1 4.30902E-1 5.46854E-1 3.40239E-1 2.97649E-1 3.16689E-1 3.19863E-1 5.01694E-1 2.17478E-1 2.89638E-1 4.81726E-1 6.11496E-1 4.32746E-1 3.90941E-1 5.76594E-2 1.28894E-2 5.94376E-2 6.48215E-2 3.37547E-2 5.83613E-2 3.20452E-2 4.75953E-2 2.92613E-1 5.24631E-1 4.5233E-1 2.48861E-1 2.99088E-1 4.16611E-1 2.73285E-1 2.82497E-1 4.2898E-1 2.97072E-1 1.81363E-1 4.61072E-1 6.69405E-1 3.3413E-1 2.891E-1 3.23062E-1
-9999 -9999 -9999 -9999 -9999 -9999 -9999 -9999 -9999 -9999 -9999 -9999 -9999 -9999 -9999 -9999 -9999 -9999 5.66358E-1 4.91981E-1 4.71995E-1 5.41241E-1 7.02537E-1 5.63616E-1 3.64275E-1 3.8045E-1 4.87047E-1 3.39895E-1 1.6246E-1 4.07521E-1 5.12636E-1 5.98261E-1 3.24514E-1 1.11332E-1 3.90203E-2 2.39507E-2 2.53864E-2 3.84346E-2 3.46168E-2 1.02743E-1 6.84029E-2 2.07587E-1 4.67027E-1 5.81221E-1 3.80028E-1 4.29974E-1 3.82361E-1 5.01542E-1 4.59741E-1 4.81763E-1 4.22616E-1 2.60371E-1 5.56876E-2 3.70884E-1 5.18326E-1 5.87984E-1 4.53281E-1 3.95677E-1
-9999 -9999 -9999 -9999 -9999 -9999 -9999 -9999 -9999 -9999 -9999 -9999 -9999 -9999 -9999 -9999 -9999 -9999 -9999 3.04571E-1 4.20594E-1 5.94334E-1 7.29409E-1 7.51707E-1 7.00955E-1 5.11298E-1 4.24318E-1 1.51644E-1 3.29857E-1 2.76718E-1 2.14465E-1 2.58181E-1 1.81737E-1 7.70769E-2 6.10286E-2 1.9635E-2 1.80807E-2 3.70853E-2 7.40278E-2 1.8698E-1 2.72499E-1 5.10847E-1 7.59476E-1 6.75225E-1 4.83708E-1 3.24208E-1 2.91171E-1 5.16081E-1 3.42546E-1 4.57772E-1 5.00797E-1 2.29864E-1 1.75613E-1 4.69527E-1 6.97018E-1 6.74748E-1 5.78491E-1 3.7316E-1
-9999 -9999 -9999 -9999 -9999 -9999 -9999 -9999 -9999 -9999 -9999 -9999 -9999 -9999 -9999 -9999 -9999 -9999 -9999 -9999 5.67398E-1 5.69443E-1 6.6466E-1 7.71369E-1 5.9071E-1 3.27275E-1 3.07444E-1 2.14496E-1 1.82141E-1 1.52594E-1 1.01733E-1 4.49841E-2 4.11798E-2 1.22373E-1 1.36238E-1 8.64095E-2 9.59623E-2 1.85428E-1 1.37648E-1 2.28296E-1 3.71964E-1 6.26376E-1 7.71204E-1 6.37573E-1 5.72932E-1 5.13713E-1 3.24761E-1 1.73251E-1 2.47854E-1 4.84117E-1 4.30253E-1 3.91006E-1 5.47927E-1 6.89651E-1 7.2925E-1 6.93045E-1 5.7449E-1 2.61718E-1
-9999 -9999 -9999 -9999 -9999 -9999 -9999 -9999 -9999 -9999 -9999 -9999 -9999 -9999 -9999 -9999 -9999 -9999 -9999 -9999 -9999 3.50568E-1 4.74058E-1 4.55862E-1 2.3933E-1 3.23738E-1 3.9649E-1 2.6261E-1 1.07196E-1 5.57235E-2 6.35755E-2 2.24045E-2 1.62583E-2 9.12059E-2 2.43706E-1 2.61112E-1 7.58237E-2 2.08264E-1 2.45557E-1 2.93539E-1 3.75686E-1 5.95564E-1 6.42839E-1 6.18464E-1 6.49995E-1 6.3706E-1 5.93355E-1 2.4991E-1 2.53872E-1 4.3481E-1 4.51352E-1 4.34096E-1 5.77598E-1 6.28512E-1 7.39032E-1 7.05374E-1 6.63879E-1 4.58841E-1
-9999 -9999 -9999 -9999 -9999 -9999 -9999 -9999 -9999 -9999 -9999 -9999 -9999 -9999 -9999 -9999 -9999 -9999 -9999 -9999 -9999 3.73984E-1 5.92712E-1 6.49953E-1 3.55163E-1 5.40857E-1 2.83978E-1 3.32822E-1 2.34483E-1 8.93912E-2 3.09979E-2 1.68488E-2 1.80452E-2 6.02799E-2 3.00374E-1 3.90255E-1 2.65181E-1 2.49573E-1 1.02401E-1 8.54412E-2 1.05504E-1 4.23821E-1 3.90231E-1 4.38533E-1 5.93344E-1 5.83705E-1 5.20727E-1 2.22824E-1 2.02085E-1 3.79717E-1 4.59964E-1 4.4356E-1 4.77747E-1 4.46263E-1 7.40769E-1 7.36617E-1 7.2458E-1 7.26756E-1
-9999 -9999 -9999 -9999 -9999 -9999 -9999 -9999 -9999 -9999 -9999 -9999 -9999 -9999 -9999 -9999 -9999 -9999 -9999 -9999 -9999 1.55723E-1 3.75408E-1 2.60999E-1 3.74866E-1 4.65115E-1 3.40388E-1 2.48422E-1 2.12086E-1 4.27724E-2 1.29104E-2 6.59003E-3 1.20681E-2 1.6586E-1 2.79285E-1 5.72655E-1 2.51586E-1 1.54476E-1 3.27362E-1 3.67388E-1 4.42583E-1 1.27019E-1 1.29221E-1 1.4707E-1 2.1651E-1 3.08162E-1 1.40347E-1 1.00738E-1 9.42624E-2 1.69511E-1 3.91986E-1 3.54622E-1 8.31082E-2 1.37512E-1 4.21735E-1 5.18838E-1 7.3132E-1 6.92312E-1
-9999 -9999 -9999 -9999 -9999 -9999 -9999 -9999 -9999 -9999 -9999 -9999 -9999 -9999 -9999 -9999 -9999 -9999 -9999 -9999 1.31955E-1 2.56756E-1 1.5425E-1 3.36586E-1 5.21757E-1 4.71792E-1 4.11204E-1 2.56099E-1 1.18666E-1 4.11247E-2 2.10285E-2 6.31732E-3 1.62867E-2 1.97254E-1 1.73108E-1 4.29379E-1 3.4359E-1 1.89647E-1 4.79337E-1 6.76578E-1 5.30726E-1 3.01851E-1 2.48747E-1 3.10757E-1 2.82613E-1 3.49023E-1 2.00518E-1 6.02465E-2 4.86443E-2 9.88503E-2 2.20925E-1 1.3106E-1 3.62551E-2 1.49677E-1 5.01394E-1 6.60526E-1 7.66456E-1 6.80347E-1
-9999 -9999 -9999 -9999 -9999 -9999 -9999 -9999 -9999 -9999 -9999 -9999 -9999 -9999 -9999 -9999 -9999 -9999 -9999 -9999 2.42566E-1 2.52854E-1 1.88618E-1 3.16865E-1 3.79918E-1 3.69454E-1 2.14707E-1 1.25327E-1 1.05571E-1 5.79007E-2 2.25441E-2 2.0069E-2 3.97764E-2 3.6513E-1 5.90679E-1 7.52631E-1 7.6156E-1 4.84724E-1 5.18163E-1 6.87862E-1 5.19177E-1 2.80437E-1 2.35183E-1 1.96334E-1 2.27728E-1 2.15861E-1 1.83847E-1 7.63812E-2 4.96873E-2 6.07372E-2 5.96605E-2 9.18794E-2 4.10869E-2 5.52938E-1 6.35499E-1 6.26192E-1 7.77749E-1 6.25727E-1
-9999 -9999 -9999 -9999 -9999 -9999 -9999 -9999 -9999 -9999 -9999 -9999 -9999 -9999 -9999 -9999 -9999 -9999 -9999 -9999 2.13214E-1 1.74371E-1 1.04257E-1 1.23914E-1 3.08702E-1 2.52775E-1 2.16813E-1 4.70976E-2 5.18205E-2 3.59018E-2 1.17925E-1 2.96179E-1 2.79657E-1 4.56226E-1 6.90866E-1 7.88989E-1 8.25006E-1 6.70276E-1 4.7778E-1 5.13021E-1 5.17057E-1 2.97392E-1 2.66291E-1 2.22663E-1 2.50173E-1 2.61475E-1 1.62292E-1 1.05303E-1 1.08006E-1 1.22575E-1 8.521E-2 1.3472E-1 1.29288E-1 5.37402E-1 6.89583E-1 5.94989E-1 6.83952E-1 6.29388E-1
-9999 -9999 -9999 -9999 -9999 -9999 -9999 -9999 -9999 -9999 -9999 -9999 -9999 -9999 -9999 -9999 -9999 -9999 -9999 -9999 3.00991E-2 2.27182E-2 3.60487E-2 1.40775E-1 3.35259E-1 1.99588E-1 2.8772E-2 1.17516E-2 1.71456E-2 9.73916E-2 3.53179E-1 5.04545E-1 6.97667E-1 6.96542E-1 7.00704E-1 7.80319E-1 7.25084E-1 6.65329E-1 5.89648E-1 5.72758E-1 4.20412E-1 3.78791E-1 4.39052E-1 3.25501E-1 2.8229E-1 4.5557E-1 3.92233E-1 2.2172E-1 3.24521E-1 3.03202E-1 3.20292E-1 2.97726E-1 2.82724E-1 1.76094E-1 4.80196E-1 7.06438E-1 6.36514E-1 5.06713E-1
-9999 -9999 -9999 -9999 -9999 -9999 -9999 -9999 -9999 -9999 -9999 -9999 -9999 -9999 -9999 -9999 -9999 -9999 -9999 -9999 2.25046E-3 1.04256E-2 5.98003E-2 1.08408E-1 1.78545E-1 1.05724E-1 2.63663E-2 1.64851E-2 1.7952E-1 2.64431E-1 3.85007E-1 6.53586E-1 7.22744E-1 7.37299E-1 7.0436E-1 5.76454E-1 6.09545E-1 7.70038E-1 6.49659E-1 5.74386E-1 1.01761E-1 1.33801E-1 1.81285E-1 4.41835E-1 3.24406E-1 5.28088E-1 3.22063E-1 4.83004E-1 5.19765E-1 4.91795E-1 3.79182E-1 4.91855E-1 5.83212E-1 4.18542E-1 5.30536E-1 7.0185E-1 8.41309E-1 7.95799E-1
-9999 -9999 -9999 -9999 -9999 -9999 -9999 -9999 -9999 -9999 -9999 -9999 -9999 -9999 -9999 -9999 -9999 -9999 -9999 -9999 -9999 1.7279E-2 1.11272E-1 2.21811E-1 2.0398E-1 1.12713E-1 1.20618E-1 5.62378E-2 1.7229E-1 3.25138E-1 4.6695E-1 4.99487E-1 6.58775E-1 6.40362E-1 5.61341E-1 5.29833E-1 7.31704E-1 6.48931E-1 6.53193E-1 4.08517E-1 1.56185E-1 3.95542E-1 3.60312E-1 1.85954E-1 3.94845E-1 4.5153E-1 4.94818E-1 5.47733E-1 5.33034E-1 4.30637E-1 3.62692E-1 3.45596E-1 5.70777E-1 6.68007E-1 5.71003E-1 4.98486E-1 6.21515E-1 6.29271E-1
-9999 -9999 -9999 -9999 -9999 -9999 -9999 -9999 -9999 -9999 -9999 -9999 -9999 -9999 -9999 -9999 -9999 -9999 -9999 -9999 -9999 7.38689E-3 4.27965E-2 3.23366E-1 2.79073E-1 2.68891E-1 2.36623E-1 1.79205E-1 2.07626E-1 2.79837E-1 3.64903E-1 4.34821E-1 4.70063E-1 5.56621E-1 3.08921E-1 3.63918E-1 2.95051E-1 3.83854E-1 6.20201E-1 4.94327E-1 3.08542E-1 5.23003E-1 4.88254E-1 1.63294E-1 1.40483E-1 1.28489E-1 3.14663E-1 5.69582E-1 4.30317E-1 2.44384E-1 2.25709E-1 3.16162E-1 4.26284E-1 6.76331E-1 3.59427E-1 6.42617E-1 7.10842E-1 7.11914E-1
-9999 -9999 -9999 -9999 -9999 -9999 -9999 -9999 -9999 -9999 -9999 -9999 -9999 -9999 -9999 -9999 -9999 -9999 -9999 -9999 -9999 -9999 8.43878E-2 3.44161E-1 2.77042E-1 2.58372E-1 3.68526E-1 2.80741E-1 2.60093E-1 3.07684E-1 3.1389E-1 1.58252E-1 9.24791E-2 1.84646E-1 2.67652E-1 2.69282E-1 6.53133E-1 3.49992E-1 6.98996E-1 7.16796E-1 3.81936E-1 2.39753E-1 4.96588E-1 3.40532E-1 2.86449E-1 1.99704E-1 1.92835E-1 4.80259E-1 3.33444E-1 1.40357E-1 1.66173E-1 1.80461E-1 3.22378E-1 6.07854E-1 4.99479E-1 7.79251E-1 8.52652E-1 7.90993E-1
-9999 -9999 -9999 -9999 -9999 -9999 -9999 -9999 -9999 -9999 -9999 -9999 -9999 -9999 -9999 -9999 -9999 -9999 -9999 -9999 -9999 -9999 4.60561E-2 1.62238E-1 2.81125E-1 3.54387E-1 3.50999E-1 2.28041E-1 2.34228E-1 4.12538E-1 3.1235E-1 2.49477E-1 1.61107E-1 3.39355E-1 4.32888E-1 1.99139E-1 4.67661E-1 4.40661E-1 5.04662E-1 6.16606E-1 6.21005E-1 5.2336E-1 4.37192E-1 4.98774E-1 5.41619E-1 4.26644E-1 2.01677E-1 3.22479E-1 2.03412E-1 1.44476E-1 2.89269E-1 1.52277E-1 3.83575E-1 3.10353E-1 6.51596E-1 8.39829E-1 8.40851E-1 7.92431E-1
-9999 -9999 -9999 -9999 -9999 -9999 -9999 -9999 -9999 -9999 -9999 -9999 -9999 -9999 -9999 -9999 -9999 -9999 -9999 -9999 -9999 -9999 -9999 3.45304E-2 1.36495E-1 4.78697E-1 4.13413E-1 4.10333E-1 3.56393E-1 5.19437E-1 3.05018E-1 5.3338E-1 4.6684E-1 3.58418E-1 2.35646E-1 1.24512E-1 6.03842E-1 7.13547E-1 6.39793E-1 7.45243E-1 7.26164E-1 5.44956E-1 4.03694E-1 3.77012E-1 5.16718E-1 2.68912E-1 9.36304E-2 1.74145E-1 6.09598E-2 2.47668E-1 1.21842E-1 3.39343E-1 5.70423E-1 6.46589E-1 7.50707E-1 6.51828E-1 4.98593E-1 5.0733E-1
-9999 -9999 -9999 -9999 -9999 -9999 -9999 -9999 -9999 -9999 -9999 -9999 -9999 -9999 -9999 -9999 -9999 -9999 -9999 -9999 -9999 -9999 -9999 1.15337E-1 4.77572E-1 6.11362E-1 4.3893E-1 4.46375E-1 4.17769E-1 6.15277E-1 6.14574E-1 5.38169E-1 4.39534E-1 1.9043E-1 1.27256E-1 1.36579E-1 5.18371E-1 7.32491E-1 7.19336E-1 7.06209E-1 7.17736E-1 6.95745E-1 5.69648E-1 4.68128E-1 4.29377E-1 2.08385E-1 7.01263E-2 4.47437E-2 3.54563E-2 7.63893E-2 1.61063E-1 6.09925E-1 6.74013E-1 6.51765E-1 7.6111E-1 6.37854E-1 1.09379E-1 7.8481E-2
-9999 -9999 -9999 -9999 -9999 -9999 -9999 -9999 -9999 -9999 -9999 -9999 -9999 -9999 -9999 -9999 -9999 -9999 -9999 -9999 -9999 -9999 -9999 2.40364E-1 4.89174E-1 5.36833E-1 4.98125E-1 3.16772E-1 7.08946E-1 5.41278E-1 4.84899E-1 2.68728E-1 1.39504E-1 9.63146E-2 1.19923E-1 1.93718E-1 4.49779E-1 6.2847E-1 6.46023E-1 6.13E-1 7.05158E-1 7.81391E-1 7.51452E-1 6.86164E-1 6.08468E-1 5.06452E-1 3.35009E-1 2.58129E-1 1.30644E-1 1.17945E-1 1.04774E-1 2.61001E-1 1.17894E-1 3.77275E-1 5.66514E-1 5.46371E-1 3.86294E-1 2.77874E-1
-9999 -9999 -9999 -9999 -9999 -9999 -9999 -9999 -9999 -9999 -9999 -9999 -9999 -9999 -9999 -9999 -9999 -9999 -9999 -9999 -9999 -9999 -9999 -9999 -9999 2.09394E-1 4.18161E-1 4.6898E-1 6.40267E-1 4.00948E-1 2.03319E-1 1.17818E-1 1.18446E-1 8.88367E-2 1.06804E-1 2.25384E-1 3.33758E-1 3.89616E-1 4.8548E-1 6.06733E-1 7.30249E-1 8.43549E-1 8.13782E-1 6.50708E-1 5.45168E-1 4.28116E-1 3.72541E-1 4.68518E-1 1.92691E-1 9.24559E-2 2.0704E-1 1.00676E-1 1.03889E-1 2.82326E-1 4.23027E-1 4.18143E-1 3.97183E-1 4.27892E-1
-9999 -9999 -9999 -9999 -9999 -9999 -9999 -9999 -9999 -9999 -9999 -9999 -9999 -9999 -9999 -9999 -9999 -9999 -9999 -9999 -9999 -9999 -9999 -9999 -9999 -9999 3.83686E-1 4.14117E-1 5.57001E-1 3.38328E-1 1.99248E-1 8.72162E-2 5.96438E-2 5.44388E-2 6.11156E-2 8.49952E-2 1.62936E-1 1.70005E-1 1.32468E-1 2.18627E-1 4.48568E-1 6.21865E-1 5.96033E-1 5.26692E-1 4.15225E-1 2.90615E-1 2.73631E-1 2.24797E-1 1.30273E-1 8.65183E-2 2.40562E-1 1.13087E-1 1.98746E-1 3.64974E-1 3.97423E-1 4.49928E-1 4.6429E-1 4.56328E-1
-9999 -9999 -9999 -9999 -9999 -9999 -9999 -9999 -9999 -9999 -9999 -9999 -9999 -9999 -9999 -9999 -9999 -9999 -9999 -9999 -9999 -9999 -9999 -9999 -9999 -9999 -9999 5.07278E-1 7.28867E-1 3.82858E-1 2.36119E-1 1.24744E-1 7.07599E-2 3.86786E-2 3.84375E-2 2.60441E-2 6.91765E-2 6.43802E-2 5.42951E-2 5.79809E-2 2.2288E-1 3.63955E-1 6.06304E-1 5.44517E-1 4.4587E-1 2.80071E-1 2.15206E-1 2.0974E-1 1.5412E-1 1.79064E-1 1.31629E-1 4.62435E-2 1.21645E-1 2.77672E-1 1.55026E-1 1.16712E-1 2.55521E-1 2.0397E-1
-9999 -9999 -9999 -9999 -9999 -9999 -9999 -9999 -9999 -9999 -9999 -9999 -9999 -9999 -9999 -9999 -9999 -9999 -9999 -9999 -9999 -9999 -9999 -9999 -9999 -9999 -9999 1.29957E-1 1.63175E-1 1.52749E-1 1.662E-1 7.69239E-2 6.7665E-2 4.74583E-2 1.09258E-2 3.16619E-3 5.19133E-3 4.5279E-3 4.1393E-3 1.5907E-2 9.87104E-2 1.03348E-1 3.36965E-1 2.69134E-1 1.63028E-1 2.33659E-1 2.7562E-1 3.34088E-1 3.6321E-1 3.87907E-1 1.23738E-1 2.22026E-1 1.302E-1 2.74093E-1 2.27072E-1 1.76771E-1 6.8553E-2 1.62587E-1
-9999 -9999 -9999 -9999 -9999 -9999 -9999 -9999 -9999 -9999 -9999 -9999 -9999 -9999 -9999 -9999 -9999 -9999 -9999 -9999 -9999 -9999 -9999 -9999 -9999 -9999 -9999 -9999 -9999 -9999 -9999 3.50336E-2 2.531E-2 1.50976E-2 4.16745E-3 1.66508E-3 4.49599E-3 5.30019E-3 3.98073E-3 5.60493E-3 1.61799E-2 3.55862E-2 1.19678E-1 8.92757E-2 4.77665E-2 1.27279E-1 4.22797E-1 3.05633E-1 3.2154E-1 1.83523E-1 2.28032E-1 2.14455E-1 1.00988E-1 1.46616E-1 2.83955E-1 2.90278E-1 9.09922E-2 2.01136E-1
-9999 -9999 -9999 -9999 -9999 -9999 -9999 -9999 -9999 -9999 -9999 -9999 -9999 -9999 -9999 -9999 -9999 -9999 -9999 -9999 -9999 -9999 -9999 -9999 -9999 -9999 -9999 -9999 -9999 -9999 -9999 -9999 -9999 2.0281E-2 3.28747E-3 1.21115E-3 8.80188E-4 4.66628E-3 3.94916E-3 6.0116E-3 1.9035E-2 3.2139E-2 8.70905E-2 8.55337E-2 5.41554E-2 1.35465E-1 3.86008E-1 3.40025E-1 1.8497E-1 8.54819E-2 1.02638E-1 9.68701E-2 1.83826E-1 1.92947E-1 1.83331E-1 3.0048E-1 -9999 -9999
