Phytophthora/models/20240503_1134_59/Phytophthora_PA1_RUN7_MAXENT_outputs/Phytophthora_PA1_RUN7.asc
ncols         113
nrows         135
xllcorner     473009.9838
yllcorner     4429001.1748
cellsize      100.0
NODATA_value  -9999
[rows 26 to 51 of 135, columns 0 to 57 of 113]
-9999 -9999 -9999 -9999 -9999 -9999 -9999 -9999 -9999 -9999 2.20576E-3 2.17862E-3 6.95871E-3 4.18193E-3 5.59448E-3 5.49633E-3 2.81825E-2 3.49848E-2 5.00505E-2 2.89706E-2 2.27006E-2 5.93114E-3 4.76484E-3 3.70747E-3 7.84301E-3 1.2271E-2 1.25414E-2 6.64931E-3 1.54328E-3 1.92521E-4 1.24524E-5 4.58412E-5 6.94779E-4 1.42077E-2 1.53408E-2 1.34896E-2 1.34593E-2 4.95209E-3 2.07566E-3 1.11544E-3 1.36182E-3 2.38164E-3 4.78177E-3 -9999 -9999 -9999 -9999 -9999 -9999 -9999 -9999 -9999 -9999 -9999 -9999 -9999 -9999 -9999
-9999 -9999 -9999 -9999 -9999 -9999 -9999 -9999 -9999 -9999 7.15556E-4 1.00557E-3 1.91936E-3 1.74404E-3 1.72514E-3 1.61193E-3 1.30085E-2 3.19496E-2 9.37754E-2 8.0019E-2 8.91929E-3 4.69371E-3 1.93914E-2 3.4989E-2 3.57638E-2 2.2809E-2 2.79929E-2 1.85512E-2 4.33438E-3 3.11473E-4 7.33293E-5 1.29551E-4 2.02592E-3 8.41444E-3 6.95682E-3 2.17804E-3 1.44026E-2 1.12514E-2 2.96828E-3 1.48673E-3 2.55639E-3 6.03206E-3 1.25755E-2 7.71984E-3 8.38309E-3 1.37093E-2 1.29466E-2 -9999 -9999 -9999 -9999 -9999 -9999 -9999 -9999 -9999 -9999 -9999
-9999 -9999 -9999 -9999 -9999 -9999 -9999 -9999 4.92397E-19 6.03576E-9 5.48199E-4 7.48832E-4 1.44118E-4 1.40132E-4 3.25433E-4 5.3396E-4 2.79859E-3 1.18733E-2 1.99331E-2 4.23806E-2 1.14492E-2 1.79904E-2 3.95779E-2 6.00436E-2 6.40773E-2 6.60939E-2 4.22571E-2 2.36142E-2 6.91056E-3 4.28599E-4 2.02876E-4 1.49607E-4 6.36544E-4 1.27676E-3 6.97702E-4 3.30104E-4 8.31893E-4 6.65507E-3 1.02123E-2 5.65681E-3 4.49921E-3 9.72787E-4 2.41994E-3 5.60617E-3 6.61919E-3 8.71187E-3 2.00598E-2 -9999 -9999 -9999 -9999 -9999 -9999 -9999 -9999 -9999 -9999 -9999
-9999 -9999 -9999 -9999 -9999 -9999 2.01977E-11 1.05578E-11 2.52224E-11 5.55174E-6 6.23982E-3 1.78555E-3 8.90544E-4 5.27191E-4 4.14388E-4 7.10307E-4 2.8049E-3 2.8711E-3 6.53412E-3 1.61552E-2 2.08843E-2 4.416E-2 1.19349E-1 1.79706E-1 2.92161E-1 1.00066E-1 3.82135E-2 1.25492E-2 2.98642E-3 7.50919E-4 7.47907E-4 3.3973E-4 9.49901E-4 1.117E-3 2.79529E-4 1.20765E-4 1.79165E-4 7.34318E-4 4.77264E-3 1.09523E-2 5.00225E-3 1.14411E-3 2.33293E-3 8.2111E-3 4.84328E-3 8.22182E-3 1.7288E-2 -9999 -9999 -9999 -9999 -9999 -9999 -9999 -9999 -9999 -9999 -9999
-9999 -9999 -9999 -9999 -9999 -9999 2.53251E-6 1.68326E-5 9.40896E-5 2.95199E-3 5.79146E-3 1.91321E-3 3.97078E-3 7.59554E-3 5.42365E-3 4.53446E-3 6.60342E-3 3.24443E-3 4.32177E-3 6.98739E-3 1.76377E-2 3.84766E-2 1.89617E-1 2.47112E-1 1.50154E-1 8.18404E-2 3.97769E-2 9.64816E-3 1.86917E-3 7.41397E-4 1.9255E-3 1.12433E-3 1.69102E-3 1.25593E-3 6.95098E-4 2.43977E-4 1.07664E-3 1.89493E-3 4.45834E-3 1.08447E-2 5.43468E-3 2.14658E-3 4.92593E-3 6.76058E-3 3.28259E-3 1.98154E-2 4.96032E-2 3.25388E-2 -9999 -9999 -9999 -9999 -9999 -9999 -9999 -9999 -9999 -9999
-9999 -9999 -9999 -9999 -9999 -9999 3.97183E-7 3.71177E-5 6.40459E-4 1.86482E-3 1.77964E-4 3.60897E-4 4.37229E-3 2.67846E-2 3.76485E-2 2.08446E-2 1.07967E-2 3.69287E-3 1.83709E-3 3.29499E-3 1.43057E-2 3.87558E-2 8.15042E-2 1.9241E-1 1.47362E-1 3.58938E-2 8.03937E-3 1.3957E-2 5.12851E-3 1.27387E-3 2.15715E-3 3.39153E-3 5.29618E-3 1.34234E-3 1.39053E-3 1.46617E-3 1.86511E-3 1.00331E-2 1.68944E-2 1.01707E-2 9.01544E-3 3.46304E-3 1.98171E-3 4.37168E-3 4.03334E-3 1.43291E-2 5.62824E-2 4.83169E-2 7.59058E-2 -9999 -9999 -9999 -9999 -9999 -9999 -9999 -9999 -9999
-9999 -9999 -9999 -9999 -9999 5.00911E-6 5.31761E-6 4.64959E-5 9.74364E-4 5.89183E-4 1.56972E-4 4.50171E-4 5.80489E-3 2.56445E-2 2.42486E-2 1.10917E-2 1.14355E-2 3.58741E-3 1.23775E-3 2.47733E-3 9.12767E-3 3.89595E-2 1.29988E-1 1.84851E-1 5.88275E-2 6.96935E-3 8.26575E-4 1.32625E-3 6.35319E-4 3.97558E-4 6.9848E-4 2.30867E-3 2.05265E-3 5.28126E-4 1.56408E-3 2.54722E-3 3.53583E-3 1.16087E-2 2.25089E-2 2.04538E-3 2.9865E-3 2.22275E-3 9.36768E-4 6.51727E-3 1.56926E-2 8.62619E-3 2.32891E-2 4.19852E-2 5.21725E-2 6.87567E-2 7.77324E-2 -9999 -9999 -9999 -9999 -9999 -9999 -9999
-9999 -9999 -9999 -9999 1.83528E-10 5.01994E-6 6.57916E-6 3.19819E-5 2.18465E-4 3.8978E-4 1.71835E-4 9.24328E-4 4.03312E-3 2.40632E-2 1.78916E-2 7.11581E-3 3.93175E-3 2.3023E-3 1.20911E-3 1.48903E-3 4.16602E-3 2.82715E-2 9.3915E-2 1.01367E-1 5.23432E-2 8.29459E-3 6.02433E-4 1.57292E-4 9.11994E-6 2.19532E-5 3.65545E-4 1.56244E-3 2.39019E-3 1.50817E-3 2.57407E-3 3.60226E-3 4.06314E-3 1.16535E-2 5.65655E-3 2.06814E-3 2.77424E-3 1.65251E-3 2.24927E-3 8.4462E-3 3.25057E-2 1.57426E-2 5.35911E-3 2.874E-2 3.33688E-2 4.11306E-2 4.93911E-2 8.13108E-2 8.99705E-2 -9999 -9999 -9999 -9999 -9999
-9999 -9999 -9999 -9999 1.33331E-10 1.75857E-5 1.09934E-5 3.8882E-5 1.83719E-4 3.49575E-4 2.12461E-4 4.4995E-4 2.62309E-3 1.48813E-2 3.86673E-3 2.71635E-3 1.73043E-3 1.1107E-3 1.11162E-3 1.36506E-3 2.28203E-3 4.39824E-3 1.26988E-2 2.29968E-2 2.71393E-2 6.97161E-3 4.82569E-4 1.69079E-4 3.11464E-6 9.96361E-6 4.38737E-4 1.84472E-3 1.40015E-3 1.72039E-3 6.61116E-3 7.25008E-3 7.05704E-3 1.34232E-2 5.20047E-3 4.1777E-3 8.08515E-3 6.14843E-3 5.75502E-3 1.19545E-2 4.03256E-2 2.06471E-2 2.57824E-2 8.60014E-3 8.65825E-3 2.58586E-2 8.7933E-3 2.3384E-2 1.27949E-1 -9999 -9999 -9999 -9999 -9999
-9999 -9999 -9999 -9999 -9999 -9999 -9999 -9999 3.61717E-4 2.24459E-4 1.23746E-3 1.44515E-3 1.85009E-3 1.29771E-3 1.25806E-3 1.19625E-3 1.31818E-3 9.94369E-4 6.0933E-4 4.92005E-4 4.58418E-4 6.56648E-4 2.08738E-3 4.94445E-3 3.55433E-3 2.56884E-3 2.23183E-4 5.13306E-5 2.35424E-6 9.47512E-6 5.10533E-4 2.21975E-3 8.06636E-4 1.03197E-3 2.72255E-3 3.71482E-3 5.57782E-3 3.83886E-3 1.91409E-3 2.50493E-3 7.55571E-3 4.05092E-3 1.7721E-3 5.78181E-3 2.15764E-2 3.41028E-2 2.49195E-2 3.52372E-2 7.53983E-3 7.83217E-3 1.09984E-2 3.18782E-2 1.72148E-1 2.6767E-1 -9999 -9999 -9999 -9999
-9999 -9999 -9999 -9999 -9999 -9999 -9999 -9999 -9999 -9999 1.10044E-3 1.20166E-3 5.08854E-4 2.11914E-4 3.78059E-4 5.60085E-4 7.77163E-4 8.57378E-4 6.17462E-4 1.7672E-4 3.09246E-4 4.22908E-4 6.633E-4 9.0953E-4 1.38885E-3 2.4743E-3 7.16227E-4 2.3844E-4 1.27608E-5 2.03431E-5 6.20979E-4 2.19615E-3 6.95028E-4 1.15656E-3 6.56198E-3 5.54158E-3 1.34674E-2 1.00403E-2 3.57892E-3 3.15837E-3 3.97312E-3 4.27356E-3 1.11538E-2 3.04825E-2 1.39924E-2 3.63439E-2 4.35088E-2 2.17683E-2 2.15086E-2 5.08486E-2 4.57672E-2 7.23915E-2 1.52268E-1 2.19708E-1 -9999 -9999 -9999 -9999
-9999 -9999 -9999 -9999 -9999 -9999 -9999 -9999 -9999 -9999 -9999 1.39263E-3 3.43983E-4 2.53405E-4 2.10227E-4 3.08263E-4 3.9082E-4 2.86537E-4 1.45899E-4 7.37545E-5 1.7979E-4 1.90886E-4 1.18968E-3 2.6121E-3 8.68878E-3 1.29296E-2 4.77297E-3 1.71665E-3 2.21903E-4 2.07284E-4 2.37865E-4 4.62025E-4 4.85626E-4 1.69924E-3 2.46799E-2 2.3331E-2 1.47715E-2 1.45385E-2 1.0128E-2 9.40727E-3 7.04831E-3 1.22981E-2 3.51675E-2 3.52891E-2 2.00984E-2 3.78311E-2 6.39443E-2 7.47838E-2 3.34538E-2 4.25138E-2 3.15537E-2 3.04998E-2 1.43631E-1 1.54624E-1 1.45224E-1 -9999 -9999 -9999
-9999 -9999 -9999 -9999 -9999 -9999 -9999 -9999 -9999 -9999 -9999 -9999 3.06323E-4 4.03914E-4 2.32051E-4 7.59136E-5 5.51605E-5 3.31994E-5 3.34625E-5 1.30719E-4 2.66786E-4 1.42853E-3 9.0079E-3 1.09477E-2 1.07352E-2 1.2379E-2 1.01645E-2 1.18491E-2 2.21534E-3 8.74439E-4 7.8733E-5 1.27821E-4 9.14709E-4 6.62777E-3 2.8261E-2 2.85278E-2 1.80381E-2 9.27289E-3 2.77253E-3 9.98587E-3 1.63937E-2 3.55796E-2 3.74356E-2 3.0593E-2 1.02519E-1 4.00653E-2 7.8307E-2 8.07956E-2 1.79065E-1 1.12586E-1 7.01491E-2 6.82128E-2 1.47535E-1 1.66731E-1 1.55622E-1 1.29838E-1 6.45874E-2 -9999
-9999 -9999 -9999 -9999 -9999 -9999 -9999 -9999 -9999 -9999 -9999 -9999 -9999 -9999 7.04364E-5 7.05607E-6 1.09365E-5 2.69153E-5 1.35312E-4 5.87644E-4 5.34751E-4 1.1897E-3 5.12001E-3 8.56282E-3 1.08063E-2 1.73036E-2 1.25821E-2 6.63751E-3 7.23185E-4 1.05643E-3 4.7462E-4 1.00687E-4 5.82885E-4 3.42836E-3 1.02518E-2 5.18285E-2 5.01408E-2 2.05467E-2 6.5749E-3 5.93596E-3 3.75151E-2 1.97915E-2 2.44343E-3 2.51896E-2 4.82081E-2 3.21566E-2 6.51497E-2 1.90103E-1 1.99711E-1 1.51357E-1 1.58087E-1 7.24313E-2 1.82007E-1 1.83185E-1 1.94025E-1 1.64222E-1 1.78504E-1 -9999
-9999 -9999 -9999 -9999 -9999 -9999 -9999 -9999 -9999 -9999 -9999 -9999 -9999 -9999 -9999 1.27623E-6 1.18046E-5 2.18634E-4 1.01596E-3 2.01213E-3 1.43877E-3 1.72979E-4 4.4821E-4 1.22072E-3 1.07612E-3 5.67818E-4 3.47491E-4 1.05497E-3 6.6776E-4 1.36762E-4 3.74597E-4 5.70793E-5 9.61682E-5 9.916E-4 2.36544E-3 1.06258E-2 2.02009E-2 1.00121E-2 6.06553E-3 9.49413E-3 1.96128E-2 2.17886E-3 1.51109E-3 4.65053E-3 9.06302E-3 1.41777E-2 3.2562E-2 1.12063E-1 1.68741E-1 5.13148E-2 5.75834E-2 1.23921E-1 8.54456E-2 8.4965E-2 2.65789E-1 5.72455E-2 1.59143E-1 3.07361E-2
-9999 -9999 -9999 -9999 -9999 -9999 -9999 -9999 -9999 -9999 -9999 -9999 -9999 -9999 -9999 -9999 8.06265E-5 2.49202E-4 2.47601E-3 3.12125E-3 5.2989E-4 7.46314E-5 8.50788E-5 1.22441E-4 5.0125E-5 2.52588E-5 3.16958E-5 5.71665E-5 1.59654E-4 2.84913E-5 2.11052E-4 3.56645E-4 6.82191E-5 2.20524E-4 2.28109E-3 4.59114E-3 9.09751E-3 1.23171E-2 1.53692E-2 1.28385E-2 1.32301E-2 2.43372E-3 3.92736E-3 1.67582E-3 4.7903E-3 1.74263E-2 2.17567E-2 5.83063E-2 4.28708E-2 5.94367E-2 7.56212E-2 1.50587E-1 5.74548E-2 4.33195E-2 8.23425E-2 3.84318E-2 3.61985E-2 1.3824E-2
-9999 -9999 -9999 -9999 -9999 -9999 -9999 -9999 -9999 -9999 -9999 -9999 -9999 -9999 -9999 -9999 1.20023E-3 3.99916E-3 7.37118E-3 2.91928E-3 2.51394E-4 7.53155E-5 9.14359E-5 2.29653E-4 1.84203E-4 8.92517E-5 5.22777E-5 1.46083E-4 1.59122E-4 8.71357E-5 2.78902E-4 6.00129E-4 2.13147E-4 2.11941E-4 3.45324E-3 1.15714E-2 2.45711E-2 3.23591E-2 4.43966E-2 3.79119E-2 2.95016E-2 3.002E-3 1.45699E-2 1.5493E-2 9.77251E-3 2.15426E-2 3.57443E-2 4.15081E-2 2.87788E-2 5.91153E-2 1.62205E-1 1.56013E-1 1.09318E-1 1.01365E-1 1.60385E-1 1.24651E-1 7.02956E-2 5.399E-2
-9999 -9999 -9999 -9999 -9999 -9999 -9999 -9999 -9999 -9999 -9999 -9999 -9999 -9999 -9999 -9999 2.77704E-3 1.2081E-2 5.66954E-3 2.41158E-3 4.58859E-4 3.09755E-4 2.27118E-4 5.95789E-5 1.12476E-4 1.23999E-4 9.63563E-5 3.26399E-4 3.74386E-4 4.01332E-4 5.62646E-4 7.84914E-4 8.78377E-4 6.87809E-4 2.63877E-3 1.14586E-2 3.64131E-2 3.48064E-2 5.86887E-2 6.37055E-2 3.36012E-2 2.54365E-2 3.98309E-2 2.75283E-2 1.54455E-2 2.64203E-2 7.49802E-2 7.7768E-2 8.39621E-2 1.39033E-1 2.2053E-1 1.1297E-1 5.10311E-2 7.99592E-2 6.18526E-2 1.6419E-1 5.859E-2 6.9595E-2
-9999 -9999 -9999 -9999 -9999 -9999 -9999 -9999 -9999 -9999 -9999 -9999 -9999 -9999 -9999 -9999 9.89473E-3 1.43466E-2 1.44882E-2 7.38239E-3 6.35189E-3 1.19913E-3 7.60676E-4 1.52744E-4 5.60231E-5 2.43702E-5 5.97959E-5 1.68772E-4 1.27113E-4 2.40831E-4 6.71591E-4 1.46721E-3 3.30639E-3 2.20118E-3 3.1805E-3 9.12469E-3 3.00956E-2 5.50012E-2 6.7582E-2 4.07078E-2 2.53059E-2 3.80174E-2 9.16221E-2 3.41094E-2 2.0014E-2 2.6855E-2 9.72241E-2 6.779E-2 4.21352E-2 4.42327E-2 2.69474E-1 8.92889E-2 5.41081E-2 8.07598E-2 8.27667E-2 7.22516E-2 4.4083E-2 4.66857E-2
-9999 -9999 -9999 -9999 -9999 -9999 -9999 -9999 -9999 -9999 1.07294E-1 3.98217E-1 9.78929E-5 5.35305E-14 5.38404E-5 4.78855E-2 1.34483E-2 1.33048E-2 6.78005E-3 4.52482E-3 1.54819E-2 6.32595E-3 4.03586E-3 5.92763E-4 1.56983E-4 5.73657E-6 1.04383E-5 2.4515E-5 2.45697E-5 2.00198E-5 3.284E-4 1.48129E-3 2.64933E-3 2.63252E-3 1.85763E-3 7.7156E-3 1.4862E-2 2.19679E-2 7.82562E-2 4.11317E-2 1.51306E-2 5.01207E-2 7.58261E-2 1.81466E-2 3.16816E-2 -9999 -9999 2.95794E-2 7.44238E-3 1.79276E-2 2.25108E-1 2.34271E-1 9.00503E-2 4.64118E-2 1.34685E-1 6.69514E-2 2.32613E-2 1.53622E-2
-9999 -9999 -9999 -9999 -9999 -9999 -9999 5.34218E-13 1.12889E-12 6.51825E-6 1.19591E-1 4.19629E-1 1.06712E-3 1.65308E-10 7.00035E-5 5.40124E-2 7.50251E-3 6.33535E-3 1.5553E-3 4.21242E-3 1.70661E-2 2.07943E-2 7.57748E-3 1.89386E-3 3.35719E-4 4.40323E-6 5.35267E-6 8.80999E-6 6.39991E-6 6.67802E-6 1.74274E-4 8.95187E-4 5.64701E-4 1.5741E-3 1.49801E-3 5.95662E-3 1.49868E-2 2.04854E-2 4.79844E-2 3.27121E-2 3.32126E-2 5.11174E-2 2.42315E-2 1.63451E-2 3.00173E-2 -9999 -9999 2.89676E-2 1.15363E-2 2.11651E-2 1.50139E-1 1.30135E-1 1.49822E-2 2.05114E-2 4.15115E-2 1.73152E-2 1.18554E-2 2.29226E-2
-9999 -9999 -9999 -9999 -9999 5.23183E-6 3.51231E-5 4.99325E-4 4.16494E-3 1.20316E-1 2.44181E-1 4.22178E-1 2.39572E-1 7.01291E-3 6.92488E-2 5.16836E-2 7.30531E-3 3.4229E-3 2.91546E-4 2.83526E-3 9.47674E-3 1.07319E-2 4.93423E-3 2.0173E-3 5.27171E-4 3.3251E-5 9.74547E-5 1.51453E-4 2.62756E-5 1.88413E-5 2.30343E-4 6.62903E-4 6.61793E-4 3.53983E-3 3.98448E-3 1.29678E-2 1.28623E-2 1.43386E-2 1.89355E-2 1.29431E-2 2.0913E-2 1.98875E-2 8.02633E-3 9.55396E-3 2.80327E-2 -9999 -9999 4.78989E-2 1.20354E-2 -9999 -9999 1.29057E-2 5.06355E-3 5.98459E-3 1.94759E-2 1.48188E-2 2.16544E-2 2.66727E-2
-9999 -9999 -9999 -9999 -9999 2.23753E-2 7.99618E-2 1.14968E-1 1.33004E-1 1.30003E-1 8.23633E-2 2.29071E-1 2.73073E-1 3.17937E-1 1.0306E-1 3.09177E-2 1.04743E-2 1.752E-3 1.71137E-4 1.78571E-3 5.16126E-3 6.00445E-3 1.97287E-3 3.97369E-3 1.33218E-3 1.43443E-4 3.01141E-4 4.90295E-4 1.22687E-4 1.13571E-4 2.72476E-4 5.70587E-4 4.1649E-4 1.03439E-3 4.58007E-3 1.31238E-2 1.31797E-2 1.28237E-2 1.44105E-2 1.26684E-2 6.55289E-3 2.16521E-2 6.21988E-3 1.35637E-2 3.42186E-2 1.23018E-2 -9999 -9999 -9999 -9999 -9999 4.22601E-2 6.2183E-3 1.59053E-2 4.66712E-2 1.04732E-1 4.61714E-2 3.0371E-2
-9999 -9999 -9999 -9999 -9999 2.50224E-2 1.14528E-1 1.55967E-1 8.41163E-2 1.02366E-1 1.2346E-1 9.08133E-2 6.9258E-2 6.35496E-2 2.68384E-2 2.67538E-2 1.22448E-2 3.88125E-3 6.71706E-4 1.69089E-3 1.0377E-3 7.23408E-4 2.04916E-3 5.43177E-3 1.95426E-3 7.8332E-4 1.95881E-3 1.92128E-3 1.25563E-3 1.1506E-3 8.58977E-4 5.10358E-4 1.18458E-3 1.63757E-3 1.20671E-3 1.44403E-2 1.72414E-2 2.54179E-2 5.34664E-2 6.59917E-3 3.79294E-3 2.4901E-2 2.17553E-2 2.77233E-2 7.70437E-2 4.61157E-2 -9999 -9999 -9999 -9999 9.07294E-2 7.16538E-2 2.36293E-2 2.65199E-2 8.73691E-2 8.5332E-2 4.39834E-2 4.87937E-2
-9999 -9999 -9999 -9999 -9999 4.68315E-2 1.56473E-1 3.43963E-1 3.02646E-1 1.88499E-1 7.12367E-2 2.8235E-2 2.18097E-2 2.84632E-2 1.94265E-2 1.87198E-2 1.65273E-2 3.27964E-3 1.15591E-3 2.075E-3 5.13192E-4 5.16047E-4 1.70966E-3 2.80611E-3 2.65377E-3 1.40772E-3 3.30126E-3 2.19945E-3 7.54134E-4 2.07282E-3 1.67372E-3 1.12249E-3 2.62872E-3 2.59224E-3 2.98294E-3 1.64279E-2 2.99523E-2 1.82776E-2 3.1847E-2 3.52836E-3 5.10558E-3 9.647E-3 2.97229E-2 1.10473E-1 1.80176E-1 1.02228E-1 6.90647E-2 -9999 -9999 7.72206E-2 3.83906E-2 7.34127E-2 9.24054E-2 8.91832E-2 4.1888E-2 2.25843E-2 3.73981E-2 5.10805E-2
-9999 -9999 -9999 -9999 -9999 1.38578E-1 2.97832E-1 4.98233E-1 4.68161E-1 1.27584E-1 1.6468E-2 3.416E-3 5.08698E-3 8.45931E-3 2.20143E-2 1.43014E-2 8.68321E-3 2.12313E-3 9.9871E-4 1.13849E-3 2.23879E-4 7.91481E-5 5.43104E-4 2.31771E-3 1.17934E-3 7.65982E-4 8.73183E-4 1.17824E-3 1.60153E-4 5.21434E-4 1.27807E-3 1.79119E-3 4.07591E-3 1.69504E-3 5.1414E-3 2.55705E-2 5.72344E-2 1.91596E-2 5.82631E-3 1.61218E-2 1.65831E-2 1.81824E-2 3.74456E-2 4.58389E-2 1.36467E-2 1.47714E-2 6.18434E-2 -9999 3.10606E-1 5.3923E-2 1.91428E-2 4.96066E-2 7.09969E-2 6.92293E-2 1.29959E-2 4.75809E-2 3.33882E-2 1.27038E-1
