Phytophthora/models/20240503_1134_59/Phytophthora_PA1_RUN7_MAXENT_outputs/Phytophthora_PA1_RUN7.asc
ncols         113
nrows         135
xllcorner     473009.9838
yllcorner     4429001.1748
cellsize      100.0
NODATA_value  -9999
[rows 78 to 103 of 135, columns 0 to 57 of 113]
-9999 -9999 -9999 6.70595E-2 1.66487E-1 6.75357E-1 9.01741E-1 9.47849E-1 9.56348E-1 9.46046E-1 7.23733E-1 6.73869E-1 7.09669E-1 7.00551E-1 7.22001E-1 6.42364E-1 4.73049E-1 4.81155E-1 8.31771E-1 8.55851E-1 7.39328E-1 3.24104E-1 3.80845E-1 4.91492E-1 4.83116E-1 4.37417E-1 4.72149E-1 3.75562E-1 2.86051E-1 2.00255E-1 1.13285E-1 1.04748E-1 3.40898E-2 1.75671E-2 4.31067E-2 1.72651E-1 2.25796E-1 2.73647E-1 3.81034E-1 4.15735E-1 6.53076E-1 6.10696E-1 6.06492E-1 5.64088E-1 3.73604E-1 5.08261E-1 3.64951E-1 5.00851E-1 5.35799E-1 5.66911E-1 4.77153E-1 4.64482E-1 4.49456E-1 4.32324E-1 3.7961E-1 3.42698E-1 1.32817E-1 1.09589E-1
-9999 -9999 -9999 -9999 2.08151E-1 6.99283E-1 8.86552E-1 8.87454E-1 9.14046E-1 8.9E-1 7.01598E-1 8.12659E-1 8.56388E-1 7.96242E-1 6.55373E-1 4.68513E-1 4.56871E-1 6.02876E-1 7.37634E-1 5.893E-1 5.16126E-1 2.29044E-1 1.56196E-1 2.1337E-1 5.48326E-1 6.2579E-1 5.93525E-1 4.13284E-1 3.04271E-1 1.25484E-1 7.94196E-2 7.68588E-2 3.82058E-2 3.49384E-2 7.20025E-2 1.81468E-1 2.72604E-1 3.72572E-1 1.56549E-1 4.0078E-1 6.62256E-1 6.31103E-1 5.87196E-1 5.75088E-1 5.84545E-1 4.96862E-1 2.63488E-1 4.0347E-1 4.644E-1 3.59161E-1 4.18203E-1 4.42442E-1 5.52067E-1 4.79353E-1 2.75365E-1 2.41116E-1 1.958E-1 7.1095E-2
-9999 -9999 -9999 2.48841E-2 1.77807E-1 5.73659E-1 9.11362E-1 9.30605E-1 9.01395E-1 8.97808E-1 6.90873E-1 7.42667E-1 8.15232E-1 7.65921E-1 4.01343E-1 2.67679E-1 4.23046E-1 4.6026E-1 4.92886E-1 4.76002E-1 3.91399E-1 1.10699E-1 1.14002E-1 1.22515E-1 2.731E-1 4.83102E-1 5.17516E-1 3.63522E-1 6.88104E-2 9.12059E-2 5.74158E-2 3.52298E-2 7.33356E-2 1.69936E-1 1.8978E-1 3.13454E-1 4.79963E-1 4.11968E-1 1.84824E-1 3.76429E-1 3.97011E-1 3.84986E-1 3.78027E-1 4.33548E-1 4.93204E-1 2.6564E-1 2.26955E-1 1.74275E-1 3.77293E-1 4.90463E-1 3.32576E-1 2.5929E-1 1.97124E-1 1.81139E-1 1.049E-1 1.77947E-2 4.92593E-2 1.7047E-2
-9999 -9999 3.8392E-2 1.83727E-2 1.19075E-1 5.55364E-1 8.4955E-1 9.00743E-1 8.31093E-1 8.33071E-1 7.05557E-1 6.31829E-1 7.01969E-1 6.9378E-1 3.26634E-1 3.14341E-1 4.61044E-1 5.93587E-1 6.01447E-1 5.65758E-1 4.16205E-1 1.11438E-1 1.37824E-1 9.57923E-2 2.71724E-1 3.36115E-1 3.35505E-1 3.10585E-1 1.57088E-1 5.90223E-2 1.15014E-1 5.70701E-2 3.77396E-1 3.86947E-1 1.7356E-1 2.50137E-1 4.6002E-1 3.46833E-1 2.72687E-1 2.77256E-1 2.58116E-1 3.67489E-1 4.13706E-1 4.31793E-1 4.7169E-1 9.57579E-2 2.51255E-2 7.7542E-2 9.55682E-2 1.93322E-1 2.60545E-1 1.56249E-1 7.91507E-2 9.96737E-2 3.7317E-2 4.85858E-3 3.60484E-3 2.14929E-3
-9999 -9999 4.48607E-3 1.44843E-1 2.63328E-1 5.12479E-1 5.47048E-1 5.72032E-1 8.41656E-1 8.68897E-1 6.04401E-1 6.04739E-1 5.15585E-1 4.69381E-1 1.962E-1 2.33163E-1 3.19173E-1 4.24706E-1 4.6323E-1 6.65907E-1 4.33299E-1 1.98256E-1 2.71516E-1 1.70595E-1 1.7305E-1 2.49543E-1 2.60729E-1 1.56935E-1 6.90247E-2 8.68754E-2 1.7933E-1 2.23604E-1 3.64146E-1 2.77787E-1 2.84753E-1 5.06193E-1 4.73083E-1 3.08966E-1 2.45598E-1 4.93146E-1 1.59304E-1 3.36986E-1 4.32647E-1 4.94486E-1 3.80556E-1 1.5676E-1 7.58554E-2 2.18931E-1 2.17917E-1 1.40168E-1 9.64385E-2 4.98362E-2 9.25293E-2 7.74081E-2 1.14209E-2 3.91193E-3 6.15239E-3 2.51792E-2
-9999 -9999 1.29486E-4 2.49622E-1 5.29493E-1 5.00044E-1 2.74729E-1 4.91382E-1 6.54443E-1 3.71667E-1 4.24977E-1 3.69689E-1 2.94499E-1 2.66401E-1 2.43873E-1 3.00527E-1 4.14346E-1 4.65582E-1 3.66156E-1 4.34216E-1 3.07831E-1 3.43232E-1 2.86367E-1 1.95756E-1 1.64491E-1 1.83642E-1 1.46295E-2 2.30743E-2 6.23644E-2 4.02664E-1 4.83913E-1 4.68296E-1 3.96918E-1 3.78788E-1 4.23451E-1 5.88569E-1 4.93127E-1 5.65777E-1 3.66852E-1 5.14763E-1 3.39656E-1 3.1136E-1 3.31212E-1 3.75356E-1 3.04625E-1 1.80195E-1 2.29075E-1 2.8153E-1 2.21899E-1 9.60106E-2 8.78789E-2 3.85362E-2 5.11724E-2 1.81637E-2 5.80367E-3 2.01781E-2 1.71246E-2 3.54935E-2
-9999 -9999 2.85885E-3 2.94925E-1 4.18596E-1 3.97649E-1 2.22051E-1 3.90646E-1 3.4028E-1 1.533E-1 1.50265E-1 1.44247E-1 1.77088E-1 2.79787E-1 4.27733E-1 5.47475E-1 5.19788E-1 3.80404E-1 2.79303E-1 2.91498E-1 1.38267E-1 1.95691E-1 1.64086E-1 1.63149E-1 7.32833E-2 4.68509E-2 1.53358E-2 1.79661E-2 1.12263E-1 4.30069E-1 6.56899E-1 6.13537E-1 4.98252E-1 2.81678E-1 5.29564E-1 4.6856E-1 5.10048E-1 5.95702E-1 4.5212E-1 5.15308E-1 3.24064E-1 3.38579E-1 2.66964E-1 2.85458E-1 1.31478E-1 2.13964E-1 4.22188E-1 4.57804E-1 3.67337E-1 2.61583E-1 1.14819E-1 6.12441E-2 2.95879E-2 1.39783E-2 4.31638E-2 1.45548E-1 5.01784E-2 1.67867E-1
-9999 2.14817E-3 2.69406E-2 2.61826E-1 5.80973E-1 5.28065E-1 2.68608E-1 1.53671E-1 1.05311E-1 8.15327E-2 1.7132E-1 3.2238E-1 4.49291E-1 6.56304E-1 5.64833E-1 4.5203E-1 3.22239E-1 2.64265E-1 2.70908E-1 1.88653E-1 8.72537E-2 1.13961E-1 1.13537E-1 8.35049E-2 4.47032E-2 4.10371E-2 2.09497E-2 9.68094E-2 2.13777E-1 2.59802E-1 4.16124E-1 2.58022E-1 1.66282E-1 2.4933E-1 5.43012E-1 4.65267E-1 1.65527E-1 4.13339E-1 4.28423E-1 4.83922E-1 5.2963E-1 4.56721E-1 2.83619E-1 2.97442E-1 1.65462E-1 1.71218E-1 5.05496E-1 6.35335E-1 5.57111E-1 4.47986E-1 1.95579E-1 8.42314E-2 8.42382E-2 1.08458E-2 6.39715E-2 2.70409E-1 2.47066E-1 3.40087E-1
-9999 2.38647E-2 6.99681E-2 2.9141E-1 3.96123E-1 3.30544E-1 2.55756E-1 1.4186E-1 9.10894E-2 1.81489E-1 4.05202E-1 5.41486E-1 5.04047E-1 6.0461E-1 3.73095E-1 3.25351E-1 3.62083E-1 2.57429E-1 2.0808E-1 1.62352E-1 9.6302E-2 6.30641E-2 4.78227E-2 4.55164E-2 5.19953E-2 4.41196E-2 7.98498E-2 2.16431E-1 3.26003E-1 2.80069E-1 2.44822E-1 7.2255E-2 1.55117E-1 2.7201E-1 3.30242E-1 2.2971E-1 3.30266E-1 3.28383E-1 2.60463E-1 4.86321E-1 7.04412E-1 3.32318E-1 3.67132E-1 4.13067E-1 2.60597E-1 3.134E-1 5.39192E-1 5.77253E-1 5.13778E-1 2.55477E-1 2.06993E-1 1.49105E-1 1.20897E-1 2.26279E-2 4.83479E-2 3.85319E-1 3.15464E-1 3.32435E-1
5.7042E-2 8.92082E-2 1.00406E-1 1.27726E-1 5.02695E-1 4.55982E-1 4.59361E-1 3.06801E-1 2.09076E-1 2.82089E-1 3.67406E-1 4.17038E-1 3.92457E-1 4.53824E-1 2.93005E-1 2.74761E-1 2.81034E-1 1.75219E-1 1.51414E-1 1.59197E-1 1.36168E-1 7.37087E-2 4.69201E-2 3.42723E-2 5.23352E-2 1.08195E-1 2.35642E-1 2.53325E-1 1.71676E-1 2.81957E-1 8.62802E-2 7.28248E-2 1.66408E-1 3.72131E-1 2.76322E-1 2.55643E-1 5.62274E-1 4.12318E-1 3.18555E-1 6.17531E-1 5.0457E-1 2.62928E-1 4.44847E-1 5.60895E-1 4.07459E-1 4.93632E-1 4.75707E-1 3.86344E-1 1.50296E-1 5.08299E-1 3.2963E-1 1.51389E-1 8.23854E-2 6.63536E-2 2.23637E-1 4.35556E-1 3.05363E-1 3.48142E-1
8.35862E-2 1.57016E-1 1.44957E-1 3.55043E-1 5.59296E-1 5.19563E-1 5.77809E-1 3.5541E-1 3.56695E-1 5.03416E-1 4.63887E-1 4.7987E-1 2.98277E-1 5.9102E-1 5.4148E-1 3.31192E-1 2.14746E-1 1.72586E-1 2.58088E-1 2.80287E-1 1.78217E-1 6.6596E-2 8.48309E-2 6.58173E-2 6.97446E-2 2.50101E-1 3.18438E-1 1.42179E-1 4.6941E-2 6.91864E-2 1.81687E-1 2.26065E-1 1.36991E-1 3.14811E-1 2.02124E-1 1.85034E-1 1.93731E-1 2.4966E-1 4.54294E-1 7.62853E-1 6.85769E-1 3.68149E-1 5.93786E-1 5.95088E-1 7.37903E-1 5.90372E-1 1.8412E-1 8.15541E-2 1.64003E-1 3.95258E-1 1.78884E-1 1.00999E-1 5.8653E-2 1.17407E-1 3.03238E-1 3.01603E-1 3.02532E-1 3.10471E-1
-9999 2.05333E-1 3.38263E-1 6.45113E-1 5.32272E-1 2.97898E-1 6.9423E-1 5.9107E-1 4.1382E-1 5.02881E-1 5.20648E-1 3.02029E-1 6.54157E-2 6.23877E-1 7.98914E-1 6.75057E-1 3.39409E-1 1.84367E-1 3.39804E-1 5.3041E-1 4.37188E-1 1.74723E-1 2.42484E-1 1.03299E-1 9.8926E-2 2.14857E-1 1.58349E-1 3.09751E-1 3.05277E-1 1.96447E-1 1.99059E-1 4.1097E-1 4.93582E-1 2.69767E-1 2.27471E-1 3.48319E-1 1.52556E-1 2.17038E-1 5.18309E-1 7.69146E-1 6.7893E-1 3.27143E-1 4.99488E-1 7.14752E-1 6.96069E-1 6.54143E-1 1.97552E-1 6.03186E-2 4.86749E-1 3.73352E-1 1.07593E-1 1.05458E-1 4.89643E-2 3.99043E-1 4.53969E-1 4.37047E-1 3.7322E-1 3.25115E-1
-9999 4.74502E-1 5.9591E-1 7.8462E-1 7.13511E-1 3.34871E-1 5.27947E-1 4.46242E-1 4.07022E-1 4.71886E-1 4.11786E-1 3.31245E-1 2.96859E-1 6.58728E-1 8.14406E-1 6.25796E-1 3.14014E-1 2.17201E-1 1.5151E-1 2.80139E-1 2.51253E-1 2.43932E-1 1.21124E-1 1.19792E-1 1.6995E-1 1.8881E-1 3.94721E-1 5.8255E-1 5.60468E-1 1.71113E-1 1.2645E-1 4.65669E-1 5.67746E-1 2.09754E-1 2.78768E-1 3.16718E-1 2.7411E-1 2.89894E-1 5.72013E-1 6.58666E-1 4.72986E-1 1.16362E-1 2.31691E-1 5.08299E-1 6.5475E-1 5.95906E-1 1.3306E-1 1.36432E-1 4.90099E-1 5.66818E-1 3.04006E-1 1.78077E-1 1.46944E-1 4.97961E-1 5.27221E-1 5.02475E-1 3.80005E-1 3.86909E-1
-9999 -9999 -9999 5.47648E-1 3.53384E-1 4.59338E-1 7.12248E-1 4.88317E-1 3.96075E-1 4.84203E-1 4.30516E-1 1.86562E-1 1.77174E-1 4.35137E-1 6.67296E-1 5.11638E-1 4.33536E-1 2.02598E-1 1.30503E-1 2.33535E-1 4.14814E-2 5.43872E-2 1.03113E-1 2.11529E-1 6.12933E-2 9.51021E-2 3.97592E-1 4.75645E-1 3.23851E-1 2.21042E-1 1.87007E-1 8.87962E-2 2.15114E-1 2.00587E-1 3.16357E-1 2.46516E-1 2.21217E-1 2.51093E-1 5.26532E-1 4.50827E-1 1.63032E-1 1.05923E-1 1.82252E-1 3.79705E-1 6.38449E-1 3.19524E-1 3.5449E-2 4.31072E-1 5.16807E-1 4.37179E-1 4.08657E-1 3.74547E-1 5.05969E-1 5.52509E-1 5.76253E-1 5.2171E-1 3.92256E-1 3.18869E-1
-9999 -9999 -9999 -9999 2.55015E-1 2.93548E-1 7.22187E-1 6.35785E-1 5.81475E-1 4.65563E-1 3.59429E-1 1.99637E-1 1.17138E-1 3.24223E-1 2.86313E-1 4.23257E-1 4.26198E-1 2.63333E-1 2.12996E-1 2.92426E-1 6.68603E-2 2.03195E-2 2.82908E-2 1.84479E-1 2.25457E-1 3.13481E-1 2.48773E-1 2.7155E-1 2.19298E-1 1.86363E-1 2.11092E-1 1.38583E-1 2.15812E-1 1.97529E-1 1.65682E-1 1.5595E-1 6.4534E-2 5.27766E-2 1.76098E-2 1.01712E-2 2.47908E-2 5.95155E-2 8.21908E-2 1.75336E-1 3.47462E-1 9.67628E-2 2.79608E-1 4.6832E-1 4.80348E-1 4.56028E-1 4.1686E-1 3.93897E-1 4.77609E-1 4.78548E-1 4.68591E-1 4.30525E-1 2.58341E-1 3.97602E-1
-9999 -9999 -9999 -9999 -9999 -9999 -9999 6.37831E-1 7.036E-1 7.83115E-1 5.89423E-1 4.55145E-1 4.28477E-1 3.25535E-1 2.70749E-1 4.41235E-1 4.51448E-1 2.42974E-1 1.33027E-1 3.37774E-1 1.89749E-1 1.5265E-2 1.91637E-2 1.21647E-1 2.01872E-1 2.0652E-1 1.79702E-1 1.99759E-1 1.76718E-1 5.41949E-2 3.92237E-2 1.46261E-1 1.43477E-1 5.75273E-2 5.58856E-2 8.03081E-2 1.06764E-1 4.34045E-2 2.05296E-2 1.89447E-2 1.40301E-2 2.53371E-2 3.66968E-2 1.50877E-1 2.27047E-1 1.30064E-1 5.52336E-1 4.89851E-1 4.85967E-1 5.24232E-1 4.44132E-1 4.60599E-1 5.43749E-1 4.53851E-1 4.68986E-1 3.02071E-1 3.67897E-1 4.17795E-1
-9999 -9999 -9999 -9999 -9999 -9999 -9999 7.08873E-1 8.4028E-1 7.97842E-1 3.50577E-1 3.13657E-1 2.18928E-1 1.42365E-1 2.72925E-1 4.67398E-1 7.43253E-1 4.30194E-1 2.57632E-1 4.25291E-1 2.47364E-1 1.61736E-2 1.51463E-2 4.90558E-2 8.57734E-2 2.56593E-1 1.34504E-1 9.83094E-2 4.46872E-2 2.87361E-2 8.45777E-2 5.56001E-2 3.63746E-2 2.08912E-2 4.54545E-2 4.84109E-2 5.37817E-2 5.45747E-2 2.37826E-2 1.99657E-2 2.0751E-2 4.17084E-2 1.36571E-1 4.67777E-1 1.51884E-1 4.51249E-1 4.45117E-1 3.89582E-1 3.64643E-1 4.27833E-1 3.30234E-1 3.86621E-1 5.2352E-1 2.30941E-1 2.81066E-1 1.59786E-1 3.79274E-1 4.0131E-1
-9999 -9999 -9999 -9999 -9999 -9999 -9999 5.79893E-1 7.76478E-1 4.33694E-1 1.59088E-1 1.25349E-1 2.54224E-2 3.96227E-2 3.19693E-1 5.36244E-1 5.86366E-1 4.09179E-1 4.49969E-1 3.95742E-1 1.95516E-1 1.43272E-2 1.35155E-2 1.09478E-2 6.3034E-2 1.22971E-1 1.07898E-1 7.14794E-2 1.82307E-1 1.07318E-1 4.94547E-2 3.93918E-2 2.86374E-2 1.69238E-2 2.62247E-2 9.91156E-2 3.40395E-2 1.81622E-2 2.4513E-2 2.69707E-2 3.9007E-2 1.01907E-1 2.69061E-1 4.40316E-1 2.90428E-1 5.30631E-1 3.69477E-1 3.68007E-1 2.53898E-1 2.00779E-1 2.99808E-1 2.67556E-1 3.31845E-1 3.24506E-1 7.88301E-2 6.925E-2 9.05934E-2 1.65985E-1
-9999 -9999 -9999 -9999 -9999 -9999 -9999 4.64818E-1 5.13716E-1 2.39359E-1 1.56747E-1 7.88957E-2 2.2419E-2 3.02217E-2 1.45654E-1 6.84323E-1 7.36854E-1 6.90858E-1 6.50372E-1 4.66981E-1 8.00779E-2 8.40787E-3 5.11935E-3 7.79404E-3 2.15646E-2 7.21959E-2 9.99337E-2 3.95363E-2 1.05924E-1 1.28206E-1 3.85378E-2 2.74738E-2 2.67721E-2 7.6897E-2 3.97655E-2 5.15177E-2 3.63967E-2 2.98766E-2 5.88455E-2 1.09148E-1 3.2653E-2 3.40382E-2 6.32595E-2 1.87558E-1 2.57801E-1 5.25836E-1 4.02547E-1 2.28924E-1 1.02839E-1 2.0782E-1 2.16049E-1 1.27066E-1 1.72042E-1 1.4652E-1 8.57608E-2 1.59102E-1 8.14581E-2 2.26872E-1
-9999 -9999 -9999 -9999 -9999 -9999 -9999 -9999 2.11736E-1 1.52882E-1 1.02563E-1 6.96932E-2 1.02468E-1 1.02612E-1 4.08629E-1 7.61504E-1 6.65137E-1 8.4226E-1 7.10158E-1 4.002E-1 9.05214E-2 5.73209E-3 5.0894E-3 1.73144E-2 3.25555E-2 7.37844E-2 8.96548E-2 7.61309E-2 1.31556E-1 7.38341E-2 3.29056E-2 5.54083E-2 1.0216E-2 1.8241E-1 2.51142E-1 9.36738E-2 5.05245E-2 1.1636E-1 1.78438E-1 1.12875E-1 2.76419E-2 1.08041E-1 1.4994E-1 4.25821E-1 2.72798E-1 3.96364E-1 2.78374E-1 4.9746E-2 2.90671E-1 2.38671E-1 1.30279E-1 7.63713E-2 6.55997E-2 1.68463E-1 3.02652E-1 2.48278E-1 3.16552E-1 3.02742E-1
-9999 -9999 -9999 -9999 -9999 -9999 -9999 -9999 -9999 -9999 -9999 -9999 1.36885E-1 1.21439E-1 3.09822E-1 4.89665E-1 5.89123E-1 7.66589E-1 8.04846E-1 2.99451E-1 4.75946E-2 8.31648E-3 1.62518E-2 5.64549E-2 8.23971E-2 4.14707E-2 1.9419E-2 6.81966E-2 1.15066E-1 1.04462E-1 5.11796E-2 3.63883E-2 3.45358E-2 4.49793E-1 4.47138E-1 8.48126E-2 7.79878E-2 5.8015E-2 1.19654E-1 1.17234E-1 5.62998E-2 5.75749E-2 1.06228E-1 2.75242E-1 1.39867E-1 1.87808E-1 6.37368E-2 4.49746E-2 1.70007E-1 1.15802E-1 4.85164E-2 6.16327E-2 9.24365E-2 1.88852E-1 5.48901E-1 4.72091E-1 3.38143E-1 2.11616E-1
-9999 -9999 -9999 -9999 -9999 -9999 -9999 -9999 -9999 -9999 -9999 -9999 -9999 2.07867E-1 4.12153E-1 5.20842E-1 6.39834E-1 7.8048E-1 7.25572E-1 3.57439E-1 6.36434E-2 7.94373E-3 5.92538E-3 3.25446E-2 4.91411E-2 1.46908E-2 2.00834E-2 2.22947E-2 4.99437E-2 9.52991E-2 3.9216E-2 7.05758E-2 2.67471E-1 2.9911E-1 2.67007E-1 1.72404E-1 4.27763E-2 8.16934E-2 3.75248E-1 2.39099E-1 3.91688E-2 1.97711E-2 4.61344E-2 6.40742E-2 1.42109E-1 2.15597E-1 1.23174E-1 7.57029E-2 6.81007E-2 5.12467E-2 1.09217E-1 7.67266E-2 1.22146E-1 4.86429E-1 5.08157E-1 3.62188E-1 2.91355E-1 4.16301E-1
-9999 -9999 -9999 -9999 -9999 -9999 -9999 -9999 -9999 -9999 -9999 -9999 1.82988E-1 2.77294E-1 3.42501E-1 6.91906E-1 7.19154E-1 7.33823E-1 6.26746E-1 4.90432E-1 1.30718E-1 1.34366E-2 6.80775E-3 1.33572E-2 1.59956E-2 5.24874E-2 4.18441E-2 3.76858E-2 6.44962E-2 9.55657E-2 1.38626E-1 1.72087E-1 2.04111E-1 2.30235E-1 1.13415E-1 3.3387E-2 9.98122E-2 4.09643E-1 4.41653E-1 3.26147E-1 1.06067E-1 6.11553E-2 5.57545E-2 3.86564E-1 3.65889E-1 9.24488E-2 1.04908E-1 4.85503E-2 4.89238E-2 6.65735E-2 1.18874E-1 8.75432E-2 1.54094E-1 4.95863E-1 4.53477E-1 4.05067E-1 2.49353E-1 2.47343E-1
-9999 -9999 -9999 -9999 -9999 -9999 -9999 -9999 -9999 -9999 -9999 -9999 -9999 8.26622E-2 1.03981E-1 -9999 5.81064E-1 6.40681E-1 5.45625E-1 3.16657E-1 1.05906E-1 3.49062E-2 2.72319E-2 6.55831E-2 1.1181E-1 6.34705E-2 4.21375E-2 4.2281E-2 4.059E-2 2.2613E-2 8.6415E-2 5.82697E-2 6.04708E-2 1.44231E-1 1.36089E-1 7.46057E-2 1.5323E-1 5.16029E-1 4.01454E-1 2.01872E-1 1.26415E-1 1.35844E-1 1.56301E-1 5.40624E-1 4.30537E-1 2.8728E-1 4.90731E-2 1.14894E-1 5.35187E-2 7.98947E-2 1.58521E-1 1.98776E-1 2.94959E-1 4.74642E-1 4.90162E-1 4.47626E-1 4.61898E-1 3.78064E-1
-9999 -9999 -9999 -9999 -9999 -9999 -9999 -9999 -9999 -9999 -9999 -9999 -9999 -9999 -9999 -9999 3.69252E-1 4.70771E-1 3.4516E-1 1.9999E-1 1.35865E-1 7.15168E-2 2.32008E-1 2.86302E-1 3.44319E-1 1.71955E-1 5.14544E-2 6.60293E-2 7.16644E-2 3.00299E-1 2.44037E-1 2.22803E-1 3.69903E-1 3.00565E-1 3.03366E-1 3.36227E-1 2.86802E-1 5.07775E-1 3.41565E-1 1.16531E-1 4.93051E-2 1.86843E-1 5.4168E-1 5.59533E-1 6.65256E-1 4.66415E-1 3.36363E-1 2.62731E-1 1.91734E-1 1.57534E-1 1.68757E-1 3.20956E-1 3.30058E-1 3.825E-1 5.28056E-1 4.83173E-1 5.64505E-1 4.50111E-1
-9999 -9999 -9999 -9999 -9999 -9999 -9999 -9999 -9999 -9999 -9999 -9999 -9999 -9999 -9999 -9999 -9999 5.96411E-1 4.05891E-1 3.40202E-1 2.74796E-1 1.07495E-1 4.27499E-2 1.73156E-1 2.40032E-1 1.74427E-1 1.02297E-1 3.02121E-1 3.42516E-1 4.48136E-1 3.23754E-1 4.9962E-1 5.18085E-1 3.13787E-1 2.58467E-1 3.35797E-1 4.45236E-1 5.91333E-1 2.07868E-1 5.94139E-2 2.4273E-2 8.86704E-2 6.21991E-1 6.8289E-1 6.86503E-1 6.38565E-1 4.31184E-1 3.16331E-1 2.75186E-1 2.03845E-1 1.91579E-1 1.81509E-1 3.48884E-1 3.86046E-1 3.34693E-1 5.18899E-1 6.08468E-1 5.82395E-1
