Phytophthora/models/20240503_1134_59/Phytophthora_PA1_RUN1_MAXENT_outputs/Phytophthora_PA1_RUN1.asc
ncols         113
nrows         135
xllcorner     473009.9838
yllcorner     4429001.1748
cellsize      100.0
NODATA_value  -9999
[rows 26 to 51 of 135, columns 0 to 57 of 113]
-9999 -9999 -9999 -9999 -9999 -9999 -9999 -9999 -9999 -9999 7.05263E-4 1.28418E-3 4.10899E-3 2.96195E-3 3.52118E-3 2.87283E-3 1.22234E-2 2.05781E-2 3.13363E-2 3.32555E-2 2.78161E-2 8.76017E-3 8.61849E-3 6.99077E-3 1.06569E-2 1.26555E-2 1.48922E-2 1.13675E-2 5.46327E-3 2.22172E-3 4.30664E-4 1.3009E-3 4.03976E-3 2.97397E-2 2.41998E-2 1.77513E-2 2.36009E-2 1.14614E-2 5.03253E-3 3.19795E-3 5.2255E-3 8.18816E-3 1.25041E-2 -9999 -9999 -9999 -9999 -9999 -9999 -9999 -9999 -9999 -9999 -9999 -9999 -9999 -9999 -9999
-9999 -9999 -9999 -9999 -9999 -9999 -9999 -9999 -9999 -9999 8.52627E-5 3.80292E-4 8.21697E-4 1.05062E-3 1.12132E-3 1.61602E-3 1.07004E-2 2.10316E-2 4.87505E-2 6.07211E-2 9.32799E-3 7.8682E-3 1.36362E-2 1.68669E-2 1.59047E-2 1.08233E-2 1.66538E-2 1.63843E-2 6.30449E-3 1.84339E-3 1.08503E-3 1.97792E-3 1.11976E-2 2.58574E-2 1.6456E-2 6.03828E-3 2.52477E-2 1.56049E-2 5.26253E-3 2.49167E-3 3.60909E-3 8.38502E-3 2.00652E-2 1.18956E-2 1.67269E-2 2.0778E-2 2.18884E-2 -9999 -9999 -9999 -9999 -9999 -9999 -9999 -9999 -9999 -9999 -9999
-9999 -9999 -9999 -9999 -9999 -9999 -9999 -9999 4.80093E-12 8.76856E-8 3.20649E-5 1.6232E-4 9.40575E-5 1.70105E-4 5.32529E-4 1.48271E-3 5.18312E-3 1.2323E-2 1.44638E-2 2.62656E-2 8.7212E-3 1.28264E-2 1.46088E-2 1.74299E-2 1.70676E-2 2.29142E-2 1.92629E-2 1.75872E-2 9.56938E-3 2.1607E-3 1.67822E-3 1.79944E-3 4.7643E-3 7.54642E-3 3.71152E-3 1.90052E-3 3.21444E-3 1.09727E-2 1.21723E-2 5.59856E-3 3.81869E-3 1.13931E-3 3.17379E-3 9.6115E-3 1.01174E-2 1.55825E-2 3.14389E-2 -9999 -9999 -9999 -9999 -9999 -9999 -9999 -9999 -9999 -9999 -9999
-9999 -9999 -9999 -9999 -9999 -9999 1.36961E-10 2.80767E-10 1.46768E-9 8.21187E-7 1.65962E-4 4.30255E-4 9.44696E-4 9.89691E-4 7.3542E-4 1.45551E-3 5.73137E-3 5.21509E-3 8.36307E-3 1.47777E-2 1.48881E-2 1.97106E-2 4.17458E-2 5.7717E-2 7.40421E-2 2.68287E-2 1.85683E-2 1.24053E-2 5.08657E-3 3.78625E-3 3.50404E-3 2.26687E-3 4.64712E-3 5.45613E-3 1.69613E-3 8.62974E-4 9.76771E-4 1.91273E-3 6.07981E-3 1.0074E-2 4.50318E-3 1.23789E-3 3.84252E-3 1.35452E-2 7.51988E-3 1.41994E-2 2.58918E-2 -9999 -9999 -9999 -9999 -9999 -9999 -9999 -9999 -9999 -9999 -9999
-9999 -9999 -9999 -9999 -9999 -9999 4.21987E-8 5.47588E-7 3.11569E-6 5.89316E-5 5.18973E-4 1.54645E-3 4.49496E-3 8.41444E-3 6.08817E-3 6.27012E-3 1.01726E-2 7.42064E-3 9.19505E-3 8.49057E-3 1.45645E-2 1.69157E-2 5.4596E-2 7.2848E-2 4.36072E-2 2.74349E-2 2.12098E-2 1.0182E-2 4.67234E-3 3.70307E-3 7.52687E-3 5.69629E-3 5.92985E-3 3.90947E-3 2.98802E-3 1.54091E-3 4.99088E-3 5.22664E-3 7.27476E-3 1.19367E-2 6.67105E-3 2.66686E-3 1.06216E-2 1.09232E-2 6.1231E-3 2.58421E-2 5.94602E-2 5.22095E-2 -9999 -9999 -9999 -9999 -9999 -9999 -9999 -9999 -9999 -9999
-9999 -9999 -9999 -9999 -9999 -9999 1.61836E-7 7.67332E-6 6.35402E-5 4.16547E-4 1.83933E-4 7.71072E-4 1.02246E-2 2.60924E-2 3.14614E-2 2.33655E-2 1.61589E-2 7.84092E-3 5.34753E-3 5.91689E-3 1.35182E-2 1.9295E-2 2.66912E-2 6.74396E-2 4.54022E-2 1.519E-2 8.39853E-3 2.04102E-2 1.6454E-2 6.91982E-3 9.24424E-3 1.32572E-2 1.46003E-2 3.7933E-3 4.71751E-3 5.68137E-3 7.23212E-3 2.4946E-2 2.93537E-2 1.44515E-2 1.23633E-2 6.04854E-3 5.01147E-3 7.56525E-3 7.66979E-3 2.13366E-2 8.02989E-2 6.599E-2 1.01448E-1 -9999 -9999 -9999 -9999 -9999 -9999 -9999 -9999 -9999
-9999 -9999 -9999 -9999 -9999 1.07586E-7 2.82124E-6 2.07994E-5 2.81268E-4 4.74485E-4 3.7514E-4 1.90139E-3 1.40558E-2 3.49578E-2 2.77504E-2 1.49182E-2 1.65246E-2 7.24988E-3 3.56837E-3 5.16417E-3 1.13194E-2 2.55543E-2 5.0776E-2 7.48085E-2 2.59025E-2 5.35582E-3 1.55178E-3 4.12061E-3 5.2935E-3 5.0016E-3 5.40689E-3 1.124E-2 7.3068E-3 2.50387E-3 5.15042E-3 6.74672E-3 9.45548E-3 2.34632E-2 3.78843E-2 4.05413E-3 4.8303E-3 3.85654E-3 1.86E-3 1.16929E-2 2.55594E-2 1.60024E-2 3.14561E-2 6.29399E-2 8.35764E-2 1.26057E-1 1.54575E-1 -9999 -9999 -9999 -9999 -9999 -9999 -9999
-9999 -9999 -9999 -9999 1.53797E-10 1.13579E-7 3.58352E-6 2.33635E-5 2.36856E-4 8.4728E-4 8.51031E-4 4.58234E-3 1.36244E-2 3.70506E-2 2.45492E-2 1.30209E-2 7.1962E-3 5.16147E-3 4.09586E-3 4.71514E-3 8.52759E-3 2.95462E-2 5.57244E-2 5.76828E-2 3.50916E-2 1.07164E-2 1.9257E-3 1.98666E-3 6.45347E-4 1.37334E-3 5.66362E-3 9.60134E-3 1.17287E-2 8.3796E-3 9.20698E-3 9.4134E-3 9.07531E-3 2.24064E-2 9.84589E-3 3.76312E-3 4.52719E-3 3.45043E-3 5.47319E-3 1.47573E-2 4.32468E-2 2.025E-2 9.57944E-3 4.18923E-2 6.47426E-2 7.5628E-2 8.36085E-2 1.25947E-1 1.12686E-1 -9999 -9999 -9999 -9999 -9999
-9999 -9999 -9999 -9999 1.42129E-10 2.37628E-7 4.05745E-6 2.78608E-5 2.63701E-4 9.82135E-4 1.15172E-3 3.39965E-3 1.91778E-2 3.27472E-2 9.77136E-3 8.25678E-3 4.56463E-3 3.54724E-3 5.47858E-3 7.43829E-3 9.37025E-3 1.25794E-2 2.04976E-2 3.17592E-2 4.02585E-2 1.45483E-2 2.52417E-3 3.02982E-3 6.90779E-4 1.03715E-3 8.56959E-3 1.24975E-2 6.96561E-3 7.49674E-3 1.60666E-2 1.34711E-2 1.51424E-2 2.26159E-2 8.32543E-3 6.38103E-3 1.24706E-2 1.07291E-2 1.12576E-2 2.14347E-2 5.58901E-2 3.22798E-2 3.16885E-2 1.6178E-2 1.88929E-2 3.87316E-2 1.30007E-2 3.84E-2 1.46106E-1 -9999 -9999 -9999 -9999 -9999
-9999 -9999 -9999 -9999 -9999 -9999 -9999 -9999 4.57771E-4 5.0745E-4 5.22139E-3 1.07226E-2 1.56566E-2 1.23855E-2 8.18093E-3 5.24419E-3 5.05802E-3 4.33424E-3 3.66011E-3 3.78161E-3 3.89744E-3 5.33418E-3 1.07457E-2 2.13873E-2 1.30972E-2 8.82955E-3 2.10118E-3 1.66306E-3 5.27064E-4 8.28281E-4 8.20427E-3 1.23835E-2 3.69328E-3 3.92776E-3 6.08588E-3 5.74412E-3 8.22342E-3 6.50853E-3 3.52626E-3 4.48208E-3 9.74519E-3 6.70084E-3 3.44961E-3 9.72507E-3 3.75213E-2 4.18523E-2 4.88189E-2 5.1711E-2 1.40532E-2 1.53904E-2 1.63187E-2 3.55287E-2 1.28115E-1 2.66033E-1 -9999 -9999 -9999 -9999
-9999 -9999 -9999 -9999 -9999 -9999 -9999 -9999 -9999 -9999 4.3568E-3 8.75634E-3 6.06362E-3 4.48611E-3 6.01008E-3 6.30185E-3 7.24199E-3 7.77438E-3 6.53573E-3 2.93058E-3 5.47248E-3 6.79264E-3 8.7513E-3 1.15802E-2 1.25393E-2 1.33111E-2 3.88649E-3 3.42606E-3 9.89086E-4 1.2213E-3 9.24557E-3 1.34989E-2 2.79632E-3 3.72098E-3 1.25633E-2 7.74922E-3 1.67383E-2 1.46654E-2 7.65167E-3 7.23777E-3 6.64584E-3 8.38546E-3 1.80321E-2 4.40126E-2 2.7371E-2 5.74371E-2 6.1554E-2 4.10575E-2 3.26102E-2 7.95751E-2 5.5554E-2 6.49315E-2 1.59337E-1 2.35444E-1 -9999 -9999 -9999 -9999
-9999 -9999 -9999 -9999 -9999 -9999 -9999 -9999 -9999 -9999 -9999 7.81098E-3 3.66393E-3 3.94098E-3 5.97415E-3 8.8841E-3 9.74542E-3 7.53377E-3 5.49571E-3 3.01128E-3 6.45477E-3 4.81862E-3 1.63693E-2 1.89408E-2 3.58131E-2 3.54111E-2 1.45982E-2 1.08683E-2 5.30439E-3 5.41342E-3 4.55959E-3 4.22339E-3 2.35388E-3 5.51483E-3 3.86894E-2 2.81927E-2 2.11269E-2 2.48454E-2 2.18827E-2 2.22615E-2 1.40686E-2 2.10333E-2 4.69659E-2 4.1654E-2 3.13099E-2 6.20889E-2 9.70806E-2 1.12419E-1 6.04061E-2 5.6038E-2 5.36184E-2 4.69347E-2 2.19432E-1 2.08405E-1 2.03938E-1 -9999 -9999 -9999
-9999 -9999 -9999 -9999 -9999 -9999 -9999 -9999 -9999 -9999 -9999 -9999 2.43035E-3 5.50608E-3 7.74087E-3 4.08336E-3 2.69895E-3 2.31714E-3 3.97163E-3 7.71963E-3 9.26805E-3 2.05483E-2 4.5899E-2 3.33591E-2 2.62787E-2 2.57315E-2 2.18273E-2 3.28417E-2 2.09386E-2 1.12898E-2 1.19759E-3 1.80361E-3 4.36373E-3 1.478E-2 5.16215E-2 4.10817E-2 3.26639E-2 2.16583E-2 9.68791E-3 2.85778E-2 3.62962E-2 4.17528E-2 4.44878E-2 4.84427E-2 1.7056E-1 6.89088E-2 1.31896E-1 1.57149E-1 2.65702E-1 1.63496E-1 1.15779E-1 1.2985E-1 2.25043E-1 2.24588E-1 2.36696E-1 1.83911E-1 9.37834E-2 -9999
-9999 -9999 -9999 -9999 -9999 -9999 -9999 -9999 -9999 -9999 -9999 -9999 -9999 -9999 2.92738E-3 8.05363E-4 9.55905E-4 1.45237E-3 4.26964E-3 1.31305E-2 9.19255E-3 1.27097E-2 2.48335E-2 2.47584E-2 2.60797E-2 4.01347E-2 3.96053E-2 2.94379E-2 9.10553E-3 1.04522E-2 6.35977E-3 1.8941E-3 4.15125E-3 1.11443E-2 2.07031E-2 7.24379E-2 8.4071E-2 4.38779E-2 2.79402E-2 2.03749E-2 5.7604E-2 2.68055E-2 4.06227E-3 5.1383E-2 1.10274E-1 7.85968E-2 1.46616E-1 3.53807E-1 3.11247E-1 2.31086E-1 2.27592E-1 1.23547E-1 2.4572E-1 2.62236E-1 3.06508E-1 2.41959E-1 2.44083E-1 -9999
-9999 -9999 -9999 -9999 -9999 -9999 -9999 -9999 -9999 -9999 -9999 -9999 -9999 -9999 -9999 9.98749E-5 6.54329E-4 5.0081E-3 1.2162E-2 2.32296E-2 1.18196E-2 2.4365E-3 5.70345E-3 9.26274E-3 9.54741E-3 5.23455E-3 4.03958E-3 1.5903E-2 1.47959E-2 2.95997E-3 5.96023E-3 9.58753E-4 9.67048E-4 5.8309E-3 6.70045E-3 2.43063E-2 3.4232E-2 2.27786E-2 1.51133E-2 1.86381E-2 2.65843E-2 3.3443E-3 3.96267E-3 2.04603E-2 4.1484E-2 6.96094E-2 1.17143E-1 2.82608E-1 3.10994E-1 1.30282E-1 1.27071E-1 1.9936E-1 1.42608E-1 1.67313E-1 3.00623E-1 9.46417E-2 2.28637E-1 7.09397E-2
-9999 -9999 -9999 -9999 -9999 -9999 -9999 -9999 -9999 -9999 -9999 -9999 -9999 -9999 -9999 -9999 2.87471E-3 3.75217E-3 1.44347E-2 1.99194E-2 3.55726E-3 1.32029E-3 2.47818E-3 4.31596E-3 2.2372E-3 1.57478E-3 1.58642E-3 2.40433E-3 6.23748E-3 9.78743E-4 4.47917E-3 4.43836E-3 7.57309E-4 1.97192E-3 8.88741E-3 1.02304E-2 1.60425E-2 2.41043E-2 3.47164E-2 2.73835E-2 2.57702E-2 4.52813E-3 1.14779E-2 1.14244E-2 3.44021E-2 9.81441E-2 9.72561E-2 1.76807E-1 1.10091E-1 1.47008E-1 1.62094E-1 2.3385E-1 1.05393E-1 7.77707E-2 8.08487E-2 6.41357E-2 8.2366E-2 4.09558E-2
-9999 -9999 -9999 -9999 -9999 -9999 -9999 -9999 -9999 -9999 -9999 -9999 -9999 -9999 -9999 -9999 1.58377E-2 2.76594E-2 2.65885E-2 1.23667E-2 2.23624E-3 1.18139E-3 2.41984E-3 8.61916E-3 6.74563E-3 3.99998E-3 2.17452E-3 4.27546E-3 4.39851E-3 1.5663E-3 3.80655E-3 5.68918E-3 1.68838E-3 1.33612E-3 1.26043E-2 3.03307E-2 4.82825E-2 5.77321E-2 8.27581E-2 8.02581E-2 5.64051E-2 6.85452E-3 3.52666E-2 6.63665E-2 4.40314E-2 8.85898E-2 9.20232E-2 1.03252E-1 7.18703E-2 1.25102E-1 2.70186E-1 2.43152E-1 1.52698E-1 1.48136E-1 2.28325E-1 2.48742E-1 1.78413E-1 1.61877E-1
-9999 -9999 -9999 -9999 -9999 -9999 -9999 -9999 -9999 -9999 -9999 -9999 -9999 -9999 -9999 -9999 1.5578E-2 3.33042E-2 1.46555E-2 1.05026E-2 4.37898E-3 4.81727E-3 6.27337E-3 3.36523E-3 4.60707E-3 4.0745E-3 3.5945E-3 6.06552E-3 5.84926E-3 5.41422E-3 4.54275E-3 5.12814E-3 4.76792E-3 2.87633E-3 8.21095E-3 2.76189E-2 7.57005E-2 7.77415E-2 1.07007E-1 1.11243E-1 7.10455E-2 5.74262E-2 9.06029E-2 9.17746E-2 5.22049E-2 7.29732E-2 1.15441E-1 1.43874E-1 1.86006E-1 2.69848E-1 3.88475E-1 1.88672E-1 1.09573E-1 1.1401E-1 1.10318E-1 3.26899E-1 1.75617E-1 1.95179E-1
-9999 -9999 -9999 -9999 -9999 -9999 -9999 -9999 -9999 -9999 -9999 -9999 -9999 -9999 -9999 -9999 3.03975E-2 3.29742E-2 3.53749E-2 2.78003E-2 3.27897E-2 1.12867E-2 1.32902E-2 5.1101E-3 2.12322E-3 9.3847E-4 2.39086E-3 4.03232E-3 2.76526E-3 4.24498E-3 6.50006E-3 9.39715E-3 1.91655E-2 1.20074E-2 1.34668E-2 3.07534E-2 7.43445E-2 1.33618E-1 1.86554E-1 1.0644E-1 6.49714E-2 1.00558E-1 1.87541E-1 7.84947E-2 4.66706E-2 6.3271E-2 1.4721E-1 1.19419E-1 8.23088E-2 1.06264E-1 4.22731E-1 1.67863E-1 1.03066E-1 1.4282E-1 1.49498E-1 1.43351E-1 1.24948E-1 1.03074E-1
-9999 -9999 -9999 -9999 -9999 -9999 -9999 -9999 -9999 -9999 2.28079E-2 6.21668E-2 8.77659E-4 2.54887E-7 3.28877E-4 1.31968E-2 3.16502E-2 3.48001E-2 2.73001E-2 1.84268E-2 4.45408E-2 2.45884E-2 3.25646E-2 1.4832E-2 4.94094E-3 3.30314E-4 7.56815E-4 1.25225E-3 1.34843E-3 7.94393E-4 5.28432E-3 1.41898E-2 1.85719E-2 2.04143E-2 1.33468E-2 4.03973E-2 6.11296E-2 8.07575E-2 1.90413E-1 1.0824E-1 4.50218E-2 9.97913E-2 1.36231E-1 4.60871E-2 6.65181E-2 -9999 -9999 7.05515E-2 2.18851E-2 4.30197E-2 3.42573E-1 3.16602E-1 1.39664E-1 9.34701E-2 2.1857E-1 1.41153E-1 6.76019E-2 4.03267E-2
-9999 -9999 -9999 -9999 -9999 -9999 -9999 1.8464E-7 2.22858E-7 1.18644E-4 1.54607E-2 5.18402E-2 2.14689E-3 5.86593E-6 5.54374E-4 1.2665E-2 2.39482E-2 2.05818E-2 1.00723E-2 1.72558E-2 4.0065E-2 3.75812E-2 3.19242E-2 1.57706E-2 5.83446E-3 2.70457E-4 3.96231E-4 5.74665E-4 4.4127E-4 3.38465E-4 3.90297E-3 1.06408E-2 7.80046E-3 1.42925E-2 1.39736E-2 4.93211E-2 9.59652E-2 8.08591E-2 1.28409E-1 9.63336E-2 8.13816E-2 1.0397E-1 6.26148E-2 4.17193E-2 6.94526E-2 -9999 -9999 1.04691E-1 4.72216E-2 5.64647E-2 2.79726E-1 2.71711E-1 3.70208E-2 5.49819E-2 9.20396E-2 3.83772E-2 3.61265E-2 5.76552E-2
-9999 -9999 -9999 -9999 -9999 8.03554E-5 2.67044E-4 8.47151E-4 2.12272E-3 1.18132E-2 2.08031E-2 7.1448E-2 2.61217E-2 3.48514E-3 1.22133E-2 2.25362E-2 2.78953E-2 1.86176E-2 3.4357E-3 1.88253E-2 3.18779E-2 2.54497E-2 2.17838E-2 1.13636E-2 4.29752E-3 7.54474E-4 2.45844E-3 3.61278E-3 5.62421E-4 3.88476E-4 3.39934E-3 6.70716E-3 6.55416E-3 2.22122E-2 2.62303E-2 7.47347E-2 7.8884E-2 5.68366E-2 5.4925E-2 3.5522E-2 5.23308E-2 3.83337E-2 2.26115E-2 2.52278E-2 5.95919E-2 -9999 -9999 1.33412E-1 5.95936E-2 -9999 -9999 2.67307E-2 1.36234E-2 1.90221E-2 6.69045E-2 3.85029E-2 6.24951E-2 6.82233E-2
-9999 -9999 -9999 -9999 -9999 1.15439E-2 3.24693E-2 4.40539E-2 5.36096E-2 4.46447E-2 2.74909E-2 6.37103E-2 1.00249E-1 8.55818E-2 5.82978E-2 4.8547E-2 4.65546E-2 1.67425E-2 3.35932E-3 1.67926E-2 2.80443E-2 2.07814E-2 9.87348E-3 1.3384E-2 6.49092E-3 1.67557E-3 4.72095E-3 5.7034E-3 1.20773E-3 9.479E-4 2.45114E-3 5.53582E-3 3.05222E-3 4.73272E-3 2.01268E-2 6.76478E-2 7.41251E-2 4.7092E-2 3.43298E-2 2.66008E-2 1.23123E-2 3.41122E-2 1.93833E-2 3.58032E-2 7.22694E-2 2.038E-2 -9999 -9999 -9999 -9999 -9999 1.09508E-1 2.41941E-2 6.05925E-2 1.58951E-1 2.62601E-1 1.15447E-1 7.50961E-2
-9999 -9999 -9999 -9999 -9999 2.06896E-2 7.54613E-2 1.4005E-1 1.50912E-1 1.16414E-1 9.13403E-2 5.89736E-2 6.54317E-2 6.87919E-2 4.61743E-2 7.18831E-2 5.71883E-2 3.54839E-2 1.2731E-2 1.91911E-2 8.94206E-3 4.67778E-3 8.23805E-3 1.10391E-2 7.92835E-3 5.55043E-3 1.83538E-2 2.23162E-2 1.38265E-2 1.18796E-2 8.31684E-3 5.27914E-3 8.12616E-3 7.09008E-3 6.34912E-3 5.80359E-2 7.25594E-2 5.69702E-2 8.33674E-2 1.13508E-2 5.83837E-3 4.25619E-2 4.52353E-2 7.96405E-2 1.46124E-1 8.05338E-2 -9999 -9999 -9999 -9999 1.37707E-1 1.38341E-1 8.30044E-2 9.52675E-2 2.22785E-1 1.93622E-1 1.08241E-1 9.71313E-2
-9999 -9999 -9999 -9999 -9999 2.77009E-2 7.82793E-2 2.00635E-1 2.3355E-1 1.80974E-1 7.83526E-2 3.21936E-2 2.62307E-2 4.15648E-2 3.43904E-2 4.97198E-2 7.94324E-2 2.76575E-2 1.6237E-2 2.15678E-2 7.24581E-3 6.44541E-3 1.04009E-2 7.42316E-3 7.34235E-3 8.62267E-3 2.41712E-2 2.31663E-2 1.33806E-2 2.64352E-2 2.12787E-2 1.39074E-2 1.87245E-2 1.78821E-2 1.64349E-2 6.03653E-2 8.34974E-2 3.76932E-2 6.80709E-2 8.09838E-3 1.00724E-2 1.94436E-2 5.18072E-2 1.30936E-1 1.86587E-1 1.57824E-1 9.28544E-2 -9999 -9999 1.18405E-1 7.13431E-2 1.10065E-1 1.5929E-1 2.15194E-1 1.26006E-1 8.48913E-2 1.03442E-1 1.17725E-1
-9999 -9999 -9999 -9999 -9999 7.25111E-2 1.38951E-1 2.66928E-1 2.8481E-1 1.10643E-1 3.10757E-2 9.74742E-3 1.20996E-2 1.66886E-2 4.27085E-2 5.20764E-2 3.14905E-2 1.05892E-2 8.85234E-3 1.11912E-2 3.32871E-3 1.54317E-3 5.19046E-3 8.74095E-3 4.015E-3 2.55892E-3 6.21337E-3 1.37774E-2 4.56284E-3 1.15333E-2 2.10665E-2 2.22664E-2 3.67282E-2 1.62392E-2 2.76464E-2 7.94112E-2 1.22406E-1 3.79131E-2 1.39524E-2 4.11304E-2 3.0919E-2 2.72914E-2 5.74831E-2 5.72138E-2 2.73911E-2 2.58159E-2 8.58131E-2 -9999 3.84874E-1 1.00136E-1 3.38309E-2 8.85484E-2 1.30962E-1 1.84588E-1 3.3079E-2 9.92235E-2 1.01295E-1 2.1901E-1
