Phytophthora/models/20240503_1134_59/Phytophthora_PA1_RUN1_MAXENT_outputs/Phytophthora_PA1_RUN1.asc
ncols         113
nrows         135
xllcorner     473009.9838
yllcorner     4429001.1748
cellsize      100.0
NODATA_value  -9999
[rows 52 to 77 of 135, columns 0 to 57 of 113]
-9999 -9999 -9999 -9999 -9999 5.68526E-2 1.91922E-1 2.31982E-1 1.3877E-1 4.75806E-2 2.17591E-2 9.94575E-3 1.45615E-2 1.88327E-2 3.11562E-2 2.81085E-2 1.88254E-2 3.00395E-2 3.57746E-2 1.84262E-2 7.88452E-3 2.36065E-3 2.62267E-3 3.5105E-3 3.4277E-3 3.00549E-3 3.74854E-3 3.48597E-3 1.68909E-3 4.88034E-3 1.98241E-2 4.09712E-2 4.21563E-2 4.03476E-2 4.1441E-2 4.88395E-2 4.67517E-2 1.24113E-2 2.62429E-2 9.01882E-2 4.95893E-2 3.25088E-2 2.87149E-2 3.29083E-2 1.94141E-2 4.00365E-2 4.08493E-2 2.96845E-2 1.43357E-1 2.55985E-1 1.76935E-1 1.72653E-1 2.32499E-1 1.38676E-1 5.01712E-2 7.33001E-2 7.46789E-2 1.38089E-1
-9999 -9999 -9999 -9999 -9999 8.13592E-2 4.5061E-1 1.82009E-1 1.04831E-1 4.31674E-2 5.98598E-2 3.06812E-2 3.67319E-2 2.33791E-2 2.38305E-2 1.87226E-2 1.64986E-2 4.8522E-2 5.11531E-2 4.30725E-2 2.07689E-2 1.16051E-2 1.62916E-2 5.62154E-3 5.86594E-3 9.53112E-3 6.99883E-3 1.4847E-3 9.7377E-4 2.90434E-3 1.26591E-2 5.1129E-2 7.15808E-2 3.33742E-2 3.26346E-2 3.21331E-2 2.28936E-2 1.18056E-2 1.67694E-2 3.7918E-2 2.26549E-2 2.11755E-2 2.74528E-2 1.05384E-2 1.75921E-2 3.6306E-2 1.03794E-2 2.58786E-2 1.87878E-1 2.84025E-1 3.9899E-1 3.24419E-1 2.20559E-1 9.95711E-2 9.13772E-2 9.39083E-2 8.66857E-2 1.62227E-1
-9999 -9999 -9999 -9999 4.56616E-3 9.99835E-2 3.94791E-1 1.57172E-1 9.26756E-2 9.15584E-2 9.51972E-2 9.51577E-2 4.68107E-2 1.96674E-2 2.4593E-2 2.82874E-2 6.0456E-2 1.5401E-1 1.63304E-1 1.21839E-1 8.02791E-2 3.0839E-2 2.40432E-2 2.17298E-2 1.65296E-2 2.4564E-2 1.33927E-2 4.80211E-3 2.36555E-3 4.42422E-3 4.58961E-3 1.62951E-2 3.37046E-2 1.54922E-2 1.87805E-2 2.93868E-2 3.32629E-2 2.39602E-2 2.00916E-2 1.86106E-2 1.34651E-2 3.94451E-2 6.95184E-2 3.36923E-2 2.58083E-2 3.05006E-2 2.54001E-2 2.85593E-2 1.28139E-1 1.59838E-1 2.46773E-1 2.32352E-1 8.87521E-2 2.96855E-2 9.97795E-2 1.42394E-1 1.89356E-1 2.02393E-1
-9999 -9999 -9999 1.14076E-1 1.9865E-1 3.02495E-1 3.62544E-1 1.58665E-1 2.05087E-1 1.51137E-1 1.06584E-1 1.2382E-1 6.40159E-2 3.83402E-2 4.67711E-2 6.89656E-2 2.84986E-1 4.38543E-1 3.62808E-1 2.51697E-1 1.90507E-1 8.21827E-2 5.58226E-2 3.26559E-2 1.74825E-2 1.66774E-2 1.93414E-2 9.50711E-3 3.68534E-3 3.62797E-3 1.18014E-2 2.75186E-2 2.52522E-2 1.09016E-2 2.18665E-2 4.11923E-2 4.9548E-2 4.25801E-2 2.56586E-2 4.20738E-2 6.27792E-2 1.23352E-1 1.12793E-1 7.19893E-2 7.34529E-2 8.23827E-2 8.27004E-2 2.7082E-2 4.01664E-2 1.2969E-1 1.53282E-1 1.82253E-1 5.29424E-2 1.13257E-1 1.15606E-1 9.74931E-2 1.02058E-1 1.07349E-1
-9999 -9999 -9999 2.16698E-1 3.64265E-1 5.91105E-1 4.07425E-1 9.89055E-2 2.20577E-1 1.5695E-1 2.91524E-1 1.93114E-1 2.26174E-1 2.51852E-1 1.60944E-1 2.25823E-1 4.67041E-1 5.43443E-1 5.17621E-1 3.22554E-1 2.60294E-1 1.79922E-1 1.27668E-1 6.07073E-2 2.71553E-2 1.5311E-2 2.42522E-2 2.19514E-2 5.81569E-3 4.19464E-3 4.74089E-2 8.59179E-2 1.59212E-2 7.37753E-3 1.47825E-2 2.234E-2 6.32359E-2 6.94534E-2 1.57486E-2 2.03209E-2 5.46179E-2 9.60725E-2 5.34914E-2 5.4239E-2 7.53065E-2 4.60902E-2 4.74027E-2 1.32174E-2 7.58978E-2 9.29461E-2 1.13961E-1 2.4326E-1 1.93641E-1 1.91018E-1 1.30801E-1 1.28341E-1 2.43733E-1 2.35912E-1
-9999 -9999 -9999 1.76642E-1 4.60172E-1 4.96486E-1 3.04982E-1 1.24182E-1 1.02394E-1 2.01402E-1 3.69482E-1 3.5838E-1 5.48407E-1 3.57133E-1 2.33426E-1 2.43404E-1 3.94763E-1 5.07431E-1 4.73258E-1 2.54656E-1 1.82699E-1 2.14274E-1 2.15219E-1 1.59887E-1 6.31839E-2 3.2762E-2 5.02603E-2 6.38656E-2 2.55104E-2 3.10107E-2 9.74091E-2 9.11577E-2 6.96754E-2 1.2178E-2 6.22408E-3 1.29601E-2 7.87758E-2 5.16299E-2 7.79829E-3 1.10034E-2 4.2153E-2 6.36871E-2 5.19785E-2 3.36379E-2 9.27473E-3 4.63869E-3 2.76957E-2 4.4014E-2 9.6991E-2 6.78832E-2 7.47813E-2 1.22597E-1 1.4317E-1 6.43864E-2 6.14575E-2 1.40193E-1 2.07898E-1 9.97383E-2
-9999 -9999 -9999 9.97883E-2 1.97013E-1 2.08584E-1 9.81655E-2 5.57666E-2 8.82002E-2 2.09902E-1 2.97739E-1 3.53306E-1 4.0177E-1 2.26484E-1 1.65079E-1 1.19385E-1 1.74971E-1 2.93449E-1 2.88392E-1 3.4008E-1 2.91532E-1 2.36048E-1 2.091E-1 1.35149E-1 5.91727E-2 4.94053E-2 7.99903E-2 1.62212E-1 1.33959E-1 6.14212E-2 5.11431E-2 5.40495E-2 6.07641E-2 3.78516E-3 5.57407E-3 4.89867E-2 1.58489E-1 5.25057E-2 1.09458E-2 1.4939E-2 3.73914E-2 4.45121E-2 4.79478E-2 2.68476E-2 9.09845E-3 1.11178E-2 1.65947E-2 7.45994E-2 2.89272E-1 2.98382E-1 3.08706E-1 1.98216E-1 9.38453E-2 4.14276E-2 1.72934E-2 1.41657E-1 1.26365E-1 1.0486E-1
-9999 -9999 -9999 1.15442E-1 1.05149E-1 1.46475E-1 1.16791E-1 6.091E-2 8.63224E-2 1.32416E-1 1.57489E-1 1.29861E-1 4.16469E-1 3.09397E-1 1.62174E-1 5.5225E-2 4.94341E-2 8.23644E-2 1.3395E-1 3.49719E-1 2.15279E-1 1.52476E-1 6.90278E-2 2.94548E-2 2.01494E-2 3.242E-2 5.01701E-2 5.24454E-2 4.37779E-2 4.81474E-2 4.95794E-2 3.16559E-2 1.8392E-2 1.0559E-2 9.249E-3 3.30831E-2 4.46514E-2 7.65852E-2 3.32275E-2 2.51308E-2 4.16397E-2 5.82156E-2 7.8088E-2 4.58871E-2 6.11254E-2 2.24151E-2 3.83545E-2 2.22283E-1 3.55292E-1 3.50205E-1 1.7041E-1 7.81377E-2 3.32249E-2 2.96241E-2 9.92883E-3 4.61203E-2 1.98199E-1 2.14153E-1
-9999 -9999 -9999 -9999 9.75164E-2 2.63701E-1 1.84364E-1 9.27952E-2 8.47005E-2 1.52414E-1 1.87551E-1 1.27669E-1 3.28415E-1 3.52301E-1 1.32008E-1 6.87174E-2 7.04362E-2 1.43517E-1 2.48876E-1 2.61225E-1 1.19419E-1 5.28826E-2 1.62063E-2 1.11014E-2 1.22306E-2 2.14584E-2 1.63265E-2 1.14202E-2 3.60216E-2 7.42572E-2 1.15173E-1 3.34263E-2 3.3983E-2 1.91736E-2 1.85322E-2 2.5634E-2 3.43523E-2 1.01908E-1 7.60879E-2 8.12515E-2 1.54884E-1 1.47428E-1 1.80918E-1 1.21902E-1 1.10312E-1 4.5197E-2 3.42652E-2 8.88703E-2 1.54358E-1 2.89083E-1 9.22596E-2 4.12139E-2 2.34109E-2 2.18149E-2 2.34107E-2 3.21492E-2 1.20769E-1 1.62924E-1
-9999 -9999 -9999 -9999 -9999 4.656E-1 2.28335E-1 7.18137E-2 6.28877E-2 2.02892E-1 2.39079E-1 2.08446E-1 2.43018E-1 2.1478E-1 7.43459E-2 4.99712E-2 7.90306E-2 2.1091E-1 2.9072E-1 2.26279E-1 1.03455E-1 1.77131E-2 6.10556E-3 7.09322E-3 1.63508E-2 4.30801E-2 4.88401E-2 2.41032E-2 4.38439E-2 4.72274E-2 4.78168E-2 3.09205E-2 7.21289E-2 1.16829E-2 8.04442E-3 2.1011E-2 4.17356E-2 8.03856E-2 9.32222E-2 1.28899E-1 1.46624E-1 1.6325E-1 2.53035E-1 2.13053E-1 1.96797E-1 7.17572E-2 5.14404E-2 1.22754E-1 1.92102E-1 1.69673E-1 6.39913E-2 3.72277E-2 4.94267E-2 5.7837E-2 9.01096E-2 4.49224E-2 7.98962E-2 1.25013E-1
-9999 -9999 -9999 -9999 -9999 -9999 6.34585E-2 3.81569E-2 8.161E-2 1.93113E-1 2.20895E-1 4.79639E-1 5.6351E-1 1.68114E-1 4.93705E-2 2.85892E-2 3.98342E-2 1.56027E-1 1.84661E-1 9.82841E-2 3.13747E-2 9.46506E-3 5.36812E-3 1.32414E-2 3.17675E-2 6.05487E-2 6.52629E-2 4.00822E-2 2.11529E-2 1.25558E-2 2.25446E-2 3.70195E-2 5.01812E-2 3.82379E-2 4.67598E-2 6.78251E-2 8.66634E-2 1.37415E-1 8.82709E-2 7.96832E-2 2.05167E-1 1.07502E-1 3.7793E-1 2.50955E-1 2.89442E-1 1.72229E-1 1.09805E-1 1.13325E-1 1.20616E-1 7.53807E-2 5.27082E-2 6.85908E-2 8.53923E-2 9.38999E-2 8.40539E-2 6.86862E-2 1.36152E-1 1.9423E-1
-9999 -9999 -9999 -9999 -9999 -9999 6.10466E-2 6.79881E-2 8.01047E-2 1.49683E-1 5.4042E-1 5.50367E-1 3.72621E-1 7.67504E-2 3.31708E-2 2.50385E-2 3.98407E-2 5.15769E-2 4.90407E-2 3.14949E-2 1.82347E-2 7.94673E-3 5.59623E-3 1.44364E-2 2.37997E-2 3.73301E-2 5.73905E-2 2.90476E-2 1.00482E-2 1.20181E-2 2.03915E-2 5.7603E-2 4.61663E-2 5.89963E-2 1.48939E-1 6.76116E-2 4.02486E-2 4.70599E-2 2.46085E-2 4.1283E-2 1.44578E-1 1.50711E-1 3.90618E-1 2.49649E-1 2.64035E-1 2.19667E-1 9.86916E-2 5.17233E-2 8.08327E-2 9.40209E-2 1.16833E-1 1.7518E-1 1.51928E-1 1.12377E-1 9.74677E-2 1.40681E-1 1.20501E-1 1.26052E-1
-9999 -9999 -9999 -9999 -9999 2.59902E-2 8.32406E-2 5.69379E-2 4.49983E-2 1.32151E-1 4.68964E-1 4.10203E-1 2.84768E-1 7.83103E-2 2.64819E-2 2.31006E-2 2.04646E-2 1.52938E-2 1.09529E-2 1.57202E-2 1.83746E-2 1.81295E-2 1.41417E-2 2.44712E-2 3.33524E-2 6.0478E-2 6.15823E-2 2.33978E-2 9.74471E-3 3.36292E-3 1.15951E-2 5.8806E-2 7.02503E-2 7.63497E-2 2.44875E-1 1.81099E-1 5.58043E-2 5.31769E-2 5.00304E-2 1.14991E-1 2.32624E-1 1.44444E-1 2.15799E-1 2.103E-1 2.20985E-1 2.07419E-1 1.74144E-1 1.14057E-1 8.57559E-2 1.52468E-1 1.19569E-1 1.72872E-1 1.15983E-1 8.40643E-2 7.07546E-2 1.43458E-1 1.42377E-1 1.69177E-1
-9999 -9999 -9999 -9999 5.58766E-5 1.70467E-2 7.81403E-2 3.84319E-2 4.67075E-2 5.4845E-2 1.03604E-1 2.32604E-1 1.53683E-1 8.70637E-2 4.70281E-2 3.06257E-2 3.13712E-2 2.1864E-2 1.92303E-2 3.24304E-2 7.44582E-2 6.27925E-2 2.83667E-2 2.87257E-2 5.63372E-2 1.20943E-1 1.16248E-1 1.90696E-2 5.58722E-3 1.18952E-2 2.45712E-2 6.36717E-2 6.51257E-2 7.67021E-2 1.52331E-1 1.32844E-1 1.22201E-1 1.02552E-1 1.15291E-1 2.96124E-1 4.87431E-1 2.09525E-1 2.7884E-1 3.9679E-1 2.17549E-1 1.08538E-1 1.20325E-1 1.56792E-1 1.34813E-1 1.65932E-1 1.15334E-1 1.52172E-1 1.93275E-1 3.18503E-1 2.02888E-1 1.63501E-1 2.9632E-1 2.2433E-1
-9999 -9999 -9999 -9999 6.46263E-5 2.86338E-2 1.56757E-1 7.42926E-2 2.48807E-2 9.73827E-3 6.74029E-2 1.46292E-1 1.30786E-1 1.64119E-1 5.8623E-2 8.98057E-2 5.25378E-2 5.08813E-2 4.73013E-2 7.6868E-2 1.79351E-1 1.03601E-1 5.18443E-2 5.93321E-2 1.0195E-1 1.14456E-1 9.86257E-2 1.92652E-2 1.03169E-2 1.99394E-2 3.9326E-2 4.1592E-2 8.334E-2 9.84579E-2 1.58036E-1 1.80927E-1 1.61205E-1 1.34479E-1 1.63691E-1 2.55994E-1 4.07599E-1 4.14236E-1 5.14797E-1 4.53699E-1 1.48269E-1 4.34628E-2 5.7592E-2 1.81537E-1 3.22188E-1 3.65618E-1 3.69304E-1 1.70043E-1 2.91139E-1 3.65737E-1 3.96201E-1 3.40751E-1 2.80493E-1 1.6927E-1
-9999 -9999 -9999 -9999 1.93999E-4 5.40112E-2 2.43301E-1 2.2731E-1 1.90376E-1 1.98743E-2 1.08768E-1 1.18782E-1 1.72589E-1 2.36968E-1 7.06394E-2 2.71811E-2 2.38129E-2 5.45306E-2 9.91453E-2 1.48843E-1 2.26012E-1 1.80939E-1 1.2414E-1 1.41278E-1 1.4573E-1 1.32011E-1 7.36229E-2 2.7274E-2 3.07573E-2 3.34871E-2 4.60613E-2 7.03373E-2 8.80051E-2 1.98433E-1 1.39593E-1 8.88073E-2 4.81107E-2 4.60089E-2 8.157E-2 1.44557E-1 2.73625E-1 3.09528E-1 4.1956E-1 4.20869E-1 8.75789E-2 2.86634E-2 4.08042E-2 2.02646E-1 2.76356E-1 3.97971E-1 5.2449E-1 3.3919E-1 3.74998E-1 4.37042E-1 4.46032E-1 4.06899E-1 4.76879E-1 1.29541E-1
-9999 -9999 -9999 -9999 1.75034E-4 4.48789E-2 3.05927E-1 3.50264E-1 1.35752E-1 1.87764E-1 2.5534E-1 1.82857E-1 1.90264E-1 6.27079E-2 5.29796E-2 3.96389E-2 6.09928E-2 1.05666E-1 1.70914E-1 3.06947E-1 4.50222E-1 3.97003E-1 3.33157E-1 2.81828E-1 1.37112E-1 1.89292E-1 9.1104E-2 5.92947E-2 3.71175E-2 7.16205E-2 1.52788E-1 1.54842E-1 1.78696E-1 1.87368E-1 1.09535E-1 3.04166E-2 1.76935E-2 2.13635E-2 4.67187E-2 1.68502E-1 2.43877E-1 3.36272E-1 1.79387E-1 1.7139E-1 7.73925E-2 2.63294E-2 4.75844E-2 1.0799E-1 2.20543E-1 3.2327E-1 5.26738E-1 6.74386E-1 6.03252E-1 4.37351E-1 4.15685E-1 4.59344E-1 2.90896E-1 1.69197E-1
-9999 -9999 -9999 -9999 3.88231E-5 4.02721E-2 3.48074E-1 3.03162E-1 1.04931E-1 3.16518E-1 2.25444E-1 1.92121E-1 1.54246E-1 1.17029E-1 1.13465E-1 2.00623E-1 1.48474E-1 1.94482E-1 2.60479E-1 4.81076E-1 4.00832E-1 3.11192E-1 2.42619E-1 1.7543E-1 1.83181E-1 2.64676E-1 2.77359E-1 1.56676E-1 5.39231E-2 1.57769E-1 2.24241E-1 1.06188E-1 7.38697E-2 2.60193E-2 4.42433E-2 2.18823E-2 1.28766E-2 3.34327E-2 1.00075E-1 2.24078E-1 2.1432E-1 2.01627E-1 7.8649E-2 9.59734E-2 4.76454E-2 3.13011E-2 5.75864E-2 1.25772E-1 2.64681E-1 5.10929E-1 7.01471E-1 5.86091E-1 6.71704E-1 4.51916E-1 1.34914E-1 2.60121E-1 3.45734E-1 3.04929E-1
-9999 -9999 -9999 -9999 2.89884E-5 3.59805E-2 3.63041E-1 1.7536E-1 1.8396E-1 4.14789E-1 3.83613E-1 3.73694E-1 1.9277E-1 1.31297E-1 1.17855E-1 2.00842E-1 2.96513E-1 3.7909E-1 3.34345E-1 3.95552E-1 2.61562E-1 1.69818E-1 9.55795E-2 8.13229E-2 1.41603E-1 2.39112E-1 1.97212E-1 1.16957E-1 2.81425E-2 2.53219E-1 3.67443E-1 1.42042E-1 7.17944E-2 5.11564E-2 1.88401E-2 6.75545E-3 7.65017E-3 7.73927E-2 2.23011E-1 3.80856E-1 2.72439E-1 1.3662E-1 9.96455E-2 7.00992E-2 3.55579E-2 6.12571E-2 1.1215E-1 1.78324E-1 5.44457E-1 6.2319E-1 5.53708E-1 2.97949E-1 3.57567E-1 1.54191E-1 1.4023E-1 2.0417E-1 2.91084E-1 4.98672E-1
-9999 -9999 -9999 -9999 8.80695E-5 2.75431E-2 2.30434E-1 1.79143E-1 2.44299E-1 2.64739E-1 2.88211E-1 6.29199E-1 6.49266E-1 2.5641E-1 1.62988E-1 2.33328E-1 3.85868E-1 4.35546E-1 5.41492E-1 4.29052E-1 2.50021E-1 2.67232E-1 1.9463E-1 1.34572E-1 1.11693E-1 1.65663E-1 1.39147E-1 7.88045E-2 3.34833E-2 7.47703E-2 2.42738E-1 1.59737E-1 1.35421E-1 3.63199E-2 1.35848E-2 1.69784E-2 3.02081E-2 6.24088E-2 3.39943E-1 5.57109E-1 3.21923E-1 1.51237E-1 1.34335E-1 3.88683E-2 3.80756E-2 1.19718E-1 2.1968E-1 2.37833E-1 3.9691E-1 5.9957E-1 3.74812E-1 2.53995E-1 1.74451E-1 9.74029E-2 1.4638E-1 2.46696E-1 3.17338E-1 4.02663E-1
-9999 -9999 -9999 -9999 1.94108E-3 2.15168E-2 8.7502E-2 9.07588E-2 1.1648E-1 1.61326E-1 2.38739E-1 3.61329E-1 6.34804E-1 5.83202E-1 4.4472E-1 3.57925E-1 3.62352E-1 3.88435E-1 3.59117E-1 3.06674E-1 3.35674E-1 3.89617E-1 3.84994E-1 2.68356E-1 1.88923E-1 2.1134E-1 2.19137E-1 1.48039E-1 6.39042E-2 1.23327E-1 1.01881E-1 8.36389E-2 1.90586E-1 8.28512E-2 6.88987E-2 4.80431E-2 4.59132E-2 9.50889E-2 4.12361E-1 6.31362E-1 2.84157E-1 1.51213E-1 9.29873E-2 2.17725E-2 4.0002E-2 7.6707E-2 1.11092E-1 2.1134E-1 5.67164E-1 5.50941E-1 4.29363E-1 1.74289E-1 9.78355E-2 1.42211E-1 2.37214E-1 4.06428E-1 4.18414E-1 3.89881E-1
-9999 -9999 -9999 2.01236E-3 3.0181E-2 4.83201E-2 6.71799E-2 6.71269E-2 7.34332E-2 1.52774E-1 2.86452E-1 3.20122E-1 4.9738E-1 6.83354E-1 6.74756E-1 5.768E-1 5.25196E-1 4.92655E-1 2.94232E-1 1.68286E-1 2.56978E-1 3.16679E-1 3.62578E-1 3.93251E-1 3.14992E-1 1.84756E-1 2.19656E-1 1.77466E-1 1.27741E-1 8.90301E-2 7.38678E-2 8.69394E-2 1.31911E-1 1.17919E-1 8.61184E-2 5.02261E-2 9.62554E-2 2.09613E-1 3.88079E-1 6.09742E-1 2.85571E-1 1.7202E-1 7.79472E-2 1.9698E-2 8.48791E-2 5.48655E-2 6.53871E-2 3.62964E-1 4.38131E-1 3.28583E-1 2.31665E-1 1.00766E-1 3.9332E-2 6.75657E-2 1.85199E-1 4.17014E-1 5.18981E-1 5.44747E-1
-9999 -9999 -9999 1.82202E-2 1.11807E-1 2.37739E-1 2.74072E-1 1.10667E-1 1.39917E-1 2.45244E-1 4.46795E-1 4.23979E-1 5.94308E-1 7.36912E-1 8.14294E-1 7.3876E-1 6.74004E-1 5.73466E-1 4.40462E-1 2.20796E-1 3.8235E-1 4.08074E-1 4.0926E-1 5.75191E-1 4.43758E-1 2.67828E-1 2.61296E-1 1.86916E-1 1.78241E-1 8.41357E-2 5.05982E-2 3.96859E-2 1.41741E-1 1.1271E-1 1.40212E-1 6.82639E-2 1.31147E-1 3.37472E-1 4.54669E-1 5.15576E-1 4.82611E-1 4.29116E-1 2.80772E-1 1.05276E-1 1.23293E-1 3.78554E-2 4.55598E-2 3.25486E-1 1.91341E-1 1.14584E-1 1.54712E-1 7.85248E-2 2.71332E-2 5.19813E-2 1.78138E-1 3.74687E-1 4.57192E-1 4.95045E-1
-9999 -9999 4.80593E-3 3.69688E-2 2.86171E-1 6.66155E-1 7.64956E-1 6.22906E-1 6.27375E-1 5.25547E-1 5.83888E-1 6.32956E-1 6.44144E-1 7.71504E-1 8.46708E-1 8.51931E-1 6.72342E-1 5.19183E-1 5.22178E-1 3.44238E-1 3.90812E-1 5.72343E-1 6.77261E-1 6.7534E-1 5.4598E-1 2.91014E-1 1.64387E-1 1.24826E-1 1.09209E-1 8.4714E-2 7.60647E-2 1.34318E-1 2.04677E-1 1.41405E-1 1.80833E-1 2.08052E-1 2.1402E-1 2.99626E-1 5.59257E-1 5.60559E-1 6.82467E-1 7.02508E-1 4.68611E-1 1.99162E-1 1.24772E-1 9.4861E-2 1.34588E-1 2.63684E-1 1.46949E-1 1.4467E-1 1.3198E-1 6.07716E-2 3.06533E-2 3.24986E-2 1.02868E-1 3.25559E-1 3.6906E-1 3.42065E-1
-9999 -9999 1.17893E-2 3.25155E-1 5.68689E-1 7.95736E-1 8.65793E-1 8.83662E-1 8.69326E-1 8.5797E-1 7.4914E-1 5.50777E-1 6.51872E-1 7.85714E-1 8.35348E-1 8.7341E-1 6.79542E-1 4.49532E-1 4.55976E-1 5.17175E-1 6.43882E-1 6.1305E-1 6.11859E-1 7.05121E-1 5.77094E-1 3.0911E-1 1.38884E-1 1.34057E-1 1.27133E-1 9.91104E-2 1.2481E-1 2.36069E-1 1.34736E-1 7.90851E-2 2.19469E-1 3.34008E-1 2.93637E-1 3.18302E-1 4.15481E-1 5.38714E-1 6.0358E-1 6.87667E-1 4.86267E-1 3.27635E-1 2.40227E-1 2.5852E-1 3.76944E-1 5.28133E-1 5.13016E-1 3.59505E-1 1.59154E-1 9.31026E-2 8.87838E-2 1.09076E-1 9.83752E-2 2.57446E-1 3.04809E-1 2.71374E-1
-9999 -9999 -9999 4.24455E-1 4.97818E-1 7.37386E-1 8.8438E-1 9.43959E-1 9.46578E-1 9.49953E-1 8.5494E-1 5.15028E-1 3.79028E-1 7.49929E-1 7.92239E-1 8.54497E-1 5.48155E-1 3.90103E-1 5.36732E-1 7.68004E-1 7.07864E-1 5.22101E-1 4.91118E-1 5.9845E-1 5.20619E-1 2.84089E-1 2.52366E-1 1.91854E-1 2.53743E-1 1.62013E-1 1.68696E-1 2.02004E-1 8.9934E-2 6.93095E-2 1.30019E-1 2.18175E-1 3.28988E-1 3.82866E-1 5.21749E-1 4.80279E-1 6.26711E-1 6.58433E-1 5.85377E-1 5.23301E-1 3.50871E-1 3.46456E-1 4.77198E-1 5.34608E-1 5.10368E-1 4.65135E-1 2.79877E-1 2.43068E-1 2.48231E-1 2.81129E-1 2.55809E-1 2.4005E-1 2.09024E-1 1.72763E-1
