Phytophthora/models/20240503_1134_59/Phytophthora_PA1_RUN1_MAXENT_outputs/Phytophthora_PA1_RUN1.asc
ncols         113
nrows         135
xllcorner     473009.9838
yllcorner     4429001.1748
cellsize      100.0
NODATA_value  -9999
[rows 78 to 103 of 135, columns 0 to 57 of 113]
-9999 -9999 -9999 6.45878E-2 2.86162E-1 6.85213E-1 8.94274E-1 9.46862E-1 9.67602E-1 9.56419E-1 7.60988E-1 6.3149E-1 7.20814E-1 7.46348E-1 7.31147E-1 6.48572E-1 4.91424E-1 4.85594E-1 8.26054E-1 8.22976E-1 6.90045E-1 3.44485E-1 4.1692E-1 4.79246E-1 4.9348E-1 4.58011E-1 4.83042E-1 4.02796E-1 3.11759E-1 2.36292E-1 1.82652E-1 1.53891E-1 6.7621E-2 3.12336E-2 6.45075E-2 2.38317E-1 3.11602E-1 3.6001E-1 4.32855E-1 4.50652E-1 6.85956E-1 6.36745E-1 6.20084E-1 6.3076E-1 4.49862E-1 4.94398E-1 4.0337E-1 4.48643E-1 4.10252E-1 4.37883E-1 3.95301E-1 3.80786E-1 3.79173E-1 3.68205E-1 3.63983E-1 4.1073E-1 1.71071E-1 1.5004E-1
-9999 -9999 -9999 -9999 2.75775E-1 6.61385E-1 8.68592E-1 8.80785E-1 9.26059E-1 9.05946E-1 7.2984E-1 8.043E-1 8.77511E-1 8.38856E-1 7.20837E-1 5.34526E-1 4.69481E-1 5.46118E-1 6.71911E-1 5.43127E-1 4.92646E-1 2.69582E-1 1.85943E-1 2.21128E-1 5.00897E-1 6.15992E-1 5.99168E-1 4.85223E-1 3.27326E-1 1.42345E-1 1.22312E-1 1.20148E-1 5.95055E-2 5.58098E-2 9.33704E-2 2.22871E-1 3.2658E-1 4.4423E-1 1.85735E-1 4.03014E-1 6.92817E-1 6.55277E-1 5.98892E-1 6.37225E-1 6.78215E-1 5.56992E-1 3.26643E-1 3.66192E-1 4.09965E-1 2.98145E-1 3.83863E-1 4.27912E-1 5.34337E-1 4.6942E-1 2.80343E-1 2.78787E-1 2.3119E-1 8.38818E-2
-9999 -9999 -9999 2.29669E-2 2.51664E-1 6.18458E-1 9.05856E-1 9.33008E-1 9.23022E-1 9.03919E-1 7.30447E-1 7.55384E-1 8.53809E-1 8.22412E-1 5.33492E-1 3.38765E-1 4.28973E-1 4.3669E-1 5.14571E-1 4.65778E-1 3.99746E-1 1.76928E-1 1.96356E-1 2.12222E-1 2.77496E-1 4.88339E-1 5.75157E-1 4.50635E-1 8.65905E-2 1.53945E-1 7.40823E-2 5.24034E-2 1.02468E-1 1.80176E-1 2.04627E-1 3.8451E-1 5.29823E-1 5.21541E-1 2.17057E-1 3.99205E-1 4.52378E-1 4.13738E-1 4.03663E-1 4.77126E-1 5.45521E-1 3.06598E-1 2.34628E-1 1.92453E-1 3.63242E-1 4.36299E-1 3.0123E-1 2.72769E-1 2.32305E-1 1.90904E-1 9.00158E-2 3.80397E-2 8.25759E-2 2.48995E-2
-9999 -9999 1.89035E-2 2.86008E-2 1.7961E-1 5.83745E-1 8.73888E-1 9.17913E-1 8.71975E-1 8.55738E-1 7.20242E-1 6.57356E-1 7.66809E-1 7.58752E-1 4.12947E-1 2.94377E-1 4.26853E-1 5.81014E-1 6.31674E-1 5.83819E-1 4.97444E-1 2.18044E-1 2.8116E-1 2.15148E-1 3.37984E-1 4.11604E-1 4.75953E-1 4.54324E-1 2.36724E-1 8.91045E-2 1.34285E-1 7.26568E-2 3.258E-1 3.71209E-1 1.99895E-1 3.14841E-1 5.59375E-1 4.66009E-1 2.98462E-1 2.76052E-1 2.80864E-1 3.76082E-1 4.40053E-1 4.83809E-1 4.98935E-1 1.43817E-1 4.37856E-2 9.31992E-2 1.23708E-1 2.41822E-1 3.01407E-1 1.91803E-1 1.17513E-1 1.21671E-1 5.24131E-2 8.7433E-3 8.44305E-3 5.76822E-3
-9999 -9999 8.54745E-3 1.1459E-1 2.32016E-1 5.09582E-1 6.37575E-1 6.44332E-1 8.35589E-1 8.73185E-1 6.72572E-1 6.58384E-1 6.053E-1 5.48276E-1 2.38217E-1 1.89766E-1 3.06793E-1 4.56317E-1 5.34629E-1 7.03167E-1 5.5311E-1 3.45084E-1 4.59138E-1 2.94301E-1 2.47903E-1 2.97778E-1 3.25817E-1 2.21201E-1 1.01571E-1 8.74052E-2 1.49417E-1 2.37996E-1 3.42114E-1 3.19399E-1 3.96959E-1 5.88324E-1 4.78652E-1 3.89763E-1 3.63653E-1 5.25328E-1 1.87101E-1 3.76216E-1 4.80162E-1 4.92187E-1 4.64845E-1 2.42214E-1 1.12017E-1 2.17515E-1 2.35231E-1 1.8141E-1 1.42502E-1 8.18721E-2 1.23951E-1 8.71479E-2 1.96515E-2 6.70276E-3 1.98335E-2 7.47493E-2
-9999 -9999 1.87207E-3 2.54772E-1 5.99313E-1 5.99834E-1 3.84694E-1 5.49124E-1 6.6161E-1 3.96042E-1 5.05311E-1 4.4906E-1 3.5212E-1 2.88606E-1 2.11951E-1 2.9907E-1 4.79413E-1 5.53912E-1 4.44771E-1 4.78762E-1 3.81928E-1 4.71913E-1 4.31842E-1 3.14652E-1 2.34644E-1 1.9361E-1 1.7292E-2 5.28581E-2 7.48885E-2 2.9242E-1 4.39898E-1 4.75042E-1 4.36979E-1 4.6526E-1 5.49919E-1 6.61011E-1 5.61925E-1 6.18777E-1 5.16523E-1 5.8281E-1 3.31208E-1 3.68927E-1 4.34745E-1 4.39417E-1 3.92774E-1 2.51357E-1 2.47428E-1 2.79756E-1 2.64831E-1 1.24374E-1 1.4228E-1 6.86022E-2 6.0878E-2 2.53554E-2 8.82407E-3 5.75537E-2 6.767E-2 9.40562E-2
-9999 -9999 1.09289E-2 3.09174E-1 5.89602E-1 5.60252E-1 4.02519E-1 4.63996E-1 3.95517E-1 2.55129E-1 2.71437E-1 2.19705E-1 2.31699E-1 2.75012E-1 3.67751E-1 5.33045E-1 5.98646E-1 4.68246E-1 3.39675E-1 3.52815E-1 2.23181E-1 3.10173E-1 2.55885E-1 2.01453E-1 8.26506E-2 4.53755E-2 2.30247E-2 3.79626E-2 1.07226E-1 3.52419E-1 6.64207E-1 6.50384E-1 5.58648E-1 4.04051E-1 6.38222E-1 5.92631E-1 5.516E-1 5.93079E-1 5.22535E-1 5.67438E-1 4.06847E-1 3.79349E-1 2.98385E-1 3.74538E-1 1.73825E-1 2.04877E-1 4.06247E-1 4.88946E-1 4.34194E-1 3.4076E-1 2.06121E-1 9.88794E-2 4.3067E-2 1.70008E-2 5.73099E-2 2.26387E-1 1.12471E-1 2.52856E-1
-9999 3.27701E-3 4.6347E-2 3.27086E-1 6.98134E-1 6.67618E-1 4.86692E-1 3.07497E-1 1.8393E-1 9.79664E-2 1.66228E-1 2.58915E-1 3.42728E-1 5.62814E-1 5.58185E-1 5.32354E-1 4.14083E-1 3.2343E-1 3.0923E-1 2.54561E-1 1.26593E-1 1.4537E-1 1.24789E-1 8.98964E-2 4.69448E-2 5.75972E-2 3.69967E-2 8.93425E-2 1.80551E-1 2.4417E-1 4.38037E-1 3.2259E-1 2.72368E-1 3.44028E-1 6.23446E-1 4.87877E-1 1.76654E-1 5.22621E-1 4.12686E-1 4.43395E-1 5.18898E-1 5.00468E-1 3.87248E-1 2.99151E-1 1.43776E-1 1.67004E-1 4.48373E-1 6.67077E-1 5.87937E-1 5.33391E-1 3.16419E-1 1.40702E-1 8.59993E-2 1.08429E-2 6.94986E-2 3.1684E-1 2.95989E-1 3.99594E-1
-9999 3.98989E-2 1.16854E-1 3.38399E-1 4.97672E-1 4.5625E-1 3.73895E-1 1.97643E-1 1.13076E-1 1.39608E-1 3.08463E-1 4.6463E-1 4.45582E-1 5.52232E-1 4.37432E-1 4.21159E-1 4.1837E-1 2.93269E-1 2.42459E-1 1.82708E-1 1.01503E-1 7.18854E-2 6.5398E-2 4.80304E-2 5.26913E-2 5.613E-2 7.52949E-2 1.23035E-1 2.21717E-1 2.27248E-1 1.82423E-1 1.00151E-1 2.50491E-1 3.86299E-1 3.43251E-1 2.95081E-1 3.74463E-1 3.85271E-1 2.57535E-1 3.86942E-1 6.43793E-1 3.62794E-1 4.07753E-1 3.83923E-1 2.1856E-1 2.80856E-1 5.04287E-1 5.62055E-1 5.08457E-1 3.26416E-1 2.83915E-1 2.00508E-1 1.07231E-1 1.628E-2 4.51609E-2 3.72636E-1 3.99518E-1 4.09353E-1
3.46314E-2 8.63479E-2 1.12269E-1 1.85856E-1 6.1086E-1 6.408E-1 5.81948E-1 3.49614E-1 1.94195E-1 2.92004E-1 4.34207E-1 4.91981E-1 5.21731E-1 5.47841E-1 3.35033E-1 2.82571E-1 3.44879E-1 2.49118E-1 2.33322E-1 2.74365E-1 2.70173E-1 1.54581E-1 8.91776E-2 4.3822E-2 6.19818E-2 9.8969E-2 1.5982E-1 1.84378E-1 1.0729E-1 2.19325E-1 8.54363E-2 1.09328E-1 2.84577E-1 4.40145E-1 2.82583E-1 3.13583E-1 5.8679E-1 4.80515E-1 3.39067E-1 5.42426E-1 4.93825E-1 2.7656E-1 4.52223E-1 4.62755E-1 3.82419E-1 4.65952E-1 3.89505E-1 3.17635E-1 1.38983E-1 4.82777E-1 3.39635E-1 1.61814E-1 6.70895E-2 6.00402E-2 2.55979E-1 4.7414E-1 3.80794E-1 3.52305E-1
5.44919E-2 1.29491E-1 1.75976E-1 4.5264E-1 6.34172E-1 6.31231E-1 6.02162E-1 3.98345E-1 3.82797E-1 5.1094E-1 4.83848E-1 5.57392E-1 4.10646E-1 6.71084E-1 6.51216E-1 3.84185E-1 2.77359E-1 2.17273E-1 2.75922E-1 3.56304E-1 2.80111E-1 1.13855E-1 1.17378E-1 8.79831E-2 7.43949E-2 1.65677E-1 2.49843E-1 1.35492E-1 3.51159E-2 6.37598E-2 2.10115E-1 3.61453E-1 2.47034E-1 3.46124E-1 2.34936E-1 2.07629E-1 2.22134E-1 2.74393E-1 5.09638E-1 7.17144E-1 6.60309E-1 3.69208E-1 4.54293E-1 4.3259E-1 7.04412E-1 5.54729E-1 1.7965E-1 8.46855E-2 1.97435E-1 4.79798E-1 2.55665E-1 1.35191E-1 7.04005E-2 1.60554E-1 3.70248E-1 3.85675E-1 4.20739E-1 3.17085E-1
-9999 2.31043E-1 4.55071E-1 7.08889E-1 6.25319E-1 4.45482E-1 6.95181E-1 5.94322E-1 4.52891E-1 5.3375E-1 5.29794E-1 3.41876E-1 1.18032E-1 7.2728E-1 8.15161E-1 6.72583E-1 3.65634E-1 2.05413E-1 3.28186E-1 5.38208E-1 4.16073E-1 1.93789E-1 2.88699E-1 1.45331E-1 1.26071E-1 2.12813E-1 1.68099E-1 3.20693E-1 2.53771E-1 1.71393E-1 2.35417E-1 4.98617E-1 5.4815E-1 2.88099E-1 2.36157E-1 3.65977E-1 1.80072E-1 2.23408E-1 5.39816E-1 7.28486E-1 5.48383E-1 2.24865E-1 3.31057E-1 5.47644E-1 6.91873E-1 6.42943E-1 2.4461E-1 8.07321E-2 5.35625E-1 4.69252E-1 1.67546E-1 1.38811E-1 4.61525E-2 4.27775E-1 5.14195E-1 5.2614E-1 4.70191E-1 3.26448E-1
-9999 5.67011E-1 6.74908E-1 8.01008E-1 7.83506E-1 4.45714E-1 5.52515E-1 4.88284E-1 4.4904E-1 4.67041E-1 4.6966E-1 3.42635E-1 4.24999E-1 6.84114E-1 8.0857E-1 6.03657E-1 2.87308E-1 2.43767E-1 2.31359E-1 3.80454E-1 3.31656E-1 2.59852E-1 1.53533E-1 1.52888E-1 2.08124E-1 1.99242E-1 3.61456E-1 5.30447E-1 5.04785E-1 1.58163E-1 1.35753E-1 4.67051E-1 5.31526E-1 2.60554E-1 3.32928E-1 3.4039E-1 3.07501E-1 2.98829E-1 4.96172E-1 5.41243E-1 2.72193E-1 8.04065E-2 1.48655E-1 3.30976E-1 6.51803E-1 6.02652E-1 2.20685E-1 1.77885E-1 5.32894E-1 6.25099E-1 3.98571E-1 2.01403E-1 1.53947E-1 5.36415E-1 5.98391E-1 5.82265E-1 4.38025E-1 3.21151E-1
-9999 -9999 -9999 5.56113E-1 4.48022E-1 4.46806E-1 7.0512E-1 5.70581E-1 3.15884E-1 3.67244E-1 2.97972E-1 2.15323E-1 1.81625E-1 4.56435E-1 6.40703E-1 4.20043E-1 3.74633E-1 2.54356E-1 2.21778E-1 3.4725E-1 9.48558E-2 8.32408E-2 1.27055E-1 2.04622E-1 6.45821E-2 8.96139E-2 3.45078E-1 3.87631E-1 2.54236E-1 1.97317E-1 2.00644E-1 1.05691E-1 2.26838E-1 2.58343E-1 3.34728E-1 2.6697E-1 2.12052E-1 1.85247E-1 3.60182E-1 2.33976E-1 6.52421E-2 5.54724E-2 1.05765E-1 2.23455E-1 5.84635E-1 3.67824E-1 5.85486E-2 4.76335E-1 6.06031E-1 4.9888E-1 4.59032E-1 3.50919E-1 5.84289E-1 6.20477E-1 6.14494E-1 6.01175E-1 4.14519E-1 3.23219E-1
-9999 -9999 -9999 -9999 2.67069E-1 2.82055E-1 7.19055E-1 7.03409E-1 4.88342E-1 4.02244E-1 3.35621E-1 1.92081E-1 1.23693E-1 4.31501E-1 3.28791E-1 3.6982E-1 3.82329E-1 3.01315E-1 3.09132E-1 3.68508E-1 1.59035E-1 6.9593E-2 5.29822E-2 1.96087E-1 2.1916E-1 2.58363E-1 1.65797E-1 2.15462E-1 2.03872E-1 1.73222E-1 2.27314E-1 2.13324E-1 2.90084E-1 2.39774E-1 2.00404E-1 1.5083E-1 6.02513E-2 3.14945E-2 6.40318E-3 4.19988E-3 9.46375E-3 4.30387E-2 7.09667E-2 1.53154E-1 3.51171E-1 1.29568E-1 3.49403E-1 5.44606E-1 5.80276E-1 5.11353E-1 4.15908E-1 3.53677E-1 5.75685E-1 5.77602E-1 5.78946E-1 5.00703E-1 3.15703E-1 4.14127E-1
-9999 -9999 -9999 -9999 -9999 -9999 -9999 7.13861E-1 5.80408E-1 6.39925E-1 6.01425E-1 5.13854E-1 4.93147E-1 4.72248E-1 2.80161E-1 3.45508E-1 4.11671E-1 3.23268E-1 1.73406E-1 4.70801E-1 3.93197E-1 7.19957E-2 4.85479E-2 1.41475E-1 2.11701E-1 1.56319E-1 1.42669E-1 1.88393E-1 1.88899E-1 7.17355E-2 6.38428E-2 1.96431E-1 1.67558E-1 9.39809E-2 8.24986E-2 9.70527E-2 1.01726E-1 2.61981E-2 7.61316E-3 1.11662E-2 1.3717E-2 2.11345E-2 3.96394E-2 1.66016E-1 2.62967E-1 1.56801E-1 5.92501E-1 6.30885E-1 5.49004E-1 5.73783E-1 4.3933E-1 4.56741E-1 5.58114E-1 5.11264E-1 4.90289E-1 3.7626E-1 3.92853E-1 4.42046E-1
-9999 -9999 -9999 -9999 -9999 -9999 -9999 7.8813E-1 8.30276E-1 8.11418E-1 4.92439E-1 4.29904E-1 3.0179E-1 2.42105E-1 3.71981E-1 4.64586E-1 6.78029E-1 4.78315E-1 3.29768E-1 5.86272E-1 3.60879E-1 6.00605E-2 4.1304E-2 8.62753E-2 9.98394E-2 1.56184E-1 1.24176E-1 1.11707E-1 6.44437E-2 3.8259E-2 1.23151E-1 9.61581E-2 5.79054E-2 3.11608E-2 6.31375E-2 8.74937E-2 8.82005E-2 5.38599E-2 2.16517E-2 1.7586E-2 1.78814E-2 3.13842E-2 1.17193E-1 3.87863E-1 2.28937E-1 4.63094E-1 5.35129E-1 4.69935E-1 3.81066E-1 3.63841E-1 3.56626E-1 4.221E-1 5.48357E-1 2.09258E-1 2.1783E-1 1.39545E-1 3.24481E-1 3.83511E-1
-9999 -9999 -9999 -9999 -9999 -9999 -9999 6.8236E-1 8.27119E-1 5.67456E-1 2.73551E-1 2.16122E-1 5.18637E-2 7.0163E-2 3.91221E-1 5.16733E-1 5.51221E-1 4.96724E-1 4.81952E-1 4.78422E-1 2.4516E-1 3.91132E-2 4.17068E-2 3.2348E-2 5.98873E-2 8.56973E-2 1.0212E-1 9.19866E-2 2.5465E-1 1.3781E-1 6.35687E-2 4.21858E-2 2.30075E-2 2.4054E-2 3.65048E-2 9.7409E-2 4.11225E-2 2.05895E-2 1.92655E-2 2.21124E-2 2.78931E-2 6.52516E-2 1.8311E-1 3.64936E-1 3.40694E-1 5.39962E-1 3.86218E-1 3.77528E-1 2.48688E-1 1.75316E-1 2.35416E-1 2.92496E-1 3.93628E-1 2.79054E-1 4.54499E-2 3.94386E-2 7.7511E-2 1.42005E-1
-9999 -9999 -9999 -9999 -9999 -9999 -9999 5.33724E-1 6.26432E-1 3.62351E-1 2.19396E-1 9.69408E-2 3.7386E-2 6.73441E-2 2.79159E-1 7.09114E-1 6.986E-1 7.03638E-1 6.40174E-1 4.96571E-1 1.12798E-1 1.55409E-2 8.13236E-3 1.11056E-2 1.84995E-2 6.4693E-2 1.03973E-1 5.07159E-2 1.32147E-1 1.63732E-1 4.37146E-2 2.19611E-2 1.80582E-2 7.14694E-2 4.68569E-2 3.80745E-2 2.62077E-2 1.99956E-2 3.64824E-2 5.63122E-2 4.60571E-2 6.31656E-2 6.34186E-2 1.2603E-1 3.16847E-1 5.20981E-1 4.74424E-1 1.85363E-1 7.87692E-2 1.49076E-1 1.50327E-1 1.09186E-1 1.65514E-1 1.17416E-1 5.46321E-2 1.22405E-1 5.59359E-2 1.79689E-1
-9999 -9999 -9999 -9999 -9999 -9999 -9999 -9999 2.75712E-1 2.111E-1 1.24407E-1 6.11441E-2 1.24713E-1 1.80861E-1 5.90302E-1 8.28052E-1 7.17635E-1 7.97747E-1 6.58241E-1 4.20864E-1 1.21093E-1 1.31353E-2 4.6225E-3 1.20333E-2 2.8391E-2 7.11251E-2 9.53415E-2 7.15719E-2 1.57475E-1 8.96095E-2 3.2589E-2 3.28386E-2 7.22514E-3 1.32696E-1 1.59733E-1 4.88043E-2 2.49363E-2 4.90366E-2 8.73498E-2 6.85968E-2 3.39507E-2 1.3544E-1 1.40542E-1 3.0073E-1 3.18002E-1 4.29048E-1 3.78267E-1 5.1217E-2 1.98935E-1 2.04589E-1 8.94069E-2 6.54569E-2 4.88478E-2 1.19461E-1 2.27549E-1 2.24528E-1 2.32428E-1 2.60247E-1
-9999 -9999 -9999 -9999 -9999 -9999 -9999 -9999 -9999 -9999 -9999 -9999 1.5489E-1 1.62616E-1 3.91089E-1 5.66681E-1 6.00769E-1 6.6995E-1 6.09038E-1 2.6636E-1 8.28336E-2 2.39934E-2 1.47514E-2 4.84675E-2 7.35011E-2 2.90929E-2 1.34009E-2 7.37737E-2 1.28661E-1 7.87981E-2 3.42879E-2 3.11825E-2 3.03269E-2 3.00075E-1 1.95718E-1 4.32431E-2 2.54457E-2 3.43033E-2 7.40431E-2 7.44098E-2 6.33036E-2 7.22513E-2 7.18684E-2 1.15302E-1 1.29797E-1 2.04972E-1 8.14448E-2 3.50042E-2 8.33068E-2 6.32964E-2 2.40362E-2 4.3515E-2 4.64781E-2 1.2928E-1 4.42458E-1 3.98228E-1 3.26958E-1 1.7566E-1
-9999 -9999 -9999 -9999 -9999 -9999 -9999 -9999 -9999 -9999 -9999 -9999 -9999 2.28141E-1 5.17811E-1 5.91842E-1 7.10108E-1 7.50072E-1 5.35666E-1 3.73802E-1 1.41638E-1 3.2437E-2 1.18808E-2 4.1213E-2 4.77951E-2 1.21266E-2 2.01217E-2 2.17978E-2 4.06088E-2 6.0369E-2 2.95044E-2 5.59082E-2 1.67345E-1 1.51896E-1 1.00444E-1 5.99283E-2 2.96783E-2 5.78128E-2 2.2925E-1 1.92167E-1 4.03235E-2 1.97853E-2 2.66165E-2 3.12504E-2 1.39779E-1 1.95168E-1 1.08039E-1 4.82271E-2 2.65109E-2 1.57084E-2 4.16596E-2 4.40021E-2 7.26838E-2 4.03734E-1 4.91264E-1 3.08101E-1 2.56215E-1 2.39341E-1
-9999 -9999 -9999 -9999 -9999 -9999 -9999 -9999 -9999 -9999 -9999 -9999 2.11594E-1 4.05242E-1 4.85224E-1 6.55602E-1 7.14182E-1 6.23105E-1 5.02961E-1 5.62636E-1 2.19514E-1 3.50636E-2 1.6887E-2 3.13223E-2 2.62604E-2 6.71513E-2 5.14957E-2 1.8948E-2 4.20424E-2 5.28127E-2 7.43487E-2 8.08493E-2 7.57251E-2 8.52267E-2 3.96285E-2 1.7348E-2 7.10827E-2 3.27175E-1 3.45722E-1 2.83358E-1 7.56121E-2 2.82244E-2 3.22191E-2 3.30469E-1 3.68041E-1 8.09881E-2 9.60722E-2 3.80661E-2 2.68768E-2 2.71154E-2 5.92772E-2 5.77498E-2 1.02559E-1 3.8379E-1 3.85967E-1 3.41712E-1 2.10686E-1 1.16963E-1
-9999 -9999 -9999 -9999 -9999 -9999 -9999 -9999 -9999 -9999 -9999 -9999 -9999 1.14071E-1 1.30781E-1 -9999 4.23198E-1 5.43391E-1 4.20233E-1 3.76391E-1 2.05689E-1 6.85375E-2 5.00536E-2 9.25669E-2 1.39749E-1 7.0788E-2 3.16927E-2 2.50928E-2 2.68513E-2 1.74985E-2 5.98604E-2 2.98253E-2 2.49759E-2 5.91251E-2 5.18924E-2 4.59275E-2 1.30213E-1 4.13736E-1 4.2901E-1 2.01719E-1 8.99526E-2 9.07518E-2 1.38381E-1 6.25974E-1 4.97918E-1 3.08633E-1 4.54713E-2 9.72008E-2 3.55974E-2 3.93027E-2 9.82594E-2 1.15115E-1 2.1577E-1 4.60658E-1 4.67392E-1 4.28158E-1 4.01355E-1 2.79989E-1
-9999 -9999 -9999 -9999 -9999 -9999 -9999 -9999 -9999 -9999 -9999 -9999 -9999 -9999 -9999 -9999 2.89393E-1 4.65234E-1 4.19304E-1 3.26385E-1 2.41232E-1 9.26322E-2 2.14864E-1 2.11803E-1 1.77311E-1 1.00384E-1 3.42883E-2 3.68998E-2 4.88085E-2 2.65901E-1 2.02876E-1 1.26818E-1 1.63891E-1 9.89449E-2 1.4352E-1 1.95202E-1 2.18638E-1 4.55534E-1 3.92748E-1 1.35431E-1 4.68734E-2 1.60635E-1 5.72621E-1 5.95938E-1 6.26049E-1 4.4427E-1 3.4478E-1 2.40289E-1 1.19658E-1 7.28374E-2 8.3861E-2 1.98826E-1 2.82987E-1 3.7954E-1 5.01497E-1 4.97264E-1 5.10452E-1 3.60258E-1
-9999 -9999 -9999 -9999 -9999 -9999 -9999 -9999 -9999 -9999 -9999 -9999 -9999 -9999 -9999 -9999 -9999 5.06548E-1 3.22409E-1 3.23234E-1 2.41656E-1 1.02211E-1 6.78632E-2 1.78873E-1 1.5284E-1 1.0941E-1 5.88905E-2 1.69026E-1 3.05789E-1 3.56712E-1 2.98578E-1 4.30017E-1 3.18227E-1 1.02869E-1 1.04037E-1 2.10658E-1 3.5237E-1 5.09184E-1 2.2938E-1 6.47984E-2 2.5543E-2 9.52239E-2 6.18801E-1 6.83198E-1 6.9282E-1 5.92706E-1 3.89544E-1 2.80437E-1 1.87528E-1 1.07005E-1 8.81186E-2 1.05109E-1 2.54771E-1 3.7522E-1 2.98639E-1 4.18371E-1 5.12575E-1 4.20021E-1
