Phytophthora/models/20240503_1134_59/Phytophthora_PA1_RUN1_MAXENT_outputs/Phytophthora_PA1_RUN1.asc
ncols         113
nrows         135
xllcorner     473009.9838
yllcorner     4429001.1748
cellsize      100.0
NODATA_value  -9999
[rows 104 to 129 of 135, columns 0 to 57 of 113]
-9999 -9999 -9999 -9999 -9999 -9999 -9999 -9999 -9999 -9999 -9999 -9999 -9999 -9999 -9999 -9999 -9999 5.62873E-1 5.66843E-1 3.82827E-1 2.38948E-1 2.1597E-1 2.89663E-1 1.78916E-1 1.52186E-1 1.22074E-1 1.32759E-1 2.98152E-1 3.41371E-1 2.47794E-1 4.94037E-1 6.0428E-1 3.76869E-1 1.17544E-1 5.39455E-2 8.22196E-2 1.59802E-1 2.35638E-1 9.72562E-2 3.4423E-2 1.39835E-2 4.93258E-2 4.60197E-1 6.79446E-1 5.94235E-1 3.09391E-1 3.01214E-1 2.71257E-1 1.83738E-1 1.28174E-1 1.01907E-1 5.51686E-2 1.13126E-1 3.948E-1 4.68695E-1 4.72035E-1 3.93918E-1 2.89082E-1
-9999 -9999 -9999 -9999 -9999 -9999 -9999 -9999 -9999 -9999 -9999 -9999 -9999 -9999 -9999 -9999 -9999 -9999 4.73054E-1 4.98138E-1 5.58676E-1 4.54629E-1 4.36259E-1 2.55024E-1 2.37103E-1 2.05984E-1 2.4279E-1 3.90394E-1 1.8995E-1 2.60759E-1 5.49453E-1 6.39522E-1 4.16595E-1 2.14414E-1 2.03891E-2 7.61084E-3 4.62932E-2 5.6379E-2 2.47309E-2 2.55472E-2 2.93169E-2 4.32119E-2 2.19158E-1 4.52251E-1 3.85313E-1 2.14675E-1 3.92015E-1 4.36261E-1 2.2894E-1 2.03259E-1 3.17348E-1 1.89581E-1 1.16244E-1 3.35509E-1 5.26261E-1 2.33859E-1 1.14323E-1 2.06421E-1
-9999 -9999 -9999 -9999 -9999 -9999 -9999 -9999 -9999 -9999 -9999 -9999 -9999 -9999 -9999 -9999 -9999 -9999 4.96562E-1 5.68962E-1 6.93451E-1 6.59814E-1 6.7365E-1 4.18448E-1 2.39264E-1 2.79188E-1 4.02363E-1 3.35749E-1 1.76749E-1 4.72365E-1 5.85286E-1 6.09638E-1 3.22831E-1 6.50349E-2 1.97344E-2 1.19383E-2 1.65612E-2 1.87853E-2 1.40255E-2 5.41469E-2 5.85023E-2 1.4399E-1 3.7475E-1 4.60309E-1 3.0415E-1 3.87409E-1 4.08935E-1 5.6464E-1 5.1185E-1 4.99977E-1 4.03734E-1 1.85666E-1 3.45243E-2 2.72823E-1 4.7235E-1 4.32441E-1 2.99499E-1 2.50811E-1
-9999 -9999 -9999 -9999 -9999 -9999 -9999 -9999 -9999 -9999 -9999 -9999 -9999 -9999 -9999 -9999 -9999 -9999 -9999 3.33744E-1 4.67173E-1 7.37823E-1 8.24995E-1 7.34735E-1 5.98004E-1 4.09907E-1 3.86707E-1 1.38229E-1 3.35232E-1 3.59517E-1 2.05437E-1 1.96698E-1 1.26857E-1 4.28354E-2 2.44355E-2 7.4487E-3 7.37928E-3 1.02686E-2 3.52712E-2 1.17787E-1 2.23461E-1 4.52984E-1 6.83637E-1 6.10797E-1 4.84254E-1 3.59483E-1 2.62838E-1 4.61681E-1 3.15271E-1 3.99868E-1 4.54358E-1 1.33552E-1 1.23384E-1 4.79887E-1 6.54369E-1 6.41118E-1 4.96962E-1 2.97833E-1
-9999 -9999 -9999 -9999 -9999 -9999 -9999 -9999 -9999 -9999 -9999 -9999 -9999 -9999 -9999 -9999 -9999 -9999 -9999 -9999 6.52304E-1 6.26761E-1 6.96203E-1 7.3188E-1 5.52334E-1 3.84619E-1 3.43764E-1 1.94005E-1 1.70046E-1 1.31073E-1 7.83333E-2 4.36078E-2 3.27742E-2 5.37578E-2 6.14601E-2 4.21742E-2 4.07522E-2 7.01636E-2 7.42592E-2 1.60649E-1 3.66353E-1 6.16765E-1 7.51619E-1 6.71459E-1 6.19672E-1 5.47198E-1 3.31762E-1 1.59733E-1 2.02597E-1 4.27204E-1 4.30952E-1 3.73002E-1 5.10315E-1 7.03698E-1 6.93951E-1 6.11168E-1 4.33611E-1 1.91404E-1
-9999 -9999 -9999 -9999 -9999 -9999 -9999 -9999 -9999 -9999 -9999 -9999 -9999 -9999 -9999 -9999 -9999 -9999 -9999 -9999 -9999 4.31961E-1 5.05968E-1 4.54944E-1 2.85772E-1 3.64446E-1 4.67945E-1 2.93153E-1 7.54806E-2 3.828E-2 5.0268E-2 2.03075E-2 1.08761E-2 5.32857E-2 1.52135E-1 1.81141E-1 4.96962E-2 1.39673E-1 2.24622E-1 2.46129E-1 3.79351E-1 5.93978E-1 6.49249E-1 6.82221E-1 6.89917E-1 6.97491E-1 6.35131E-1 2.62238E-1 2.51597E-1 3.99138E-1 4.34316E-1 4.05993E-1 6.02907E-1 6.75211E-1 7.35975E-1 6.32563E-1 5.11694E-1 3.36986E-1
-9999 -9999 -9999 -9999 -9999 -9999 -9999 -9999 -9999 -9999 -9999 -9999 -9999 -9999 -9999 -9999 -9999 -9999 -9999 -9999 -9999 5.05573E-1 6.7278E-1 7.02959E-1 5.35057E-1 5.99878E-1 3.93271E-1 3.31102E-1 1.76067E-1 4.82651E-2 1.88243E-2 8.35888E-3 9.00555E-3 4.30644E-2 2.33927E-1 3.49142E-1 2.73067E-1 2.96433E-1 1.8254E-1 1.23718E-1 1.28761E-1 4.25531E-1 3.45007E-1 4.31249E-1 6.31572E-1 5.43557E-1 3.98049E-1 2.0257E-1 1.59246E-1 3.08842E-1 4.18789E-1 4.93727E-1 5.16632E-1 5.01704E-1 6.64712E-1 6.49631E-1 6.20655E-1 6.15518E-1
-9999 -9999 -9999 -9999 -9999 -9999 -9999 -9999 -9999 -9999 -9999 -9999 -9999 -9999 -9999 -9999 -9999 -9999 -9999 -9999 -9999 1.86217E-1 4.41171E-1 4.16808E-1 6.10485E-1 5.84749E-1 4.43451E-1 2.58222E-1 1.32691E-1 1.8049E-2 4.07912E-3 2.2503E-3 5.93676E-3 9.41164E-2 2.50598E-1 5.17778E-1 3.49773E-1 2.50708E-1 5.11736E-1 5.25E-1 4.64383E-1 1.41462E-1 7.84422E-2 9.31063E-2 1.36615E-1 2.48927E-1 8.93067E-2 7.17146E-2 5.09523E-2 1.10583E-1 3.26641E-1 2.45045E-1 7.5857E-2 1.20569E-1 3.90447E-1 5.03247E-1 6.76624E-1 6.53857E-1
-9999 -9999 -9999 -9999 -9999 -9999 -9999 -9999 -9999 -9999 -9999 -9999 -9999 -9999 -9999 -9999 -9999 -9999 -9999 -9999 1.20609E-1 2.48205E-1 2.23696E-1 5.5784E-1 6.67072E-1 6.2438E-1 4.44341E-1 2.00169E-1 6.45512E-2 9.90061E-3 7.1599E-3 2.67854E-3 7.27891E-3 1.12342E-1 1.19215E-1 3.69749E-1 3.52266E-1 2.71908E-1 6.40417E-1 7.36387E-1 5.89163E-1 3.18686E-1 1.94877E-1 2.5462E-1 2.27283E-1 2.87664E-1 1.43541E-1 2.85151E-2 1.59861E-2 4.38436E-2 1.26927E-1 7.5683E-2 1.78057E-2 8.28899E-2 4.19147E-1 7.12281E-1 7.04682E-1 5.35833E-1
-9999 -9999 -9999 -9999 -9999 -9999 -9999 -9999 -9999 -9999 -9999 -9999 -9999 -9999 -9999 -9999 -9999 -9999 -9999 -9999 1.70906E-1 2.02919E-1 2.60456E-1 3.72857E-1 4.36434E-1 4.28264E-1 2.30718E-1 8.26684E-2 3.21687E-2 1.28247E-2 1.19618E-2 1.12688E-2 2.21322E-2 2.35714E-1 5.37654E-1 7.39134E-1 8.14136E-1 6.13447E-1 6.38639E-1 7.14521E-1 5.76919E-1 3.4214E-1 2.13966E-1 1.38933E-1 1.53165E-1 1.19392E-1 6.73578E-2 2.02936E-2 1.14172E-2 2.11198E-2 2.56326E-2 4.03644E-2 1.7952E-2 4.8145E-1 6.95312E-1 7.28262E-1 7.10762E-1 4.31765E-1
-9999 -9999 -9999 -9999 -9999 -9999 -9999 -9999 -9999 -9999 -9999 -9999 -9999 -9999 -9999 -9999 -9999 -9999 -9999 -9999 1.04968E-1 1.04417E-1 8.97479E-2 1.07613E-1 2.40963E-1 2.07249E-1 1.46754E-1 1.80895E-2 1.10762E-2 1.41294E-2 7.68861E-2 2.36921E-1 2.5742E-1 3.95968E-1 6.24579E-1 8.06356E-1 8.76247E-1 7.43779E-1 5.60354E-1 6.0876E-1 5.51992E-1 3.34285E-1 3.32045E-1 2.58158E-1 1.94057E-1 1.00757E-1 2.79227E-2 1.66017E-2 1.70451E-2 2.84682E-2 3.44745E-2 6.31973E-2 7.958E-2 4.26608E-1 7.33242E-1 7.59167E-1 7.18228E-1 5.11234E-1
-9999 -9999 -9999 -9999 -9999 -9999 -9999 -9999 -9999 -9999 -9999 -9999 -9999 -9999 -9999 -9999 -9999 -9999 -9999 -9999 1.03075E-2 1.21159E-2 2.52836E-2 9.69564E-2 2.28109E-1 1.29193E-1 1.89961E-2 3.10671E-3 5.76084E-3 5.32454E-2 3.02679E-1 5.1168E-1 6.6548E-1 6.72837E-1 6.84213E-1 8.21335E-1 8.09019E-1 7.3567E-1 6.70076E-1 6.55576E-1 4.86842E-1 5.17268E-1 6.17888E-1 4.59239E-1 3.07196E-1 2.19075E-1 9.81141E-2 6.78256E-2 7.85E-2 1.03365E-1 1.48383E-1 1.80152E-1 1.83176E-1 9.78303E-2 4.4773E-1 7.99108E-1 7.2918E-1 3.90243E-1
-9999 -9999 -9999 -9999 -9999 -9999 -9999 -9999 -9999 -9999 -9999 -9999 -9999 -9999 -9999 -9999 -9999 -9999 -9999 -9999 6.00508E-4 4.71796E-3 2.99801E-2 5.44358E-2 8.19516E-2 5.17948E-2 8.42044E-3 4.58492E-3 9.71435E-2 2.01619E-1 3.60049E-1 7.10151E-1 7.38161E-1 7.5672E-1 7.80913E-1 6.87774E-1 7.29858E-1 7.88278E-1 7.32867E-1 6.93526E-1 1.70683E-1 2.66469E-1 3.87697E-1 6.38752E-1 4.04443E-1 3.71566E-1 1.09506E-1 2.27297E-1 2.27992E-1 2.11638E-1 2.14651E-1 3.81808E-1 4.93191E-1 1.85916E-1 4.25327E-1 7.86145E-1 8.30858E-1 6.05086E-1
-9999 -9999 -9999 -9999 -9999 -9999 -9999 -9999 -9999 -9999 -9999 -9999 -9999 -9999 -9999 -9999 -9999 -9999 -9999 -9999 -9999 8.93303E-3 7.14242E-2 1.50799E-1 1.5804E-1 8.78508E-2 8.33015E-2 2.86987E-2 1.1402E-1 2.25059E-1 4.77219E-1 5.8751E-1 7.24501E-1 7.05051E-1 6.12716E-1 5.68769E-1 7.63125E-1 6.55846E-1 7.31907E-1 5.91487E-1 2.5824E-1 6.65851E-1 6.27414E-1 3.74162E-1 5.87195E-1 4.93927E-1 3.1224E-1 4.09477E-1 3.80816E-1 2.47588E-1 2.87947E-1 3.97379E-1 5.89698E-1 5.3593E-1 5.76741E-1 6.36186E-1 6.21184E-1 5.173E-1
-9999 -9999 -9999 -9999 -9999 -9999 -9999 -9999 -9999 -9999 -9999 -9999 -9999 -9999 -9999 -9999 -9999 -9999 -9999 -9999 -9999 4.97869E-3 3.47863E-2 2.73593E-1 2.3543E-1 2.22568E-1 1.9227E-1 1.22165E-1 1.81523E-1 2.5186E-1 3.22544E-1 4.13988E-1 4.21983E-1 4.99798E-1 2.94307E-1 3.45949E-1 2.75112E-1 3.13087E-1 6.97749E-1 6.23954E-1 4.7998E-1 6.9752E-1 7.10415E-1 3.63035E-1 3.06286E-1 2.14509E-1 3.05685E-1 5.28221E-1 3.57688E-1 1.43375E-1 2.31885E-1 3.64567E-1 5.154E-1 6.27721E-1 4.33307E-1 7.36063E-1 7.79633E-1 7.15615E-1
-9999 -9999 -9999 -9999 -9999 -9999 -9999 -9999 -9999 -9999 -9999 -9999 -9999 -9999 -9999 -9999 -9999 -9999 -9999 -9999 -9999 -9999 7.47583E-2 2.90543E-1 2.95633E-1 2.76803E-1 2.88734E-1 1.90487E-1 1.87913E-1 2.55036E-1 2.88811E-1 1.3229E-1 6.54498E-2 1.18617E-1 1.88803E-1 2.17162E-1 6.69342E-1 4.274E-1 7.19628E-1 7.82217E-1 5.71447E-1 3.82943E-1 6.40756E-1 5.32259E-1 4.72748E-1 3.48359E-1 2.63007E-1 5.09844E-1 3.02305E-1 9.15054E-2 1.41202E-1 2.12535E-1 4.21351E-1 5.65528E-1 5.82906E-1 7.98269E-1 7.56803E-1 6.99941E-1
-9999 -9999 -9999 -9999 -9999 -9999 -9999 -9999 -9999 -9999 -9999 -9999 -9999 -9999 -9999 -9999 -9999 -9999 -9999 -9999 -9999 -9999 4.52023E-2 1.56902E-1 2.95303E-1 3.84631E-1 3.07631E-1 1.75861E-1 2.12486E-1 2.93348E-1 2.99335E-1 2.08914E-1 1.06715E-1 1.99105E-1 3.0644E-1 1.96875E-1 4.67567E-1 4.33482E-1 5.56436E-1 6.76688E-1 7.21875E-1 6.50551E-1 4.91521E-1 5.89551E-1 6.54423E-1 5.64115E-1 2.82268E-1 3.99948E-1 1.84502E-1 9.60299E-2 1.85692E-1 1.18938E-1 4.33725E-1 3.92974E-1 6.6511E-1 7.21868E-1 6.88164E-1 6.48296E-1
-9999 -9999 -9999 -9999 -9999 -9999 -9999 -9999 -9999 -9999 -9999 -9999 -9999 -9999 -9999 -9999 -9999 -9999 -9999 -9999 -9999 -9999 -9999 3.68528E-2 1.51491E-1 4.68431E-1 3.81211E-1 3.63998E-1 3.46247E-1 4.61628E-1 2.71829E-1 5.08047E-1 4.14788E-1 2.44391E-1 1.03285E-1 8.47546E-2 4.80387E-1 5.81544E-1 6.36301E-1 7.39612E-1 7.69102E-1 6.47656E-1 4.69477E-1 3.94702E-1 4.59974E-1 2.68231E-1 1.1042E-1 2.21692E-1 4.69378E-2 1.58995E-1 1.15856E-1 3.26428E-1 5.08712E-1 5.2535E-1 6.79581E-1 4.46122E-1 2.21037E-1 2.66617E-1
-9999 -9999 -9999 -9999 -9999 -9999 -9999 -9999 -9999 -9999 -9999 -9999 -9999 -9999 -9999 -9999 -9999 -9999 -9999 -9999 -9999 -9999 -9999 1.41798E-1 5.09234E-1 6.3311E-1 4.62123E-1 4.60003E-1 4.03155E-1 5.78387E-1 5.77074E-1 4.81961E-1 3.20237E-1 1.10788E-1 6.43501E-2 8.16682E-2 4.2681E-1 5.54947E-1 6.5236E-1 6.91705E-1 7.07218E-1 7.56092E-1 6.34303E-1 4.96706E-1 3.36976E-1 1.86006E-1 8.38415E-2 6.134E-2 2.02282E-2 6.49096E-2 1.63568E-1 4.58357E-1 5.26903E-1 5.43326E-1 6.46776E-1 4.81623E-1 6.22106E-2 4.8616E-2
-9999 -9999 -9999 -9999 -9999 -9999 -9999 -9999 -9999 -9999 -9999 -9999 -9999 -9999 -9999 -9999 -9999 -9999 -9999 -9999 -9999 -9999 -9999 2.62033E-1 5.09245E-1 5.59487E-1 5.43088E-1 3.04397E-1 6.97302E-1 5.08694E-1 4.09242E-1 1.99882E-1 9.38995E-2 6.52358E-2 4.5085E-2 6.36331E-2 1.89969E-1 3.52413E-1 5.98624E-1 6.23941E-1 6.4976E-1 7.9158E-1 8.18982E-1 6.97387E-1 5.38945E-1 4.89035E-1 3.81685E-1 3.28016E-1 1.07065E-1 9.86784E-2 8.05497E-2 1.85608E-1 1.00299E-1 3.58383E-1 4.28243E-1 3.99443E-1 2.92372E-1 2.91886E-1
-9999 -9999 -9999 -9999 -9999 -9999 -9999 -9999 -9999 -9999 -9999 -9999 -9999 -9999 -9999 -9999 -9999 -9999 -9999 -9999 -9999 -9999 -9999 -9999 -9999 2.34299E-1 4.209E-1 5.01162E-1 6.60904E-1 3.83752E-1 1.56968E-1 7.46115E-2 5.82919E-2 3.34553E-2 3.29319E-2 3.31744E-2 7.60969E-2 1.73087E-1 3.00651E-1 4.70632E-1 6.27272E-1 7.8119E-1 7.98384E-1 6.30366E-1 5.37519E-1 4.43353E-1 3.96545E-1 4.2281E-1 2.00715E-1 1.11062E-1 2.20311E-1 1.07426E-1 1.20857E-1 3.4799E-1 4.14591E-1 4.23858E-1 4.51748E-1 5.35455E-1
-9999 -9999 -9999 -9999 -9999 -9999 -9999 -9999 -9999 -9999 -9999 -9999 -9999 -9999 -9999 -9999 -9999 -9999 -9999 -9999 -9999 -9999 -9999 -9999 -9999 -9999 2.65115E-1 3.94949E-1 5.13744E-1 3.17661E-1 1.56028E-1 5.51864E-2 2.42855E-2 1.55556E-2 6.41329E-3 7.90337E-3 2.73103E-2 5.49643E-2 5.82829E-2 1.21916E-1 3.2856E-1 4.75387E-1 5.22508E-1 5.15361E-1 4.18994E-1 3.01847E-1 2.87664E-1 2.71414E-1 1.90841E-1 9.83471E-2 2.56169E-1 1.42995E-1 3.16807E-1 4.57335E-1 3.31083E-1 5.02182E-1 5.29141E-1 4.73792E-1
-9999 -9999 -9999 -9999 -9999 -9999 -9999 -9999 -9999 -9999 -9999 -9999 -9999 -9999 -9999 -9999 -9999 -9999 -9999 -9999 -9999 -9999 -9999 -9999 -9999 -9999 -9999 4.12949E-1 6.36005E-1 2.92054E-1 1.18566E-1 4.7129E-2 2.48714E-2 8.91265E-3 2.42553E-3 2.15844E-3 6.55127E-3 1.27641E-2 2.02362E-2 2.32219E-2 9.98029E-2 2.07996E-1 4.04893E-1 4.38428E-1 3.36823E-1 2.65614E-1 2.17219E-1 2.24693E-1 2.23302E-1 1.89714E-1 1.57105E-1 5.11528E-2 2.0209E-1 3.23992E-1 1.51196E-1 1.32335E-1 3.26215E-1 2.29875E-1
-9999 -9999 -9999 -9999 -9999 -9999 -9999 -9999 -9999 -9999 -9999 -9999 -9999 -9999 -9999 -9999 -9999 -9999 -9999 -9999 -9999 -9999 -9999 -9999 -9999 -9999 -9999 1.01634E-1 1.22563E-1 6.64109E-2 6.07921E-2 2.22284E-2 2.21953E-2 5.73634E-3 1.04945E-3 2.6332E-4 6.56058E-4 6.3577E-4 8.77686E-4 4.4129E-3 3.06779E-2 4.36238E-2 1.86989E-1 1.50878E-1 8.90764E-2 1.4622E-1 2.1972E-1 2.95198E-1 3.82389E-1 4.31356E-1 1.78249E-1 3.04241E-1 2.80222E-1 3.06987E-1 2.5339E-1 2.15786E-1 1.05379E-1 1.98134E-1
-9999 -9999 -9999 -9999 -9999 -9999 -9999 -9999 -9999 -9999 -9999 -9999 -9999 -9999 -9999 -9999 -9999 -9999 -9999 -9999 -9999 -9999 -9999 -9999 -9999 -9999 -9999 -9999 -9999 -9999 -9999 6.90805E-3 4.12003E-3 1.89349E-3 3.5862E-4 1.07245E-4 4.69942E-4 7.58598E-4 7.79791E-4 1.14137E-3 3.41492E-3 7.76619E-3 3.00839E-2 3.08556E-2 1.3605E-2 4.97803E-2 3.26547E-1 2.78743E-1 3.4658E-1 2.4996E-1 3.26335E-1 2.82937E-1 1.68472E-1 2.13956E-1 3.7855E-1 3.58756E-1 1.31652E-1 2.74022E-1
-9999 -9999 -9999 -9999 -9999 -9999 -9999 -9999 -9999 -9999 -9999 -9999 -9999 -9999 -9999 -9999 -9999 -9999 -9999 -9999 -9999 -9999 -9999 -9999 -9999 -9999 -9999 -9999 -9999 -9999 -9999 -9999 -9999 2.55E-3 2.57159E-4 6.48257E-5 4.69144E-5 2.31191E-4 3.76657E-4 6.74974E-4 2.30654E-3 5.64593E-3 1.51526E-2 2.33204E-2 1.73662E-2 6.51858E-2 3.58247E-1 3.49652E-1 2.62697E-1 1.70501E-1 1.48244E-1 1.13781E-1 2.29596E-1 2.36055E-1 2.6223E-1 3.69029E-1 -9999 -9999
